begin;0,0;0,324.5;372.5,0;372.5,324.5;0,0;0,324.5;372.5,0;372.5,324.5
24091;0,84.25;8.5,310.5;307,96.75;337.5,199.25;0,84.25;32,175.25;303.75,123.5;335,313.5
8331;3.25,87;8.5,310.5;252.25,66;290,168;14.75,112.25;72.75,131.5;302.25,125.75;335,313.5
45177;3.25,87;16.5,307;286.25,25.75;309,112.5;14.75,112.25;60,142.75;302.25,125.75;355,293.75
24162;3.25,86.25;21.25,306;246.75,44.75;355.75,81.75;14.75,112.25;77,141;279.5,174.5;355,293.75
6025;5.25,50.25;21.25,306;247.25,44.5;355.75,81.75;14.75,112.25;113.25,119.5;238.25,163.75;323.75,299
15446;9.75,46;21.25,306;247.25,44.5;330,79.5;11,146.25;113.25,119.5;233.5,205.5;323.75,299
33577;9.75,46;21.25,306;293.25,53.25;311,36.75;11.25,102.75;111.75,93.75;220.25,216;323.75,299
13616;9.75,46;21.75,306.5;271,74;283.5,10.25;27,61.5;135,79.5;168.75,226.5;323.75,299
12876;9.75,46;21.75,306.5;270.25,34.5;327,19;52,92.75;117,71.75;158.75,272.5;323.75,299
29640;10,45.25;54.5,295;269.75,25.5;303.25,57;104.5,92.75;149.25,80.25;158.75,272.5;323.75,299
48745;28.5,22;54.5,295;263,26;303.25,57;56,84.75;155.75,49.25;163.75,278.25;323.75,299
8500;40.75,32.75;54.75,295.75;229.75,56.75;278.25,74.75;99.75,117.75;155.75,49.25;167,303;323.75,299
50470;20,43.25;54.75,295.75;214.25,32.75;278.25,74.75;106.25,144.5;158.25,45.5;196.75,303.5;352.25,287.25
46576;36.75,80;54.75,295.75;194,38.25;272.25,75.75;106.5,144;151.5,29.5;196.75,303.5;352.25,287.25
21695;36.75,80;97.25,295;156.5,31;272.25,75.75;106.5,144;124.5,23.5;196.5,302.5;352.75,293.75
34908;68.75,75.25;119.5,292;156.5,31;279.25,74.5;86.5,168.5;107.75,22.75;196.5,302.5;352.75,293.75
16445;57,97.5;101,315.5;132.75,56.25;288,101.25;86.5,168.5;97.25,39.5;198.75,303;352.75,293.75
45552;47,122.5;65.25,281.25;135.75,55.75;294.75,98.75;86.5,168.5;97.25,39.5;235.75,308.25;352.75,293.75
23108;47,122.5;50.75,250;135.75,55.75;294.75,98.75;65,177.75;132.5,24;233,305;351.75,276.25
8205;52.25,91.5;91.25,229.5;135.75,55.75;277.5,73.25;61,162;132.5,24;260.75,271.25;351.75,276.25
37757;51.5,92.5;103,233.25;135.75,55.75;308.75,92.75;66.75,153.5;154.5,55.75;269.25,249.25;351.75,276.25
37189;51.5,92.5;115.5,220.25;135.75,55.75;302.25,132.25;59,133.5;145.5,89.5;245.75,281.75;351.75,276.25
19528;48.5,91.25;118,184.5;138,21.25;293.75,166.5;59,133.5;175.25,70.75;240.5,283.25;351.75,276.25
26278;62.75,116.5;118,184.5;134.25,19.75;287.5,169.5;59,133.5;153.75,89.5;240.5,283.25;321.5,299.5
2472;44.25,126;95.75,212.5;134.25,19.75;285.5,171.5;59,133.5;141.75,80;220.5,256.75;304.5,291.25
33363;40.25,129;86.25,213.25;149.25,54.5;279,182.5;17.25,141.25;141.75,80;222.5,297;304.5,291.25
45854;40.25,129;93.5,204;149.25,54.5;279,182.5;8.5,128;113.25,57;241.5,321;314,312.75
48845;57.75,148;93.5,204;149.25,54.5;279,182.5;21.5,142;78.25,40.5;240.75,318.75;290.75,312
31216;58,149;99.75,205.75;170.5,38;279,182.5;14,112.25;79.5,21;240.75,318.75;290.75,312
49067;62.5,120;99.75,205.75;204.75,64.25;322,189.5;14,112.25;74,51.25;240.75,318.75;290.75,312
27728;16.25,140.25;46.25,195;217,63.25;319,158.25;57.75,126;74,51.25;193.25,322.25;290.75,312
37563;1,149;46,195.5;204,71;343.5,142.25;80.75,164;97.75,11;193.25,322.25;290.75,312
39576;1,149;47.75,155;191.75,112.75;343.5,142.25;60.75,196.5;70.75,20;174.5,303.25;331.25,311
11930;3.75,151.5;74,111;191.75,112.75;316.5,139.25;17.25,217;70.75,20;163,252.25;317.25,320
39365;3.25,152.75;46,92.25;191.75,112.75;326.5,140.25;28.25,207.25;70.75,20;163.25,301.25;284.75,282.75
34607;33.25,158.75;54.25,55.5;193.25,95.75;336.25,137;28.25,207.25;70.75,20;158.25,272.75;284.75,282.75
43879;29.75,134;73.25,43.75;216.75,131.75;359.5,127.5;28.25,207.25;70.75,20;158.25,272.75;250.5,309
4892;30.5,134;73.75,43.75;235,130;349.75,98.75;34.75,212.5;70.75,20;188.5,251;250.5,309
44419;30.5,134;73.75,43.75;246.25,159.75;349.75,98.75;51.25,195.75;91.25,51.5;195.25,226.75;242.75,308.25
3484;17.5,127.75;73.75,43.75;268.5,134.75;367.25,71.75;51.25,195.75;119.5,82.25;171.75,241.5;242.75,308.25
47777;9.75,140.25;74.25,43.5;268.5,134.75;359.5,41;82.25,211;134.25,77;171.75,241.5;242.75,308.25
33847;25.75,138;72.5,85;257,134.25;358,40.75;82.25,211;145.75,82.5;183,196.25;242.75,308.25
17822;25.75,138;68,120.5;260,96.5;361,84.75;82,208;132.75,39.75;183,198.25;242.75,308.25
49488;16,174.75;68,120.5;276.25,73.25;332.75,75;123.75,194.75;133.5,38.5;162.75,188.5;242.75,308.25
30117;16,174.75;59.5,115;262.75,54.75;333.5,75.75;123.75,194.75;133.5,38.5;150,164.5;266.25,322.75
1639;9.25,190.25;59.5,115;278.75,48.25;312.25,96.75;130.5,198;134.75,19.75;149,163.5;266.25,322.75
29413;31.5,208.25;91.25,84;300.75,52.25;312.25,92.25;130.5,198;134.75,19.75;136.25,150.5;257.75,288.5
49303;41.25,198.25;91.25,84;278.5,30.5;312.25,92.25;130.5,198;134.75,19.75;138.25,174.25;276,272.75
46743;41.25,198.25;91.25,84;269.5,69;295.75,71.25;108.25,161.25;134.75,19.75;159.25,203.75;292.75,276.5
8568;58.5,219.5;91.25,84;265.25,29.5;332,74;112.5,161;134.75,19.75;153.75,203.75;262.5,255.75
41678;58.5,219.5;63,72.75;265.25,29.5;354,40.25;112.5,161;154.75,48.5;156.25,172.25;245,231.5
9594;58.5,247.5;69.75,37.25;230,33.5;355,39.75;112.5,161;154.75,48.5;186.75,196;210,231.25
48775;48.25,279.5;75.5,9.25;230,33.5;355,39.75;112.5,161;159.25,49.5;188.75,197;210,231.25
34542;48.25,279.5;75.5,9.25;224.5,55;355,39.75;112.5,161;158.25,45;210.5,178.25;248.75,218.5
7627;48.25,279.5;75.5,9.25;195.25,71.75;355,39.75;84.5,171.25;161.25,89;189.5,161;256.25,238.75
42002;48.25,279.5;75.5,9.25;195.25,71.75;355,39.75;95,169.25;162,50;167.25,164;302,233.5
34538;57,240.25;75.5,9.25;210.75,78.75;355,39.75;106.75,129.25;154.75,48.25;167.25,164;308.25,197.25
24402;57,240.25;79.5,14.5;210,79.5;366,43.5;121.25,140.25;160,11.75;167.25,164;335.5,163.25
48144;57,240.25;79.5,14.5;210,79.5;366,43.5;127.75,104;143.75,52;178.5,148.5;336,163
6128;15.5,262.75;79.5,14.5;170.5,53;360.25,12;117.5,74.25;143.75,52;192,165.75;320.5,159.5
8409;15.5,262.75;82.5,24;171,53.5;313.75,5.75;100.25,123;143.75,52;173.5,196;340.75,139.25
25628;21,315.5;82.5,24;171,53.5;292.25,35.75;111.75,93.25;143.75,52;158.25,221.75;329,117.75
34184;18.25,308;81.5,25;195,43.5;285.5,71.25;141,98.75;143.75,52;158.25,221.75;328.75,128
42063;60.25,294;81.5,24.5;195,43.5;293.25,54.25;143.25,98.5;151.75,51;158.25,221.75;338.5,163.25
42410;84,318;114.25,60.75;224.5,53;297.75,45.75;101,109.25;148.25,46;158.25,221.75;338.5,163.25
17165;82.5,298;114.25,60.75;202.25,62.5;297.75,45.75;101,109.25;148.25,46;172.25,242;308,194.75
48328;82.5,298;114,60.25;202.25,62.5;297.75,45.75;103.75,119.75;124,35;165.75,221.25;291,217.75
50163;82.5,298;114.5,59.5;202.25,62.5;272,33.5;95,108.75;124,35;136.75,195.75;292.25,217.75
28576;82.5,298;117,52.5;202.25,62.5;306.75,57.5;114,117.25;126.5,39;130.25,217.75;301.75,234.25
41739;102,252.5;117,52.5;216,44.25;320.5,55.5;114.5,77.5;126.5,39;130.25,217.75;316.75,241.25
4627;122.5,259.25;143.5,42.5;216,44.25;317.25,37.25;120,73.5;126.5,39;137.75,243.75;316.75,241.25
41543;97.5,282.25;159.5,34.5;179.5,47.5;335,18;116,79;131,71.25;137.75,243.75;316.75,241.25
24420;83.75,240.75;176,41.5;184.5,7;334.75,19.75;116,79;126.75,73.5;137.75,243.75;333.25,198
34539;115,229.5;184.5,6.5;194.5,61;334.75,19.75;94.25,67.25;117.75,113.25;137.75,243.75;309.75,151
42808;115,200.75;144,33.25;165.5,35;292.75,37.75;94.25,67.25;96,137.75;137.75,243.75;309.25,152
14698;90.25,187;115.75,16.75;150.25,51;292.75,37.75;94.25,67.25;122.25,106.25;137.75,245;309.25,152
18005;109.75,167.25;115,6.5;124.75,44.75;294.5,23.25;94.25,67.25;115.75,119.5;137.75,245;309.25,152
47651;109.75,167.25;113.25,14.75;116.25,90;293.5,23.25;44.75,75.25;93.75,110;179,236.75;309.25,152
44083;107.25,169.25;113.25,14.75;135.75,126;314.25,23;36.25,104.75;91.25,115.25;179,236.75;329.5,160.25
48287;94.25,156.5;113.25,14.75;127.25,147;313,23.75;29.5,119.75;91.25,115.25;179,236.75;358.75,148
40081;59.75,171.25;113.25,14.75;113.75,108.5;313,23.75;55,95.5;128,131.75;152,221.25;358.75,148
45200;75.25,189.5;113.25,14.75;113.75,108.5;295.75,55.75;24,119.25;131.25,99;152,221.25;328.25,158.5
28430;32,190.75;102.5,20;135.25,124.75;295.75,55.75;23.5,120.5;133,74.25;160,251.25;328.25,158.5
24749;58.75,202.5;119.75,47.25;135.25,124.75;295.75,55.75;52.75,134;157.5,95.5;159,251.75;302.5,185.25
11312;58.75,202.5;108.75,55.25;132.5,100.75;325.25,29.5;80.5,125.5;149.75,92;158.5,252;302.5,185.25
49121;58.75,202.5;108.75,55.25;143,129.75;314.75,2.75;80.5,125.5;145.75,92;159,251.75;291.25,171.75
3980;70,176.5;80,84;143,129.75;314.75,2.75;70.5,152.5;140.75,71.75;152.25,288;327.25,160.5
25823;70,176.5;112.25,54;167.5,136.5;313.5,4.5;89.5,162.5;155.25,45;163.75,278.25;327.25,160.5
42672;70,176.5;91.5,91;191.5,143.75;317.25,16.5;89.5,162.5;148,68.75;194.25,240.75;294.5,170
31234;100,164;108.5,104.5;173.25,138.5;317.25,16.5;88.75,163.25;161.75,51;194,241.25;294.5,170
35291;97.25,132.75;107,104.5;173.25,138.5;316.5,15.5;66.75,165;161.75,51;235.5,251.75;331.75,163
11075;97.25,132.75;107,104.5;145.25,125;327.75,28.5;57,170.75;160.25,55;234.5,267;313.75,161.25
42401;70.5,170.75;73.5,131.5;186,133.5;329.25,25.25;57,170.75;159.75,95;241,235.5;313.75,161.25
8314;73.5,131.5;113,162.25;186,133.5;329.25,25.25;29,130;168,79.5;221.5,273.5;338,161
14160;61,154.25;99.25,188.5;186,133.5;329.25,25.25;12.5,143.75;209.5,93.5;218.5,270;351.5,174.75
47951;33.5,137.25;122.5,181.25;234.5,136.25;329,24.75;12.5,143.75;209.5,93.5;226.5,274.25;351.5,174.75
46516;33.5,137.25;122.5,181.25;241,156.75;329.25,25.25;25.75,108.25;188.75,97.25;226.5,274.25;327,134.5
42926;33.5,137.25;82.75,208;241,156.75;329,24.75;2,128.75;226.5,107.5;247.75,291.25;327,134.5
45643;34.75,135.25;62.25,184.5;227.5,127.5;293.75,53;0.5,86.75;226.5,107.5;247.75,291.25;327.5,130.5
34215;34.75,135.25;64,209.25;226.5,108.5;250.25,37.25;0.5,86.75;218.25,73.25;264.25,260.75;344,143.75
22226;41,104.75;64,209.25;213.5,81;217.5,49.25;0.5,85.25;206,55.25;264.25,260.75;337,100.75
43152;41,104.75;64,209.25;214.5,78.5;217.5,49.25;0.5,85.25;236.25,50.25;236.75,239.75;354.25,60.5
10536;40.5,104.5;57.25,202;228.5,53;268,32;0.5,85.25;236.25,50.25;236.75,239.75;337.75,77.5
27450;17.5,143.75;42.25,209.25;208.75,56.25;264.25,12.5;0.5,85.25;236.25,50.25;258.75,202.25;337.75,77.5
2464;17.5,143.75;37.75,188.5;185.5,91;271.25,33.5;0.5,87.25;197.5,24;293.75,185.5;337.75,77.5
47770;17.5,143.75;37.75,188.5;185.5,91;276,65.75;0.5,87.25;215.25,61.75;275,174.25;328.75,51.5
24487;7.25,152.75;42,188;185.5,91;269.25,72.5;0.5,85.25;187,74.75;275,174.25;348.25,26.5
5565;11.5,177.75;42,188;198.25,84.5;269,103.25;0.5,85.25;222,92.75;275,174.25;323.75,31
1061;28.5,177.25;40.75,188;233.5,55;269,103.25;23.25,55;187.5,99.25;259,132.25;323.75,31
44971;37.75,213;75.5,177;258.25,61.75;284,57.5;23.25,55;187.5,99.25;299.5,114.5;323.75,31
43292;47.5,214.25;98.5,192.75;258.25,61.75;302.25,35.5;24.5,55.25;187.5,99.25;310.75,137;323.75,31
41933;47.5,214.25;89.25,166;259.25,72.75;332.25,36.75;24.5,55.25;205.5,120.5;310.75,137;314,19.5
18673;47.5,214.25;67.25,146.75;294.25,101.25;332.25,36.75;24.5,55.25;245.5,118.25;316,149;358,3
39076;34.25,168.5;70,111;282,56.5;354,38.5;24.5,55.25;259.75,117.25;292.75,141.25;358,3
42085;65.25,154.25;91.5,142.75;275,19.5;353.5,38.5;24.5,55.25;249.25,97.25;292.75,141.25;358,3
17923;63.25,146;91.5,142.75;257.5,19.5;352.75,37.75;67,94.25;249.25,97.25;310,169.75;313,3.25
8695;97.5,156.75;138.25,126.5;257.5,19.5;352.75,37.75;87,123.25;249.25,97.25;320.5,139.75;327.5,30.75
7264;96.75,157.5;138.25,126.5;269.5,18.5;342.75,46;113.5,140;213.25,93.5;320.5,139.75;331.75,57.75
15145;133.75,149;134.25,150.5;283,53.25;342.75,46;85.75,115.25;245,117.75;310.75,102.5;331.75,57.75
33673;133.75,149;134.25,150.5;327.75,38.5;352,89;67,113.75;253.75,120.75;288.75,83.5;294.5,36.75
7249;133.75,149;171,148.5;321.25,54;352,89;91.75,135.75;246,93.75;286.5,83.75;293,34.75
15266;117.5,161;171,148.5;320.5,54;327,113.25;76,116.25;242.25,88.75;289.5,84.25;293,34.75
13096;124.5,180.25;162,125.25;287.75,71.25;296,134.75;91.25,110;222.25,49.25;289.5,84.25;293,34.75
877;94.75,175.75;176.25,147.75;304.75,35.5;309.75,110.75;76.5,80.75;223.25,51.75;289.5,84.25;293,34.75
27332;49.75,171.25;176.25,147.75;289.75,72.5;305.5,76;42,69;224.25,52.25;262,62.5;293,34.75
45650;49.25,172.5;177,147.25;264.25,97.25;277,71.25;42,69;211.75,92.75;263.5,72.75;293,34.75
43045;70.25,183.5;187.75,151.75;241,99.25;265.25,55.75;42,69;211.75,92.75;263.5,72.75;281.5,38
12609;70.25,183.5;185,149.5;218.75,128.75;220.75,53;13,40;240.5,117.25;264,72.5;281.5,38
26214;82.75,212.5;140.5,155.25;219.25,129.25;261.25,73.25;13,40;253,131.75;264,72.5;302.75,35.5
43938;39,217;141,154.75;250.25,130.25;261.25,73.25;13,40;260.75,106;268.75,74.5;302.75,35.5
3305;58.5,218;163,167.25;270,178;277.25,106.5;14,18.75;226.5,84;268.75,74.5;302.75,35.5
49168;58.5,218;159.25,145.5;270,178;277.25,106.5;19.25,19;195.75,98.25;259.75,51.5;306.5,15.75
18632;56,176.25;159.25,145.5;227,191.25;277.25,106.5;15.25,20.75;157.25,123.25;229.5,61;307,52.5
13031;66,217.75;159.25,145.5;227,191.25;290.5,135.5;15.25,20.75;157,123.75;188.25,67.25;337,79.5
16218;44,241;130.25,175;240,215.25;314.5,136.25;15.25,20.75;194.5,99.75;201.75,72.5;337,79.5
23466;57.5,242.75;138.75,126.5;283,189.75;314.5,136.25;9,72;170,91.75;201.75,72.5;361.5,43
42762;68.5,276;148,89;277.25,164;301,115.25;9,72;125.5,73.25;202.5,71.5;361.5,43
36009;100.75,296;147.25,89.5;289.75,158;329.25,90.5;9,72;125.25,98.5;202.5,71.5;361.5,43
23533;125.75,292;147.25,89.5;287.5,143.75;308,113.5;5,42.75;125.25,98.5;202.5,71.5;356.75,79.5
18773;85.75,311.75;147.25,89.5;305.75,115;350.25,94.75;5,42.75;146,50.25;242.75,76;356.75,79.5
26710;85.5,309.25;151,66.75;338,113;357.5,122.25;4.5,42.25;146,50.25;242.75,76;362.75,80.75
29612;85.5,309.25;124.5,51.5;354.5,101.25;357.5,122.25;4.5,42.25;167.25,37;232.25,116.75;362.75,80.75
46819;91,322.25;125,81.25;334.25,98.25;357.5,122.25;3,87.25;167.25,37;264.5,129.75;362.75,80.75
31137;90.5,322.5;93.75,62.75;334.25,98.25;357.5,122.25;19.75,123.25;153.75,48.25;274,170;339.5,79.5
17954;89.5,322.25;112,52.75;332.5,57.75;357.5,122.25;19.25,145.25;142.75,29.75;252.25,206;339.5,79.5
35215;89.5,322.25;112,52.75;291.75,52;359.5,135.25;13.25,137.25;175.75,36;253.25,206;339.5,79.5
6566;84.75,315;112,52.75;264,60.25;356.5,97.25;0.75,171.75;138.5,53.5;253.25,206;339.5,79.5
45654;83.25,316.75;112.25,49;264,60.25;356.5,97.25;20,174.75;101.75,40.25;282,173.75;339.5,79.5
1173;80,300.25;112.5,49.5;284,55.75;356.5,97.25;19,175.25;101.75,40.25;293.25,184.75;337.25,79.25
41790;82,305.75;128.25,32.5;284,55.75;358,94.75;53.75,177.25;101.75,40.25;266.25,181.25;333.5,82
44435;82.25,306.25;128.25,32.5;284,55.75;353,85.25;53.75,177.25;103,79.5;277.75,174;301.25,86.25
38264;84.25,287.25;127,31.75;281.5,72.25;349.75,101.25;78,207;103,79.5;277.75,174;281.5,91.5
18440;84.25,287.25;127,31.75;309,57.5;336.75,137.5;59.75,198.75;139,68.5;277.75,174;323.75,92.75
31439;84.25,287.25;120.75,40;287.25,25.75;332,133.5;60.75,198.25;101.75,66;277.75,174;322,92.25
15407;62.25,247.5;120.5,41;251.5,37.25;332,133.5;21.5,229;132.25,76.75;277.75,174;322,92.25
24503;62.25,247.5;120.5,41;211.75,30.75;355.25,158.75;38.5,197.25;132,79.5;277.75,174;334.5,70.25
38443;62.25,247.5;129,11.25;211.5,45.5;364,190.75;38.75,198.5;123.25,118;277.75,174;301.75,90.75
48930;62.25,247.5;126.25,13.25;242,72.5;364,190.75;38.75,198.5;153.75,121;265,147.75;301.75,90.75
50430;62.25,247.5;133.75,23.75;242,72.5;364,190.75;73.75,196.5;130,98.25;233.5,127;315,64
3700;59.5,239.25;132.25,26;268,101.5;346.25,181.75;73.75,196.5;130,98.25;204.75,100.25;324.25,51.75
37482;55,217.25;132.25,26;268,106.75;322,207;73.75,196.5;117,71.5;162,91.25;325.75,82.5
20930;80.75,187;120,59.5;292.25,115.75;322,207;73.75,196.5;89,78;135.25,94.25;325.25,82.75
28757;52.5,189.5;82.5,64;292.25,115.75;322.5,206.25;23.75,188.25;48.25,49.25;135.25,94.25;325.25,82.75
43054;52.5,189.5;82.5,64;292.25,115.75;320.75,206.75;20,155.25;42.5,96;99.25,81.25;295.25,53.25
8754;52.5,189.5;92.5,95;286.5,106.25;336.25,199;19.75,153;42.5,96;98.75,81.75;261.5,42.5
50115;52.5,189.5;114.75,123.75;299.75,112.5;336.25,199;9.75,172.75;42.5,96;98.75,81.75;283.25,24.75
25684;55.5,150;126.25,150.25;299.75,112.5;334,199.75;9.75,172.75;11.5,98.75;87.75,67.25;284,25.25
33202;86.75,148.25;131.25,151.75;299.5,88.25;347.25,241.25;9.75,172.75;11.5,98.75;66,54.75;309.5,29
30586;67.75,171.75;90,159.25;298.75,88.25;326.25,283.25;11,141.75;11.5,98.75;66,54.75;310,27.75
3164;47.5,201.25;111.25,127.5;298.75,88.25;330.75,247.75;11,141.75;35.75,118.75;66,54.75;287.5,19.5
20222;20.5,177.75;111.25,127.5;269.25,73.5;334.75,224.5;13,128.75;35.75,118.75;99.25,33.25;288,20
14147;55.75,171.75;139,100.75;295,72.75;334.75,224.5;16.5,98.75;37,118.75;99.25,33.25;293.75,60
27725;55.75,171.75;138.5,127.5;297.5,86.5;315.75,246.25;16.5,98.75;73,101.75;91,20.5;308.75,83.5
9659;69.5,131.5;165.5,161.75;297.5,86.5;307.5,207.25;18,98.75;56.5,112;91,20.5;267.5,80.25
6020;69.5,131.5;165.5,161.75;287,104.25;322,186.5;18,98.75;79,118.25;103,36;249,77.5
34078;70,131.75;165.5,161.75;306.5,115.25;322,186.5;45.5,87.5;76.25,119.75;135,43.75;248.75,77.75
2115;75.75,165;176.5,196.75;293.25,104.5;318.5,159.75;41.75,111.25;76.25,119.75;135,43.75;248.75,77.75
46561;88,150;214,198.5;293.25,104.5;296.25,176;41.75,111.25;76.25,119.75;121.75,78.25;248.75,77.75
15129;74.75,145.5;245.5,218.5;279,118.75;296.25,176;37,135.5;65.75,116;119,79.5;248.75,77.75
5082;49.25,177.75;245.5,218.5;264,133.25;311.5,145.5;38.25,163.75;58,79.25;119,79.5;248.75,77.75
44560;49.25,177.75;245.5,218.5;274.75,134.75;287.25,168;19.75,193;55,81.25;142.5,60.25;250.5,95
32478;48.5,170.75;272,222.25;274.75,134.75;282.75,165.5;19.75,193;55,80.5;162,50.5;251.25,94.5
5363;51.25,167.5;240,214.5;274.75,134.75;282.75,165.5;40,197.25;65.5,57.25;139.25,30.75;241.75,77
10126;32.25,194;252.5,196.5;271,168;274.75,134.75;40,197.25;66.5,57;157,12.25;205.5,69
43965;32.5,193.25;255.5,188.5;274.75,134.75;302.75,156.25;11.5,190.75;107,38.75;158.5,30.25;205.5,69
16119;32.5,193.25;240,217.75;302,110.5;307.75,120;55,173.75;107,38.75;170.25,28.25;205.5,69
34926;41.25,190.75;221,217;302,110.5;308,139.25;62,198;110.5,82.75;170.25,28.25;244.75,48.5
6334;76,176.75;221,217;294.25,114.25;341.5,163.5;70.75,214.75;110.5,82.75;187,24;245.25,48.75
16965;76,176.75;221.75,219;294.25,114.25;369.75,148.5;57.75,214.75;123.5,111.75;199.25,23.75;226.5,41
35314;83.75,201.75;220.25,219;279,106.75;368.5,171;57.75,215.75;164.5,114.25;199.25,23.75;226.5,41
22802;78.75,229.75;248,219;270.25,71.75;368.5,171;49,195.75;163.5,113.25;195.5,22.75;226.5,41
42697;41.5,242.5;248,219;248.5,78.5;364.5,209.5;48.5,196.25;163.5,113.25;204.25,41.25;226.5,41
7435;54,276.5;248,219;248.5,78.5;342.5,197.75;49,196.25;143.5,80.25;207.25,40.75;223.75,50.75
26381;43,298.75;244.75,175.5;270.25,109;364.75,229.25;49,196.25;143.5,80.25;207.25,40.75;223.75,50.75
13087;48,274.25;244.75,175.5;312.25,101.25;365.5,247.5;49,196.25;127.75,34.25;223.5,17.5;224.25,91.75
40120;37,306;270,178.75;316.25,68.75;365.5,247.5;66,170.25;116.75,10;223.5,17.5;223.75,92
37269;45,277;270,178.75;332.75,31.5;336.25,274.5;80.5,207.25;115.75,10;223.5,17.5;232.25,134.75
4163;24.75,260.75;268,182.75;301.5,53.75;310.75,253.75;110.5,225.25;115.25,10.75;223.5,17.5;232.25,134.75
50596;24.75,260.75;241.75,170.25;301.5,53.75;310.75,253.75;113.5,199.25;115.25,10.75;230.5,17.5;271,152.75
10887;61,272.75;199.75,166.25;302.5,56;310.75,253.75;96.25,177;114.75,10.75;230.5,17.5;267,167
18653;61,272.75;223.5,126.5;306.75,52.75;356,267;92.5,171.5;115.25,10.75;230.5,17.5;276,126.75
50269;61,272.75;197.75,166.25;277.75,31.5;354.25,240.5;92.5,171.5;115.25,10.75;230.5,17.5;248.25,88.75
34344;60.75,242.25;197.75,166.25;248.75,9;354.25,240.5;110.25,171;115.25,10.75;207.5,45.25;247.25,90.75
8731;87.5,270.75;168.5,162;229,37.25;354.25,240.5;91.5,189;115.25,10.75;192,1.75;247.25,90.75
1965;106.75,282.75;168.5,162;266.5,65.25;355.25,235.75;91.75,191.25;139.25,32;192,1.75;212.5,106.75
42540;102.5,255;173.25,149.5;299,56.75;355.25,235.75;120.5,197;137.5,38.75;192,1.75;212.5,106.75
47932;76.25,227.5;173.25,149.5;308.25,55.25;355.25,235.75;120.5,197;151.75,28.75;191,7;212.5,106.75
18337;56.75,193.5;168,163.75;280,88.25;319,258.5;143.5,162;151.75,28.75;191,7;204.75,98.5
15643;56.75,193.5;158.25,159.5;286.25,88.75;322.5,254.75;133.75,171.25;151.75,28.75;185.75,6.5;188.5,56
37419;86.5,227.25;158.25,159.5;263,133;274.75,256.25;97,198.5;155.25,52.5;185.75,6.5;188.5,56
28131;49.75,241;146.75,160.25;263,133;274.25,257;81,203.5;145.5,77;185.75,6.5;188.5,56
25853;49.75,241;161.25,162.5;250.75,166;263.25,226.5;80.75,201.5;119,69.25;160,12.25;188.5,56
12546;86.25,243.5;187.25,155.75;235,130;263.25,226.5;82,201.5;116.25,57.75;129.25,19.75;188.5,56
41607;86.25,243.5;190.75,157.5;235,130;263.5,226.25;83,169;116.25,57.75;118.25,7;167.75,88.25
13479;66,231.25;190.75,157.5;260.75,113.5;287.75,229.75;75.75,131;116.25,58.25;118.75,6.5;167.75,88.25
48969;30.5,208.25;160.75,161.25;260.75,113.5;287.75,229.75;75.75,131;76,56.5;118.75,6.5;197,85.5
15952;30.5,207;138.25,128.5;244,109.25;281,232.5;75.75,131;83.25,26.25;118.75,6.5;240.5,92
18980;30,207;159.75,140.5;244,109.25;281,232.5;56.5,174.75;75.5,32.5;93.25,33.25;241,92
21809;2.25,223.75;187.25,155.75;248.75,69.75;311,263.25;56.5,174.75;75.5,32.5;139.75,31.75;241.5,91.25
9126;2.25,223.75;168.5,136.5;249.25,70.75;337.5,269.75;56.5,174.75;80.75,42.75;106,38.75;276,126.75
5893;2.5,198.75;146.75,126.5;227,89;341.75,225;56.5,174.75;80.75,42.75;93,19.5;276,126.75
5611;2.75,199.75;135.5,92.25;227.25,88.5;312.5,268.25;60.5,222.75;83.75,32.5;93,19.5;276,126.75
40245;2.75,199.75;161.25,77.25;224.75,75.75;346,277.5;60.5,222.75;80.25,19.5;83.75,32.5;276.25,127.75
34140;32.5,239.25;191.5,69.75;225.25,75;320.25,300;60.5,222.75;80.25,19.5;131.75,19.25;276.25,127.75
20710;32.5,239.25;196.25,85.5;225.25,75;336.25,283.25;60.5,222.75;89.25,53.5;173.25,37.5;276.25,127.75
46650;32.5,239.25;196.25,85.5;232.75,66.25;336.25,283.25;96,233.25;124.75,72.75;177.5,32.5;299.75,153.25
41363;50.5,238.5;210.25,81.75;233.25,66.75;304.75,301.75;54.25,221;124.75,72.75;177.5,32.5;267,182
13786;25.25,227.5;233.25,66.75;241,108.5;304.75,301.75;97.75,202;124.25,77;177.5,32.5;231.5,203.25
929;11.25,212.5;207.5,79;241,108.5;304.75,301.75;86.5,170;137.25,107;172.25,37.5;231.25,202.75
48919;11.25,212.5;207.5,79;241,108.5;288,271.5;97.5,170;130,92.75;162.5,50;233.75,183
29861;42.25,199.75;179.5,41.5;249.75,80.75;288,270.25;97.5,170;108.75,52;162.5,50;214.25,204.25
38439;60,217.5;180.25,41;249.75,80.75;288,270.25;98.25,202;108.75,52;142.75,56;233,209.25
48967;41,215.75;188,78.25;249.75,80.75;288,270.25;97.75,220.75;106.75,55.25;142.75,56;196,218
28923;41,215.75;188,78.25;230.75,84.75;312.75,307.25;58,236;106.75,55.25;156.25,34.25;175,230.75
30392;41,215.25;163.75,111;231,85.5;336.75,282.5;58,236;118.75,81.5;156.25,34.25;190,196.5
14348;15.25,231.75;138.5,126.25;246,82;302,286.75;58,236;118.75,81.5;156.25,34.25;187.25,174
22374;32.75,241.5;134,101.25;243.25,82.75;300.75,289.75;58,236;153.5,88;162.25,9.5;187.25,174
41941;58,209.25;153.75,127.25;243.25,82.75;294,318.75;67.75,249;153.5,88;162.25,9.5;187.25,174
37333;70.25,171.75;175.5,104.75;210.25,63.25;280.5,283.75;67.75,249;153.5,88;163.75,8.75;164.5,161.5
21594;73.25,136.25;164,144;247.75,80.75;280.5,283.75;76.25,289.75;153.5,88;162.25,10.5;179.75,148.75
16875;81.5,165.25;124.75,150.25;247.75,80.75;289.25,256;69.5,251.25;162,50.25;162.25,10.5;179.75,148.75
15448;62,132.75;164,141;207.5,81;335.25,243.75;69.5,251.25;118,36.25;162.25,10.5;179.75,148.75
32049;88.5,114.25;171,184.5;220.5,69.75;335.25,243.75;100.25,282.5;118,36.25;163,11.75;213.75,178
13343;65.25,87.5;207.25,170;244.75,68;342,224;100.25,282.5;118,36.25;162.25,10.5;211,181.25
42261;70,98.75;221.75,193.25;248.5,77.5;342,224;104.5,282.25;142.5,57.25;162.25,10.5;211,181.25
38054;84.75,99;218.25,201;239,69;341,218.5;116.5,248;142.5,57.25;162.25,10.5;190,162.75
34480;84.75,99;203.75,175.75;214.5,77.5;353.5,188.25;118.75,247.75;126,74.25;156,52;190,162.75
23939;70.75,86.5;191.5,137.75;201.75,84.5;353.5,188.25;118.25,247.75;126,74.25;138,56;218,166.75
21386;78.75,48.25;193,138.5;209.5,56.25;353.5,188.25;121.25,228.75;138,56;159.75,89.25;244.5,175.75
10985;85.75,24.75;160.75,163.75;248.25,29;328.25,165.75;93,221.75;122.75,18.75;159.75,89.25;244.5,175.75
11413;85.25,25;146.75,194.75;249.25,69.25;328.25,165.75;114.25,194.75;122,39;159.75,89.25;253.75,144
2993;85.25,25;156,211.75;246.5,37.75;332.25,193;115.75,216.5;122.75,16.5;159.75,89.25;253.75,144
49099;85.25,25;156,211.75;246.5,37.75;353.75,177.5;115.75,216.5;140.25,31.75;163.5,117.5;221.25,132.75
45636;78.75,71.5;155.75,202.75;246,37.75;335.75,177;102.75,184.25;140.25,31.75;163.5,117.5;236,90.75
42944;110.25,83;156,204;269.25,65.75;335.75,177;102.75,184.25;159.25,53.5;161.5,116.5;229,70
48580;149,88.25;156,204;269.25,65.75;335.75,177;74.5,180.25;123.5,44.5;148.25,150.25;229,70
49607;122.75,123.75;156,204;274,23.25;322.5,154.75;74.5,180.25;123.25,44.25;136.5,147;224.75,81.75
5866;144.5,116.5;165.25,206.75;307.5,13.5;322.5,154.75;74,182.25;123.25,44.25;141,187.75;233.25,46
14268;133,77;165.25,206.75;319.25,32;322.5,154.75;74,182.25;123.25,44.25;148.5,224.25;222.5,39.25
33834;135.75,90;165.25,206.75;319.25,32;322.5,154.75;55.25,223.5;96.25,64.75;187,247;252.5,71.5
1480;147.25,81;168,161.25;303,53.75;322.5,154.75;55.25,223.5;110,81.5;160,224.25;271,46.75
30688;147.75,81.5;168,161.25;304.5,79;336.25,182;55.5,252;140.25,72.5;180,197.5;271,46.75
35122;143.5,129.5;159.5,193.5;273.25,110.75;343.75,159;55.5,252;116,74.5;180.25,198.25;271,46.75
49083;143.5,129.5;159.5,193.5;261.25,143.5;298,153.75;20.75,271.5;116,74.5;187.5,175.75;249,15
45310;167.25,103.75;167.25,161;261.25,143.5;288.75,169.5;20.75,271.5;119,78.75;164.75,153.5;249,15
11767;136.5,77.5;167.5,156;252,157.75;310,212.75;20.75,271.5;88.5,116;164,153.5;249,15
50581;136.5,77.5;167.5,156;252,157.75;310,212.75;18.75,306.75;69,80.5;133.25,178.75;263,48.5
4588;94.75,86.5;167.5,156;223.5,126.5;341.75,230.25;18.75,306.75;60.75,35.5;133.25,178.75;285.5,28
49187;112.25,114;167,156;240.5,101;356,253;6.25,307.25;60.75,35.5;132.75,178.75;285.5,28
15626;133.25,88.75;167,156;241,101.25;356,253;5.5,308.75;51.5,11.25;135.5,190.5;285.5,28
25407;112.75,51;167,156;278,101.5;344.25,231.25;5.5,308.75;51.5,11.25;152.5,184.25;254.5,53.75
48953;112.75,51;167,156;254,109.25;351.75,198;5.5,308.75;16.5,5.75;152.5,184.25;289.5,34.5
16355;90.5,57.5;158.25,200.25;270,105.25;351.75,198;13.5,310.5;16.5,5.75;115.75,197.25;302,2.5
48045;80.75,69;158.25,202.75;270,105.25;355.25,163.75;4,307;16.5,5.75;103.5,201.5;304.75,5
44133;80.75,69;158.25,202.75;280.5,72;355.25,163.75;4,307;63.5,13;87,168.5;314.75,22.75
36543;69,74.75;158.25,202.75;267.25,102;355.25,163.75;4,307;49.75,35.75;69,150.25;314.25,22.25
12806;54.75,32.5;156.25,223.25;293.5,75.75;355.25,163.75;4,307;18.5,68.75;76.25,122;313.75,22.25
43240;52.25,31.25;156.25,223.25;316.5,86.75;355.5,213.5;4,307;18.5,68.75;67.5,97.5;352,61
8772;50.5,65;156.25,223.25;330.75,110.25;352.25,210.25;4,307;31.75,85.5;38.5,76.25;335,52.5
43070;30.25,120.75;98.25,213.75;332.25,109.5;352.25,210.25;4,307;31.5,140;38.5,76.25;347.25,53.75
43595;30.25,120.75;77,228;332.25,109.5;352.25,210.25;4,307;15.25,122.75;68.75,40.25;288.75,31.25
37797;30.25,120.75;50,219.75;300.75,111.75;352.25,210.25;5.75,306.25;21.75,118.25;82,20.5;288.75,31.25
40606;17.25,140.75;50.5,228.25;300.75,111.75;352.25,210.25;17.75,272;21.75,118.25;86.75,21.5;288.75,30.75
18148;17.25,140.75;84.25,193.5;300.75,111.75;340.25,231.25;55.25,307.5;66.25,96.25;107.75,15.5;288,31
5107;28,97.75;85.5,191.25;302,81.75;340.25,231.25;55.25,307.5;62.25,66;82.75,21.5;317.5,16.25
16503;48,93.75;85.5,191.25;268.25,102.25;346.25,181.75;57,306.75;93,51.75;107.75,41.5;317.5,16.25
44744;48.25,92.75;85.5,191.25;268.25,102.25;358.75,173.25;23.25,306;72.5,21;107.75,41.5;335.5,52.5
9909;19,63.75;65,217.75;314,112.25;359,137;38.25,280.25;72.5,21;107.75,41.5;361.75,77.5
37503;16.25,57.5;42,239;314,112.25;357.5,101.25;31,282.75;72.75,21.75;107.75,41.5;365,78.5
16731;6.25,7.25;42,239;314.25,116;349.75,104.25;30.25,283.5;93.25,66;137.25,21.25;365,78.5
49763;6.25,7.25;42,239;314.25,116;335.25,104.25;4,306;120.75,76.75;164.5,29.75;353,67.25
34998;6.25,7.25;47.25,240.25;318.5,151.5;335.25,104.25;66,307.5;93,132.25;109.5,39;357,55
6118;6.25,7.25;67,223.25;334.25,104.75;341.5,164;66,307.5;101,137.75;114.5,44.75;342.5,83
33106;4,10.25;71,175;333.75,105.75;341.5,164;66,307.5;110.75,145;153.5,48.25;340.25,52.5
27170;4,10.25;64,218.75;333.75,105.75;366.5,167.75;66,307.5;140.75,106.75;151.25,89.5;333.25,5.75
43568;4,10.25;45,181.25;334.5,106.5;366.5,167.75;93.25,316.75;140.75,106.75;148.25,76.75;305.5,7.25
1675;11.5,34.5;94.75,188;336.5,142.75;364,164.75;87.25,316.5;140.75,106.75;148.25,76.75;287,7.5
36246;11.5,34.5;45.75,182;322,123.25;355.75,161.75;87.25,316.5;139.25,56.25;161.5,118.5;287,7.5
33774;25,64.25;40.75,146.5;322,123.25;355.75,161.75;122.25,274.75;125.75,21.25;161,118.25;287.75,7.25
2462;36.25,30.75;40.75,146.5;317.75,137.75;326.5,106;112.75,229.75;127.25,18;149,65.75;287.75,7.25
39541;6.25,58.25;40.75,146.5;290,112.5;294.25,75.5;110.5,229.75;125.25,18.75;149,65.75;250,9.5
3246;5.75,57.5;32.5,157.5;274.25,64.5;284.75,71.25;116.25,194;125.25,18.75;149,65.75;251.25,10
7643;6.5,55.75;10.75,152.75;244,81.5;308.5,36.25;116.25,194;125.25,18.75;138.25,99;285.25,28.5
11282;6,104.25;46.75,182;251.25,59.75;310.5,36.25;79.75,181.75;125.25,18.75;138.25,99;285.5,29.25
42184;1.5,102.75;81,187;217.75,85.25;284.25,53.25;104,153.25;125.25,18.75;138.25,99;285.5,29.25
20701;4.75,97;89.75,214;218.5,49;284.25,53.25;97,135.75;125.25,18.75;143.25,99;289.5,37.5
33485;11.5,110.75;86.75,181.5;219,49;284.25,53.25;93.25,95;125.25,18.75;128,72.75;296,50.75
21532;11.5,110.75;101.75,223.75;219,49;289.25,70.25;61.25,91.25;75.5,20;90.75,64.75;296,50.75
30535;34.5,99;101.5,224.75;196,84.25;272.25,96.5;61.25,91.25;98.25,64.5;112.5,57;296,50.75
6563;34.5,99;142,230;218.25,49.75;250.75,116.25;70.25,134.5;98.25,64.5;152.5,68.75;293.75,95
22751;4.5,85.25;142,230;203.5,6.25;251.5,112;70.25,134.5;109.5,56.5;130.25,106.75;276.25,109.25
43337;4.5,85.25;142,230;203.5,6.25;252.25,113.75;42.75,156;112.75,101;143,90;237.5,131.75
18367;4.5,85.25;136.75,240;177.5,16.5;251.25,112.75;65.5,152.25;113,102;143,90;203.75,117.5
47407;38.75,81.5;136.75,240;176,1.25;251.25,112.75;65.5,152.25;126.75,112.25;147.5,51.5;210,92.5
2088;46,47.75;142.75,240.5;176,1.25;251.25,112.75;59.5,166;109.75,143.75;148.25,45.5;210,92.5
49443;33.5,31;142.75,240.5;148,13;224.75,129.5;58.5,166;107,161;148.25,46;210,92.5
42498;3,8.75;139.75,264.25;148,13;224.75,129.5;41.75,163.75;68,182.5;148.25,46;218.75,63.75
45553;14.75,29.75;139.75,264.25;148,13;224.75,129.5;13.75,145.25;71,153;175,29.5;200.75,95.25
45161;14.75,29.75;101,243.75;177.5,38.75;224.75,129.5;20.5,98.75;94.75,198;126.75,23.75;200.75,95.25
39152;15.25,30;114.25,213.5;176.75,41;234.5,127.5;13.25,145.25;80.5,169.25;126.75,23.75;200.75,95.25
18767;25.75,62.75;82.75,195.75;176.75,41;238.75,127;13.25,145.25;84.25,140;143.25,48.5;236,90.25
27415;25.75,62.75;47.25,170.25;171.25,19.25;219.5,129.75;13.25,143;84.25,140;165.25,82.75;210.75,58.5
13110;25.75,62.75;73,134.75;145,21.25;220,130;13.25,143;54.25,112.25;165.25,82.75;196.75,11.5
22939;25.75,62.75;78.5,165.25;125,41;245,107.5;8,135.25;30,88.5;164.25,80.75;196.75,11.5
6821;57.75,74;78.5,165.25;141.25,22.25;247,95.25;8,135.25;60.25,91.25;154.75,125;226.5,39.5
37441;44.25,111;68.75,171.75;141.25,22.25;247.5,96.25;8,134.75;60.25,91.25;124.75,153.5;230,38
36204;45.25,110.5;68.75,171.75;105.75,19;247.5,96.25;26.75,125.25;60.25,91.25;92.75,156.25;273.75,31.5
23474;35,81.5;38.5,139.25;106.25,15.25;247.5,96.25;26.75,125.25;81.5,118.25;92.75,156.25;274.25,31.5
41298;35,81.5;35.75,112.25;65,9.25;224,126.5;26,125.5;60.75,111.25;92.75,156.25;274.25,31.5
1381;6.5,51;35.75,111.75;115.75,21;204.5,175;26,125.5;60.75,111.25;115.75,198.25;254,55.25
34378;6.5,51;35,111.25;126.5,47.75;249.75,175.75;15.25,143.25;59.5,80.5;115.75,198.25;265,72
15906;41.5,77.5;59.5,74.25;126.5,48.75;260.75,147.5;15.25,143.25;61.5,108.5;160,202.75;265,72
17466;41.5,77.5;59.5,74.25;126.5,48.75;239,163.75;4.25,142;87.5,104.75;188.75,180.5;252.25,69.75
37379;8.75,93;48.25,56.25;126.5,48.75;262,133.75;4.25,144;87.5,104.75;204,213.75;252.25,69.75
47349;9.5,84.25;48.75,16.25;126.5,48.75;274,133.5;4.25,144;87.5,104.75;167.75,225.5;272.5,93
16703;9.5,84.25;49.25,16.25;126.5,48.75;238.75,152.5;15.25,171;111.75,118.25;138.75,215.75;272.5,93
25859;4.25,64.25;49.25,16.25;126.5,48.75;238.75,152.5;15.25,171;111.5,152.25;127.5,224.5;282,114.75
49980;0.5,85.75;49.25,16.25;135,90.25;238.75,152.5;18.5,202.25;123.25,176;127.5,224.5;282,114.75
23005;40.75,106.75;49.25,16.25;156.75,84.75;238.75,152.5;3.5,238.25;119.75,189.25;129.25,217.75;282,114.75
30711;32,84.25;43.25,62.25;172.75,44.75;251.25,156.5;3.5,238.25;86.25,195.5;125.25,197;282,114.75
42321;71.25,74.25;72.25,89;172.75,45.25;285.75,165.75;3.5,238.25;87.5,168.5;125.25,197;241.25,118.5
1848;68.75,76.5;72.25,89;183.5,35.25;288.75,143.25;3.5,238.25;114.25,144.25;118.5,223;264.75,130.25
42889;68.75,76.5;114.25,105;183.5,35.25;299.5,112.25;3.5,238.25;114.75,144;120.25,199;279.75,107.75
44005;51.75,50.25;114.25,105;183.5,35.25;299.5,112.25;20.5,206.25;132.75,107.5;139,195;312.25,81.5
44613;77,57.75;114.25,105;158,27.75;330.5,107.5;20.5,206.25;132.75,107.5;138,192;341.75,79.75
40804;58.25,55.75;113.75,86.25;158,27.75;332,119.75;23.75,212.25;130,77.5;130.75,197.75;341.75,79.75
11199;48.25,75.75;104.75,54.25;154.25,52.75;332.5,113.5;23.75,212.25;100.25,66.5;144,166;341.75,79.75
45689;30.25,97.75;105.75,54;154.25,52.75;355,112.25;20.25,247.5;119.25,102;141.25,196.5;341.75,79.75
48910;28,95;118.5,44;154.25,50.75;355,112.25;15.25,226.75;117.25,116;138.75,177.75;341.75,79.75
43227;40.5,65.75;119,43.5;154.25,50.75;370,73.75;15.25,226.75;85.5,89;162.75,163.5;341.75,79.75
11782;74.75,85.5;119,43.5;185.25,69.75;370,73.75;15.25,226.75;69.25,86.25;119,174.25;339.25,33.5
21300;74.75,85.5;76.5,39.5;196.5,84.25;370,73.75;14.5,228;65.5,86.75;102,222.25;357.5,78.25
39322;74.75,85.5;102.75,36.25;197.75,73;357.75,85.75;15.25,228;63.25,121.5;132,229;357.5,78.25
34932;29.25,78.5;103.5,39;227.5,75;354.5,128.25;43.5,250.75;63.25,121.5;130,229.75;357.5,78.25
28465;40.5,118.25;103,39.75;228.25,75.25;354.5,128.25;24.25,250;46.75,115.5;113.25,228;357.5,78.25
43615;15.25,142.25;78.75,71.5;228.25,75.75;354.5,128.25;43.75,254.25;45.75,111.75;88.25,236.25;357.5,78.25
1679;15.25,142.25;87.5,63.75;239,79.5;354.5,128.25;43,254;44.25,113.5;77,201.75;354.75,73.5
49499;15.25,142.25;135.5,62.25;254.75,57.75;324.5,88.25;43,254;48.25,128;80.75,201.5;354.75,73.5
16927;15.25,142.25;173.5,87.75;277,24.5;315.75,52.5;26.25,220.75;48.25,128;82,201.5;340.25,61
33069;15.25,142.25;163.5,110.25;278.25,23.25;316,52.25;17.75,219.5;48.25,128;61.25,222.5;337.5,31.5
4969;15.25,142.25;187.75,113;236.5,39.25;316,52.25;17.75,219.5;53.25,126;78.75,211;331.75,30.75
45208;2.5,174;191.75,137.5;237,38.75;316,52.25;17.75,219.5;53.25,126;108.75,229.25;332.75,7.75
50599;2.5,174;213.25,132.25;237,38.75;316,52.25;17.75,219.5;25.25,108.5;81.75,231;289,35.5
40669;3,230;213.75,132.5;226.75,48;291.25,57.5;17.75,219.5;31.5,86.25;73.25,245.75;289,35.5
15046;5.25,240.5;214,104.5;227.25,47.75;297.75,73.25;17.75,219.5;31.5,86.25;66,207;326.25,60.5
19353;5.25,240.5;170.75,88;230.5,29;297.75,73.25;15.25,205.75;17,128.75;29.5,197.5;307,50.75
25364;47.5,243.25;202,47.25;242.25,66.75;298.75,111.25;14.75,205.75;17,128.75;49.75,251.75;307,50.75
34156;47.5,243.25;183.5,49;271.75,71.75;298.75,111.25;14.75,205.75;16.75,132.5;96.5,247.25;305,6.75
28747;57.5,273;182.5,41;283,103.5;334.25,137.5;14.75,205.75;16.75,132.5;131,252;302.5,36.5
15521;57.5,273;227.25,22.75;315.5,139.25;323.25,94;14.75,205.75;16.75,132.5;131,252;263.5,17.5
33135;42.5,319;224.75,54;303,115.5;323.25,94;14.75,205.75;16.75,132.5;131,252;238.25,6.25
18188;18.25,308.5;225,104.25;303,75.25;351.75,103.75;22,203;49.75,141;131,252;238.25,6.25
41807;21.25,312;225,104.25;310,52;365.75,68.75;22,204;50.25,141;131,252;251.25,16.75
36725;21.25,312;218.5,69.25;310,52;355.75,85.75;22,204;50.25,141;172,286.5;232.25,55.75
22467;21.25,312;218.5,69.25;344,15.5;358,100.25;9,236.25;23,159.5;184.5,286.75;268.5,67.5
46594;21.75,311.75;218.5,69.25;355.75,17.25;358,100.25;9,236.25;12.75,171.5;177,306.25;299.5,88.25
39542;10.75,300.5;267.25,103.75;355.75,17.25;363.5,149.5;9,236.25;54.25,126;170.5,258.75;272.5,97.5
38421;10.75,300.5;267,131.75;360,7.25;363,149.5;29,216.5;29.75,108.75;171,258.75;272.5,97.5
2434;16,304.5;220.75,155;360,7.25;363,149.5;27,217.5;74.25,126.25;131.5,252;258.5,82.25
10775;35,266.75;196,175.75;316.5,22.25;363,149.5;42.5,254;74.25,126.25;134.25,251.75;258.5,82.25
6251;35,266.75;221,184.5;341.5,7.5;371.75,151.75;29.75,283.5;89.25,103.25;134.25,251.75;258.5,82.25
22674;35.25,267.25;221,184.5;341,7;355,129.75;67,306.5;89.25,103.25;159.75,224.25;238,83.25
39784;35.25,267.25;221,184.5;341,7;356.75,118.75;69.5,273.5;89.25,103.25;173.5,187.5;247.25,77
18992;59.5,293.5;226.25,176.75;326,28.5;356.75,118.75;39.75,311.25;89.25,103.25;190.25,197;235.75,120.75
6683;61.75,293.5;220.5,218.75;309.75,56;356.75,118.75;48,315.75;89.25,103.25;149.75,189.75;213,95.25
36402;61.75,293.5;253.75,225;309.75,56;356.75,118.75;47,282.5;75.25,133.5;153.75,201.75;184.75,95.25
44499;67,296.75;229.5,191.25;331.75,75.5;356.75,118.75;46.5,281.75;75.25,133.5;146,165.75;157,67.75
2057;72.25,299.25;229.5,191.25;293.75,106.75;350.75,96.75;52,263.25;110.25,151.75;124.25,197;157,67.75
48929;114.25,308;250,217.25;278,70.25;350.75,96.75;57.25,247.5;110.25,151.75;147.25,180.5;157,67.75
39987;114.25,308;250.75,165;304.75,79;350.75,96.75;58,249.25;79.5,189;156.75,181;200.5,97
46160;114.25,308;250.75,163.5;286.25,88.75;350.75,96.75;54.25,269.5;79.5,189;153,150.25;227.75,66.5
3332;80.5,300;250.75,163.5;274.75,102.25;350.75,96.75;19.25,270;93.75,231.75;155.25,155.5;253.75,72.75
20453;80.5,300;259.5,133.75;278.25,149;349.75,94.75;50.25,275;123.5,195;155.5,154.5;253.75,72.75
25718;80.5,300;276,141.75;285.5,165.5;336.25,72.25;78.75,301.25;123.5,195;155.5,155;277.5,94
50583;65.25,315.75;276,141.75;285.5,165.5;336.25,72.25;80.5,301.75;151.25,221.75;156,160;290,132.25
28087;65.75,294;285.5,165.5;296.5,137;334.5,47.25;80.5,301.75;148.75,272.25;156,160;317,136
26132;67,296.75;285.5,165.5;311,119.75;334.5,47.25;49,266.25;123,309.25;202.5,147.75;317,137.5
46685;52.75,303;293,146.25;311,119.75;334.5,47.25;52.5,247.75;105.75,318.5;184.25,178.25;317,137.5
30121;55.25,302.25;293,146.25;311,119.75;351.75,32;32.75,215;78,306.25;194.75,177.5;277.5,115.5
24022;55.25,302.25;316,140.25;333.25,104.5;351.75,32;19.75,192.5;78,306.25;153,186.25;266.25,75
25966;75.75,312;316,140.25;356.75,85.25;361,39.5;40.75,197.5;78,306.25;152.75,185.75;273.5,127.75
9419;75.75,312;334.25,134.5;360.75,118.75;361.5,39.75;40.75,197.5;85.25,258.25;186.75,180.75;268.25,147.5
4482;115.5,292.5;334.25,134.5;357.5,138.25;361.5,39.75;56,207;105,276.5;186.75,180.75;273.75,176.5
43178;115.5,292.5;309.75,113;357.5,138.25;358,36.75;56,208;125.75,273.25;186.75,180.75;272.75,162
13381;137,290.25;278.75,132;329,106;357.5,37;56,209;125.75,273.25;192.5,184.75;272.75,162
45400;137,290.25;269.5,167.25;329,106;354.5,7.25;56,209;104,274.5;192.5,184.75;273.75,172.75
35437;139.25,282.25;281,180.75;317,116;354.5,7.25;56,209;104.25,270.25;216.75,175.25;273.75,172.75
43247;139.25,282.25;269,179.25;317,116;339.25,38.25;56,209;104.25,270.25;230.25,184;287,187
21977;113.25,303.25;269,179.25;278.75,132;339.25,38.25;77.5,202.25;104.25,269.5;204.25,215.5;298.25,208
28209;113.25,303.25;245,169.75;299.25,138.25;339.75,38;93.75,189;134.5,281.75;203.75,215.75;298.25,208
45251;133.25,281.75;245,169.75;274,149;339.75,38;108.25,161.75;141.25,271.5;203.75,215.75;278.75,185
9646;133.25,281.75;237.75,189;302.5,148.25;356.25,29;121.25,143.5;148.75,259.25;202.5,217;278.75,185
46803;133.25,281.75;244,216;310,154.75;355.75,29.25;121.5,144.75;144,283.5;180,197.5;278.75,185
35234;133.25,281.75;244,216;310,154.75;356.25,30.5;104.5,170.75;155.25,246;188.25,235.5;302.75,151.25
21226;133.25,281.75;247,167.5;298.75,164.25;356.25,30.5;114.25,197.25;147.5,259.25;188.25,235.5;319.75,159
18793;133.25,281.75;228.25,208.75;298.75,164.25;355.75,3.5;98.25,189.5;147.25,258.75;189.75,235;336,187.25
45152;146.75,239.25;228.25,208.75;298.75,164.25;355.75,3.5;119.25,163.5;119.25,290.5;190,234;358.75,211
9704;152,237.25;228.25,208.75;301.75,164.5;355.75,3.5;71,150.25;114.5,258;235,245.75;362.25,222.5
25526;152,237.25;228.25,208.75;308.25,132.25;339.5,21.5;51.25,144;163.5,258.75;215.25,202.5;363.25,222.5
24934;167.75,217.25;228.25,208.75;332,149.5;340.25,21;34,140;163.5,258.75;233.75,190.75;363.25,222.5
19684;135.75,228.25;232.75,230.75;302.5,153.75;340.25,21;34,140;163.75,258.75;233.75,159;331.5,211.25
44409;135.75,228.25;220.5,261;302.5,153.75;335.75,19.25;33.5,139.5;154.25,299;240,191;333.5,211.25
16816;173.75,232.75;220.5,261;288.75,167;310.75,55;33.5,139.5;132,288.5;240,191;333.5,211.25
44552;154.75,216.25;250.25,259.5;274.25,187.5;310.75,55;38.75,120.25;109.25,282.25;240,191;333.5,211.25
37011;121.25,226.75;221,242.75;304.75,155;310.75,55;37.25,120.5;88.25,300.5;210.75,176;333.5,211.25
16508;92.5,202;229.25,208.75;293.25,185;315.25,54;41.25,108.5;76.75,277;210.75,176;333.5,211.25
4924;95.5,203;226.25,201.5;293.25,185;315.25,54;71,133.75;72.25,242;210.75,176;333.5,211.25
31253;60,216.5;226.25,201.5;293.25,185;315.25,54;26.5,128.5;119,240;228.25,187.75;356.5,165.75
20522;60,216.5;235.25,192;294,185.25;328.5,61.75;27,129.25;81.5,230.75;227.25,228.75;356.5,165.75
47559;47,215.5;235.25,192;328.25,197;328.5,61.75;27,129.25;81.5,230.75;229.25,226.25;354.5,203.25
43116;76,248.25;235.25,192;328.25,197;328.75,62.25;45,91.5;55.75,224.5;194.5,252;354.5,203.25
15193;76.75,208.75;234.25,193;327.5,199.75;357.75,32.75;36.5,52.75;55.75,224.5;231.25,268.25;354.5,203.25
29103;95.75,195.75;234.25,193;306.5,239.25;351.75,30.25;18.25,19.75;20.25,220.5;231.25,268.25;354.5,203.25
49859;85.5,188.25;234.25,193;264.75,270.25;368.5,51;18.25,19.75;41.75,250.75;219,272.75;354.5,203.25
9178;133,191.25;234.25,193;275.75,288.25;331.25,81.25;17.75,44;41.75,250.75;219,272.75;345.75,206
30211;159,158.5;234.25,193;275.75,286.5;295.5,89.25;2.25,18.75;41.75,250.75;237,254.5;345.75,206
24878;159,158.5;244,169.75;264.75,323.5;271.5,103.75;2.25,18.75;47,269.25;235.75,254.25;319.5,194.25
39653;145,125.75;245.25,168.5;264.75,323.5;271,54.5;2.5,70.25;16.25,296.5;265.25,258.75;319.5,194.25
39854;143.75,118.25;245.25,169;264.75,323.5;271.75,24;37.25,119.5;45.5,294.5;265.25,258.75;357,155
47093;165,112.75;252.75,155;264.5,316.75;276.25,2.75;17.75,119.25;45.5,294.5;265,255.75;357,155
19217;150.5,126.25;198.75,176.75;264.5,316.75;313,6.5;29,176.75;81.25,318.25;265,255.75;357,155
30139;143.25,126.75;212,199.5;264.5,316.75;325.75,14.25;29,176.75;45.25,312.75;282.25,231.5;321,163
32153;150.5,129.5;201,237.25;264.5,316.75;317.25,37.25;29,176.75;33.25,273;282.25,232;311,181.75
11533;163,102.75;201,237.25;289.25,320.25;317.25,37.25;31.75,133.25;32.75,273.5;257.5,218;312.75,163.25
49574;163,102.75;184,201.75;289.25,320.25;318,54.5;25.75,99.5;39,293;257.5,218;312.5,159.25
45283;163,102.75;184,200.75;289.25,320.25;289.5,73.5;25.75,99.5;81.75,318.75;234.75,229.5;304.75,171
18409;170.75,137.75;183.75,201.25;289.25,320.25;289.5,73.5;44.5,93;82.75,269.25;203.75,201.25;299.25,169
13684;170.75,137.75;223.75,230;289.25,320.25;320.75,62.5;29.75,59.25;95,269;204,202;296.5,197
1775;172,163;222,246.75;258.75,322.5;328.5,105.5;29.75,59.25;85.75,235.25;204,202;303.25,239.25
16698;172,163;230,242.25;254.25,323.25;328.5,105.5;45.25,33.5;112.25,228;204,202;266.5,227.5
46076;172,163;203.75,260.5;252.25,322.75;298,115.25;15.5,18.75;71.75,249.25;192,162.75;266.5,227.5
8249;163,144;203.75,260.5;252.25,322.75;318.5,151.25;5.5,32.5;72,249.5;187,173.75;277.5,264
14247;163,144;228.25,267;252.25,287.25;318.5,151.25;6.5,32.75;84,283.5;230.25,187.75;277.75,218.5
38739;153.75,125.75;224.5,294.25;283.5,282.5;356,163.25;6.5,32.75;74,269.5;230.25,187.75;277.75,218.5
21994;112.75,121.25;224.5,293.75;310.75,254.25;351.75,189.75;5,17;82.5,249.25;230.25,187.75;277.75,218.5
17367;146,113.5;222.75,253;328,270;357.5,161.25;5,17;82.5,249.25;230.25,187.75;263.25,258.75
7316;138,88.75;259.5,254.75;319,258.25;357.5,161.25;6.5,15;95.25,265;230.25,187.75;264.5,255.75
14720;138,88.75;262.75,256.75;322.5,254.75;357.5,161.25;8.25,14.75;104,236.25;234.75,183;243.5,246.5
46175;138,88.75;235.25,224;300,236.75;349.75,197.25;59.75,12.25;104,236.25;190.25,198;234,210.5
41578;146,78.5;235,223.75;272.5,243.25;349.75,197.25;59.75,12.25;112.75,225.5;181.25,189.75;234,210.5
35260;148.75,81.5;223,243.75;310.75,223;357.25,161.75;58.75,12.75;112.75,225.5;181.25,189.75;234,223
12485;134.75,48.75;223,243.75;281.25,255.25;357.25,161.75;58.75,12.75;116.5,196.25;179.75,184.75;267.75,244.5
16841;103.25,18;224.75,204;281.25,255.25;330.25,197;58.75,12.75;116.5,196.25;179.75,161;268.5,243.75
15705;135.5,43.75;241.5,195.25;284.5,276.75;330.25,197;58.75,12.75;131.75,153;179.75,161;251.25,239.75
45832;135.5,43.75;246.75,161.25;263.25,255.75;340.75,229;58.75,12.75;130,161;179.75,161;251,240.5
48936;135.5,43.75;247.25,161;263.25,255.75;333.5,270;58.75,12.75;123.75,161.5;182,185;263.75,260.75
21008;135.25,42.75;271.5,180.5;299,244;309.25,285.5;58.75,12.75;105,136.25;182,185;263.75,260.75
6859;135.25,42.75;290.5,208;308.75,207;309.25,285.5;58.75,12.75;105,136.25;180,196.5;228.75,279.25
11070;136,41.5;256,196.75;300.25,251.5;343.25,318;88.5,25.25;105,144;180,196.5;228.75,279.25
40899;117.25,22;256,196.25;300.25,251.5;305.75,301.25;100.25,38.5;105,144;159.5,222.75;228.75,279.25
36087;117.25,22;249.25,196.75;255.75,247.25;308.25,285.5;100.25,38.5;126.5,153.75;128.25,216.25;181,296.5
47862;100,59.25;249,196.25;261.75,232.75;308.25,285.5;65.25,12.75;126.5,153.75;132.25,252.25;142.75,272.5
11196;106.25,61.25;249,196.25;279.25,277.5;283.75,322.75;18.25,19.5;126.5,153.75;134.25,252.25;142.75,272.5
34279;123.75,57;227.75,201;251.25,295;297.25,289;5,16.25;126.5,153.75;134.25,252.25;142.75,272.5
25690;138.5,61.75;227.75,201;253,248.5;276,277.5;5,16.25;125.75,153.75;142.25,251;171.25,232.25
50341;161.5,108.5;202.5,167.5;238.25,288.5;292.5,242;5,16.25;138.75,107.5;142.25,251;171.25,232.25
14197;161.5,108.5;207,169.5;218.25,242.25;340.25,228.5;5,16.25;137,91;141.75,249.25;204.5,231.75
579;112,83.75;207,169.5;250.5,259.5;300.75,238;5,16.25;106.25,52.25;143.25,272.75;203.25,231.5
10760;110.5,78.75;168.5,162.5;250.5,259.5;300.75,237.5;31.5,45;106.25,52.25;119.5,284.5;188.5,214
29296;141.5,74.75;150.5,160.25;250.5,259.5;300.75,237.5;14,70.5;88.75,30.5;119.5,284.5;197.5,213.5
43477;117,68.25;150.5,160.25;250.5,259.5;275.75,215.25;40.25,75.25;88.75,30.5;130,314.75;197.5,214.5
25759;117,68.25;133.5,188.25;244.5,268.25;269,167.75;17,94.75;88.75,30.5;149.75,301.25;197.5,215.5
15141;118,67.25;133.5,188.25;216.75,259;269,167.75;1,127.75;84.25,19.5;146.75,277.75;197.5,214.5
22879;82,64;105.25,166.75;216.75,259;265.75,173.25;1,129.25;84.25,19.5;111,252.5;222,214.25
36095;58,74.25;94.75,159.5;216.75,259;238.25,206.5;1,129.25;84.25,19.5;145.25,226.5;223.25,214.25
18316;75.5,103.25;96.25,164.75;216.75,259;238.75,206.5;24.5,127;84.25,19.5;168.5,226.5;223.25,214.25
15339;75.5,103.25;95,163;192.75,260.25;278.25,195.5;30.75,104.75;84.25,19.5;158.5,251;219.75,174.75
21331;75.5,103.25;95,163;211.75,227;291.25,180;30.75,104.75;69.25,57;143.5,225.5;184.5,177.75
38095;75.5,103.25;95,163;235,258.75;273,187.5;30.75,104.75;69.75,55.25;167.75,190;175.75,187.5
40991;34,97;109.75,160.75;212.75,277;273,187.5;30.75,104.75;69.75,55.25;121.25,197;187.75,173.5
1522;21.5,105.5;107.25,159.75;220.25,277.5;255.75,168.75;30.75,104.75;70.75,55.5;121.25,197;217.75,172
23567;21.5,106;136.5,129.75;248.5,267;255.75,168.75;27.75,78.5;70.75,55.5;146.25,173.5;217.75,172
30051;21.25,85;146.75,158;248.5,267;255.75,168.75;46.25,61.5;71,56;182.5,191;197.25,176.5
37966;9.5,51.75;108.75,165.75;261.5,256.75;297.25,168.5;46.25,61.5;71,56;182.5,191;220.5,149.5
24177;39,60.75;91.25,171.75;261.5,256.75;302,167.5;38,76.75;70.75,55.5;182.5,191;203.25,144.25
14440;52.5,68.5;64.75,187.5;261.5,256.75;277.5,180.75;35.5,81.25;114.25,38.5;182.5,191;228.5,132.5
32242;11.75,64.25;30.5,170.5;238.25,271;277.5,180.75;27.75,107.25;79.5,42.5;182.5,191;227.75,128.75
1399;11.75,64.25;64.5,172.25;258.25,305.5;277,221.5;27.75,107.25;53.75,33.5;182.25,162.5;227.75,128.75
46826;52.25,58;75.5,165.75;257.75,305;304,246.25;27.75,107.25;53.75,33.5;167.25,161;227.75,128.75
35150;52,61.25;75.5,165.75;297.5,320.25;302.75,245;29.5,124;50.75,75.75;167.25,161;246.75,116.5
17796;24,41.75;73.75,168.5;283.75,320;333.25,217.75;29.5,124;46.75,75.75;167.25,161;221.25,135
37364;53,44.75;73.75,168.5;283.75,320;367.5,191.5;27,128.25;90.75,47;133.75,195;205.75,107.25
25225;53,44.75;91.5,140.75;247,307.25;367.5,191.5;27,129.25;88.25,48.25;113,199.25;179.75,95
48912;53,44.75;91.5,140.75;278.5,309.75;367.5,191.5;32.75,104.25;76,16.5;123.25,208.25;159.25,96.5
38188;18.75,63.75;85,139.5;309,320.25;367.5,191.5;32.75,104.25;76.75,17;104,196.5;119.25,107.25
32928;31.75,95.25;70,176;307.25,320.5;332.75,177;52,92.75;76.75,17;104,196.5;119.25,107.25
11330;59.5,114.25;98.5,189.75;307.25,320.5;359,214.75;73.25,122;76.75,17;104,196.5;158.25,87.25
50590;64.25,131.25;89,155.25;321.75,301;357.5,169.25;73.25,122;93.5,24.25;136.5,188.75;158.25,87.25
22726;66.5,122.25;134.75,127.25;288.5,304;357.5,169.25;30.75,118.75;93.5,24.25;127.5,164.25;188,122.5
11843;66.25,121.25;144.75,124.75;288.25,302.75;357.5,169.25;50.25,111.25;93.5,24.25;125.25,197;182.25,106.5
4818;71,135.75;144.75,124.75;288.25,302.75;332,152.5;26.25,91.75;62.75,11.75;125.25,197;187.75,99
34209;69,140.5;152,126.75;259.25,315;304.25,137.75;26.25,91.75;62.75,11.75;129,194.25;204.75,106.5
42475;69,134;122.75,141;270,287;304.25,137.75;12.75,106.75;62.25,12.75;124.25,196;204.75,106.5
28682;77.5,114.25;122.75,141;270.5,287.25;308.5,165;41.5,105;45.75,39.5;124.25,196;168.75,103.25
43737;112.25,107.5;112.75,121.25;307.75,321;331.5,199.25;41.5,105;45.75,39.5;78,175.5;157.75,63.75
50285;69.5,96.75;140.5,157.25;264,295.75;331.5,199.25;41.5,105;46.25,39.5;78,175.5;210.75,48.25
22370;61.75,56.75;130.25,170.75;239.5,257.75;289.5,215;41.5,105;78,26.25;78,175.5;183.75,40.5
47534;69.75,79.25;102.75,195.25;203.5,266.5;289.5,215;41.5,105;78,26.25;81.75,176.75;187,37.5
14521;38,106.5;102.75,195.25;181.5,248.5;289.5,215;23,101.25;77.5,26.5;99.25,137.75;203,48
6738;66,89.5;102.75,195.25;164,281.25;312,224.25;23,101.25;77.5,26.5;97.25,131.5;202.25,86.5
716;66,89.5;107.25,227.5;142,260;311.5,224;43.25,88.25;92.5,35.5;98,131.25;202.25,86.5
43581;66,89.5;117.25,255.25;175.75,279.5;335.25,197;43.25,88.25;74.5,29.5;98,131.25;204,86.5
39575;25.25,99.5;117.25,255.25;208.75,266.75;334,199.75;22.75,56;74.5,29.5;97.5,108.75;168.25,88
49279;20.75,86;109.75,242.75;212,251.5;289,209;22.75,56;79.25,25.25;97.5,108.75;168.25,88
8891;16,100.5;109.75,242.75;241.75,225.5;325.75,225.25;14.5,68.5;73.25,12.75;125.25,140.25;168.25,88
24276;6.75,85.5;154.5,234.25;241.75,225.5;326.25,226;8.75,91.75;110.25,13.75;125.25,140.25;170,90.25
2070;6.75,85.5;167.5,232;241.25,223.5;321.25,232.5;10,93.75;109.25,12.5;124.75,105.75;170,90.25
43780;9.75,86.25;167.5,232;241.25,223.5;352.75,216.75;4.25,102.5;65.75,7.75;151.75,81;160.75,125.75
46548;43.5,47.75;163.5,223.5;228.75,206.25;366,172;52,79.75;65.75,7.75;151.5,87.75;160.75,125.75
46745;75.5,58;163.5,223.5;228.75,206.25;366,172;8.5,69.25;51.5,8.75;155.5,48.5;182.25,110.5
13280;43.75,44.25;163.5,223.5;217.25,217.25;368.5,195.5;38.25,89.75;51.5,8.75;130.5,23;213.25,105.25
11605;43,47.75;163.5,183.75;217.25,217.25;354.75,183.5;38,89.25;51.5,8.75;100.75,67;239,61.75
11322;73.75,82.5;149.75,203.75;188.75,206.25;312.5,150.25;38,89.25;51.5,8.75;134.25,77.75;239,61.75
391;80.5,62.5;149.75,203.75;188.75,206.25;351.75,164.25;14.25,91.75;51.5,8.25;160.75,52.5;270,82
43813;71,22;149.75,203.75;224.25,193.25;317.75,136.75;14.25,91.75;51.5,8.25;122,40;270,82
41106;44.5,44.25;164.75,182.75;213.5,157.25;317.75,136.75;14.5,92.25;75.5,3.25;95.75,10;270,82
6827;44.5,44.25;165.5,224.25;184.75,138.25;292.75,105.25;17.25,91.75;75.5,3.25;95,10.25;269.75,79.25
38212;13,45.5;144.75,185;222.75,161.5;299,54.5;17.25,91.75;75.5,3.25;132.75,34.75;269.75,79.25
3728;14,45.5;145.5,223;270,168.75;287.5,25.5;29.5,105;75.5,3.25;125.75,18.25;269.75,79.25
17553;35.5,22.75;170.25,261;270,168.75;330.5,4.5;27.5,101.75;75.5,3.25;122.75,17.25;267.5,89.25
7697;45,44.75;199,274.25;246.75,195;330.5,5;42.25,144.25;75.5,3.25;143.25,7.75;267.5,89.25
44297;45,44.75;199,274.25;252,225.5;353,10.25;42.5,143;75.25,19.5;164.75,29.25;269.75,49.5
32483;45,44.75;222.25,259;246.75,259;324.5,25.5;13.25,136.75;92,36.25;164.75,29.25;273.25,51.5
48916;67.25,58.25;222.25,259;281.25,260.75;305.5,67.75;13.25,136.75;49.5,65;155.75,49.75;273.25,51.5
29938;67.25,58.25;194.75,246.5;281.25,260.75;307.75,67.75;46.5,166.25;64.75,87.75;158.25,45.5;288,34.75
2614;66.75,62.75;194.75,246.5;304.75,256;333.25,56.75;39.75,175.5;64.75,87.75;158.25,45.5;267.5,39
7438;70.75,29.5;227.5,231;308.75,255.5;332,67;11.75,201.75;35.75,77.25;158.25,45.5;267.5,39
6089;70.75,29.5;209,203.5;308.75,255.5;338.25,113.25;23.5,179.75;37.75,89;158.25,45.5;278.5,56.75
21086;68.25,39.25;230.75,204;308.75,255.5;338.5,112.75;9,142.75;50.75,134;158.5,89.75;278.5,56.75
34906;35.5,44.25;261,180.5;308.75,255;338.5,112.75;9,142.75;91.75,127;155.75,51.25;278.5,56.75
37659;59,62.75;229.75,202;308.75,255;332,143.5;9,142.75;122,156.25;155.75,51.25;297.75,25.75
50253;82.25,103;229.75,202;308.75,255;369.5,166.75;26,186.5;100,153.25;155.75,51.25;297.75,25.75
44934;82.25,103;212,230.75;336,270.5;364,164.75;20.75,219;84.25,189;155.75,51.25;288.5,42.25
46022;84,98.5;212.25,231.25;336,270.5;364,164.75;35.25,198.25;78.25,221.75;155.75,51.25;290,38
49209;59,66.25;212.25,231.25;304.5,309;364,164.75;13.25,171.25;78.25,221.75;155.75,51.25;263.75,82.75
39314;34.75,37.25;167.5,225;302.5,300.75;364,164.75;13.25,171.25;73.75,254;155.75,51.25;272.75,128.25
41206;26,42.75;167.5,225;302.5,300.75;364,164.75;7.25,136;73.75,254;156.25,95.5;249.25,141.75
35948;26,42.75;156.75,240.75;302.5,308;364,164.75;7.25,136;99,255;177,115;269.75,121
33803;26,42.75;155,241.25;294.25,300.75;364,164.75;30.75,109.25;99,255;154.5,79.25;228.5,132
47886;56.25,75.25;155,241.25;294.25,300.75;364,164.75;39.25,132.5;74.25,264.75;122.75,106.75;221.25,166.5
20890;55,76.5;145.5,225;289.75,317.75;364,164.75;12,156.25;74.25,264.75;115.75,112.25;215.25,191.5
30389;55,76.5;142,260.5;282,317.75;364,164.75;12,156.25;39.25,290.5;120,80.25;215.25,191.5
43201;55,76.5;162.5,253.75;264.75,315;364,164.75;21.75,143.75;36.75,312.75;84.25,98.25;215.25,191.5
46090;55,76.5;139,225;280,277.25;366,170;21.75,143.75;36.75,312.75;50.25,111.75;212.5,232.5
39986;55,76.5;168.5,212.75;251.5,288;365,186.25;20.25,143;36.75,312.75;89,116.75;206.25,275.5
11825;63,119.75;169,220.25;272.75,263.5;365,186.25;21,143;44,319.5;86,73.25;206.25,275.5
38770;75.5,161.25;169,222.75;252.75,249.75;365,186.25;24.25,172;44,319.5;89,76.75;213.25,250.75
45034;48.25,170.25;169,222.75;252.75,249.75;365,186.25;15,203.75;40,307.75;126,98.25;213.25,250.75
20393;48.25,170.25;143.5,238.5;251,219.25;352.25,178.25;15,203.75;48.5,295.5;123.75,104;213.5,251.25
34843;51.25,167.5;168,265.5;251,219.25;320.75,197.5;36,232;48.5,295.5;118.25,115.75;213.5,251.25
49520;51.25,167.5;163.5,227.5;251,219.25;340,217.5;24.25,251;48.5,295.5;118.25,115.75;229,283.75
11905;70.25,153.75;168,224.25;254,222.75;331.75,237.75;34.75,240;48.5,295.5;120.5,116.5;229,283.75
26846;74.75,186.5;169,222.75;246.5,197.5;330,247.25;35.25,238.75;48.5,295.5;93.5,108;229,283.75
6588;51,218.5;173,205;246.5,197.5;321.25,211.75;23.75,215.25;48.25,300.25;108.75,118.25;229,283.75
50579;51,218.5;135.5,224.75;276.5,229;323.25,242.25;23.75,212.25;67,289.25;108.75,118.25;220.5,316.75
2516;31.75,210.5;173,224.25;276.5,229;335.75,247.5;5,173.75;63,286.25;108.75,118.25;179,315
13068;31.75,209.75;180.25,265.25;276.5,229;362,277.75;12,170.75;101.25,300.5;108.75,118.25;201,321.25
45715;64.5,229.5;180.25,265.25;273.25,233;362,277.75;26.5,186.5;119.25,292.5;126,116.25;201,321.25
46105;64.5,229.5;158.75,290.5;292,194.25;362,277.75;55.25,156.25;119,288;151.25,120;235.75,310.25
28468;36.25,241.25;165.5,274.75;291.75,193.75;333.25,311.25;55.25,156.25;92.75,268.75;151.25,120;201.25,296.25
34893;17,262;165.75,273.75;298.5,187.75;314.75,299.5;47.75,122;96,265;151.25,120;201.25,296.25
14814;31.75,286.25;174.5,280.25;290.75,166.25;314.75,299.5;67,92.25;123.25,282.75;151.25,120;202.5,296.5
30315;11.75,261.25;174.5,280.25;318.5,134.25;330.5,307.5;77.25,125.5;123.25,282.5;151.25,120;202.5,296.5
25701;31.75,238.25;200,279.25;315.5,149.5;330.5,307.5;74.25,128.25;123.25,282.5;151.25,120;161.5,300.5
45235;48,274.25;219,238.75;290.25,164.25;330.5,307.5;37.5,135.75;123.25,282.5;150.25,119;161.5,300.5
41444;90.5,284;246,203;256.75,192.5;330.5,307.5;37.5,135.75;123.25,282.5;151.75,83.5;161.5,300.5
46120;71.25,297.25;246,203;257.25,192;297,300.75;73,164;123.25,282.5;151.75,83.5;177.5,290.25
45605;53.75,294;257.25,192;276.5,232.5;297,300.75;42.25,144.75;123.25,282.5;149.5,32.25;224.25,283.75
32199;53.75,294;266.5,157.75;273.25,233;314.75,263.5;42.5,143;112.25,240;163,8.75;224.25,283.75
1329;53.75,294;248.75,130.25;289.5,208.5;302.5,312.25;92.5,137.75;112.25,240;162.25,10.5;234.5,254.75
304;72.5,255.25;233.25,169.75;281.75,166;302.5,312.25;92.5,138;112.25,240;115.75,22.75;236.25,254.25
5547;72.5,255.25;251,207.25;298.25,208;302.5,312.25;91.5,169;137.75,263.5;145.5,50.5;236.25,254.25
3135;61,238.75;251,206.75;298.25,208;308.75,318;130.25,194.5;137.75,263.5;140.75,73.75;236.25,254.25
15984;40.75,189.25;206.5,167;250.25,193.5;308.75,318;78.5,175.25;134.25,260;140.75,73.75;235.75,254.25
16602;59.5,178.25;197.25,177.25;241.5,219;308.75,318;62.5,207.75;135.75,258.75;140.75,73.75;211.5,265.25
17330;67.5,218.75;185,155;224.25,219.5;308.75,318;88.5,198.25;135.75,258.75;140.75,73.75;212.25,265.75
2474;75.25,233.25;207.5,176.75;223.75,219;308.75,318;88.25,151.75;135.75,258.75;141.75,92;230.5,264.25
32622;75.25,233.25;207.75,175;221,191.5;308.75,318;107.75,117.75;136.75,258.25;155.75,52.5;187,255.5
3987;76.5,228.25;195.5,170;221,191.5;355,320.25;88.25,109.75;136,244.75;155.75,52.5;192.75,242.25
42967;52,217;195.5,170;243.5,219.5;345.75,313.5;88.25,109.75;135.75,244.25;155.75,52.5;197,218
42360;52,217;214.75,132.25;245.75,187;306.25,321.25;88.25,109.75;135.75,244.25;155.75,52.5;177.5,187
11842;52,217;184.75,114;269.75,169.25;297.5,318.75;83.75,82;145.25,272.25;155.75,52.5;174.25,186
46208;50,217.25;149.75,124.75;269.75,169.25;297.5,318.75;81.75,84.5;147,278.25;155.75,52.5;188.25,174.25
24324;27.25,198;149.75,124.75;256.75,119.5;329.25,315.5;96.75,49.75;136.25,240.75;155.75,52.5;207,125.75
15260;27.25,198;146.25,108;271.5,106.25;345.5,314.75;98.5,77;135.75,241.5;155.75,52.5;224.25,135.25
45322;27.25,198;125.75,121;303.5,78.75;345.5,314.75;94.25,107.25;135.75,241.5;169.5,53;239,175.75
31237;27.25,197.5;125.75,121;275.75,105.25;364.25,317.5;124.5,117.25;135.75,241.5;158.25,45;239,175.75
42479;28,197.25;125.75,121;275.75,105.25;361.5,279.25;143,89.75;157.5,256.5;158.25,45;232.25,132.5
47031;28,197.25;108.75,169.75;245.5,127;340.75,230.5;143,89.75;157.5,256.5;158.25,45;269.75,109.5
24336;48,177.75;135.5,202.5;257.25,84;367,191.75;143,89.75;157.5,256.5;177,7.75;293.5,92.5
38139;29.75,198.75;112,203.25;242.75,107.75;345.25,209.25;142,46.5;157.5,256.5;177,7.75;293.5,92.5
33845;10.75,170.25;67.5,210.25;242.75,107.75;344.75,210.25;158.25,32.25;177,302.75;199.75,40.5;293.5,92.5
42443;2.25,181.5;116.25,204.75;216.75,62.75;306,243.75;158.25,32.25;177,302.75;239,62.5;293.5,92.5
42100;2.25,181.5;84,196.5;213.75,63.75;307,243.75;153,45;177,302.75;245.5,45.75;293.5,92.5
11305;6,176.25;52.5,201;217.25,66.75;286.5,260.5;153,45;177,302.75;245.25,48.75;310,139.25
8786;6,176.25;51.5,188.5;217.25,66.75;264,273;154,35;214.75,306;263.5,21.25;273.5,128.25
22105;6,176.25;101,196.25;222.75,105.25;232.25,313.25;154,35;167.75,302.75;285.25,28.5;293.75,137.5
30770;37.75,223;135.75,202.25;209,58.5;232.25,313.25;140.75,30;166,300;285.25,28.5;295.5,194.25
30772;12.5,178.25;135.75,202.25;172.25,19;234.75,315.75;162.75,29.75;166,300;286,12;316.25,210.75
21719;57,189.75;135.75,202.25;172.25,19;232.5,283;115.25,22.75;165,295.75;233.25,10.25;341.25,171
45690;57,189.75;116.75,201.25;193,16.75;251.75,296.25;144.75,50.25;165,295.75;189.5,7;341.25,171
48277;57,189.75;98.25,165.25;193,16.75;251.75,296.25;140.25,29.25;165,295.75;210.25,27.75;359.5,167
23655;57,189.75;68.5,125.5;193.25,18;273,261.75;99.75,40.25;165,295.75;210.25,27.75;351,138.75
15735;57,189.75;86,93.5;169.5,60;256.25,248.5;114.25,41;165,295.75;191,28.75;351,138.75
11593;57,189.75;109.5,90;169.5,60;275.5,231.75;95.25,65.75;165,295.75;205.5,54.25;320.25,161
11854;57,189.75;105.25,66.25;131,58;275.5,231.75;68.25,41.75;134,288.75;210,92;352.25,183.25
49565;57.25,188;105.25,66.25;131,58;288,255.75;56.25,40.5;110.5,296.5;210,92;360.5,162
48493;57.25,188;105.75,66.5;115.75,34.75;298.5,229.5;84.75,13;110.5,296.5;219,106;360.5,162.5
31380;57.25,188;112.5,68.25;115.75,34.75;298.5,229.5;94.5,24.25;111,294.5;224.25,95.75;337,159.5
34203;56,188;72.75,96.5;115.75,34.75;257.5,219.75;94.5,24.25;139.5,253.75;191.5,96.25;351.5,144.75
22598;56,188;60.5,75.25;115.75,34.75;296.25,253;95,11;139.5,253.75;226.75,116.25;325.75,181.75
35819;26.75,201;32.75,54.25;142.5,7.25;297.25,236.75;74.75,12.25;139.5,253.75;262.75,125.25;325.75,181.75
45675;28.25,202.25;32.75,54.25;166.5,34.5;295.25,264;74.75,12.25;143.75,221.25;311.25,127.5;325.75,181.75
42384;14,229;32.75,54.25;202.75,11.5;293,265.25;74.75,12.25;130.5,196.5;329.75,161.5;360,172
41640;14,229;18.25,64.25;205,48.25;293,265.25;74.75,12.25;161,221.25;341.75,180.5;357.75,145.75
1948;14,229;26.5,30;186,59.75;292.25,236.5;47,8.75;196.75,218;338.5,179;357.75,145.75
47841;14,229;21,30.75;151.5,88.25;292.25,236.5;38.25,34.25;205.25,175.25;338.5,179;357.75,145.75
23384;14,229;65.5,28.75;117.25,108.75;265.75,256.75;38.75,38.75;229.5,158.5;311,144;357.75,145.75
39283;16.5,264.25;65.5,28.75;117.25,108.75;284,284;8.25,30.75;266.5,170;281.25,143.25;360.25,172.5
1084;16.5,264.25;60,6;151.25,129.5;284.25,320;6.5,32.75;266,168.5;287.25,121.75;360.25,172.5
43705;16.5,264.25;60,6;183.25,152.25;284.25,320;7.25,32.75;235.25,190;260,140;353.75,231.75
13922;14.5,236.25;36,30.5;183.25,152.25;284.25,320;42.75,2;193.5,178.25;251.25,132.75;354,231.25
33880;27,284.25;39,32.75;160.75,108.75;284.25,320;42.75,2;170.75,164;205.25,154.75;356,259
4446;7,265;37.75,65.25;160.75,108.75;284.25,320;91.75,25.25;165.25,194.25;204.5,154.75;335.5,271
27229;7,265;37.75,65.25;160.75,108.75;291.5,303.75;122,62.75;165,199.75;193.75,181.75;310.75,310
5664;7,265;43.25,66.25;144.5,125.75;276.25,262;120.75,62.75;158,155;194,177.5;310.75,310
35652;7,265;50.5,64.5;159,129.75;313.75,262.75;127.5,23.5;128,124.75;194,177.5;288.25,287.5
21876;1,271;81,84.5;154.25,136.75;278.25,262;79.75,12.25;150.25,90.5;194,177.5;288.25,287.5
7300;1,271;66.75,121.75;154.25,136.75;243.5,268.5;84.75,12.75;116.25,112.25;194,177.5;272,323.25
2728;0.25,271.5;37.25,112.75;117.5,166;228,253;84.75,12.75;94,104.75;196.25,174.25;272,323.25
12664;14.25,228.75;69.5,134.25;117.5,166;183.5,245.75;58.75,41.25;111.25,76.75;231.75,201;272,323.25
24802;53,230.25;67.25,165;117.5,166;191.5,252.5;62.75,41.25;134.25,98.5;232.25,201.25;272,323.25
36180;53,230.25;66.5,165.25;113.5,202.75;184,248;46.25,52.25;167.5,79;262,203;272,323.25
40727;57,209.25;81,133;92,205.5;156,236.25;46.25,52.25;151.5,48;238.5,190.75;272,323.25
26669;52,189;59,133;108.5,220.75;156,236.25;24.75,70;166,38.5;237.75,192.75;272,323.25
45851;41.75,222.5;59,133;108,221;197.5,248.25;3.75,40;164.5,29;237.75,192.75;272,323.25
41253;27.25,233.25;59,133;145.75,223.5;197.5,248.25;3.75,40;122.5,23;237.75,192.75;250.75,315.25
20884;28,267.75;90.5,139.25;168.75,229.5;197.5,248.25;3.75,40.5;152.5,52.5;226.75,186;250.75,315.25
6679;53.75,275.5;71.5,140;140.25,227.75;197.5,248.25;3.75,40.5;189.75,68.75;238.25,156.75;250.75,315.25
19716;52.75,275.5;61,178.25;101,233.5;208.75,285.25;3.75,40.5;189.75,68.75;248,194.5;250.75,315.25
43771;33.25,281;61,179;101,233.5;248.5,270.5;9.25,17.25;160.25,52.75;248,194.5;262.25,276.5
25627;13.25,267.25;89.25,196;100.5,232.75;280.5,277.25;9.25,17.25;142.75,91.5;239.25,193.75;262.25,276.5
33074;13.25,267.25;83.5,184.25;100.5,232.75;276.75,276.75;9.25,17.25;110.25,116;238,221.75;283.25,238.5
42886;24.5,310.75;91,149;95.5,191.75;276.75,276.75;9.25,17.25;110.25,116;237.5,222.75;313.75,251.5
47982;24,310.5;68.5,121.5;114.25,213;291,321.25;9.25,17.25;110.25,116;257.75,203.5;313.75,251.5
9891;24,310.5;68,121.75;123.5,227.75;291,321.25;9.25,17.25;123.75,112.75;253,168.25;318.25,241.5
18463;24.5,310.25;62.25,129.75;136.75,226.25;291,321.25;9.25,17.25;150.5,105.75;245.5,133.25;347,216.25
36347;24,310.5;55.5,170.75;131.75,238.75;291,321.25;21.25,13.75;154.5,105.75;245.5,133.25;352.5,205.5
34132;24,310.5;70,132.25;131.75,238.75;316.25,306.25;69.75,11.75;154.5,105.75;232.75,121.75;352.5,205.5
44986;9.25,311;70.5,131.75;138.5,224.5;333.25,284.5;75.25,41.75;154.5,105.75;232.75,121.75;353.25,180.75
34693;9.25,311;73,141;118.5,239;336,267.25;77,42.25;167.25,92.75;236.25,126.5;353.25,180.75
27355;9.25,311;73,141;115,234.5;355.5,255.75;77,42.25;155.25,87.5;236.25,126.5;350.25,153
40032;9.25,311;65.25,184.5;127.5,242.25;314.75,263.5;77,42.25;156.25,55;217.5,143.25;350.25,153
32986;9.25,311;65.25,184.5;163,224.25;336,271;67,80.5;153.25,88;217.25,142.75;336.5,159
34934;9.25,311;65.25,184.5;163,224.25;337.5,271.25;36.25,88.5;185.5,65;242.5,169.25;349.5,153
46749;9.25,311;65.25,184.5;168,224.25;364,246.5;2,70;196.25,100;242.5,169.25;321.25,159.25
33953;9.25,311;65.25,184.5;133.75,239.75;364,246.5;34.5,52.5;192.75,104.5;272,181.5;359,158
23298;26.25,309.5;87,177.25;133.75,239.75;354.25,287.75;18,19.5;152,105.75;270.25,178.25;359,158
37932;27,309.25;58.5,217;174.25,222;354.25,287.75;18,19.5;192,99.5;237.75,209;332,150.75
24361;27,309.25;58.5,217;162.5,246.5;336.75,246;15.25,20.75;192,99.5;216.5,190.25;334.75,195
9666;27,309.25;44.5,241;165.5,260.5;353.25,235.75;15.25,20.75;188.75,87.5;242.5,173.5;334.75,195
47378;40.25,298.75;79.75,249.25;137.5,291.5;355.25,235.75;18.5,19;188.75,87.5;242.5,173.5;352.25,217.75
43141;40,273.25;41.5,238.5;167.75,271.25;308.25,221;17,15;188.75,84.5;242.5,173.5;352.25,217.75
21636;5.5,263;41.5,238.5;204,284;308.25,222.25;9,69.75;188.75,84.5;242.75,211.25;309.5,183.75
42953;5.5,263;41.5,238.5;204,284;308.25,222.25;25.75,69.75;160.25,87.25;262.25,199;300.75,197.5
46255;5.5,263;51.5,226.75;204,284;308.25,222.25;3.75,105;131.75,107;262.25,199;335.25,197
19942;37.5,286;51.5,226.75;251.25,279;305.25,256.75;2.75,149.5;105,112.75;260.5,198.75;335.25,197
36682;29.75,261.25;41.5,197;256.25,309;293,229;2.75,149.5;105,112.75;230.75,185.5;357.5,162.5
35916;47.75,238.5;71.5,202.5;256.25,308.25;298.75,248;23.5,127.5;105.25,114;230.75,185.5;357.5,162.5
16046;54,247.5;71.5,202.5;281.5,277;298.75,245.25;27.25,105.25;105.25,114;230.75,185.5;360.5,165
1828;54,247.5;82.25,165;283.75,320.75;297.5,211;27.25,105.25;104,77.5;272,192.25;338.25,163
34965;55.5,293.5;80.5,170.75;255.25,294;294.5,168.5;55.25,129;106,78.75;272,192.25;338.25,163
42317;17.75,305;88.75,205.75;255.25,294;271.25,165.5;55.25,129;106,78.75;315.5,190;337.75,158.5
19839;21.25,306;81.5,222;255.25,294.75;297.75,177.5;55.25,129;88,79;317,211.25;337.75,158.5
17036;21.75,306.5;42.25,207.25;258,301;297.75,177.5;50.25,174.25;68.5,50.25;317,211.25;323.25,164
8235;36.75,312;52.75,241.75;312.75,307.25;323.25,213.5;50.25,174.25;88,72.25;317,211.25;323.25,164
47054;36.75,312;77,256.5;317,275.25;340.25,239.5;76.5,163.5;111.75,67.5;317,211.25;317.75,126.25
11864;36.5,312.5;89,222.25;280.5,261;308.75,215;76.75,164;129.25,19.5;317,211.25;317.75,126.25
38822;36.25,313;44.5,240;250.5,271;347.5,215.75;115.25,140.25;129.25,19.5;287.75,184.5;317.75,126.25
33756;36.25,313;44.5,240;213.5,247.75;347.5,215.75;84,100.75;134.75,77;323.25,160.75;334.5,158.75
14218;36.25,313;94.5,232.25;235.25,270;342.5,243.75;61.5,80.5;132,79.5;323.25,160.75;334.5,158.75
44347;36.25,313;53.5,218.5;225.75,252.5;342.5,243.75;42.5,44.75;137,91;304.25,130.75;334.5,158.75
16059;36.5,312.5;69.25,183.5;197,248.25;352.75,225;42.5,44.75;112.25,56.5;304.25,130.75;314.25,161
3565;36.25,313;69.25,183.5;197,248.25;309,229.25;6.5,16.25;151,79;304.75,128.75;351,169
35745;32,271.5;91.5,140.75;164,222.75;279.75,216.25;6.5,16.25;145.5,89.75;304.75,128.75;351,169
4658;32,270.5;91.5,140.75;141.75,260.75;315.5,210.75;6.5,16.25;168.5,53.5;331.25,163.5;339,150.5
159;13.5,229.25;91.5,140.75;172.5,267.5;353.75,215.75;6.5,16.25;144,88.5;316.5,139.25;319.25,158.75
5942;64.5,230;68.25,153.75;206.75,261;353.75,215.75;10.75,45;144,88.5;316.25,136.75;355.25,156.5
19532;44.25,183;57.5,171.25;197.25,278.25;306,226.25;10.75,45.5;154.75,147.5;316.25,136.75;355.25,156.5
7314;43,165.5;94.75,156;192.5,268;306,226.25;10.75,45.5;130.75,106.75;312,85.5;355.25,156.5
46468;87,140.5;110,110;168.25,298.5;306.25,225.5;10.75,45.5;116,72;277.25,125.5;355.25,156.5
29256;110.75,159.75;112.75,77.5;168.25,298;316,215.25;20,43.25;121.75,22.75;277.25,125.5;355.25,156.5
11121;86,119;112.25,77.5;161,306.25;293,229.5;20,43.25;163.5,31.75;277.25,125.5;360.5,172.25
26944;110.5,112;115,79.5;141,287.25;252,219.25;20,43.25;168.5,53.25;277.25,125.5;360.5,172.25
44218;107,114;113.75,86.75;141,287.25;252,219.25;2.25,2.75;180,70.75;315.25,149.75;360.5,172.25
41874;107,114;112.75,86.75;142.5,300.75;261.75,255.25;2.25,2.75;173,107.5;289.25,143.25;360.5,172.25
38559;104.5,90.5;107,114;155.75,301.25;261.75,255.25;39.5,28;209.5,95.25;287.5,185.75;337.25,190.75
27081;104.25,89.25;107,114;168.75,271.25;272.5,246.5;73,21;211.75,92.25;287.5,185.75;334.5,195.5
49038;104.25,89.25;141.5,118;168.75,271.25;272.5,246.5;79.25,19.5;241,62;257.5,174;351.5,182.75
45808;104.25,89.25;141.5,118;187.25,238.25;272.5,246.5;79.25,19.5;228,50.5;256,200.75;340,148.75
20286;80,86.5;141.5,118;158.5,212.75;280,286.5;79.25,19.5;198.5,69.25;256,201.25;310.5,128.25
18622;48.25,98.25;133.25,127;158.5,212.75;278.75,286.5;112.75,38.5;198.5,69.25;256,201.25;296.5,139.25
42692;19.75,99;135.75,129.75;136,238.25;278,287.25;112.75,38.5;198.5,69.25;255.25,177;296.5,139.25
17280;3.75,113;135.75,155.75;136,238.25;277.5,248;127.75,73;201.25,66.5;255.25,177;316.25,115.25
38008;3.75,113;109.75,169.25;166.25,206.75;243.5,219.5;130,69.25;227.5,64.25;255.25,177;316.25,114.75
3722;3.75,113;107.25,169.25;174.5,163.5;234.75,231.25;154.75,53.5;211.25,96.5;255.25,177;329.25,139.75
39902;10.75,78.25;107.25,169.25;174.5,163.5;234.75,231.25;144.25,90.5;237,124.25;240,219.5;356.75,166.75
37570;29.25,110.75;107.25,169.25;201.5,132.25;213,199.5;167.75,53.5;239.25,146.5;255.75,239.5;356.75,166.75
45035;30,145.5;82.5,196;201.75,131.75;213,199.5;163.5,96.5;209.25,174.25;218.5,218.5;356.75,166.75
8160;30,145.5;60,210.25;238,126.5;245.25,207.75;124.75,73.75;164.5,161.75;218.5,219;356.75,166.75
32363;33.25,144.75;60,210.25;230,129.5;242,170.75;134.5,73.75;160.25,160.5;187,223.75;356.75,166.75
12497;33.25,144.75;60,210.25;231.5,135.5;242.5,173.25;117,81.25;172.5,164.25;182.75,196;356.75,166.75
29341;6.5,124;93.25,202.25;222,110;242.5,173.25;146.75,50.25;172.5,164.25;189.5,226.75;356.75,166.75
38323;6.5,124;73.5,184;182.25,118.75;234.75,188;110.5,23;172.5,164.25;186.75,224.25;338.5,199.5
31932;6.5,124;83.75,195.75;161.75,80.75;235,187;138,34.5;183,122.5;186.75,224.25;338.5,199.5
12419;6.5,124;63.25,176.25;159,82.25;240.75,190.25;150.75,29;183,122.5;186.75,224.25;327.75,195
26511;29.5,99;63.25,176.25;158,82.25;260.75,173.75;150.75,29;160,92.5;223.25,194.75;336.5,234.75
9123;30,97;97,188.25;175.5,38.25;260.75,173.75;150.75,29;195,95.5;247.75,176.5;309,201.75
855;28.75,97.25;109.25,160.75;175.5,38.25;272.75,192.75;160.5,52.5;210.75,64.5;247.75,176.5;309.75,197.75
40155;50,122;109.25,160.75;176.5,35.5;278.75,164.5;150.75,31.25;213.75,52.25;247.75,176.5;335.5,226
23799;49.75,123;114.5,162.25;176.5,35.5;271.5,179.5;112.25,38.25;197,84.5;247.75,176.5;341,213.25
21786;64.25,146.5;114.5,162.25;176.75,41;298.5,211;112.25,38.25;205,96;264,192.25;361,225
25078;85,187;123,145.5;176.75,41;332.25,192;154.25,51.25;205,96;253,203.75;361,225
26842;85,187;155.5,169.25;165.25,16.25;354,167.5;154.25,51.25;194.75,68.5;250.5,175.5;360.5,225.25
19212;85,187;161.75,212.25;163.75,17.5;368,192.75;133.75,20.25;201.5,55.75;250.5,175.5;324,206.25
15786;98,156.75;157.25,218.25;163,17.5;361,209.5;147.25,57.75;201.5,55.75;216.5,184;324,206.25
49656;51,177;157.25,218.25;212.5,30.75;361,209.5;113.5,39.5;201.5,55.75;224.25,204.75;302.25,243.5
6354;51,177;170.5,224.25;204.5,42;350.75,240.25;139.25,71.75;201,55.75;224.25,204.75;277.5,252.75
16304;51,177;170.5,224.25;181.5,63;333,209.25;121.75,62.5;178,44;223.25,203.75;296.25,268.5
31714;60,158.25;162.75,185.75;181.5,63;362,195.75;121.75,62.5;177.75,9;200.75,178.25;320.25,277.5
25172;71,188;160,225.25;181.5,63;362,195.75;146,92.5;171.5,10.75;202,181.5;338.25,310
25136;71,188;122,238.5;194.25,92;349.25,172.25;143.25,98;169.75,9.5;226,150;338.25,310
13362;43.5,203.75;122,238.5;152,88.5;359.25,183.5;143.25,98;172,37;195.75,182.25;361,276.25
7186;72,209.75;121.5,239;152,88.5;352.5,228.25;109.75,121.75;172,37;197,176.75;348.75,278.75
47523;55.75,175.5;121.5,238.5;167.25,105.25;327.25,216.75;127.25,115;172,37;188.5,196;348.75,278.75
47908;64,158;121.5,239;163,127.75;325.5,252.25;127.25,115;172,37;188.5,196;352,301.25
37102;64,158;121.5,239;162.5,146.5;343.5,300.25;154,122;163,29.25;188.5,196;323.5,319.5
42751;69,183;78.5,248.75;185.25,111;343.5,300.25;155.5,122.5;163,29.25;200,237.25;323.5,319.5
44731;69,183;81.25,299.75;142.25,88.75;291.5,304.5;155.5,122.5;162.75,55.75;200,237.25;323.5,319.5
47218;81.25,166;103.75,257;142.25,88.75;291.5,304.5;112.75,119.5;189.25,40.25;237,275.25;325.25,321.25
33343;94.5,201;105.75,284.5;142.25,88.75;311.25,320.5;78,141;189.25,40.25;261.75,288.5;325.25,321.25
40705;52,218.75;80.5,256.75;130.25,91.25;311.25,320.5;74.25,116;189.25,40.25;251,266;325.25,322
29951;52.75,241.5;69,280.25;90.75,64.75;312,293.75;40.75,109.25;189.25,40.25;251,266;325.25,322
30541;50.75,238;66,297.25;72.25,84.5;312,293.75;58,127.5;201.75,63.75;251,266;325.25,321.25
34398;50.75,238;67,296.75;93,48.5;291.5,302.75;58,127.5;219.5,19;222.75,248;325.25,321.25
6781;50.75,238;51.25,305.75;104.5,15.5;249,308.5;58,127.5;177.75,32.25;248.25,281.75;341.75,276
9635;50.75,238;95.25,315.5;104.5,15.5;291.5,321.75;37,87.25;176.75,30.25;240.25,279;334.75,312.5
42545;50.75,238;105.25,320;112,42.75;320,309.25;37,87.25;176.75,30.25;266.25,321.25;334.75,312.5
37092;62.25,234.25;105.25,320;156.5,27.75;320,309.25;4.5,48.75;176.75,30.25;270.25,283;338.5,289
42472;54.5,219.5;104.25,320.5;187,42;318.5,255.5;4.5,48.75;220,18;231.5,274;338.5,289
32143;94.5,193.75;104.25,320.5;182.5,43.5;318.5,255.5;9,95.5;173,40.5;246.5,227.75;338.5,289
4915;95.75,194.75;104.5,320;182,47.5;322.25,278.5;14.5,135.5;173,40.5;216.25,246.75;338.5,289
22523;95.25,197;104.5,320;182,47.5;357.25,293.75;14.5,135.5;147.25,52;185.75,258.5;345.75,277.25
17163;95.5,151.5;104.25,320.5;182,47.5;357.25,293.75;38.25,158;138.75,20.25;228.5,247.5;352.25,301.75
13324;85.25,139.75;104.5,320;182,47.5;332.5,277.25;49,116.25;170.25,8;233.5,248;352.25,301.75
30917;66.5,129.25;104.5,320;149,29.75;313,243.75;49,116.25;174.5,39;269,266.25;352.25,301.75
13784;66.5,147;104.25,320.5;149,29.75;347.5,214.25;75.25,110.5;152.75,34.75;260.75,264;352.25,301.75
6849;26.75,120.75;104.5,320;188.75,61.5;347.5,214.25;74.75,112.5;152.75,34.75;310.5,261.75;314.75,309.25
50168;43.5,138.75;104.5,320;188.75,61.5;347.5,214.25;74.5,134.25;152.75,34.75;321.5,310;331.25,312
28811;41.25,139.25;147.75,299;181,38.25;292.5,230.5;107.75,105.5;202.75,58.75;321.5,310;331.25,312
15175;77.25,135.5;125.5,274.75;180.25,41;275.75,219.25;122.75,112.25;198.5,85;321.5,310;331.25,312
9392;105.5,144.25;168.75,274.5;192.5,55.5;277.25,219.75;122.75,112.25;199.75,65.75;321.5,310;331.75,322
20470;72,175.75;171,322;221,64.25;292.25,238.75;122.75,112.25;223.5,35.5;321.5,310;331.75,322
37845;83,125.75;171,322;231.5,101.25;315.5,264.75;98.25,156.25;250.25,73;321.5,310;331.75,322
36011;83,125.75;171,322;270,98.25;279,230.5;98.75,156.25;213,95.25;331.75,321.25;343.25,279
15652;78.75,140;203.75,296.5;270,98.25;279,230.5;119.5,140;205.75,105.5;331.75,321.25;339.75,281.5
44095;52.25,152.5;236,313.25;270,98.25;279,230.5;103.75,137.75;158.25,100;331.75,321.25;336.5,288
32131;33.75,188.5;236,313.25;274.25,142;279,230.5;126.75,113.25;132,98.25;331.75,321.25;354.25,242.75
11643;54.25,158.25;275.75,309.25;287,169.5;310.25,220.5;108,153.25;132,98.25;331.75,321.25;354.5,277.25
21022;28.75,198.75;280.5,263.5;285.5,171.5;311.75,225.75;90.75,189.5;132,98.25;331.75,321.25;354.5,277.25
44354;40.25,242.25;260.25,306;285.5,171.5;311.75,225.75;82,167.5;144.75,51;309.5,301.25;354.5,277.25
1400;40.25,242.25;219,302.75;286.25,151.75;311.75,225.75;62.5,189.5;151.25,48.75;314.25,314;344,257.5
1920;49.75,207.75;219.5,303;296,120.25;313.25,225.5;62.5,189.5;168.75,63.5;314.25,314;345.75,223.75
25223;74.25,242.25;219.5,303;268,133.75;280.75,242.75;62.5,189.5;141.75,82.5;314.25,314;329,196.5
15803;43.75,239.75;219.5,303;270.75,103.75;287,232;59.5,202.5;141.75,82.5;314.25,314;323.5,164
39636;10,249.5;220.5,311;256,135.25;287,262.25;59.5,202.5;141.75,82.5;312,315.75;323.5,164
8938;10,249.5;180,317;227,153.75;300.5,300.75;80.5,166;125,124.25;318.75,321.25;323.5,164
42814;42.75,242.5;142.5,318.25;227,153.75;337.75,266.25;80.5,166;161.75,92.75;303.5,291.25;323.5,164
46384;42.75,242.5;162.25,322;227,153.75;337.25,267.25;80.5,166;144.75,136;291.5,249;312,202.25
47365;42.75,242.5;163.5,320;227,153.75;359.75,289.5;80.5,166;156,147.25;252.25,263.25;280,218
30371;48,293.5;162.5,298.5;228.25,153.75;360.25,256;116,196.25;139.75,184.5;252.25,263.25;280,218
25850;28.5,281;125.75,291.5;230,152;314.25,257;84.25,221.25;139.75,184.5;253.75,288.75;280,218
16892;1.25,282.25;125.75,291.5;227,170.75;314.25,257;96.75,221.25;173.75,161.75;229.5,258.25;249.25,252.5
47159;1.25,282.25;152.25,292.5;194,146.25;314.25,257;123.25,197.75;173.75,161.75;224.5,284.75;260.75,291
22885;0.25,282;133.75,291;189.25,114;344.75,242.75;89.75,234.75;178,197;224.5,284.75;260.75,291
23491;17,311;97,308.75;154.25,129.5;355,242.75;89.75,234.75;177.5,198.25;224.5,284.75;274,286.75
46068;17,311;97,308.75;151.75,125.75;333.25,248.5;89.25,234;177.5,198.25;208.75,284.75;313.25,271.25
11830;21.25,309.75;104.5,295.25;151.75,125.75;329.75,228.75;96,197.5;177.5,198.25;235,257;329,272.75
41115;10.5,307;104.5,296;151.75,125.75;350.5,198.25;50.25,175.25;164.5,239;235.25,221.75;329,272.75
38484;10.5,307;104.5,296;151.75,125.75;345.25,181.75;79.5,190;160,239.25;275.25,220.75;342.75,268
37450;10.5,307;143.25,304.25;151.75,125.75;345.25,181.75;114.75,198.75;186,239.25;312.25,189.5;332,273.75
45877;10.5,307;149.25,304.5;152,129.25;345.25,181.75;114.75,198.75;172.75,239;307,151.5;332.75,274.5
11287;11.25,303;149.5,305;201.25,146;345.25,181.75;77,202.75;188,250;307,151.5;339.25,311.5
9520;33.5,273.25;183.25,277;201.75,145.75;345.25,181.75;31.75,211.5;138,265.75;309.25,150.5;339.25,311.5
18772;48,230.25;183.25,277;201.75,145.75;320.75,207.25;71.5,222.25;141.75,302.25;322,137.25;339.25,311.5
19659;41.25,211;187.25,275.25;198.5,166.25;345,209.75;71.5,222.25;156.5,319;323.75,137.5;339.25,311.5
42275;64,182;184.75,251;193,213;337.5,248.25;71.5,222.25;156.5,319;323.75,137.5;336.75,320
49438;25.5,181.25;135,239.75;193,213;295.25,262.5;63.75,171;156.5,319;323.75,137.5;336.75,320
42142;25.5,181.25;89.75,247.75;193,213;295.25,262.5;65.75,216.75;167,302.25;342.75,142.25;343.75,277
22742;73.5,166.25;117.25,208.25;217,238.75;295.25,262.5;86,221.25;125,323.75;312,163.75;343.75,277
23837;78.5,204.75;89.75,188.5;217,238.75;293.5,259.5;86.25,222.5;172.5,323.5;312,163.75;352.75,291.25
34772;78.5,204.75;130.75,183;200,273.25;293.5,259.5;86.25,222.5;169.25,300.75;278,152.25;313,312.75
17533;95.5,177.25;145,230;232.75,302.75;293.5,259.5;86.25,222.5;167,259;278,152.25;288,299.75
17717;89.25,212.25;154,261;225.25,302;302.25,282.25;86.25,222.5;155.75,259;278,152.25;285.75,305.5
30199;89.25,212.25;185,248;204.5,309.75;301.25,289.75;115.75,198.5;155,258.75;278,152.25;278.75,293.5
4983;59.5,237.75;185.5,247.75;204.5,309.75;331.25,314.75;115.75,198.5;177.25,265.25;256.25,162;288,310
37874;86.5,223.5;185.5,247.75;198.75,290.75;340,299.5;145,225.75;150.5,277.75;256.25,162;277.5,323.5
18720;86.5,223.5;163,250.75;236.75,267.25;340,299.5;141.25,197.75;148.25,281;243,173.5;273.5,321.25
14002;83.5,248.75;189.5,252;227.75,266.25;340,299.5;141.25,197.75;149.5,283.5;227.75,219.25;278.75,305
40146;113.75,214;189.5,252;223.25,302.25;309.75,322.75;141.25,197.75;184.5,290;227.25,219.25;260.25,270.75
44714;113.75,214;157,243.75;221.75,302.25;309.75,322.75;172.75,163.5;184.5,290;246.75,239.75;275,282.75
21143;107.75,159.75;188.75,215.25;221.75,302.25;309.75,322.75;210.75,120.5;220.5,296.5;272.5,223;275.25,283.25
7943;141.25,195.25;187.5,212.5;227.5,251.5;309.75,322.75;191.5,96.75;244.5,293.25;254,249;275.25,283.25
9772;141.25,193.75;167.5,243.75;205,226;309.75,322.75;191.5,96.75;227.25,278.5;247,266;296.75,248.75
27209;141.25,193.75;162.5,214.75;225.75,193.25;334.25,312.5;213.25,96;227.25,278.5;247,266;282.75,249.75
48408;152.5,142.25;162.5,214.75;225.75,193.25;334.25,312.5;199.25,69.25;230.75,255.75;248.75,221.5;311.25,270
36450;153.5,127.25;162.5,214.75;200,167.75;359.25,278.25;209,65;249.25,220.5;268.75,246;311.25,270
39914;153.5,127.25;176.25,242.75;217.25,132.25;347.75,288;209,65;214,219.5;246.5,276.25;295,306.75
45598;157.25,145;176.25,242.75;217.5,131.75;347.75,288;188,29;212,251.75;261.75,272.75;294.75,307
27652;157.25,145;163.25,243.75;200.5,92.5;347.75,288;189,37;239,266.5;261.25,243;296.25,307
22044;157.25,145;162.75,266.25;248,94.5;347.75,288;181.25,39.75;215.5,275.5;263.5,225.5;294.75,307
5094;181.5,119.5;187.25,259.5;261,133.25;343.5,290;181.25,39.75;215.5,275.5;289.25,187.25;294.75,307
9713;160.25,149.5;173,280.75;292.5,113.5;343.5,290;162.75,74.25;215.5,275.5;292,199;294.75,307
49375;157.25,150;193.75,278.75;294.5,75.75;346.5,313;162.75,74.25;215.5,275.5;292,199;322.25,309.5
45915;157.25,150;188.5,255.25;271.5,62.5;334.25,321;162.75,74.25;224.5,257.5;308.75,198.75;322.25,309.5
29553;165.25,163.75;187.5,255.5;288.25,24.75;347.5,290;163.5,80.75;237,245.25;308.75,198.75;322.25,309.5
45663;165.25,163.75;187.5,255.5;294,53;339.75,266.25;155.75,121;237,245.25;327.25,225.75;337.75,311
14151;142.25,177.5;183.25,259;320.5,62.5;353.5,307;155.75,121;249,281.75;327.25,225.75;356.5,285.5
43465;116.5,209.25;200,226;290.5,54.25;353.5,307;156.5,120.25;257,292.5;326.75,226.25;356.5,285.5
2507;108.75,168.25;205.75,196;311.75,55;363.25,321.5;141.5,88.75;257,292.5;335.5,204.25;356.5,285.5
8645;121.75,207;201.75,196.75;293.25,57.25;363.25,321.5;171,48;231.5,274;335.5,204.25;356.75,264.75
49637;121.75,207;165,163.5;306.5,13.5;363.25,321.5;171,44.25;231.75,247.5;333.5,210.25;358.5,232.25
49183;141,197.5;154.75,157.75;306.5,13.5;363.25,321.5;174.75,41.5;238,266.75;333.5,210.25;359,232
48886;141.25,197;154.75,157.75;302.25,57.5;363.25,321.5;174.75,41.5;232.25,256;319.25,231;336.25,197
49825;114.75,241.25;176.5,201.25;302.25,57.5;363.25,321.5;181.25,40.75;235.75,254.25;295.75,233.25;320,149
50403;100.75,282;176.5,201.25;284.75,75;363.25,321.5;181.25,40.75;235.75,254.25;304.75,195.25;339.25,174
30248;136.5,264.5;176.5,201.25;271,74.75;334.25,313.25;152,53.5;235.75,254.25;311.5,158.5;331.5,198
19719;136.5,264.5;154.25,182.75;285.5,70.25;302.75,320.75;108.25,54;236.25,254.25;266.75,170.75;331.5,198
2382;116.5,241.75;181.75,152.25;285.5,70.25;299.75,320.75;85.75,41.75;194.25,249;266,168.5;331.5,198
8327;92.75,262.75;205,132.25;276.75,102.75;299,289.5;85.75,41.75;194.25,249;266,168.5;358.25,202.5
40310;92.75,262.75;247,126.5;277.75,62;299,289.5;121.75,20;176.5,230.5;237.75,169.5;320.5,218.5
41480;56.25,277.75;247,126.5;287.75,75.25;297.75,289.75;121.75,20;176.5,230.5;244,133.25;286.75,194.5
13955;56.5,277;248.25,117.25;287.75,75.25;297.75,289.75;121.75,20;183.5,249.5;210,144.25;251.25,175.75
30667;66,306.75;248.25,117.25;294,53.25;299.25,289.75;126.25,20.75;175.75,232.25;189,174.25;251.25,175.75
16010;50,279.5;252.25,113.75;294,53.25;297.75,289.75;112.25,23.75;151.75,223;189,174.25;224.75,199.25
20647;51.75,262;252.25,113.75;268,19;274.75,284.5;112.25,23.75;151.75,223;194.25,177;226,199.25
43189;83.5,248.75;236.5,110.5;268,19;274.25,286.5;112.25,23.75;172,213.25;180,196.5;226,199.25
43609;40,225;189.25,112;268,19;274.25,286.5;122,39.5;143,165.5;151.5,243.75;226,199.25
25041;16.5,175;224.75,76.25;268,19;277.25,323.25;88.75,47.25;141,154.75;152.5,259.25;226,199.25
27035;54.25,171.25;245.25,92.5;265,28.25;301.25,302.5;76.25,11.25;141,154.75;152.5,259.25;226,199.25
49369;71,176.5;223.25,57.25;265,28.25;300.25,302.5;76.25,11.25;141,154.75;159.75,249;226,199.25
44434;99.75,191.25;222,56.5;265,28.25;300.25,302.5;76.25,11.25;105.75,128.25;123.5,266;230.75,189.25
38527;102,207.5;222,56.5;268.75,59;307.75,294;68.75,33.75;105.75,128.25;144.75,303.75;230.75,189.25
10275;104,232.5;185.5,47.5;292.25,57.5;316.75,319.5;68.75,33.75;105.75,128.25;130.25,324;234.75,191.25
7828;103.5,233;185,20.75;272,75.75;316.75,319.5;66.75,33.75;105.75,128.25;131,294.5;218,220.5
694;106.75,246.5;163,33.75;255.25,44.5;329.75,315.5;66.75,33.75;105.75,128.25;140.75,269.75;218,220.5
38204;117.25,269.5;163,33.75;294,52.25;329.75,312;76.25,21.5;105.75,128.25;151,303;230,208.75
17333;110.25,284.5;163,33.75;284.75,72.75;318.75,277.25;75.5,21.75;137.75,107.5;143,287.25;230,208.75
21326;89.5,274.25;200.25,60.75;270.5,105.25;307.75,235.5;75.5,21.75;137.75,107.5;170.75,312.5;195.5,226.75
17126;93.5,295.5;235.25,73.5;270.5,105.25;324.75,205.5;72.5,32.5;137.75,107.5;169.5,278.25;186,190.25
20297;93.25,296;235.25,73.5;246.5,133.5;300,207;88.75,67;128.5,78.5;147.75,245;186,190.25
49041;92.5,295.25;235.25,73.5;267.5,133.75;300,207;127.25,72.5;128.25,43.5;147.75,245;191.75,231.75
23124;88.5,303.75;214.25,81.25;257.25,134.75;257.75,209.75;127.25,72.5;129.25,43.5;147.75,245;225,229.25
9108;65,295;177,47;257.25,134.75;257.75,210.25;127.25,72.5;172,52;176.25,231;246.5,278.25
24990;96.25,308.5;135.75,21.5;247,165.25;277.5,261.75;143,52.75;169.75,55.5;176.25,231;246.5,278.25
37186;96,309;156,7.75;246.25,208.5;277.5,261.75;108.5,58.75;144.25,92;196.25,262.75;246.5,278.25
363;66,293.5;152,7;252,210.75;266,228;91.5,20;145.5,88;196.25,262.75;246.5,278.25
9275;76.5,273.5;131,24;252.5,210.75;289,248.25;109.25,22.75;175.25,114;196.25,262.75;246.5,278.25
12800;43.25,285.25;113.75,5.75;273,179;289,248.75;101.75,11;175.25,114;196.25,262.75;250.75,266
11160;42.5,266.75;118.25,5;242.75,158.5;310.75,235.25;64.75,10.5;178,156.75;196.25,262.75;250.75,266
143;62.5,281.5;118.25,5;285.5,165.75;325.75,223.75;64.75,10.5;174.75,139;231.25,254.75;249.75,251
36512;58.5,228;118.25,5;288.5,168;363.75,230.25;64.75,10.5;174.75,139;228,246.25;285.5,228.75
15703;42.25,241;118.25,5;315.25,138.75;363.75,230.25;61.5,12.75;172.75,166;266.75,241.25;322,217.25
19549;31,239.25;115.25,16.75;334.5,121;363.75,230.25;84.25,25.25;186.75,129.5;267,242.25;322,217.25
42229;31,239.25;115.25,16.75;321.5,137.25;363.75,230.25;125.25,10;167.5,104;256,216.5;325.25,178.75
43799;31,239.25;119.75,19;321.5,137.25;363.75,230.25;122.25,16.5;152.25,87.25;259,252;359,164.25
37304;58.25,249.75;119.75,19;291.5,138.5;363.75,230.25;124.5,13.5;146,49.25;233.75,254.75;359,164.25
43559;58.25,249.75;103,18.75;291.5,138.5;346.25,242.75;125,60.75;142.75,45.25;236.25,284.25;354.5,199.25
49839;58.25,249.75;103,18.75;289,128.75;318.25,257;108.75,47.5;113.5,41;236.5,249;340.5,180
11278;58.25,249.75;103,18.75;306.25,158.25;318.25,257;62.75,62;146.75,7.75;204.75,276;328.25,179
41262;52.5,240.25;103,18.75;269.75,165;318.25,257;44.25,68;146.75,7.75;205.25,277.25;351.75,186.25
17013;32.5,240.75;103,18.75;265.75,167.25;347.5,217.75;13.5,58.5;146.75,7.75;174.5,239;352,154
50106;0.25,270.25;109.75,17.75;265.75,167.25;343.25,240.25;14,59;146.75,7.75;154.25,202.25;352,154
20366;0.25,271.5;91,58.25;265.75,167.25;343.25,240.25;9,103;146.75,7.75;161,201.75;305.5,149.75
16971;14.5,284;68.75,75;271.25,131.25;343.25,240.25;9,103;146.25,45.25;159.75,204;329.75,147.75
35154;14.5,284;68.75,76.5;284.5,105.25;309.5,233.75;9,69.5;146.25,45.25;166.25,224.75;318,188.75
14864;56.25,294.5;83.5,85;266.5,104.25;332.25,248.25;9,69.5;138.5,34.5;166.25,224.75;307.25,149.75
1803;56.5,295.5;58,97;292,125.25;333,248;9,69.5;138.5,34.5;144,239;328.75,163.25
48905;72.5,304;88.5,92.75;292,125.25;333,248;9,69.5;135.75,39;136.75,265.5;292.5,169.5
48975;70.25,305;88.5,92.75;333,141.25;333.5,248;9,69.5;127.75,78.75;163.75,239.5;248.25,174.25
48863;49.5,295.5;65.5,70;333,141.25;333.5,248;29,31.75;95.25,108.25;112.5,229;248.25,174.25
23523;49.25,295.75;65.5,70;296.5,161;308.75,293.5;48.75,2;95.25,108.25;110.5,230.5;276.5,130.25
18225;49.25,295.75;65.5,70;293.5,209.5;308.75,293.5;10.25,2.75;113.25,87;144.5,221.5;248.75,132.25
14535;49.25,295.75;94.75,92.5;277.75,217.75;284.5,319.25;10.25,2.75;124.25,119.5;165.5,199.75;248.75,132.25
21257;49.25,295.75;94.75,92.5;275.5,216;294.25,319.75;10.25,2.75;79.75,120;148,242;276,93.75
24447;15.25,264.5;71.75,127.25;263,177;294.25,319.75;3.5,0.75;79.75,120;142.75,269.5;278.25,59.25
17488;8.75,304.5;75,88;263,177;332.75,298.75;3.5,0.75;79.75,120;171.75,289.25;261.25,47.5
6580;8.75,304.5;108,108.5;274,144.5;335,258;3.5,0.75;69,153;171.75,289.25;290.5,28.75
47501;9,300.5;108,108.5;296.25,177.5;335,258;3.5,0.75;59.5,175.75;145.75,298.5;265.25,10
44878;47.75,270.75;108,108.5;291.5,151;327,230;16.25,40.5;59.5,175.75;132,315.25;275.25,23.75
10686;47.75,270.75;79,139.5;295.25,105;350.5,241.5;14.75,58.5;66.25,216.5;132,315.25;274.25,24
28498;80.75,298.25;88.5,174.75;287.25,57.5;350.5,241.5;1.75,52.25;66.25,216.5;131.75,310.5;276.75,22.5
39192;87,269.5;121.5,140.5;250,78;329,198.25;9.25,10;66.25,216.5;147.75,271.75;276.75,22.5
14372;86.75,270.5;147,129.5;240.75,61.25;329,198.25;8.75,10.25;57.5,242.5;138.75,272.5;276.75,22.5
27945;44,286;147.25,146.25;218.75,37.5;329,198.25;3.25,14.25;57.5,242.5;137.75,282.75;276.5,21
41147;44,286;160,117.25;199.25,5.75;366.5,198;3.25,14.25;74.25,264.75;119.75,287.75;276.5,21
9494;44,286;158.5,108.5;182.5,47.25;366,190.25;24.25,52.75;74.25,264.75;119,288;321.5,41.5
36890;44,286;158.5,108.5;196,72.75;349.5,213.25;49.5,96;83.5,221.5;119,288;320.25,41
26250;75.25,297.75;137.75,90;171,49.25;349.5,213.25;50,86.5;78.5,183;119,288;346,32
8375;90.5,249.25;91,114.75;170.5,49;349.5,213.25;73.25,131;98.75,191;119,288;346,32
7380;54.5,231;91,114.75;175,60.25;350,209.5;72,131.25;83.75,211;115.75,309;346,32
12858;46.25,276.5;112.25,107;179,104.75;350,209.5;72,131.25;83.75,211;158.5,318;298.5,24.5
32967;40.5,242.5;112.25,107;187.25,83;349.25,210.25;61.5,112;83.75,211;159,315.25;253.25,12.75
15198;40.5,242.5;137.5,97.25;189.25,113.75;349.25,210.25;28,120.25;61.75,176.25;159,315.25;241.25,23.25
3952;9.25,242;138.75,125.5;160.5,132.5;369,195.25;47,100.5;61.75,176.25;161.25,313.25;241.25,23.25
8784;9.25,242;91.5,155.25;165.25,131.5;369,195.25;24.75,119.25;29.5,215;143.25,301.75;247.75,75.5
26653;15.75,292.5;92.5,157.5;191.25,152.75;344.5,239.25;23.5,120.5;29.5,215;143.25,301.75;226.25,106
19994;15.75,291.5;99.5,189;227,170.75;341.75,229.75;23.5,120.5;29.5,215;128.25,275.5;226.25,106
26092;15.75,291.5;83.25,193;262.75,134.75;341.75,229.75;23.5,120.5;29.5,215;128.75,224.75;236.5,86.25
49394;15.75,291.5;90,238;289.5,115.5;341.75,229.75;23.5,120.5;29.5,215;112.25,223;208.75,92.25
46751;15.75,291.5;60.5,245.5;293.5,115;341.75,229.75;23.5,120.5;28,215;112.25,223;195.75,95.5
42654;15.75,291.5;60.5,219;318,150.25;328,270.75;23.5,120.5;35.25,254.25;131.75,228.75;195.75,95.5
50467;29.5,315;49,229.5;318,152.25;328,270.75;23.5,120.5;58,246.75;104.5,236.25;195.75,95.5
42158;29.5,315;63.5,218.25;326.25,172.25;328.5,270.5;23.5,120.5;45.25,284.25;122.25,207.25;195.75,95.5
17216;18.5,279.25;63.5,218.25;324.25,150.5;328.5,270.5;40.5,134.25;52.5,289.75;74.25,211.5;195.75,95.5
42949;37.5,318;92.75,239.5;297.25,119.5;328.5,270.5;40.5,134.25;55.5,251;74.25,211.5;194.25,86.25
30491;37.5,318;117.75,264;291.5,126.5;330.75,320.5;7,155.75;27.25,280;74.25,211.5;191.75,100.25
35214;37.5,318;119,318;291.5,126.5;330.75,320.5;28.75,201.75;37.75,308.25;39,179;166,104.25
10814;38,317.5;179.5,318;309.75,98.25;334.25,321;28.75,201.75;37.75,308.25;83,167.5;134,78
6159;37.75,317;168,279;276.75,104.25;334.25,321.5;28.5,175.25;37.75,308.25;83,167.5;142.5,79.25
30057;2.75,293.25;169.25,276.25;247.75,82.75;347.25,308.25;13.5,148.25;37.75,308.25;74.75,177.5;142.5,79.25
36467;53.5,293.5;169.25,276.25;268.25,58;344.5,320;13.5,148.25;37,311.75;73.25,138.25;142.5,79.25
6624;84.75,281;169.25,276.25;235.5,40;300.75,302.5;10.5,144;37,311.75;70.25,152.75;142.5,79.25
41900;84.75,281;169.25,276.25;250.5,11.25;300.75,302.5;25.5,105.5;37,311.75;65,175;160.5,96
41725;55.5,294.5;135,266.75;250.25,10.75;254.25,322.75;25.5,105.5;27.25,265.25;65,175;160.5,96
35439;55.5,294.5;126,285;223.75,54.75;252.25,322.75;25.5,105.5;27.25,266;70.75,126.25;168,147.5
36962;90.25,284.25;153.75,259.75;214,93;229.25,301.5;8,127.25;27.25,266;70.75,126.25;168,147.5
36348;90.5,284.75;155.25,256.75;207.5,93;228.5,302.25;8,127.25;35.5,276;70.75,126.25;175.75,161.75
43903;89.75,284;176.75,268.5;221.25,78.75;255,292.25;8,127.25;35.5,276;87.25,104.25;175.75,161.75
50535;89.75,284;176,298.25;221.25,78.75;230.25,302.75;18,119.75;35.5,276;87.25,104.25;189,166
37722;61.25,273.75;187.75,311.75;193.25,55.25;262.5,270.25;18,119.75;35.5,276;87.25,104.25;194,177.75
39546;60.5,273.25;187.75,311.75;203.25,98.75;282,317.25;7.75,170.75;35.5,276;112.25,144.25;177,146.25
2326;33.25,238.75;196.75,316.75;200.75,84.25;290.5,319.25;7.75,170.75;38.5,292.5;112.25,144.25;162.75,186
36375;3.5,257.25;199.25,315.75;200.75,84.25;290.5,319.25;40.5,176;76.25,269.25;112.5,144.75;166.25,164.25
15337;3.5,257.25;199.25,315.75;238,113;274.75,278.25;13.75,203.75;76.25,269.25;112.5,144.75;186,213.75
38071;0.5,223.25;199.25,315.75;238,113;292.25,317.5;13.75,204;76.25,269.25;100.25,153.75;177,239.5
47917;0.5,223.25;177,268.5;249,94.75;291.5,301.75;37.25,229.5;76.25,269.25;100.75,154;177,239.5
40487;1.75,231.25;194.25,261.25;242,101;299.25,319.25;28,197.5;76.25,269.25;100.75,154;185.75,220.75
3892;1.75,231.25;230.5,246.25;255,133.75;302,321;4.5,244;77.75,214.75;109.75,161.75;185.75,220.75
44289;1,231;193.25,238.75;293.5,155.5;311.25,294.25;2.75,295.5;77.75,214.75;91,109.5;185.75,220.75
17676;2,230;214.75,240.25;291.75,112.25;324,281.25;30,306.75;60.25,221;91,109.5;185.75,220.75
43362;1,231;214.75,240.25;280.5,73.25;324,281.25;13.25,306.25;51,263.25;91,109.5;164.5,241
14992;39,242.5;230.75,204;280.5,73.25;325,281.75;13,304;69.5,254.75;91,109.5;142.25,272.75
43935;39,242.5;217.25,232.75;297.25,74.25;325,281.75;13,304;69.5,254.75;104.75,119.75;145.75,298.25
36894;32.75,241;257,220;294,80.25;318.75,299.5;13,304;76,267.5;92.5,151.75;145.75,298.25
13034;28,241;269.5,256.75;275,60.5;300,289.5;13,304;68.5,269.25;92.5,151.75;145.75,298.25
45144;24.75,202.75;268.75,286.75;297.25,34;300,289.5;13,304;49.25,270;116.5,198.75;145.75,298.25
7528;46,181.25;268.75,286.75;284.5,52.75;328.75,293.25;13,304;91.5,282.5;92.5,222.25;145.75,298.25
14677;71.5,219;287.75,261;302.25,33.5;328.75,293.25;5.5,306.5;91.5,282.5;91.75,222.5;167.75,260.25
18375;89.25,238;278.75,283;317.5,41;354.5,267;5.5,306.5;91.5,282.5;91.75,222.5;125.5,252.5
34578;74.5,184;278.75,283;317.5,41;354.5,267;38.75,275.25;62.75,310.75;85,196.25;167.75,221.5
41816;101,220.75;242.5,312.75;317.5,41;342.75,301;9.5,243.5;58,271;83.25,195.5;167.75,221.5
25786;119.75,204.25;220.75,294.25;298.5,53.5;345.25,311.5;9.25,273;58,271;82.5,194.5;167.75,221.5
1414;84.75,231.75;214.25,278;267.25,61;345.25,311.5;9.25,273;50.25,221.75;131,195.75;207,205.25
33047;49,253;214.25,279.25;286.75,53.5;345.25,311.5;7,239.75;61.25,216;131,195.75;197.75,178
49944;77.25,281;213.75,279.25;286.75,53.5;319.75,293.75;15.75,203.25;76.25,185.5;145,155.5;197.75,178
44069;77.25,281;214.5,247.75;298.75,85.5;319.75,293.75;15.75,203.25;96.25,195;142.75,119.25;185.25,182.25
6962;99.25,318;214.5,247.75;276.5,102.75;318.25,294;7.5,232.25;96.25,195;147,79.5;187.25,178
38189;68,286;201.75,232.5;276.5,102.75;301.25,300.75;7.5,232.25;97.5,170.25;188.75,95.75;190.75,182
42586;68.75,242.5;206.75,197;289.25,71.25;301.25,300.75;28.25,201.75;100.25,153.75;190.25,93;190.75,182
43544;68.75,242.5;203.75,196.75;264.25,88;335.25,301;61,203.5;82.75,131.5;147.75,76.25;190.75,182
14298;71,280.25;201.75,196.75;271.5,101.25;335.25,301;61,203.5;100.5,137.25;171.5,50.25;188.25,177.25
47173;86,286.5;193.25,168.25;289.25,73.5;335.25,301;61,203.5;100.75,138;171.5,50.25;212.75,146
48791;91.5,303.5;172,145.75;289.25,73.5;300,288;61,203.5;100.75,138;171.5,50.25;250.25,146.75
42920;91.5,303.5;198.25,167.75;282.75,57.25;284.5,320;80.5,235.5;100.75,138;171.5,50.25;268,108.25
34267;94.25,322.5;198.75,140;285.75,52;291.5,303.5;47.75,252.25;100.75,138;171.5,50.25;268,108.25
43792;52.25,309.25;198.75,140;268.5,34.5;289.75,311;47.75,252.25;128.75,163.75;144,53.5;268,108.75
39697;47.5,295;198.75,140;268.5,34.5;306.5,313.75;21.75,271;119,157.25;147.25,76.75;286.25,105.5
29609;25.5,267;198.75,141.5;268.75,71;325.75,275.75;38,293.5;119,157.25;147.25,76.75;254,93
35430;26,267.25;196.75,113.25;286.5,71.75;326.25,274.75;45.75,309.25;119,157.25;119.5,71.75;254,93
20398;25,268.25;175.25,143.5;297.75,75.25;347.5,241.25;45.75,309.25;132.25,129.25;149.75,88;254,93
44494;24.5,267.75;143,128;280.75,73.5;326.5,252;39.25,292.5;132.25,129.25;156,51;254,93
50060;25,268.25;168.75,103.75;280.75,73.5;355.5,239.25;62.5,308;132.25,129.25;179,44;254.75,93.25
30089;25,268.25;140,77.5;280.75,73.5;355.25,235.75;22.75,306.25;132.25,129.25;183.25,40.25;252,69.25
48113;35.25,301.75;105.25,56.5;270.25,97.5;355.25,235.75;22.75,306.25;132.25,129.25;167.25,37.5;252,69.25
14522;35.25,301.75;105.25,56.5;278,71.75;355.25,235.75;13.5,283;103.75,121.75;152.5,5.25;231,68.75
50538;16.5,307.5;104.5,57;278,71.75;355.25,235.75;29.5,245.25;65.5,151.5;129.25,44;265,89
47422;16.5,307.5;94.5,90.25;320.5,64.75;355.25,235.75;10.75,272.5;65.5,151.5;127.5,93.75;297,57.75
44839;37.25,284.75;94.5,90.25;350.25,36.75;355.25,235.75;10.75,272.5;91.75,156.75;111.25,128;298.25,52.5
38538;35.75,242;94.5,90.25;350.75,36.75;355.25,235.75;10.75,272.5;106.25,143.75;110,161.5;318.75,63.75
21527;32.75,260.25;94.5,90.25;350.75,36.75;355.25,235.75;19.75,251.25;85,191;89,190.5;309.25,41.5
49624;40,240.25;86.75,70;312,63.5;355.25,235.75;19.75,251.25;85,191;89,190.5;351.75,20.25
24158;81.5,230;86.75,70;312,63.5;355.25,235.75;54.25,249;114.25,185.25;125.5,161.25;329.75,2.75
40274;73.75,230.25;87,70.75;328,57.5;352,272.75;54.25,249;125.5,225;135.5,189.75;329.75,2.75
45574;73.75,230.25;87,70.75;287.5,56.5;352,272.75;2.5,244;99.5,267.75;168,225;329.75,2.75
14699;73.75,230.25;87,70.75;293.25,55.25;352,272.75;2.5,244;92.5,284.25;174.25,265.75;315.75,13.25
25076;55.5,243.25;107,48.25;274.25,61;346.5,271.25;2.5,244;92.5,284.25;168.5,300.75;282.5,17.25
42003;39,239;146.75,27.75;269.75,18;346.5,271.25;2.5,244;121.5,276.25;168.5,300.75;283.25,17.75
6477;39,239;132.75,19.25;292.75,26.5;331.25,267.25;54,233.5;78.5,273.5;168.5,300.75;283.5,17
36624;52.5,243;130.5,33.25;292.75,26.5;299.25,231.5;31.75,206.75;77,273;168.5,300.75;277,21
16721;52.5,243;111,51.75;284.75,52.25;299.25,231.5;69.5,180.25;77,273;129.5,307.75;269,24.25
11393;67,272.75;68.5,75.75;261.75,27.5;299.25,231.5;69.5,180.25;77,273;173.25,294.25;250.5,5.75
19543;34.75,238.5;66,75.5;263,26;299.25,231.5;36.25,193;79.75,315.5;218.75,296;250.5,5.75
44985;54.75,279;59.5,116;263,26;266.5,227.25;18.75,215.25;52.25,322;218.75,296;250.5,5.75
24739;68.5,317.25;82.5,78.5;263,26;266.5,227.25;4,188.25;6,311.25;218.75,296;258,9.75
35191;60.25,294.75;95.5,83.75;225.25,54.75;306.5,240;4.5,188.25;6,311.25;219.5,304;258,9.75
39230;82.25,272.5;109.25,120.75;260.25,58.75;306.5,240;4.5,188.25;31.5,310;219.5,304;257.5,17.5
40384;81.75,272.25;109.25,120.75;260.25,58.75;306.5,240;24,156.25;39.5,265.75;236,283.25;296,4.25
5651;62.25,265.5;133,150.75;284.5,73.75;306.75,240.5;4.25,134.75;39.5,265.75;229,264.75;296,4.25
12128;74.75,281.75;137.5,160.75;284.5,73.75;287.25,278;4.25,134.75;69.75,297.5;228.25,267.75;298.25,4.25
34494;39.25,302;129.75,191.5;282,53.5;325.75,271;4.25,134.75;80.25,284.75;228.25,267.75;298.25,4.25
21422;38,284.25;140.25,194.75;282,53.5;337,247.25;16.75,138.75;80.25,284.75;228.25,267.75;311.75,26.25
36182;38.5,281;174.25,182.75;273.75,23.5;307.25,255.75;16.75,138.75;80.25,284.75;240.75,240.25;291.5,42
18514;75.75,300;174.25,182.75;273.75,23.5;307.25,255.75;16.5,131.25;93,267.75;284,221;290.25,34.75
42253;106,284.25;174.25,182.75;272,1;285.25,230.25;15,131;93,267.75;288.75,186.25;290.25,34.75
45977;130,290;174.25,182.75;242,40;292,212;60.25,150.5;79.75,232;288.75,186.25;292.25,83.5
33817;161,281;211,195.5;241.75,39.5;292,212;60.25,150.5;78.75,234;307.25,148.75;338,65.75
15397;161,281;239,216;241.75,39.5;265.75,169.75;14.5,142;42,254;304,149.5;338,65.75
660;152.5,259;239,216;241.75,39.5;265.75,169.75;13.25,143;23.25,284.25;287,143.75;321,22.75
45245;111.75,237.5;241.5,217.5;241.75,39.5;263,183;13.25,143;44.25,275;311.5,197.5;321,22.75
49054;111.75,237.5;220.25,218.5;241.75,39.5;304.75,135.75;13.25,143;44.25,275;266.5,224.25;273,49.75
26949;110.75,282.25;220.25,218.5;238,42.5;292,111.25;13.25,143;24.25,302.25;236.5,238.75;273,49.75
21881;151.75,296;221.75,245.25;237.5,43;309,111.5;13.25,143;56.25,310;236.5,238.75;289.25,51.75
11306;144,318.5;250.5,219.75;279.25,19.5;289.25,112.25;14,143;49.5,294.5;236.5,238.75;289.25,51.75
49990;143.75,317.5;250.5,219.75;290,7.5;305.75,71.25;14,143;43,255.75;236.5,238.75;301.5,36.5
11342;112,314;284.25,203.75;286,10.25;317.25,114.5;13.25,143;43,255.75;236.5,238.75;332.5,64.5
43263;138,318.25;275,181;286,10.25;309.5,112.5;14,143;43,255.75;258.25,264.5;326.75,57.25
37139;138,318.25;289.25,152.5;329.75,7;362,84.75;14,143;68,265.75;268.25,317.75;365.5,82
15833;138.25,319.25;279,129.25;311.75,3.75;362,84.75;9,103;63.5,208.25;230.75,283.25;365.5,82
22181;132.75,292.5;281.25,74.25;310,4.5;355.25,85.75;45.25,77.25;80.5,254.75;230.75,283.25;365.5,82
17774;153.5,266.25;287.5,101.75;298.75,45.75;355.25,85.75;45.5,77.5;88,283.5;180.25,287;365.5,82
41337;153.25,266;287.5,101.75;324.25,31;355.25,85.75;37,38;71.5,242;180.25,287;327.75,57.75
49783;153.25,266;292,55.75;295.5,55.5;357,128.75;37,38;59,192.25;180.25,287;367.25,82.5
8219;153.25,266;265.25,32;277.75,17.5;325.25,150.5;14.5,11;27.5,189;177.25,281.75;367.25,82.5
45856;157.5,255.25;235.75,36;270,24.75;320,135.25;14.5,11;27.5,189;177.25,281.75;348.25,110
49306;121.5,269.75;209.75,10;270,24.75;355,129.25;14.5,11;17.75,144.75;186,239.75;348.25,110
19103;147.75,304.5;245.25,19.25;310.75,53.5;339.5,179.25;14.5,11;17.75,144.75;182.25,232;348.25,110
7198;141,302.75;262.25,27;286.25,54.75;364,194.75;14.75,11.5;17.75,144.75;181.5,274.75;348.25,110
50310;141,302.75;215.75,15.75;326.75,28.5;360.5,242.75;14.75,11.5;22.5,154.5;198,320.25;348.25,110
8614;177,266.5;253.25,36.5;279.5,18;319.25,212.75;13.5,12.5;22.5,154.5;198,320.25;303.5,91.25
32740;157,225.25;261.25,77.5;265.75,66;368.5,190.5;13.5,12.5;22.5,154.5;198,320.25;293,62.25
10445;142.75,260.25;225.25,75.75;232,51.5;368.5,190.5;13.5,12.5;14,127.25;198,320.25;289.5,83.75
1273;142.75,260.25;184.75,41.25;226.25,43.75;339.75,209.75;14.25,52.75;21.25,172;198,320.25;286.5,83.75
10118;142.75,260.25;174,35.75;226.25,43.75;293.5,237;14.75,52.5;38.25,157;224,272.5;323.75,60.25
5388;142.75,260.25;166.25,50.25;226,44.25;293,211.5;14.75,52.5;35,183.75;224,230.75;323.75,60.25
7207;142.75,260.25;163,52.75;226,44.25;272.75,165.75;14.75,52.5;14.75,171.25;247.75,234;323.75,60.25
1077;146,228;163,52.75;216.75,71.5;294.5,134;9,69.5;14.75,171.25;247,235.25;328.25,53.75
27861;160.25,216.25;163.5,97.25;216.75,71.5;263.25,109;9,69.5;26.25,198;247,235.25;335,51.5
7912;140,224;191,116.25;216.75,71.5;259.25,73.25;10.75,53;26.25,198;248.5,198.75;322.25,91.25
39282;169.5,240.75;191,116.25;223.25,62.75;260.75,81.5;10.75,53;26,198.5;255.75,231.25;297,57.75
1039;181.25,201.5;218.5,106.75;223.25,62.75;268.25,104.5;10.5,53.5;26,198.5;255.75,231.25;329.75,50.5
22861;206.5,236;218.5,106.75;224,45.25;271.5,99;4,34;26,198.5;255.75,231.25;310.5,81.75
44550;206.5,236;218.5,106.75;245,17.75;277.5,130.5;4,34;49,192.25;256.25,231.75;342.5,47.5
47997;205.75,235.75;215,106.75;245,17.75;277.5,130.5;11.5,18.5;90.5,222.25;294.25,216.5;342.5,47.5
1266;205.75,235.75;212,136.75;245,17.75;319.5,151.25;17.25,29.5;112.25,240;253,203.75;342.5,47.5
47513;183.25,271.75;212,136.75;245,18.5;327.75,161;12.25,60;106,283;253.5,204.5;342.5,47.5
50235;198,287.75;212,136.75;216.75,52.5;329.75,162.25;12.25,60.5;106,283;250.75,241;338.5,64.75
44869;198,287.75;199,178.25;216.75,52.5;344.25,163.5;12.25,60.5;64,269;263.75,249.25;338.5,64.75
16200;198,287.75;251.75,154;263.75,30.5;358.5,127.25;3.25,56.75;66.75,307.5;264,249.75;338.5,64.75
23873;215.25,279.75;226.25,171.25;263.75,30.5;363.25,151.75;3.25,56.75;37.25,307.75;273.5,265.5;290.25,34.5
46133;202.5,246;215.5,218;278,74.25;363.25,151.75;14.5,46.75;46.75,263.25;273.5,265.5;290.25,34.5
28511;211.75,226.25;247,220;288.5,72.5;365,151.25;13.75,48;73,264.75;273.5,265.5;290.25,34.5
20728;211.75,226.25;253,218.75;288.5,72.5;365,151.25;47,76.75;74.25,254.5;263.75,292.5;310,38.5
33034;207.75,261;247.5,208.25;288.5,72.5;365.5,151.5;6.75,46;92.75,242.5;295.5,267.25;310,38.5
12578;171.75,280.25;273.75,164;275.25,18.5;365.5,151.5;6.75,46;127.75,266.25;295.5,267.25;346.5,62.5
10668;139,298.5;251.5,203.5;272.75,71.25;365.5,151.5;42.5,75.25;116,308;257.5,308.75;346.5,62.5
16724;168.75,271.75;250.5,203.25;278.75,47.5;364.5,170;73.5,46.25;116,308;235.75,308.75;346.5,62.5
48043;169.25,273.75;250.75,202;269.75,67.25;322,196.5;38.75,51.5;131,307.75;235.75,308.75;346.5,62.5
4861;169.25,273.75;215.25,230.5;227,55;321.75,196;77.25,21.5;131,307.75;235.75,308.75;318,99.5
38438;141,285.75;215.25,231.25;216.75,67;361,197.25;123.5,23.5;145.5,302.75;235.75,308.75;318,99.5
31341;96,294.75;215.25,231.25;216.75,67;361,197.25;151.5,48;153,257;231,304.75;316,98
46738;95.5,295.25;202.5,265.75;216.25,67.5;316.25,232.75;151.5,48;173.25,238;222,295.75;316,98
40048;112.5,316;202.5,265.75;222,82.5;287.25,262.75;148.25,46;173.25,238;253.25,308.25;338.75,80.25
34663;112.5,316;213.5,261;229.5,32.5;288,262.75;148.25,45.5;185,268.25;253.25,308.25;362.5,77.5
1080;114.25,312.5;231,285;249.5,10.25;293,207.5;120.25,62;185,268.25;253.25,310.5;362.5,77.5
23982;68.25,304;223.5,233;250.25,10.75;293,207.5;95.75,89.25;156,246;253.25,310.5;362.5,77.5
34084;22,303.75;190.25,228.5;230.5,21.75;307.5,236.75;95.75,89.25;156.5,248;253.25,310.5;362.5,77.5
1692;22,303.75;155.5,211.75;230.25,22;336.5,248.5;93.5,135.75;124,265.75;219,293.25;362.5,77.5
45352;22,303.75;139.75,195.5;229.5,22.75;302,235.75;93.5,135.75;103.5,283.75;246,287.75;337.5,79
29731;33,285.5;140.25,195.5;229.5,22.75;302,235.75;94.75,152.25;103.5,283.75;232,283.25;313.75,37.75
3871;31.5,239.5;139,159.75;229.5,22.75;301,236.25;78.75,166.5;103.5,283.75;232,283.25;353.25,13.5
48460;47.75,206.25;139,159.75;253,39.5;301,236.25;78.75,166.5;114.25,274.5;252.25,255.5;353.25,13.5
13984;48.25,205.5;106.75,125.5;292.75,54.5;301,236.25;74.5,194.5;110.25,293.5;209.25,276;353.25,13.5
45745;0.5,193.75;102,165;269,106;301,236.25;74.5,194.5;110.25,293.5;209.25,276;364,43.5
22957;3.25,170.75;97.5,158.75;269,106;300,235.5;93.25,220.25;104,284.25;209.25,276;362.5,36.75
5965;15,140.75;106.75,121.75;269,106;275,230.25;93.25,220.25;110.75,283.25;224,254.25;340.25,51.25
47414;50.75,150.75;134,128;261,133.75;309,253.5;93.25,220.25;110.75,283.25;224,254.25;314.25,41
49352;59.25,171.25;134,128;277.75,131.5;342.75,231;57,204.5;110.75,283.25;192.25,277;314.25,41
3914;55,175.75;166.75,105.75;287,169.25;342.75,231;56,208;110.75,283.25;216.75,247;314.25,41.5
2918;55,175.75;154.5,112.75;274.25,151.75;355,213.5;16.5,207.25;110.75,283.25;237.25,233.5;313.25,41
1837;90.25,195.5;137.25,125.75;272.5,148.5;341.75,179.25;4.25,229;145.5,302.5;237.25,233.5;313.25,41
47408;109.25,159.25;136.75,96.25;272.5,148.5;341.75,179.25;21.75,210.25;117,291;237.75,257.25;314.25,41.5
48482;69.5,139.25;136.75,96.25;272.5,148.5;320.25,160;21.75,210.25;117,288;255.5,220.75;352.75,54
36243;50,153.75;155.5,61.25;262.75,155;321.75,162.25;21.75,210.25;152.75,303.75;224.25,216.75;352.75,54
45131;18,177.5;166,52.75;249,193.5;318,149.75;23.75,212.25;152.75,303.75;225.25,216.5;352.75,54
44437;18,177.5;203.25,53.75;274.25,164.75;357.25,154.75;23.75,212.25;151.75,270.75;225.25,216.5;352.75,54
47681;20.5,170;180.25,42.25;274.25,164.75;314.75,138.75;23.75,212.25;111.5,264.25;225.25,216.5;354.5,56.75
31435;20.5,170;180.25,42.25;250.75,180.5;273.75,142.25;23.75,212.25;103.5,236.25;225.25,216.5;318,33
45299;20.5,170;181.75,76.75;244,173.75;271,104;23.75,212.25;103.5,236.25;204,200.75;317.5,33
1642;20.5,170;198.5,49.75;243.25,173.75;270.5,110.25;23.75,212.25;103.5,236.25;194,177.5;276.5,25
26089;20.5,170;189.75,78.25;243.25,173.75;270.5,110.25;23.75,212.25;68,247.5;188.75,160.5;274.25,60.5
31609;20.5,170;211.75,77.25;239,215.75;270.5,110.25;46.25,247;80.25,268.75;168.25,199.75;241,76.5
13795;20.5,170;207,78;265.25,241;270.5,110.25;47.5,248.5;78.25,270.25;133.25,179.75;240.5,77.75
17686;20.5,170;194.25,83.5;290.25,264.5;294.75,115;34,205.75;78.25,270.25;133.25,179.75;247.75,40.25
3330;0.25,194;194.25,83.5;290.25,264.5;309.5,140.25;23.75,206.25;74,306.5;133.25,179.25;247.75,38.75
7872;0.25,194;186.25,125.25;259.5,255.75;309.5,140.25;5,170.75;77.5,286.75;133.25,179.25;247.75,38.75
23470;0.25,194;191.75,155.75;245.75,258.5;290.5,112;5,170.75;93.25,254.25;132.75,178.75;247.75,9
31345;0.25,194;143.75,158.75;241.25,280.25;282.5,85;33.5,205.75;93.25,254.25;150,203.25;249.5,58
9310;0.25,192.75;119.5,145.5;251.5,305;282.5,85;60.75,214.75;104.5,283;150,203.25;247.25,42.25
47295;25,205.75;85,173;250.5,304.25;282.5,85;35.75,251;64,288.75;116.25,194.75;247.25,42.25
49812;25,205.75;66,202.75;250.5,304.25;282.5,85;15.25,219;37.5,305.25;116.25,194.75;249.5,10.5
6388;17.25,222;61.25,200.25;219.25,291.25;289,129.75;15.25,219;28,311.5;109.5,224.75;249.5,10.5
20859;51,252.75;97.25,203.25;224.5,266;289,129.75;14.25,212.25;48.75,274.5;110.5,229.75;249.5,10.5
30013;51,252.75;83.75,206.25;224.5,266;307,96.75;49,195.75;49.5,247;110.5,229.75;242.75,9.5
39144;80.5,261;81.5,166.25;235.5,284.75;278.75,106.75;39.75,178.25;49.5,247;110.5,230.5;242.75,9.5
22636;74.75,280.25;93.75,132.75;221.5,294.25;278.75,106.75;38.5,178.5;55.5,252.75;142.25,197.25;242.75,9.5
6392;90,282.25;110,105.5;220.25,251.5;278.75,106.75;38.5,178.5;55.5,252.75;188,197.5;239.5,11.5
28912;90,282.25;110,105.5;220.25,251.5;292.75,112.5;60.25,222;91.5,220.75;154.5,198.5;238.75,16.5
48376;90,282.25;130.5,92;196.75,294.25;318.5,114.25;54.5,252.25;91.5,220.75;136.75,150;238.75,16.5
40;77.5,286;130.5,92;193.75,278.75;337.75,149.25;35.75,231.75;66.5,258.75;138.25,151.75;238.75,16.5
44937;46.75,311;118.75,79.5;193.75,278.75;339,179.25;35.75,231.75;66.5,258.75;138.25,151.75;227,46.25
32454;46.75,311;118.5,80;220.25,253;304.75,191.75;20,191.25;38,292.5;138.25,151.75;245.75,10.25
27324;0.75,299.25;118.5,80;227.5,252.5;314,152.25;20,191.25;70.75,264.5;126.75,158;245.75,10.25
1164;1.5,275;102.25,59.25;250.75,259.25;314,152.25;16.75,191;70.75,264.5;114.75,199.25;253.75,26.75
18887;38.75,285.25;102.25,59.25;250.75,259.25;353.5,166.5;16.75,191;67.25,276.5;88.75,189;253.5,25.75
42049;28.75,311.5;115.25,58;281.25,236;350,165.75;28,173.75;67.25,276.5;88.75,189;257.75,5.75
38576;28.75,311.5;132.5,46.5;280.75,236;350,165.75;48.25,142;62.5,270.5;69,209;257.75,5.75
10144;28.75,312;133.75,46;282.25,183.25;326.5,157.75;1.5,173.25;62.5,270.5;109.25,201;257.75,5.75
3437;34.75,302.75;145,33.25;284.25,183.25;301.25,134.25;1.5,173.25;60.25,272.75;92.5,190;257.75,5.75
16868;9.25,302;135,78.75;243.75,161.25;301.25,132.75;1.5,173.25;28.5,242.5;96.5,225.25;257.75,5.75
8577;9,303;152,48.25;272.75,164.5;325.25,152;1.5,173.25;64.25,247.5;113.5,237.25;257.75,5.75
34799;9,300.5;117.75,34.25;280.25,169;306.5,141.25;1.5,173.25;67.5,207.75;98.5,221.25;257.75,5.75
29108;9,300.5;103.25,61.5;252.5,180.5;282.25,166;1.5,173.25;79,190;97.25,222.5;228.25,21
44728;41.25,312.5;105,106;232.75,208;282.25,166;1.5,173.25;77.75,234.25;82.5,194.5;228.25,21
28724;41.25,313;78.25,136;270,179.75;280,190.5;1.5,173.25;82.5,194.5;88.75,225;228.75,55.5
47665;41.25,313;78.25,136;267.25,138.25;289.5,164.5;1.5,173.25;81.5,166.25;88.75,225;202.25,39.75
38864;40.5,312;60.25,117;289.5,164.5;293.75,120.5;1.5,173.25;77.25,138.25;90,246.5;172,52.5
13552;40.75,311;93.25,139.25;265.75,138.25;305,68;1.5,173.25;54.25,169.25;90,246.5;188,106
43317;68.75,304;99.75,162.25;260.25,147.5;273.25,41;1.5,173.25;69.75,128.25;89,245.25;188,106
31717;69.75,322;103,139;256.75,150;273.25,41;1.5,173.25;61.25,108.5;90,245;185.75,131
15910;70.5,321.75;146,128.75;268.5,180.5;273.25,41;44.25,157.25;78,84.5;90,245;207.75,155.5
9118;70.5,321.75;153,126.5;247.5,218.25;278.5,19;23.5,158.5;63,52.5;90,245;207.75,155.5
49254;93,282.25;169.5,106.75;247.5,218.25;278.5,19;23.5,158.5;76.25,40.25;89,245.25;166.5,163.25
43067;87.75,299.25;177.5,105.25;272.75,187.75;278.5,19;15,203.25;76.25,40.25;90,245;166.5,163.25
43114;86,316.5;176.25,131.5;269.75,148.25;278.5,19;15,203.25;36.25,58.75;89,245.25;207.25,147.75
15530;85.25,316;135,124.25;268.75,148.25;278.25,18.5;15,203.25;22,35;108.5,266.25;207.25,147.75
50443;85.25,316;115.5,87.5;268.75,148.25;278,62.5;15,203.25;65.25,9.25;78,296.75;205.75,176.5
20796;85.25,316;113.25,110;268.75,148.25;306,68;9.5,150;20.25,16.75;55.5,251;205.75,176.5
18944;45.5,277.75;113.25,110;264.25,153.5;273.25,47.75;4.25,151.5;21,68.5;55.5,251;221.25,169.5
9243;6.75,291.5;113.25,110;271.5,179.75;273.25,47.75;7.25,137.5;20.25,62;100.25,232.75;208,160.25
27721;36.75,303.75;118.5,73.5;281,221.25;286.5,75.25;7.25,137.5;7.75,33.75;88.5,269;208,160.25
8545;67,306.25;118,73.25;243,225.5;271,105.25;7.25,137.5;24.25,51;91,280.75;208,160.25
177;67,306.25;155.25,51.75;229.25,177.75;271,105.25;7.75,144;49.25,75.25;66.75,307.5;178.75,161
7027;67,306.25;167.25,38.75;242.75,207;270,70.25;7,144;32.75,29;49,292.5;178.75,161
41729;17,309;167,34.25;212.5,198.5;267,104;29.75,189.25;32.75,29;49,292.5;155.75,158.25
22825;31.25,275.5;127.5,30.25;214.75,241.25;253.5,118.75;28,183.5;32.75,29;49,292.5;130.25,130.75
48365;30.75,276.25;127,31.75;201.25,232.5;253.5,118.75;22.75,217;45,38.25;49,292.5;108.25,122.5
5574;30.75,276.25;85.25,36.75;200.75,232.75;211.75,135.5;22.75,217;26.75,29.5;39.25,311.75;108.25,122.5
31980;62.25,262;107.25,63;155.5,243.75;210,132.5;22.75,217;26.75,29.5;65.25,289.25;91,108.5
12942;46.25,264.5;107.75,63;172.75,225;210,132.5;22.75,217;26.75,29.5;94.75,269.25;116.5,78
8765;49.5,245.5;107.75,63;164,212.75;210,132.5;15.5,245.75;26.75,29.5;94.75,269.25;118.75,50.25
40791;40.5,204.75;105.5,52.25;164,212.75;244.5,116.25;16,246;54.75,35.75;94.75,269.25;118.5,49.25
49180;40.5,204.75;105.5,52.25;164,212.75;272.75,110.25;16,246;73.25,12;127.25,274.25;144.5,52
49972;64,186;105.75,32.5;160.75,219.25;272.75,110.25;16,246;73.25,12;120.5,229;144.5,52
39111;46.25,206.25;105.75,32.5;160.75,219.25;271.5,69;21.25,212.75;76.75,17;113.5,198.5;176.25,39.5
32835;45.25,183.5;105.75,32.5;136.5,225.25;269.5,69;23.75,212.25;76.75,17;148.75,203.25;176.25,39.5
33320;53.5,230.75;105.75,32.5;114.25,214;269.5,62.5;23.75,212.25;76.75,17;148.75,203.25;164.75,41
246;60.5,242.25;67.25,40.5;152.25,224.5;269.5,62.5;21.75,215.25;76.75,17;148.25,221;164.75,41
47636;59.5,200.75;75.5,10.5;152.25,224.5;256,53.25;17,227.25;76.75,17;140.25,269;164.75,41
33558;39.5,204.25;91.5,26.25;113,207.25;261.5,18;15.25,228;38.5,28;140.25,269;164.75,41
46063;39.25,205.25;91.5,26.25;113,207.25;261.5,18;15.25,255;38.75,54.5;129.25,224.75;160.25,51.75
37196;63.5,171.75;103,20.25;117.5,162.5;261.5,18;15.25,255;39,55.75;137.25,195.75;154.25,89.5
7810;86.5,141.25;103,20.25;118.25,121;222.25,10.75;9.5,244.5;39,55.75;137.25,195.75;185.5,98.75
37811;83.25,184.25;115.5,33;162,125.25;175.25,21;9.5,244.5;37.5,56.5;153.75,173;185.5,98.75
2420;51.25,201;115.5,33;137,128;193.5,50.25;19.25,215.75;76.75,21.5;153.5,171.75;185.5,98.75
18648;74.5,175.25;89.5,58.5;137,128;220.25,41.25;19.25,215.75;85,25.75;135,133.25;204.5,97.25
43097;74.5,175.25;89.5,58.5;144.5,119.25;220.25,41.75;58.75,203.25;85,25.75;140,98.75;168.25,89
47469;74.5,175.25;89.5,58.5;165.75,109;221,40.75;58.75,203.25;64.25,12.5;125.25,73;204.25,105.75
15252;40,204.25;59.5,66;142.25,129.75;220.25,41.75;58.75,203.25;64.25,12.5;85,72.75;215.25,88
3472;31.25,242.25;36.5,35;158.75,141.5;223.25,61.75;14.75,210.25;62.25,12.75;85,72.75;215.25,88
38633;31.25,242.25;65.25,40.25;157.25,140.5;216.25,48;14.75,210.25;62.25,12.75;128.25,99;219.25,79.25
33650;41.25,241;75.25,85.5;157.25,140.5;199,50.5;14.75,210.25;62.25,12.75;131,73.5;219.25,79.25
43034;43.25,240.75;78,65;157.25,140.5;199,50.5;35,240.5;62.25,12.75;115.5,38.5;188,99
4169;75,274;78,65;157.25,140.5;189.75,4;36.5,241.25;76,41;87.75,12.75;192,99.5
10083;100.25,284;110,34.75;134.25,127;209.5,24.5;55.75,272.75;77,42.25;87.75,12.75;192,99.5
12259;121.5,267.25;146,42.25;152.25,160;161.5,33;55.75,272.75;87.75,12.75;88.25,30.5;192,99.5
27830;95,281.5;146,42.25;152.25,160;161.5,33;37.25,251.5;60.25,40.5;134.25,41.5;217.5,63.25
40881;94.75,282.75;103,20;160,126.5;161.5,33;37.25,251.5;100.75,49.25;103.5,48.75;245.5,97.75
38856;98.25,256;124.25,46.5;160,126.5;161.5,33;37,255.75;66.5,92;108.75,81;213.25,117.5
41924;96.75,256.5;100,26.25;160,126.5;161.5,33;9,282.5;66.5,92;98.25,122;220,166.75
47995;62.25,256.5;100,26.25;134.5,129;161.5,33;6.75,310.75;66.5,92;97.25,124;180.25,156
3812;92.75,261.5;95.5,59.5;134.5,129;167,34.25;6.75,310.75;106.75,68;132.75,130.25;178.25,154.5
806;64.75,267.5;95.5,59.5;152.75,129.5;185,48.75;6.75,310.75;75.25,25.75;83.25,143.75;178.25,154.5
29433;64.75,267.5;66.75,58;174.75,111;210.5,62.5;35,318.75;74.75,26.5;83.25,143.75;178.25,177.5
12842;27,251.5;63.75,4.75;183.75,113.5;210.5,62.5;35,318.75;68.25,52.5;84,146.25;158.5,222.5
48992;31,206;49.25,55.75;183.75,113.5;212.25,57.25;35,318.75;82.25,21;92,131.75;196,213.25
6861;31,183.25;43.25,9;176.75,110.75;213,56.5;35,318.75;80,26.25;92,131.75;198.25,180.25
19548;31,183.25;61.75,51.75;206.75,100.25;212.25,57.25;35,318.75;87.75,65;139.25,106.75;184.75,156.25
14772;10.75,139.75;30,31;193.25,84;212.25,57.25;35,318.75;80,91.5;103.75,119.75;184.75,156.25
48643;6.75,92;60.5,4.25;193.25,84;212.25,57.25;35,318.75;72.25,49.5;130.75,126.25;184.75,156.25
49202;6.75,92;53,49.75;197.75,72;251.5,18.25;35,318.75;54.75,95.25;77,125.75;184.75,156.25
16275;5,91.75;66.5,89.5;219.75,76;259.75,17.5;35,318.75;52.5,112;77,125.75;169.75,186.5
21369;10.5,107.5;44.5,126;220.25,75.75;271,32;6.5,311.5;22.5,128;77,125.75;169.75,186.5
3833;10.25,83.5;69.75,135.75;219.75,72;249.75,8.25;6.5,311.5;22.5,128;109.75,124.25;172.25,173.75
49185;49.25,57.75;69.75,135.75;248.5,117;270.75,56;6.5,311.5;43.75,161.5;65.25,162;171.75,173.25
29021;40,84;69.75,135.75;248.5,117;270.75,56;31.5,309;35.75,147.75;69,209;135,173.75
21802;42.25,80;86.5,139.75;249,158.5;286.5,24;31.5,309;35.25,148;69,209;104.75,135.75
42772;16.25,103.75;56.5,97;203,132.25;296.5,13.5;31.5,309;35.25,148;69,209;88,152.25
7044;15.5,103.75;56.5,97;158.5,125.25;278.5,31.5;3.25,311.5;35.25,148;85,158.5;96,189.5
13854;15,60;67.75,146;143.25,136.75;303.75,54.25;3.25,311.5;28.5,175.25;85,158.5;97.25,191.25
18952;15,60;56.25,170.75;166.25,102.75;285.25,56.25;19.75,279;36.5,174.25;85,158.5;97.25,191.25
39783;16.25,57.5;73.5,177.75;133,89.5;303,102.25;19.75,279;36.5,174.25;93.5,171.5;97.25,191.25
9966;16.25,57.5;91.25,213.25;161.5,104.75;272.25,137.75;47,270.75;63,142.25;93.5,171.5;97.25,191.25
33753;16.25,57.5;110.25,240;131.5,100.75;290.25,115;42.5,308.25;74,110.5;93.5,171.5;97.25,191.25
9825;16.25,60;135.5,266;168.25,100.25;298.25,158.5;12.25,279;74,110.5;93.5,171.5;138.75,199
6297;43.75,36.25;130.75,255.5;140.25,118.5;301.75,158.5;12.25,279;73.25,114.25;112.75,148.5;138.75,199
44099;49.25,19.25;152.25,224.25;153.25,129.5;257.25,153.25;12.25,279;39.75,133.5;72.5,168.75;138.75,199
48739;48.25,19.25;139.25,178;153.25,129.5;297.5,165.5;5.5,310.75;39.75,133.5;106.5,153.75;138.75,199
31371;47.75,20.25;98.75,191.25;163.5,144;315.75,120.5;5.5,310.75;18,119;85.75,131;138.75,199
6920;72,35;131.75,167;132.25,173.75;315.75,120.5;5.25,317.5;18,120.5;86.25,115.25;138.75,199
47066;102.75,18.75;132.25,173.75;152.5,140.25;287.75,104.75;5.25,317.5;44.5,90.25;55.5,121.75;138.75,199
49053;111.25,51.25;118.25,204.25;158.25,140;248.5,120.5;5.25,317.5;19.75,57.5;55.5,121.75;138.75,199
47455;131,91.5;156.25,214.25;164.5,162.75;278.75,101.5;5.25,317.5;20.25,57.75;55.5,121.75;165.75,221.5
43671;87.5,120;156.25,214.25;164.5,162.75;293.25,103;5.25,317.5;38.75,108.25;42.75,156;185.75,247
45744;107.25,164.75;163,166.75;173.5,204;269.5,67;12.25,306.75;38.75,108.25;46.25,157.5;185.75,247
39747;107.25,164.75;153.25,157.75;198.5,226;278.25,29.5;11.5,304;38.75,108.25;66.75,161.5;157.5,225
14953;73,142.25;153.25,157.75;180,268.5;275.75,18;39.5,306.75;46.25,108.5;66.75,160;157.5,225
6345;36.75,145.5;126,140.5;220.5,245.75;275.75,18;4,308.75;46.25,108.5;73,131.25;134,252.5
10782;8.5,160.5;126,140.5;225,248.75;267.25,17.5;4,308.75;52.25,78.5;59,164;154.25,287
20421;27.75,170.75;152.25,159.75;248.75,246.25;267.25,17.5;4,308.75;19.5,68.5;58.5,166;186.75,289.75
10599;43,188;152.25,159.75;253.25,247.25;274.5,66.25;8.5,304;19.5,68.5;62,198.25;171.25,301.25
45673;46.75,203;134.25,191.5;253.25,247.25;261.5,114.25;8.5,304;20.25,62;69.5,206.75;162.75,300
39;33.25,242;121.75,206;255.5,218.5;256.5,138.5;8.5,304;20.25,62;69.5,206.75;162.75,300
19763;50.5,226.5;121.75,206;260.25,171.25;293.5,161.5;18.5,279.25;20.25,62;105,184;147.75,262.75
5915;48.25,224.25;121.75,206;230.75,170.75;302.25,156.25;18.5,272.5;20,60.75;125.75,195.75;147.75,262.75
47108;76.75,243.25;121.75,206;253.25,154;302.25,156.25;4.75,310.25;20,60.75;96.5,199.5;157.5,221.75
10773;50.5,230;102,207.5;248,183;302.25,156.25;4.75,310.25;20.75,60.5;99.5,198.5;123.75,196
24291;39.25,237.75;102,207.5;248,181.5;302.25,158.25;29.75,307.5;53.75,79.5;80.25,221.25;123.75,196
4265;63.5,234.5;102,207.5;278.25,166.25;295.75,168;60,288.75;74.25,60;88,189.5;123.75,196
23456;51.75,243;103.5,249;303.75,138.25;330.75,155;60,288.75;74.25,60;82.25,191;131,195.75
44996;49.75,277.25;77.75,247.75;303.75,138.25;330.75,155;30.25,319.25;78.25,19.25;82.5,194.5;131,195.75
7397;43.25,305.25;51.75,249;274.75,101.75;330.75,155;28,317.25;69,52.25;81.75,215.25;131,195.75
18698;9,310;55.5,238.75;286.75,144.75;330.75,155;28,317.25;50,33.5;83.75,216.75;153,226
27613;38.5,303.5;55.5,238.75;250.5,109.25;359.25,164;28,317.25;44,1.75;83.75,216.75;142.75,226.5
30398;9.25,301.5;52,234.5;250.5,109.25;348.25,181.75;28,317.25;51,2.5;93.5,170.5;136.75,173.25
49293;13.75,263.25;38.75,273.5;250.5,109.25;354.5,186.25;4.5,309.5;51,2.5;77.25,153;137.5,172.75
49573;13.75,263.25;38.75,273.5;248.25,117.25;335.75,215;4.5,309.5;32.5,47.25;100.75,151.75;137.5,172.75
42895;13.75,263.25;50.25,295.5;198.25,113.5;337.25,256.5;23.75,280;26.25,32.25;102,151.75;137.5,172.75
26928;13.75,263.25;50.25,295.5;198.25,113.5;336.5,283.75;45,318;49.75,30.25;80.5,166.75;130.25,126.75
8372;49.25,295.75;94.5,299.5;161.75,112.75;336.5,283.75;45,318;53.5,79.25;78.5,141;139.75,68.25
49310;38.25,286.25;127.75,283.5;168.5,118;336.25,282.75;45,318;89.25,65;122.5,143.75;139.75,68.25
42468;26.75,280.5;130.5,283.5;168.5,118;354.25,241.75;27.5,304.25;89.25,65;121.5,144.75;139.75,66.25
44753;26.75,280.5;133.75,291.5;168.5,118;308.5,239;72,297.75;113.5,40.25;121.5,144.75;130.25,44.75
43098;26.75,280.5;137.5,313.25;168.5,118;292,211;46.75,292;105.75,8.75;121.5,144.75;130.25,44.75
39027;37.25,309;87.75,291.25;123.5,85;324.5,208.75;73,266.75;105.75,8.75;115.25,171;130.25,44.75
31820;30.25,261.25;87.75,291.25;90.5,64;298.25,232.25;43,254;105.75,8.75;109.25,125.5;163,88.75
38181;39.5,202.5;52.5,249.5;107.25,63;310.25,229.75;44.75,248.5;105.75,8.75;109.25,125.5;163,88.75
26297;1.75,172;52.5,249.5;135.75,89;350.25,230.75;82,283;105.5,10;109.25,125.5;193,109
12087;19,141.25;52.5,249.5;135.75,89;325.5,254.5;26.5,279.25;106.25,8.75;114.75,117;212,105.75
45680;8.5,110.5;52.5,249.5;146.75,128;296.25,262.75;27.5,279.25;100.25,11;103.75,122.25;212,105.75
48623;8.5,110.5;81.5,261;186,119.75;333,267;25,247;100.25,11;102.25,107.75;241.5,90.75
44667;8.5,110.5;56.25,240.25;186,119.75;363.25,247.75;57.75,268.5;100.25,10.25;102.25,107.75;264.5,117.75
27187;15,85.25;76.25,227.75;186,119.75;362.75,244.75;68,273.5;100.25,10.25;102.25,107.75;259,143.75
17599;16.25,87;100.25,189;154.25,85.5;363.5,244.75;68,273.5;78.5,44.75;146,90;259,143.75
26528;12.5,50.25;100.25,189;133.25,99.5;336.5,254.75;67.75,223;85.5,56.75;146,90;259.5,136.5
40690;44.5,50.25;85.25,149.75;133.25,99.5;295.75,240.5;67.75,223;84,52.75;150.5,92.75;223.5,162.25
46662;74.25,37.75;110.75,169.25;150,129.75;295.75,240.5;54.25,248;84,52.75;150.5,92.75;223,162.75
9928;39,16;110.75,169.25;143.25,128.75;295.75,241.25;47.75,251;63.25,94;150.5,92.75;192.5,174
32068;39,16;114,166.25;137,89.75;313.75,211.5;11.5,246.75;58.25,97.75;117.75,80.5;192.5,174
176;39,16;114,166.25;138.5,59.5;317.75,163;30.5,216;59.5,97.75;118.75,80.25;191,166
24474;39,16;136.75,125;138.5,59.5;356,138;54.25,224;72.5,109;119,78.75;228.25,186.5
41977;39,16;163.5,129.25;165.75,51;327.25,136.75;37.5,193.25;72.5,109;119,79.5;228.25,186.5
7228;49.25,58.25;128,146.5;150.5,86.5;327.25,136.75;37.5,193.25;77.5,100;119,78.75;248,194.5
7989;51,61.25;128,146.5;176.75,111;325.75,149.75;37.5,193.25;68,92.75;90.25,103.25;251,197.25
35071;51,61.25;105,145.75;176.75,111;287.75,143.25;37.5,193.25;58,101.75;64.75,95.75;218.5,220.5
23183;44.5,33.25;105,145.75;152,126.75;290.25,165.75;15.5,206.25;26.5,123.75;70.25,126.75;218.5,220.5
12212;7.25,49.5;112,104;188.75,157.5;290.25,165.75;14.25,212.25;40.5,111.5;70.25,126.75;184,183.5
12966;38.25,54.75;76.75,98.75;157.75,157.25;290.25,165.75;14.25,212.25;40.5,111.5;103.25,112.25;196.25,175
11874;52.25,36.25;109.75,77.75;196.25,167;290.25,165.75;14.25,212.25;38.25,91.5;105.25,114;217.5,145
18212;29.5,14.5;109.75,77.75;165.5,149.5;297.5,160.5;14.25,212.25;33.25,77.25;140.75,106.75;217.5,145
23519;71.75,27.25;132.75,78.75;150.75,125;297.5,160.5;12,171.25;73.5,60;140.75,106.75;214.75,147.75
13894;113,33.75;144,76.25;159.5,127.75;281.25,120.25;12,171.25;40.5,88;140.75,106.75;215.25,148
42314;127.5,33.75;155.25,58;159.5,127.75;250.5,116;10.25,188.5;40.5,88;140.75,106.75;214.75,148.75
24528;90.75,11.5;155.25,58;159.5,127.75;292.5,111.25;9.75,188.75;14,50;119.75,105.25;208.75,176.25
45661;90.75,11.5;104.75,70.25;185.75,90.25;296.25,166.25;9,188.5;14,50;119.75,105.25;231,222
34537;90.75,11.5;156.75,85.25;175.5,45.5;264,177.25;9,188.5;14,50;128.5,130.75;273.25,206.25
15557;62.25,24.5;156,85;223.75,55.25;264,177.25;9,188.5;35,89;98.5,95;302,199.75
36036;63.25,58.75;156,85;214.75,78.25;264,177.25;9,188.5;61.25,111.25;76.75,127;326.5,207.25
3456;41.25,61.25;156,85;214.75,78.25;237.75,153.25;9,188.5;25.5,119.75;125.5,122.75;338.25,199.5
48361;23.25,25.25;135.5,129;214.75,78.25;237.75,153.25;9,188.5;58.25,135;125.5,122.75;300.25,198
8738;15,36.25;137.5,100.75;214.75,78.25;249.5,158.75;9.75,188.75;76,149.25;147,92;300.25,198
31555;15,36.25;167.25,91.75;220.75,54.25;261,138.5;9.75,188.75;81,125.5;163,88.25;280.75,184.5
48983;15,36.25;167.25,91.75;177,37.75;296.75,153.75;9.75,188.75;81,125.5;152.75,42.5;284,218.25
3777;1.5,84.5;159.25,110.75;177,37.75;313,129.75;9.75,188.75;81,125.5;122,78.5;324,224.5
19862;1.5,84.5;159.25,110.75;209.75,71.25;313,129.75;17,148.75;64,100.75;97.75,41;340.5,206.5
48032;1.5,84.5;187.75,88;223.5,60.75;359,120.25;16.5,149;46.5,115.75;97.75,41;340.5,206.5
5815;35.25,119.75;161.5,125.75;216.5,56;359,120.25;16.5,149;27.25,72;97.75,41;352.5,230.25
5392;51,144.75;150,127.75;243.5,74;363.5,91.75;19.75,153;27.25,72;97.75,41;317.75,242.25
4575;71.75,146.75;162.5,148.5;243.5,74;347.25,113.25;18.75,152;23.5,105;97.75,41;276.25,238.5
45660;66.25,118.75;162.5,148.5;264,66.75;357.75,79.75;18.75,152;23.5,105;133.5,43.25;276.25,208.25
44607;66.25,118.75;148,156.75;226,71;357.75,79.75;22.75,190.5;34,123;159.75,11.5;317.5,192
50617;49.25,100.75;189.75,152.75;225.5,105.25;367.5,51;22.75,190.5;63.75,108.5;145.25,29.25;317.5,192
8674;12.5,86.75;176,163.25;182.25,91;329,20.5;17.75,149.75;63.75,108.5;145.25,29.25;317.75,191.5
12716;12.5,86.75;176,163.25;182.25,91;297.75,7.5;26,128.75;79.5,125.25;144.5,7.75;353,197.75
26860;15.75,59.25;159.75,143;184.75,59.5;293.25,55;27,129.25;81.5,98.75;144.5,7.75;353,197.75
21496;23.5,84.5;159.75,143;180.25,60.75;272.5,71.75;58.75,115.5;63.5,96;144.5,7.75;338.75,190.75
36935;66.5,70;140.5,102.5;180.25,60.75;271.75,96.75;36.5,142.25;63.5,96;103.75,10.25;338.75,192.25
8419;54.75,56.25;143.75,76;180.25,60.75;271.75,96.75;60,164;75.75,131;119.75,17.75;338,191.5
25839;46.75,62.25;135.5,78.5;139,55.75;273.75,122.25;64.75,174.75;75.75,131;109.25,38;338,191.5
42777;11.5,63.75;137,55.25;147,21.75;314.25,115;64.75,174.75;75.75,131;125.25,20.5;358.75,173.5
26607;42.25,12.25;112.25,18.25;135.75,55.75;314.25,115;75.75,131;107.75,167.75;132.25,19;306.5,201.5
1147;44,12;108.25,54.5;131.25,40;341.75,113.25;75.75,131;107.75,167.75;146.75,51;266.5,198.75
8143;44,12;111.25,22.5;120.75,78.25;313.25,130;70.25,173.75;75.75,131;146.75,51;226,200.5
3932;41.5,63.75;72,22;88,92;283.5,90.75;70,150;70.25,173.75;146.75,51;226,200.5
23017;38.5,64.75;61.25,9;76.25,86;283.5,90.75;70,150;72.25,173.75;170.75,87.75;226.25,201
42106;38.5,64.75;61.25,9;81.75,110;253.75,82;70,150;71,174.25;128.25,104;266.5,182
41622;6.25,70.75;61.25,9;85,103.25;253.75,82;70,150;71,174.25;137.25,107.5;309.75,198.25
30426;5.25,73;32.25,31.25;85,103.25;252.75,122.25;70,150;78.5,198.25;116.25,112.75;352.5,202.5
48619;5.25,73;51.5,61.25;57.25,74.25;266.5,104;70,150;78.5,198.25;116.25,112.75;333.75,205.75
42755;4.25,62.75;51,61.25;106.75,47.25;225.25,78.25;52.75,121.5;59,247;116.25,112.75;333.75,205.75
674;4.25,62.75;51,61.25;75,58.75;253.5,92.5;27.25,99.25;48,247.5;144.5,88.25;333.75,205.75
48928;4.25,62.75;31,84.25;45.5,30.5;292.75,92.75;27.25,99.25;46.5,260.5;147,43.5;333.75,205.75
7355;8,78.75;31,84.25;80,67;297,92.25;27.25,99.25;79.5,231.75;120.5,41.5;354.5,189.5
4013;16.5,62.25;39,103.25;55.75,96.75;297,92.25;26.75,99.25;78.75,234;87.5,47.5;354.5,189.5
28456;16.5,62.25;39,103.25;64.5,76.25;333,115.25;26.75,99.25;78.75,234;80.25,11;303.75,195
42128;13.75,30.5;56,149;63.25,76.5;339.5,81;1.75,136.75;78.75,234;80.25,11;303.75,195
30016;13.75,30;43.5,107.5;44,94.75;339.5,81;26,156.25;68.5,248.5;80.25,11;265.75,173.5
31134;12.5,49.75;34,135.25;80.75,64.75;334,79.75;27,156.75;68.5,248.5;80.25,11;267.5,180.5
35973;12,50.25;33.25,135.5;80.75,64.75;360.25,89.5;45.75,111.75;68.5,248.5;88.75,63.5;278.5,125.25
49218;12,50.25;33.25,135.5;80.75,64.75;327.75,94;55,101.25;66,264.5;90.75,105.25;311.25,160.75
43709;12.5,50.75;52.75,144;80.75,64.75;322.75,94;37.75,96.5;66,264.5;103.25,129;337.5,191.75
20072;12.5,50.75;13,175.5;78,59.25;305,100.75;12.5,142.75;66,264.5;84.75,88.25;337.5,191.75
37431;12.5,50.75;27,190;78,59.25;305,100.75;30.75,124;106.5,275.5;121.5,71.25;358.25,205.25
46736;12,84.5;15.5,170;54.5,74.75;305,100.75;31.75,120.5;106.5,275.5;160.25,49.5;310.75,180.75
45215;9.75,87;27.75,198.25;38,49.75;319.5,146;31.75,120.5;106.5,275.5;161.75,48.75;319.25,150.75
6969;9.75,87;58.75,175.75;85,39;316.5,161;6.25,137.75;118.25,268.25;161.25,85.75;319.25,150.75
42549;9.5,109.5;62.5,184;85,39;316.5,161;16,172;89,283;195,95.75;319.25,150.75
27760;9.5,109.5;53,172.25;107.75,55;291.25,173.5;12.75,173.5;51,275;195,95.75;319.75,150.5
20748;4.5,85.25;93.5,175.75;107.75,55;329.75,151.75;22.75,186.75;73,275.75;195,95.75;319.75,150.5
39597;22.25,62.25;86,177;107.75,55.5;334.25,116.5;22.75,186.75;73,275.75;160.5,87.75;302.5,134.25
23525;49.75,48.75;86,177;100.5,26.5;335.25,152.5;29.75,173.5;71.25,251.5;160.5,87.75;303,134.75
28730;18.5,75;47.25,203;100.5,26.5;330,133.5;28,172.75;61.75,214.75;160.5,87.75;318.75,129.5
46824;35.75,79.25;66.75,205.5;134.5,21.75;298.25,111;28,172.75;61.75,214.75;160.5,87.75;318.75,129.5
22237;23.75,74;66.75,205.5;134.5,21.75;285.25,75.25;28,172.75;95.25,225.75;167,51.75;308.5,170.75
40631;24.5,74.5;72.75,243.25;112.5,35;285.25,75.25;20.5,159.5;85.5,253;160,89.5;308.5,170.75
43126;24.25,73.25;51.75,280.25;123.25,46.75;256.75,49;10,135.25;84,249;160,89.5;308.5,170.75
38709;24.75,73.75;61.5,249.75;123.25,46.75;270.5,5.25;10,135.25;72.5,222.5;197,96.5;339.75,159.5
24515;27.25,85;61.5,249.75;123.25,46.75;269.75,5.5;14.75,140.75;85.25,191;212.25,93;321.25,195.25
33707;52.5,70.25;61.5,249.75;118.25,20.25;241.25,21;13.25,143;121.25,175.5;243.75,73;321.25,195.25
50323;79.75,70.75;87.25,266.25;119.75,19.5;241.25,21;7,137.75;121.25,175.5;244.75,46.5;321.25,195.25
27531;70.25,113.5;87.5,265.5;166.75,20.75;241.25,21;7,137.75;114,223.25;214.75,11.5;276,223.5
45480;70.75,114;80.5,298.5;131.75,20.75;241.25,21;7,137.75;121.25,195.75;192.25,21.25;276,223.5
12262;70.75,114;115.25,312.5;131.75,20.75;220.5,55.25;7,137.75;132,215.5;231.5,7.75;275.5,223.75
29682;49,67.75;115.25,312.5;131.75,20.75;208,62;49.75,132;96.25,220.25;231.5,7.25;251.25,217.5
34775;58.75,55.25;116.75,273.5;125.75,11;179.75,88;16.25,171.5;96.25,220.25;230.5,7.75;251.25,217.5
21510;58.75,55.25;118.25,274;125,11.75;179.75,88;35.5,197.25;125,196.25;209.75,54;241,238.25
28993;47,16;116.25,253.75;125,11.75;179.75,88;21.25,191;144.75,178.75;173,40;241,238.25
6457;3.75,9.75;98.25,213.75;118,55.25;179.75,88;21.25,191;143.75,178.75;158.75,52;288.75,227
23401;3.75,9.75;89.5,221.5;109.5,40.75;179.75,88;12.25,192.5;143,179.25;158.75,52;294.5,233
29699;3.75,9.75;86,193.25;109.5,40.75;179.75,88;42.75,198.25;124,195.75;152.25,80.5;321.5,190.75
37345;3.75,9.75;91.25,149.75;118,34.25;180.75,83.5;3.25,185.5;124,195.75;196.5,95.75;342,207.5
34698;3.75,9.75;58.25,175.5;121,16.75;158.75,125.75;3.25,185.5;161.5,202.25;183.5,66;301.25,241.75
7948;3.75,9.75;61,179;93,26.5;165.5,162.75;2.5,185.5;137.25,239.5;154.75,83.5;301.25,241.75
39996;3.75,9.75;61,179;76.5,8.25;154.5,202.5;19.5,177.25;114.25,274.75;145.5,53.25;301.25,241.75
23852;10.5,32;61,179;104,49.75;154.75,226.75;19,177.5;146.5,248.5;171.25,91;301.25,241.75
23253;10.5,32;61,179;112.5,88.5;132,200.75;19,177.5;185.25,250;207.75,84.75;301.25,241.75
21147;11.25,64.25;23,153.25;112.5,88.5;135.75,160.25;14.5,136;185.25,290.25;207.75,84.75;296.25,202.5
49291;11.25,64.25;23,153.25;112,89;131.75,187.5;14.5,136;191.75,242.25;212.5,108.5;249,176.5
39777;54.25,55.75;60.25,171.5;144.75,127.25;172,221;54.5,102;155.25,245.5;212.5,108.5;249,176.5
50561;54.25,55.75;60.25,171.5;137,127.25;172,221;54.5,102;128.5,275.75;232.75,65;286.75,184.5
42709;52.25,44.75;60.25,172.5;137,127.25;172,221;54.5,102;119.25,286.75;224.25,51.75;314.5,162
49145;51.75,54.5;60.25,172.5;137,127.25;144.5,197.25;28.5,89.75;119.25,286.75;239.75,76;303,199.5
39882;67.75,84;80.25,140.5;108.25,164.25;144.75,197.75;28.5,89.75;157.25,272.25;239.25,41.25;303,199.5
10416;51.25,54;78.75,114;108.25,164.25;112.75,223;29.25,89.25;157.25,272.25;239.25,37.75;318,160
45566;51.25,54;78.75,114;88,176.25;112.75,223;3,61.25;201,257;243.25,76.5;329.75,160.75
22225;14.5,57.5;79.25,114;88,176.25;112,222.75;19.75,17.75;201,257;287.5,83.75;347.75,170.25
28123;39,30.5;74.25,85;82.5,221.5;156.5,236.75;52.25,33.5;201,257;286.5,83.75;347.75,170.25
43429;25.25,64.25;74.25,85;103.75,257;148.5,224.25;52.25,33.5;165.25,241.5;286.5,83.75;313.25,187.5
4399;15.25,59.75;74.25,85;121.5,259.75;183.25,255.25;46.75,38;165.25,241.5;262.5,80;308.5,204.75
4603;40,55;75.25,84.5;84.75,243.5;150.5,259.25;46.75,38;165.25,241.5;262.5,80;303.25,235
46416;43,48.25;75.25,84.5;114.5,206.25;156.5,249.25;24.5,69.5;145.75,261.75;261.5,80.25;303.25,235
31523;62.75,23;88.75,110.25;114.5,206.25;156,250;24.5,69.5;171.5,303.5;259.75,110.5;282,276
5586;63.5,23;67,118.5;114.5,206.25;122.75,250.25;65.5,57.25;129.5,313.75;246.75,98;282,276
45460;63.5,23;67,118.5;114.5,206.25;156.25,267;65.75,56.75;160.25,303;211.25,64.5;285.5,287.75
17667;63.75,24.5;70,139.75;130.75,172;156.25,267;108.75,38;173,322.25;246.25,69.25;285.5,287.75
14239;50.75,68.75;62.5,147.75;142.25,126.75;176,289.5;131.5,45.25;173,322.25;282.75,40.5;285.5,287.75
26136;66.75,85.5;70.25,113.5;174.75,108.75;175.5,289.75;131.5,45.25;195,309.25;282.5,40.75;285.5,287.75
16343;82.5,38;104,145.25;172.75,117;211.5,293.5;131.5,45.25;195,309.25;252.5,41.5;285.5,287.75
10307;82.5,38;87.25,175;131.5,90.5;258,283.25;128,91.75;167.5,290;222.75,36.5;285.5,287.75
27662;51.5,18.5;87.25,175;158.75,87;293.75,300.75;118.25,115.25;167.5,290;185.75,52.25;266.25,257.75
26684;51.5,18.5;77.5,165.75;134,125.75;255.25,313;102.25,97.5;151.25,301.25;199.75,40.5;266.25,257.75
9899;30.75,44.75;53.75,201;134,125.75;255.25,312.5;99,109.5;195,304.5;199.75,40.5;299,259
642;30.75,44.75;54.25,202.75;157,160;278,301;69.5,78.75;160.25,285.75;213,86.75;299,259
9930;31,75.75;54.25,200.25;163.75,180.75;278,301;69.5,78.75;165.75,260.5;236,98.75;297,233.5
37849;59.25,75.25;90.5,222.5;163.5,141;298.5,289.5;69.5,78.75;165.75,260.5;236,98.75;265,218
2491;59.25,75.25;78.5,248.25;165.5,162.75;299.25,289.75;69.5,78.75;165,260.5;200.25,99;266.75,241.25
12677;59.25,75.25;64.75,243;163,166.75;257,298;60.25,91.75;139.75,271.75;200.25,99;220.5,247.5
40698;45.5,98.75;62.75,248.75;145.75,146.25;222,270;34.25,123.5;139.75,271.75;200.25,99;224,252.25
2804;46.5,98.25;81.5,286;145.75,146.25;218.25,228.25;16.25,149.75;139.75,271.75;200,96;224,252.25
44660;47.25,98.5;81.5,286;108.25,169.25;218.25,228.25;29.25,123.75;113.5,307.75;200,96;244.5,290.5
26356;25.75,96.25;88.5,284.5;108.25,169.25;218.25,228.25;13,155.75;138.25,280.75;235.25,98.5;244,288.75
44698;9.5,100.75;38.25,296.25;108.25,169.25;165,224.5;43.25,178.75;162.25,260.25;235.25,98.5;283,287.75
8278;31.5,144.25;38.25,296.25;108.25,169.25;165,224.5;33.25,143;182,303.25;266,70.75;309,299
37176;32.25,119.75;38.25,296.25;126.5,150;142.25,239.75;34,143.5;174,310.25;266,71.75;309,299
18479;3,93.25;48.25,242.25;94,193.75;97.75,246.5;22,101.5;174,310.25;295.5,84.75;309,299
46558;10.25,141.75;45,270.75;70.75,171.75;125.5,254;22,101.5;173.25,309.25;295.5,84.75;309,299
47258;10.25,141.75;27.5,311;70.75,171.75;110.5,223.5;22,101.5;173.25,308.75;313.25,63.5;352.25,297.25
14061;7,104.25;27.5,311;70,172.25;124,280;22,101.5;173.25,309.25;320.75,43.5;355.5,245
28032;7,104.25;27.5,311;125.5,145.5;125.75,294.5;62.5,91.75;173.25,308.75;307.75,31;341,264
6276;26.5,84.5;68.75,280.5;125.5,145.5;142.5,267;90.75,64.25;173.25,308.75;282,24;341,264
44272;51.25,74.75;68.5,280.75;110.75,169.25;160.25,312.25;57.5,80.25;219,303.25;282,24;341,264
37828;51.25,74.75;68.5,280.75;110.75,169.25;122.75,303.75;97.75,78.75;236,284.75;253.25,31;340.75,264.75
3369;33,44.25;64.25,295.5;105.25,128.25;123.5,304;97.75,78.75;249.75,266;253.25,31;310.75,244.5
3087;64.75,89;74.25,299.75;99.75,126.25;179.25,307.75;118,60.75;249.75,266;256.5,48;310.75,244.5
225;45.5,95;84.5,322.25;91.5,165.75;179.25,307.75;119.25,20.25;249.75,266;255.75,48;350.75,224.75
14403;74.5,85.5;84,322.25;94.25,126.25;165.5,322;92.5,34;249.75,266;255,48.75;350.75,224.75
50256;71.25,86;84,322.25;125.5,123.5;134,289.25;92.5,34;249.75,268.75;294,57.25;350.75,224.75
16475;71.75,109.75;84,322.25;94.5,102.75;135,287.5;124.25,61.5;249.75,268.75;324.75,50.75;350.75,224.75
46299;64.25,147.5;84,322.25;94.5,102.75;135,287.5;138.25,74.5;245.5,266;324.75,50.75;360.75,228
47451;42.75,123;82.75,321.5;94.5,102.75;135,287.5;138.25,74.5;260.75,306;300.25,52.25;331,199
33168;14.5,160.5;56.5,294;94.5,102.75;130.5,287.5;138.25,74.5;263.75,269.75;298.25,52.5;324.5,178.5
46821;49.25,189.75;56.5,294;90.25,132.75;130.5,287.5;171,89.75;263.75,269.75;298.25,52.5;319,223.25
31130;49.25,189.75;56.5,294;90.25,132.75;106.25,294.75;210.25,54;250.75,237.25;309.25,31.75;337,177.5
47450;49.25,189.75;56.5,294;70,147;116.25,309;209.25,53.5;229.5,214;309.25,31.75;348,151.5
8334;2.75,180.25;72.75,299.25;83,115;116.25,309;209.25,53.5;216.5,191.25;300.5,34.5;348,151.5
25244;52.5,181.25;72.75,299.25;110.75,166.75;114,318;176.75,32.25;216.5,191.25;250.25,76;319.5,136.5
44800;54.25,183.25;72.75,299.25;110.75,166.75;114,318;123.25,21.25;220.75,159.25;228.5,48.25;294.25,186.5
49682;18.75,223;68.5,295.75;107.25,169.25;114,318;137.25,71.25;211.25,176.5;224,5.25;294.25,186.5
42684;10.5,227;60,275.25;107.25,169.25;114,318;137.25,71.25;187.5,173;224,5.25;299.75,198.75
12921;33.5,200.5;60,275.25;107.25,169.25;114,318;97.75,78;151.5,201.75;254.75,5.75;291.25,199
47734;34,200.5;80,229.5;113.25,127.5;114,318;145.5,50.25;151.5,201.75;254.75,5.75;290.5,226.5
4245;37.75,196.5;56.5,241.5;113,85.5;114,318;124.75,21.25;151.5,204;254.75,5.75;294,227.5
39869;37.75,196.5;86.25,286.25;112.5,85.5;148,301.75;119.25,17;165.75,225.5;254.75,5.75;294,227.5
35180;36.5,197.5;86.25,286.25;149,51.25;156,253;119.25,17;140.5,225.5;244.75,17.25;285,201.75
8373;2.75,222.5;86.25,286.25;149.25,51.75;202.75,233;100.75,40;183.75,198;243.25,17;285,201.75
48982;9.75,263.75;62.75,304.5;145,16;204.25,233.75;121.25,62;196,174.5;243.25,17;285,201.75
12635;9.75,263.75;81,298;157.75,7.75;204.25,233.75;120.75,62.75;212.75,184.5;226,41.25;285,201.75
8425;9.75,263.75;81,298;166.75,16.5;204.25,233.75;113.25,111.75;183,210.25;214.25,56.75;288.75,184.25
23609;37.25,269.5;81,298;158.25,10.5;226.75,193.25;125.75,93.5;183,210.25;214.25,71.5;244.5,185.5
16930;50.75,285.75;61.75,293.5;158.25,10.5;240.75,199.25;144.5,79.25;183,210.25;212,95.25;244.75,186
24191;40.25,261.25;52.5,294.5;158.25,10.5;221.5,185;138.75,115;183,210.25;191,90;245.25,186
24724;60.5,229.25;92,263.25;158.25,10.5;227.75,177.75;138,115;187,215.25;191,90;237.75,236.5
13844;34.75,241.25;57.5,241;146.5,33;251.75,192.5;137.5,114.5;187.5,180.5;191,90;237.75,236.5
30443;41.75,265.25;57,242.25;143.5,78;288,164.75;137.5,114.5;187.5,180.5;191,90;257.75,241
11529;43.25,265.25;57,242.25;139,102.5;295.25,151;112.75,140.75;187.5,180.5;213,106.5;239.25,215
27346;43.25,265.25;57,242.25;140.75,91.25;322.5,137.25;95.25,137.5;187.5,180.5;207.75,74.25;256.5,202
36504;52.75,240.75;85,255;121.25,120;322.5,137.25;104.75,113.75;187.5,180.5;208.75,91.75;261.5,175
50096;52.75,240.75;85.75,259;121.25,120;314,116;105.25,114;162.25,162.5;203.75,57.25;268.25,147.5
48409;61,240.25;85.75,259;162.25,111.75;283.5,104.5;125.75,107.25;153.5,192;222,93.5;268.25,147.5
21168;32.25,239.25;65,230.25;162.75,125.75;259,92.5;125.75,107.25;153.5,192;222,93.5;245,174.75
47352;33.75,238.5;75.5,247.75;162.75,125.75;259,92.5;125.75,107.25;152.5,191.25;242.75,120.75;261.75,206.25
32419;12,242;100.75,246.5;138,124.75;259,92.5;125.75,107.25;152.5,191.25;218.25,97.5;301.75,222
15072;50.75,250.5;100.75,246.5;152.5,118.75;246.75,102.75;125.75,107.25;150.25,174.25;225.75,79.5;303.25,241.5
15796;71,223.25;108.75,284.5;146.25,128.5;245.75,131.25;125.75,107.25;150.25,174.25;225.5,49.5;303.25,241.5
45544;87,195.5;109.25,284.75;146.25,128.5;250,95.75;103.25,128.5;163.75,163.5;225.25,52.25;303.25,241.5
6032;51.75,189.25;109.25,284.75;146.25,128.5;254.5,54.25;81.25,163.25;160.25,160.5;224.5,49.5;303.25,241.5
15042;51.75,189.25;112.5,308;165.25,103.25;276.25,72;82.75,163.25;189.25,175;255.75,12.25;303.25,241.5
43827;17,176.25;109,308;157.75,148;276.25,72;82,164;219.75,153.25;255.75,12.25;271.25,214.25
14361;53.25,209.75;109,308;136,191.25;311.25,92.75;82,164;179.25,163;232.75,48.25;271.25,214.25
34956;52,252.5;109,308;116.5,179.5;349.75,96.75;82,164;209.25,174.75;232.75,48.25;294.75,186.25
29584;52,252.5;116.75,286.5;118.75,200.75;327.5,105;123.5,175.75;170.75,164.75;237.25,24.75;294.75,186.25
19688;15,242;116.75,286.5;143.25,183.25;295.5,126.5;120.25,205.75;162.25,162.75;234.75,25;294.75,186.25
46951;15,242;119.25,274;124.5,202.5;291.75,102;158.5,226.25;159.25,162.75;262.75,55;294.75,186.25
4321;15.25,237.75;118.25,274;124.5,202.5;285.5,106.5;168.25,224;184.25,164;272,71;294.75,186.25
41891;15.25,237.75;118.25,274;124.5,202.5;270.75,70.75;143,242.75;187.75,165;273,60.5;294.75,186.25
40380;15.25,237.75;86.5,255.75;124.5,202.5;300.5,83.25;125.5,224;203.75,173.5;285.25,41;294.75,186.25
37591;15.25,237.75;67,230.75;133,200.25;299.5,84;115.5,197.25;227.25,203;275.25,22.75;294.75,186.25
9051;40.25,239;97.75,251.5;133,200.25;262,111.25;78,190.5;200.75,177.75;275.25,21.5;294.75,186.25
7123;37.75,200.5;86.25,269.5;136.5,239;246.75,101.25;105.25,199;200.75,177.75;275.25,21.5;294.75,186.25
27508;63,219.5;105,284.25;124,202.5;247.75,101.75;141.5,198.5;200.75,177.75;274.75,21.5;294.75,186.25
29268;63,219.5;105,284.25;117.5,213;247.75,101.75;148.25,202.75;186.25,135.5;258.75,5.25;337.5,160.75
42421;65.5,222.5;104.75,284.75;117.5,213;269.25,105.75;148.25,202.75;184,178.25;260.5,16.75;348,145.75
37486;65.5,222.5;104.75,284.75;161.5,224.75;269.25,105.75;169.25,223.25;184,178.25;294.25,38;328.25,128.5
45018;56,202.5;104,284;156.5,249.25;273.5,92.25;184,178.25;196.25,226.75;294.25,38;328.25,128.5
48293;21,177;103.25,284.75;166,278.75;289,73.25;184,178.25;219.5,261;294.25,38;351.5,142.75
16840;4.75,154.25;115.25,279.5;162.25,322.25;289,73.25;205.5,178.25;219.5,259.75;294.25,38;358.75,148.25
19476;26,127.5;99.25,308.5;162.25,322.25;268,113.5;168.25,196.25;219.5,259.75;318,47.75;339.75,124.25
18213;26,127.5;99,309;195.5,299.25;304.25,137.25;139.5,172;219.5,259.75;312,86.5;339.75,124.25
45213;62.5,122.75;99,309;169.5,303.75;303,113.75;139.5,172;219.5,259.75;313.75,101;339.75,124.25
14541;80.25,142.75;113.75,311.5;165.5,309;283.25,104.75;139.5,172;228.5,256.75;313.75,101;324,139.75
50512;80.25,142.75;113.75,311.5;165.5,309;297.25,92.75;139.5,172;272,274.25;306,85.5;338.25,133
41625;80.25,142.75;138.25,317.5;172.75,267.25;303,55.5;139.5,172;272,274.25;300.75,38;302.75,153.5
21595;44.5,137.25;138.25,317.5;172.75,267.25;303,55.5;149.75,186;274,246.5;277.5,36.25;328.75,180.75
49035;44.5,137.25;124,284;172.75,267.25;303,55.5;118.5,156.25;273.25,246.25;293.5,50.5;318.5,197.5
27088;44.5,137.25;136.5,265;181,248;331.75,37;89.25,137.25;273.25,246.25;293.5,50.5;318.25,155.5
37100;65,159.75;129,246.75;215,259;323,64.75;89.25,137.25;273.25,246.25;293.5,50.5;318,154.75
42136;65,159.75;106.5,284.25;215,259;316.75,75.5;89.25,137.25;285,216.75;321.5,82;352.5,184.75
49086;65,159.75;110.5,244;244.5,272.75;315.75,75.25;77.25,160.75;282,176;320,82.75;352.5,184.75
33124;65,159.75;126.5,205.25;243.5,271.75;315.75,75.25;64,177.25;282,176;329,116.25;352,160.25
14774;52.25,159.75;126.5,205.25;259.5,256.75;294.25,74.25;80,184.5;294,143.25;335.5,129.5;352,160.25
48430;50.75,123.5;126.5,205.25;261.25,232.75;269,104;80,184.5;291.75,99.5;335.5,129.5;352,202
43725;50.75,123.5;126.5,205.25;261.75,231.5;305.75,115.5;40.5,190.5;266.5,95;336.5,161.75;352,202
3077;60.5,133.75;87.25,213.75;249.75,264.25;267.25,106;40.5,190.5;253.5,97.25;336.5,161.75;352,202
25459;81,135.25;93.25,177.25;253.25,267;274.75,134.25;21.5,178;254.25,96.5;336.5,161.75;352,202
35566;77.5,97.25;114,164.75;262,270.25;277.5,129;21.5,178;254.25,96.5;354.75,196.75;358.75,233.75
16770;111.75,109.5;147,139.75;248.25,299;284.5,143;40.5,176.25;254.25,96.5;354.75,196.75;358.75,233.75
46802;107.75,120.25;115.5,114.5;248.25,298.5;307.5,113;40.5,176.25;254.25,96.5;345.75,205.25;358.75,233.75
47317;107.75,120.25;115.5,114.5;248.25,298.5;280.5,144.75;8.75,145;282,127.75;304,197.5;358.75,234.5
41943;112.75,120.75;115.5,114.5;248.25,298.5;272.75,142.75;8.75,145;283.25,127.75;324.5,205;343.25,278
46375;110.25,166.75;151.75,127.5;248.25,298.5;272.75,142.75;8.75,145;283.25,127.75;354,186.25;365.25,278
14639;82,128.25;151.75,127.5;248.25,298.5;319,160.25;36.5,146.25;235.5,149;354,186.25;364.5,266.75
49809;114.25,114;151.75,127.5;248.25,298.5;283.75,143;36.5,146.25;212.75,177.5;324,207;364.5,266.75
29459;115.25,120.25;171,85.5;222,291.25;283.75,143;54,130.5;191.75,166;324,207;341,257
2064;115.25,120.25;171,85.5;204.25,278.75;296,148.75;33.75,119.25;187,175.5;288,185.75;342.75,257.25
49877;115.25,120.25;171,85.5;204.25,278.75;274.5,165;4.75,112.25;196.5,173.5;307.75,204.5;349,294.75
2611;118,124.25;171,85.5;200.75,259;274.5,171.5;4.75,112.25;213,211.5;282.25,222.75;321.5,287.5
43516;86.75,86;171,85.5;200.75,259;274,171.5;9,145.75;213,209.75;293.75,198.75;311.25,242
1971;85,84.75;171,85.5;173.25,225.5;269.25,169.5;15.75,120.25;213,209.75;300.5,195.25;311.25,242
48220;43.5,61.75;139.5,92.75;218.25,218.75;250.25,168.25;15.75,120.25;214,208.25;300.5,195.25;311.25,242
9141;79.75,26.75;101.25,86.25;218.25,218.75;249.5,167;15.75,120.25;195.5,174.75;297.5,174.75;330,207.25
6112;53.5,16.5;101.75,86.25;218.25,218.75;282.75,165.75;58.5,112.5;174,160.5;297.5,174.75;348.25,205.25
37062;56.25,4.25;86.5,91.25;216.5,219;282.75,165.75;80.5,109;168,148;265.75,157.5;348.25,205.25
12665;76.5,13.5;93,102.75;216.25,223;274.5,180;80.5,109;168,148;251,121;348.25,205.25
30366;77.25,19.5;93,102.75;202.5,191;278,164.75;82.5,73.25;143,165.5;225.5,116.75;348.25,205.25
18309;45.25,32.5;93,102.75;242.5,182;262.25,203.75;104,35.5;143,165.5;269.75,94;314,184.75
5313;45.25,32.5;90,113.25;218.25,218.75;261.25,203.75;77,20.5;90.5,170;269,97.75;314,184.75
6282;12.75,8.25;79,77.75;218.25,218.75;261.25,203.75;77,20.5;98,137.25;246.75,77.5;334.25,150.75
113;12.75,8.25;96,59.75;186.75,231.5;258.5,203.75;91.25,7.5;105.75,125.25;246.75,77.5;303.75,152.5
33249;12.75,8.25;84,97;203,259.5;255.75,153.75;100.75,41.5;101.25,124.75;213.25,46.75;303.75,152.5
29344;12.75,8.25;73,70;203,259.5;265.5,178.25;94,26.25;101.25,124.75;242,41.5;285.25,137.5
43765;33.25,9.5;90,86.25;185.25,219.5;281,144;94,26.25;101.25,124.75;243,77;270.5,93.25
30635;7.25,43.25;90,86.25;195.75,269.5;330,149.75;94,26.25;101.25,124.75;267.75,42.5;269,97.75
15982;7.25,43.25;72.25,70;195.75,269.5;339.25,131.5;86.5,26.25;101.25,124.75;232.25,36.25;241.75,73
17790;7.25,43.25;82.75,91.75;225.5,231;343.75,162;46,21.5;124.5,97.75;232,36.5;241.75,73
40497;11.75,4.25;110,90;225.5,231;353.75,185;46,21.5;103.75,68;205.75,46.75;219.75,106.5
39876;44,31;110,90;225.75,230.5;326.5,216.25;46,21.5;101,35.25;205.5,72.25;231.75,116.75
4209;34.25,9;130.5,124;221.25,239.25;337.75,225.5;46,21.5;101,35.25;243,81.25;268.25,109.75
42759;13,45.5;108.75,168.25;225.25,204.5;337.75,225.5;15.5,18.75;88.75,32;233,80.75;268.25,109.75
39616;14,45.5;108.75,168.25;225,185;291.75,245.25;21.5,28;39.5,28;233,80.75;310.25,87.25
24357;5,54.75;74.75,183.5;216.5,217.25;292.25,244.75;21.5,28;39.5,28;251.75,97.75;332.5,66
49289;4.75,54.25;61,209.25;216.5,217.25;292.25,244.75;21.5,28;68.25,9;241,73;331.5,81.5
10939;3.25,62.25;61,209.25;239.5,217.25;277.75,276.5;20.5,68.75;68.25,9;236,71.5;331.25,82.75
13370;5.75,57.5;61,209.25;282,229;284.5,260.75;22.25,109.5;68.25,9;236.25,71;356.5,82
35131;44.5,46.75;89,238;256.75,194.25;261.75,305.25;22.25,109.5;92.75,25.25;236.25,71;354.5,45
45288;44.5,46.75;83,256.5;230,184;261.75,305.25;22.25,109.5;108.5,53.75;236,71.5;349.25,79.25
8639;44.5,46.75;50.75,238.75;231,183;261.25,305.5;13.75,144.75;147.25,52.25;219.25,66.25;349.25,79.25
8783;44.5,46.75;58.5,243.25;240,217;261.25,305.5;27.75,119.25;156.25,68.25;218.75,66;349.25,79.25
8969;25.25,93.25;58.5,243.25;240,217;261.25,305.5;53.25,148.5;110.25,55.25;175.25,95;354.25,50.5
22826;41.75,85.5;59,239.5;240,217;284.5,286.75;84,168.5;108.25,55.25;215,105.75;354.25,50.5
46040;41.75,85.5;59,239.5;248.75,259.75;258.5,302.25;81.25,149;108.25,55.25;238.25,141;354.25,50.5
49608;41.75,85.5;66.25,242.25;248.75,259.75;300.75,317.5;74,177.25;116.75,54.25;270.75,166.75;354.25,50.5
5336;41.75,85.5;88.75,273.5;248.75,259.75;300.75,317.5;84.5,167;139.75,29.25;292.25,171.25;354.25,21.5
47577;6,93.75;89.5,273.75;248.75,259.75;300.75,317.5;84.5,167;150.25,32.25;314,159;343.75,31.5
38059;5,91.75;116.25,257.75;218.5,244.75;300.75,317.5;120,140.5;150.25,32.25;266.5,170;316.5,17.75
6144;8,105.75;116.25,257.75;218.5,244.75;300.75,317.5;139,156.75;172,40;309.75,162.25;351.75,14.5
47979;7,60;116.25,257.75;218.5,244.75;300.75,317.5;171,148;200.25,39.75;334,206;349,19.25
29204;7,60;87.5,243.5;212.25,243.25;342.75,314;170.5,148.5;245.75,71.5;334,206;349,19.25
48921;50.75,56.5;76.25,287.25;177,265.5;342.75,314;170.5,148.5;241,114.25;296.25,184.75;349,19.25
46882;47,9.25;76.25,287.25;150.75,299.25;359.5,294;170.5,148.5;219.75,143.75;296.25,184.75;349,19.25
29939;39.5,31;90,309.5;150.75,299.25;365.25,321.5;170.5,148.5;244.5,174;296.25,184.75;351.75,55.75
1622;39,32.75;114.75,283.5;149.25,265.25;359.5,294.5;170.25,148;244.5,174;336,149.5;351.75,55.75
11156;22,63.25;114.5,303.75;165.25,260.25;362,272.25;170.25,148;244.5,174;302.25,121.25;351.75,55.75
46146;48.75,54.5;71.5,286;165.25,260.25;362,272.25;170.25,148;248.75,174.25;343.25,97.25;347.5,81.25
13848;30.25,15.25;71.5,280.75;146.5,226;330.25,280;126.75,140.25;218,166.75;343.25,97.25;347.5,81.25
12931;30.5,15.5;71.5,280.75;130,188.75;365.75,310.25;145.25,181;218,166.75;343.25,97.25;357.25,82.25
16131;45.25,45.75;60.5,241;99.25,190;363.5,275.75;145.25,181;193.75,197;313,86.5;357.25,82.25
49572;45.25,45.75;60.5,241;66,190;363.5,275.75;157.25,202.75;171.5,197;312.5,84.75;359.25,55.75
44433;45.25,45.75;60.5,241;73.5,145.5;351.25,320;148,175;161.25,223.5;312.5,84.75;353.75,69
25848;45.25,45.75;60.5,241;76.25,125.25;351.25,320;97.25,191;172.5,215;285.75,42.5;334,38.5
42865;21.5,62.25;60.5,241;79.25,122.25;320.25,300.5;65,174.5;172.5,215;273,12.75;334,38.5
48231;21.5,62.25;73.5,256.75;78.5,121.75;320.25,300.5;78.75,151.75;141.75,221.25;240.75,15.5;334,38.5
30549;28.75,100.25;73.5,256.75;84,96.5;317.25,315;77.75,150.5;141.75,221.25;269,42.75;334.5,9.25
32006;48.25,56;54.75,247.75;131.5,100.75;317.25,315;79.25,111.25;125.75,273.5;258,9.75;334.5,9.25
32997;12.5,32.25;32,238.75;133.5,128;282.25,322;53,91.75;128.75,279.5;258,9.75;334.5,9.25
31549;12.5,32.25;46.5,269.5;137.5,89.75;261.25,322.25;9,95;128.75,279.5;258,9.75;328,32.25
8366;37,35.75;57,252.75;137.5,89.75;305.5,302.5;9.25,142.5;110.25,252.75;258,9.75;328,33.25
31359;38,36.5;61,252.75;144.25,76.25;305.5,302.5;12.75,136.75;74,267;258,9.75;313.25,48.25
49274;38,36.5;55.25,249.5;134,101.25;305.5,302.5;21.25,102.75;45,291;252.25,10.75;342.25,66
3918;38,30;55.25,249.5;101,82.25;299.5,319;17.5,101.75;45,291;263.5,4.75;321.75,89.75
39692;38,30;62,202.25;95.25,32.5;328.25,318.5;31.75,78.75;45,291;254,31.5;321.75,91.75
23236;38,30;100.75,229;108.25,42.25;328.25,318.5;13.5,41;58,236.5;253.5,32;321.75,91.75
10080;38,30;90,257;143,35.25;345.25,311.75;13.5,41;41,278.5;244,70.75;348.25,81.25
6670;39,32.75;110.25,236.25;141,35.25;345.25,311.75;34.75,46.75;36.5,311.25;238,45.75;348.25,81.25
45515;59.75,74.75;110.25,236.75;158.5,29;321.75,294.5;10.75,46.5;14.25,279.5;238,45.75;348.25,81.25
1897;59.75,74.75;124.5,275;187.75,3.75;321.25,294.75;10.75,46.5;15.25,318.5;226.75,16;324.25,45
13237;63,86.5;123.75,274.75;156.75,29;366.25,311.5;9.25,47;38,310.75;226.75,16;324.25,45
24860;62.75,91.5;136.5,291;156.75,29;330.75,300.5;20,49.25;38,310.75;262,14.25;328.25,60.25
13981;62.75,91.5;136.5,291;156.75,29;339.5,254.5;5.5,92;20,289.25;292,26.25;352.75,66
24231;26.25,114;138.25,291;168.25,8.75;326.75,224.25;5.5,92;37.5,278.25;290.5,27.5;352.75,66
4686;1.75,81;138.25,291;208.25,16;353.75,257;9,135.75;37.5,278.25;290.5,27.5;352.75,66
33982;39.75,91.75;115.75,250.25;240.75,38;300.75,248.5;9,135.75;20.25,286.5;291.75,27.5;352.75,66
23745;47,74.75;112.75,223.5;240.75,37.5;298.5,208.5;9,135.75;20.25,286.5;291.75,27.5;333.75,59.25
923;47.25,34;74,200;250.25,68.75;298.5,208.5;13.75,112.25;20.25,286.5;296.25,34.5;308.5,84.25
45696;50,32.5;74,200;289.25,75.75;298.5,208.5;27.75,69.75;67.75,274.25;296.25,34.5;303.75,130
46626;50,32.5;113.75,169.75;289.25,75.75;298.5,208.5;29.5,76.75;37,309.25;280.5,35.5;334.75,128.5
37253;51.25,32;79.75,184.25;269.25,72.75;318.75,208;4.75,58;37,309.25;280.5,35.5;350.75,169.75
24670;39.25,30.75;114.75,213.5;269.25,72.75;278,230.5;29.25,87.5;37,309.25;280.25,31;358.25,199.5
31416;39,32.75;121,213;295.5,85.5;311.25,220.75;29.25,87.5;37,309.25;280.25,31;328.5,190.75
5332;5.75,50.75;120.25,225.75;269.5,69;304,249.75;29.25,87.5;37,309.25;280.25,31;283.25,187.75
44634;0.5,85.25;94.25,232;249.5,67;303.75,249.25;29.25,87.5;37,309.25;245,36.25;283.25,187.75
24093;3.25,87;94.25,232;233.25,35.75;334.75,279.5;40,46;61,322;244.25,37.5;283.25,187.75
9694;16.75,81.75;85.5,222;270,28.5;357,273.5;8.75,38.25;84.5,302.5;244.25,37.5;283.25,187.75
14818;35,119.25;85.5,222;288.5,73.5;357,273.5;8.75,39;102.25,313.75;244.25,37.5;288.5,187.75
47939;27.25,152.75;38,221.75;286,52;357,273.5;8.75,39;69.75,296.5;244.25,37.5;298.25,207.5
23709;27.25,152.75;63,188;293.5,52;351.5,241.5;2.75,3;23,292.5;244.25,37.5;298.25,207.5
2005;6.5,173.5;99,188.5;293.5,52;351.5,241.5;8.75,33.75;28.5,262.5;216.25,22.75;295,207
9030;38.75,138.5;104.75,213.5;300.75,54.5;344.5,209.75;8.75,33.75;28.5,262.5;229.5,62.25;295,207
31725;31,113.75;104.75,213.5;288.5,75.25;347.25,167.75;27.5,69.5;28,265.25;229.5,62.25;278,223.5
1890;39.25,108.25;104.5,254.5;290.5,113.5;361,128;10.75,109.5;28,265.25;229.5,62.25;278,223.5
44764;39.25,108.25;137.5,226.5;259,134.25;355.25,112.75;10.75,109.5;37.75,251.25;228.25,55.25;278.5,223.75
338;74,87;162.5,223;260.25,135.5;316,113.75;18.75,122.75;37.75,251.25;228.25,55.25;291.5,195.75
37195;79.75,85;162.5,223;286.5,144.25;287,106.25;18,120.5;37.75,251.25;225.25,56;300,235.5
46775;79.75,85;158.75,193.25;286.5,144.25;287,106.25;18,120.5;44.5,248;238.25,15.75;322.75,221.5
10472;79.75,85;137.25,191.5;286.5,144.25;298.75,115.75;18,120.5;19.75,288;238,29.25;287.75,186.75
1668;86.25,83.75;136,189.75;270.25,130.5;332,141.25;36.25,138.5;41.75,318;238,29.25;287.75,186.75
43257;86.25,83.75;136,189.75;236.5,111;308.75,132.25;36.25,138.5;45.25,317.75;238,29.25;253.75,184.5
27793;85.25,79.25;136,189.75;235.5,128.75;308.75,132.25;44.25,162.25;45.25,317.75;263.5,51.5;266.5,198.75
47094;89.75,86.25;141.75,149.5;235.5,128.75;336,143.5;38.25,188.25;45.25,317.75;263.5,51.5;264.75,238.5
26557;89.75,86.25;108.25,128;229,127;355.5,138;38.75,178.25;45.25,317.75;254,77;258.75,203.75
12658;53,63.25;91.75,141.75;230.5,129.25;355.5,138;33.25,189.25;45.25,317.75;246.25,106.5;258,203
47704;53.5,64.25;91.75,141.75;191,144.5;331,134.5;33.25,189.25;81.25,316.5;229.75,121.25;258,203
23854;76.25,86.5;96.75,163.75;162.5,162;339.75,133.75;33.25,189.25;118.25,323.5;229.75,121.25;275.75,194.75
43877;38.75,83;97.75,163;136.25,178;306.75,155;33.25,189.25;79,306.25;229.75,121.25;275.75,194.75
49898;9,103.75;93.25,177.25;136.25,178;306.75,155;62,223.25;79,306.25;227.75,121.25;267.25,197.5
33791;9,103.75;63.25,146;153.25,223.25;265.75,133.75;20.75,203.25;79,306.25;227.75,121.25;231,199
44425;9,103.75;63.25,146;153.25,223.25;271.75,106;49.5,172.75;81.25,304.75;218.75,106.25;229.75,207.75
44252;9,103.75;71,141.75;153.25,223.25;310.25,112;49.5,172.75;113,294;178,114.5;252.25,197
1153;19,123.25;71,141.75;115.75,250.25;296.25,75.5;49.5,172.75;90,281.75;146.5,79;252.5,198.5
16220;16.5,123.25;91.5,142.25;105.25,213.75;296.25,75.5;49.5,172.75;90.25,320;158,59;252.5,198.5
42495;16.5,123.25;61.25,157.5;75.5,176;285.25,75.5;4.75,173.5;90.25,320;143.25,32;252.5,198.5
47923;16.5,123.25;37.25,197.75;89.75,181.5;285.25,75.5;14.5,202.25;88.5,284.25;94,33.25;252.5,198.5
13142;16,144.25;34,243.25;82.75,214;285.25,75.5;14.5,202.25;103.25,316.5;138.5,52;252.5,199
43521;16,144.25;34,243.25;63.5,230.5;289.75,114.75;30.5,216;82,306.75;138.25,55.75;252.5,199
5809;35.5,129.75;40.5,270.75;63.5,230.5;279,117.5;8,241.75;117.25,293;138.25,55.75;216,211.75
40377;10.25,144.75;48,235;69,276;279,117.5;31.25,283.25;117.25,293;120.5,39.25;217,211.75
4049;10.25,144.75;48,235;80.5,280.75;280,117.25;20.25,297.25;101.5,300.5;153.25,7.75;244.5,174.5
40464;10.25,144.75;32,196.25;122.25,270.5;306.5,135.75;3.75,280;101.75,300;130.75,40.75;244.5,174.5
38846;17,177.25;34.25,168.75;154.75,259.25;306.5,135.75;11.5,241.25;101.25,300;130.75,40.75;235.25,192
23174;22,177;55.5,178;155.75,248;295,134.75;11.5,241.25;101.75,300;130.75,40.75;196.5,173.5
32674;2.75,170;58,148.5;144,224.25;295,134.75;11.5,241.25;101.25,300;131.25,40.5;162.75,185.5
4838;2.75,170;58,149;104.75,196.75;336.5,142.75;34,242.75;101.25,300;116,36.25;140.25,199.25
2775;4.25,170.5;58,149;105,196;359,180;61,208;77.5,285;85.25,20.5;140.25,199.25
40616;4.25,170.5;58,149;95.25,175.25;332.25,186.5;22.5,203.25;77.5,285;85.25,20.5;112.5,224.75
24212;11.25,124.5;79.25,141.5;85,142.5;332.25,186.5;22.25,197.75;50.5,276.5;104,15;112.5,224.75
28939;35.25,110.25;79.25,141.5;126.25,144;282.5,167.25;17,203.75;46,308.25;104,15;161.25,221.25
38082;32.75,145.25;89.25,175.75;126.25,144;272,148;16.5,204;55,297.5;65.75,11.5;161.25,221.25
30927;34.5,144.25;87.5,222.5;165.5,147;297.5,157;16.5,204;17.75,297.5;55,7;161.25,221.25
18405;22.5,127.5;92.5,238;174.75,134.75;258.25,169.75;16.5,204;17.75,297.5;91,21;161.25,221.25
31548;22.5,127.5;67,248.75;164.75,177.5;232.75,208;16.5,204;30.25,306;91,21;141,184.25
28143;22.5,127.5;98.75,255;208.25,178;246,244;27,203.25;30.25,306;78.5,44.25;172.25,161.5
44548;30.25,169.75;96.75,256.5;208.25,178;244.75,283.25;48.75,249;80.25,320.25;92.5,25.75;172.25,161.5
4688;49.75,126;136.75,227.75;206,179.25;245.5,283;61.5,207.75;80.25,320.25;83.75,58;172.25,161.5
39003;68,123.25;154.25,226;222,186;245.5,283;61.5,207.75;79,285;82.5,55.75;172.25,161.5
42665;85.5,116.25;154.25,226;222,186;243.5,282.25;61.5,207.75;64,269.75;75.75,89.25;144.25,193.25
17647;68.5,75.75;110.5,198.75;234.5,135.5;248.75,258.75;13.75,202;64,269.75;75.75,89.25;164.25,160.5
33696;39.75,106.5;85.5,183.75;235,136.5;248.75,258.75;16,172.5;37.25,250.75;75.75,89.25;187.75,173
12110;35.5,106.75;85.5,183.75;262.25,109;287.5,275.25;18.5,172.25;37.25,250.75;77.75,88.75;173.5,165
10094;35.5,106.75;74.5,140;267,103.5;286,317.5;18.5,172.25;58.25,248.5;77.75,88.75;217.5,165.75
48288;38,94.5;74.5,140;295.5,85.5;317.75,300;18.5,172.25;58,249.25;111.25,49.75;221.5,148
28664;25.75,80.25;74.5,140;276.5,102.25;319,277.25;17,203.25;58,249.25;111.25,49.75;236,118.5
46963;12.75,79.5;73.25,136.75;244.5,81.5;336.25,269.75;23.25,207.25;58,249.25;111.25,49.75;238,143.5
19876;36,61.75;70.5,145.25;285.25,72.5;341.5,271;23.25,207.25;58,249.25;138.25,12.5;263.25,120.25
45226;59,92.5;67.75,153.75;285.25,72.5;357.25,306.25;23.25,207.25;72,283.5;138.25,12.5;262.75,120.25
39372;60.25,131.5;63.5,159.25;269,59.5;357.25,306.25;15,252.75;72,283.5;166.25,26;232.25,132.5
45640;32.75,97.75;67,123;269,59.5;357.25,306.25;8.75,280;52.5,247;166.25,26;230,114
4992;32.75,97.75;67,123;228.75,46.25;353.25,267;4.5,288.25;84.75,221.75;151.25,53.5;249.5,121
40132;32.75,97.75;67.5,102.75;229,40.75;359.5,295;4.5,288.25;83.5,222.5;155.5,50;292.25,122.75
45030;32.75,97.75;80.5,59.5;240.5,41.5;359,296;14.5,311.25;126,228.5;155.5,50;248.25,133.75
44234;17,100.75;80.5,59.5;240.5,41.5;331.5,321.25;60.25,289.25;148.5,224.75;155.5,50;226.25,135.25
45792;1.75,64.25;73.25,70;240,42;331.5,321.25;52.75,276.5;128.75,196.5;155.5,50;218.5,156
48378;31.5,39.25;73.25,70;240,42;343.25,320.5;52.75,289.25;104.75,230.75;127,73.75;218.5,156
13044;30.5,40.25;73.25,70;261.25,28;343.25,320.5;55,247.5;117.5,253.75;151,88.25;260.5,163.75
8245;30.5,40.25;73.25,70;253.25,19.75;317.75,315;55,247.5;125.5,259.25;142.5,51.5;290.75,175.75
44211;53.25,44.25;73.25,70;256.5,37.75;317.75,315;16.25,254.75;125.5,259.25;139,50.5;289,187
47110;26.75,43.25;73.25,70;256.5,37.75;284,322.75;9.25,248.5;125.5,259.25;139,50.5;314.25,210.75
22103;51.75,54.5;70.25,43.25;247.25,18.5;284,322.75;24,226.5;125.5,259.25;139,50.5;303.75,233.75
1552;51.75,54.5;69.75,42.75;215,12.75;251.75,298.75;24,226.5;113.5,304.25;119.5,74.25;297.75,225.5
14923;51.75,54.5;62.25,6.25;214.75,11.5;260.5,297.5;35.25,252.5;97.25,281.5;128.25,41.75;297.75,225.5
49177;48.25,58.75;73.5,28.75;172.75,18;260.5,297.5;35.25,252.5;83.5,268.5;129,42;297.75,225.5
26908;9.75,24.25;74.25,29.5;136.5,20.25;312.25,301.5;35.25,252.5;84.75,270.25;179.25,49.25;297.75,225.5
4659;7,64.25;74.25,29;136.5,20.25;305.75,287.75;35.25,252.5;82.75,248.25;192.25,22;276.75,235
47572;7,64.25;74.25,29;131.5,20.5;262.5,256.75;35.25,252.5;61.5,202.5;228.75,50;299,267.25
47668;6.75,64.5;74.25,29;131.5,20.5;277.5,237.25;35.25,252.5;77,190;255.25,17.25;305.5,233
49445;6.75,64.5;116,33.5;151.5,33;288,263.25;35.25,252.5;73,188.75;268.5,65.75;305.5,233
45518;6.75,64.5;116,33.5;186.75,5.5;288,263.25;16.5,252.5;73,188.75;233.25,70;327.5,206.75
22245;6.75,64.5;116,33.5;217.25,37.5;258.25,289.75;16.5,252.5;74.5,180.25;278.5,59.75;347.75,166.25
19330;6.75,64.5;142.25,74.75;167.25,46.5;258.25,289.75;8.25,203.5;71.75,204.5;238.25,53.25;347.75,166.25
701;6.75,64.5;140.75,74.75;179.5,50.5;212,311;8.25,203.5;59.25,216;238.25,53.25;352.75,203
37125;18,24.25;140.75,74.75;179.5,50.5;198.5,279.75;27.5,203.5;57.75,216.75;212,99.5;352.75,203
8629;18,24.25;151.75,91.25;178.25,53.75;192,238.75;49.75,248.25;65,265.75;230.5,116.5;352.75,203
45256;18,24.25;176.25,113;178.25,53.75;190.25,235.75;49.25,198.75;55.5,307.5;193.75,96;352.75,203
7888;14.25,24.75;164,97.25;178.25,53.75;207.25,202;24,197.5;55.25,304;226.5,65.5;352.75,203
47077;5.25,3.25;151.25,85;178.25,53.75;246,176.75;24,197.5;55.25,304;225.25,70;352.75,203
29368;42,30.5;116.75,78.75;198,73.5;258,219.25;3.5,243.5;43.25,310.75;225.25,70;352.75,203
24955;42.25,13.75;117.25,79.5;212.5,75;275,255.25;18.75,253;43.25,310.75;243.25,76.25;352.75,203
14156;42.25,13.75;117.25,79;212,56;289.25,293;18.75,253;28.5,307.5;285.75,93;310.25,221.5
7269;42.25,13.75;152.75,61.25;212,56;255.25,302;19,253.5;27.5,307.5;301.25,121.75;316.25,237.25
46066;42.25,13.75;169.5,49.25;212,56;271.25,248.5;19,253.5;27.5,307.5;293.5,92.25;348.75,277
16666;39,30.5;210.25,49;242,44.75;271.25,244.5;19,253.5;27.5,307.5;318,139.75;348.75,277
5720;4,64.25;210.25,49;242,44.75;252.25,293.75;20.25,294;45.25,273.5;289.25,185.75;353.75,313
45290;2.75,6.25;184,42;211.75,77.25;252.25,293.75;20.25,294;45.25,273.5;257.5,223;354.25,313.25
14619;2.75,6.25;166.75,101.25;183.75,43.5;287.25,274.25;20.25,294;79.75,248.75;259,223.25;364.25,267.25
11081;2.75,6.25;166.75,101.25;198.25,63.25;287.25,274.25;11.75,291.5;23.75,246.75;283.25,218.25;323,242.5
28728;2.75,6.25;141.5,127.75;194.25,59.25;307,287.25;11.75,291.5;20.75,229.25;314,241;324,211.75
27996;2.75,6.25;99.75,127.75;202,48.75;300.75,302;6.5,291.5;20.75,229.25;302,206;319.25,196.75
44637;2.75,6.25;136.5,127.25;179,37.25;327.75,319.5;6.5,291.5;20.75,229.25;300.5,186.75;337.25,190.75
983;2.75,6.25;136,126.75;179,37.25;343.25,318.25;5.25,315.5;22.5,249.75;335.75,196;338.5,199.5
9112;2.75,6.25;84.5,141.5;229,35.25;340.75,270.75;3,315.5;26,206.25;334.5,198;338.5,199.5
20277;2.75,6.25;58,153.75;229,35.25;352.5,263.25;5.25,279;60.5,237;291.75,172.25;336.5,199
49318;2.75,6.25;36.25,133.25;229.5,11.25;352.5,263.25;13,271;91.75,221.25;291.75,172.25;318.25,199.75
19119;2.75,6.25;36.25,133.25;273,24.75;352.5,263.25;39.5,292.5;129.5,197.25;293.75,141.25;316.5,181.75
44815;2.75,6.25;37.75,132.25;255.5,58.25;352.5,263.25;10.5,307.75;129.5,197.25;306.25,131.75;331.5,162.25
975;39.75,14;49.25,171.5;227.25,81;362.75,228.25;10.5,307.75;141.5,198;305.5,133;331.5,162.25
38229;40.75,15.25;79.75,175.5;263.75,94.75;362.75,228.25;10.5,307.75;153.75,221;256,144;340.5,142.75
41752;51.25,4.25;92.5,174.75;263.75,94.75;352.5,224.5;10,304;181,241.75;261.75,141.25;340.5,142.75
1018;57.5,9.25;91,170.75;240.25,71.5;352.5,224.5;10,304;181,241.75;306,151;320.25,163.5
8281;57.5,9.25;85.75,149.25;220.25,55;357.25,224.5;10,304;153,192;266.25,169.75;320.25,163.5
49611;57.5,9.25;74.5,127.25;210.75,8.5;369,188.25;11,269;152.5,191.25;266,168.5;320.25,163.5
13655;54,12.75;73.5,127.25;219.5,36;369,188.25;11,269;194.25,173.25;284.5,216.5;333,181.25
431;2.5,25.5;73.5,127.25;222.25,12.75;323.25,192;5.5,307.5;194.25,173.25;266.25,169.75;333,181.25
20864;2.5,25.5;83.5,90.5;259.25,42.5;286.5,165.5;9.5,296.25;216.75,174.25;266.25,169.75;352.5,150.5
6545;4.75,8.75;49.75,58.5;264.75,95.25;326.5,157.5;9.5,296.25;202.5,173.25;266.25,169.75;352.5,150.5
42464;4.75,8.75;9,84.25;297.25,74.25;349.75,198.5;6.5,293;180.75,165;266.75,170.75;352.5,150.5
26659;4.75,8.75;43,113;294,80.25;364.25,161.75;6.5,293;161,189.75;219.5,156;352.5,150.5
40886;4.75,8.75;69.25,154.25;294.5,80.75;364.5,160.5;8.5,303.25;180.5,186.5;239.25,115.75;352.5,150.5
46127;17.75,29.75;113.5,162.75;294.5,80.75;364.5,160.5;8.5,303.25;187.5,175.5;286.25,126;340.5,139.75
45722;8.75,59.25;118,123.75;319.75,56.25;364.5,160.5;8.5,302.75;187.5,175.5;286.25,126;333.5,115
25963;4.25,95.5;130.25,137;319.75,56.25;355.5,177.25;8.5,302.75;202.5,172.75;286.75,125.25;333.5,115
690;4.25,95.5;164.5,118;319.75,56.25;355.25,177.75;15.75,303.5;225.75,188.25;286.75,125.25;350,80
17930;9.25,139.75;164.5,118;294.25,52;323.5,188.25;15.75,303.5;220,149.5;299.75,121.5;338,115
17989;9.25,139.75;180.25,88.25;256.75,60.75;326.75,227.25;10.5,270.5;219.75,148.5;299.75,121.5;339.5,148
49188;57,137.25;211,106.75;280,61.5;326.75,227.25;10.5,270.5;212.5,189.75;299.75,121.5;308.5,169.75
34582;74.5,148;243,135.5;292.75,57.5;326.75,227.25;54,260;213,189.75;288.75,114.75;308.5,169.75
6737;74.5,148;277.25,149.25;292.75,57.5;326.75,227.25;81.5,253;206.75,207.25;302.5,131.25;319,163.75
6247;74.5,148;246.75,186.5;262.75,97.5;326.75,227;80.75,249.5;190,160.75;301,126.25;319,163.75
41237;74.5,148;206.75,177.25;277.75,71.75;308.5,233.5;80.75,249.5;164.75,160.75;298.75,113.5;319,163.75
21725;74.5,148;206,179.25;299.5,33.5;309.75,232.75;78,285;164.75,160.75;324.75,82.5;337,171
46797;109.25,125.5;171.5,189.75;290.25,42.25;309.75,232.75;120,274.25;144.5,146.25;324.75,82.5;337,171
9853;153.5,125.75;215,195.5;265,59.25;306.25,250.25;120,274.25;143.75,155;325.25,82.75;337,171
30270;153.5,125.75;258.25,200.5;278.25,52.5;305.75,249.5;159.75,257.75;183.25,149.75;325.25,82.75;337,171
25724;153.5,125.75;271.5,166;278.25,52.5;305.75,249.5;201.5,228;212.25,173.5;327.25,58.5;365.75,213
28689;153.5,125.75;236,192.25;277.5,75;305.75,249.5;198.5,276.5;212.25,173.5;320,52.5;348,221.75
3652;153.5,125.75;221.5,189.25;312,63.5;341.75,229.75;186,252;212.25,173.5;317.75,52.5;353.25,222.75
31562;114.5,160.75;244,169.75;292.75,84.25;331.5,197.75;212,275;212.25,173.5;317.75,52.5;353.25,222.75
42165;105.25,160.25;274,129.5;299.25,115.5;352,170;160.5,283;246.5,132.25;317.75,52.5;353.25,222.75
1700;105.25,160.25;256.75,149.5;289,130.75;323.25,150.5;159,245.25;225.5,113.75;338,20.5;353.25,222.75
1438;105.25,160.25;262.5,180;297.5,130;323.25,150.5;148,242;231.25,135.25;338.25,20;353.25,222.75
34730;87.5,139.75;290.5,207;295.25,166;314,160;148,242;231.25,135.25;338.25,20;353.25,222.75
12157;108,110;273,218.75;295.25,166;322.5,149.25;188.5,218;231.25,135.25;311.5,22.75;353.5,222.25
25286;108,110;251.75,261.25;277.75,173;322.5,149.25;185.25,174.75;236.25,133.25;311.25,21;336.75,260.25
30288;144.75,129.5;269.75,256.25;280,172.75;294.5,115.5;189.25,163.5;236.25,133.25;302.25,34.75;336.75,260.25
8473;144.75,129.5;264.75,311;279.5,172.75;294.5,115.5;222.75,172.5;236.75,97;311,32.25;339,261.25
31049;145.75,77.25;257.5,283.25;279.5,172.75;294.5,115.5;174.5,163.5;229.25,49.25;259.75,52.75;335.75,221.75
21778;145.75,77.25;246.25,257.75;280,172.75;288.5,106.5;145,146.5;188.25,21;259.75,52.75;313,199.5
4238;174.75,112;246.25,257.75;280,172.75;285.5,72;171,165;189.25,30.75;237.5,92.25;322.25,160.5
33996;146.25,78;227,235.75;280,172.75;304.75,37;171,165;189.25,30.75;270.5,93.75;296.25,122.25
50289;192.5,83.25;244.5,216.5;280,172.75;283,56.75;168.25,195.5;189.25,30.75;270.5,93.75;321.75,78.5
43161;167,117.5;257,230.5;280,172.75;317,64.75;166,238.5;189.25,30.75;253.25,48.75;321.75,78.5
46131;144,145.25;257.25,230.5;275.5,129.5;332.5,112;166,238.5;189.25,30.75;253.25,48.75;351.75,45
11028;144,145.25;253.25,196.25;278.75,166.25;360.5,128.5;162,222.75;174.5,8.25;252,48;351.75,45
25749;116.25,174.25;244.25,166;313.75,135.75;360.5,128.5;166.75,255.5;173.25,9.5;240,23.75;351.75,45
50154;104.25,204;262,178.75;313.75,135.75;352.25,103.25;145,263;193.25,3.5;240,23.75;351.75,45
43641;104,197;262,178.75;273,123;337,150.75;128.25,282.25;193.25,3.5;286.5,28;352.5,44
35992;126.75,236;260.25,169.75;273,123;328.75,197;128.25,281.75;193.25,3.5;287.25,27.5;352.25,25
31482;135.25,223.75;275.75,201.25;284.75,142.5;328.75,197;107.75,293;168.5,53.25;286.75,27;352.25,25
17275;164.75,260.25;227.25,201;261.25,138.25;314.5,210.5;107.75,293;155.75,71.75;286.75,27;352.25,25
48729;164.75,260.25;213,238.75;270,164;314.5,210.5;102.25,305.25;155.75,71.75;299.75,3;312.5,47
34940;121.75,243;201,189.5;270,164;322,197;102.25,305.25;195.5,95.75;298.25,5;309.25,31.75
5905;115.75,252.25;153.25,183.25;248.5,165.25;329.75,194.25;112.25,284;195.5,95.75;298.25,4.25;309.25,31.75
33504;123.5,275.25;137.25,151.75;230.75,209.25;355.25,209.75;112.25,284;179.75,104.5;298.25,4.25;309.25,31.75
30439;125.5,275.25;137.25,151.75;243.25,182;360.75,246;115.5,259.25;179.75,104.5;313.25,18.25;330.75,52.5
29909;125,304.5;137.25,151.75;288.5,165;362.75,244.75;115.5,259.25;156.5,96;294,57.75;329.25,52
48377;125,304.5;137.25,151.75;279,214.75;363.5,244.75;114.25,252.25;156.5,96;261,17.75;300.5,35.5
10345;120,273;137.25,151.75;279.75,215;363.5,244.75;114.25,252.25;162.25,111.25;219.5,17;312.5,22.5
8360;89.5,256.75;115.25,143;278,166;363.5,244.75;100,267.75;162.25,111.25;207,6.25;312.5,22.5
33204;110,281.75;115.25,143;264.5,135.25;362.75,244.75;101.5,262.75;179,108;187.25,37.25;312.5,22.5
4354;76,255.5;115.25,143;256.75,98;363.5,244.75;101.5,262.75;176.75,105.25;212,5.5;281.25,46.75
33549;55.5,295.5;77.75,140.25;220.75,131.5;363.5,244.75;101.5,262.75;167.25,95;211.75,5.75;261.75,19.5
35332;55.5,295.5;74.75,186.5;220.75,131.5;337.25,258.25;128.5,229;168.25,87.75;211.75,5.75;288.75,13.75
38588;18.25,309;58.5,151.25;220.75,131.5;337.25,258.25;150.25,221.75;209.5,97.25;211,6.5;293.75,62
27294;18.25,309;89,115.75;220.5,131.75;314,294.5;150.25,221.75;207.75,58.5;211,6.5;270.5,14.25
38207;70.5,318.25;90.5,118.5;267.5,138;300.5,303.25;150.25,221.75;208.25,106.5;211,6.5;270.5,14.25
31450;63,294;96.5,162.5;272.75,99.5;302.25,303.25;150.25,221.75;208.25,106.5;211,6.5;257.75,14.25
4506;56.5,294.5;96.5,162.5;267.75,65;268.25,322.75;150.75,225.25;171.5,104.5;211,6.5;262.75,55
34471;56.5,294.5;96.5,162.5;291.75,104.5;311,318.75;150.5,222.5;171.25,105.5;222.75,36;245.25,106.75
6599;56.5,294.5;97.75,163;310.5,91.75;317.5,319.25;150.5,222.5;171.25,105.5;234.25,33;259.5,139.5
42516;56.5,294.5;105.25,126.25;294.75,115.75;337,284;131.75,197;171.25,105.5;234.25,33;258,163.25
47723;84.25,266;113.25,111;320,105.5;337,284;134.75,229.25;193.75,96.5;234.25,33;258,163.25
35323;83.25,266;113.25,111;306,102.25;336.5,281.25;109,244.75;213.75,65;234.25,33;260.5,201
41528;83.25,266;85.5,119.5;310.75,115.5;363,297;109,244.75;234.5,33.25;254,70;260.5,201
18257;42.75,261.5;60.5,91.5;293.25,120;363,297;109,244.75;220.5,78.25;253.75,94.25;261.25,202.25
31213;29,266.25;37,119.25;318.75,155;362.5,296;109,244.75;220.5,78.25;256.75,67;261.25,176.5
34028;29,266.25;84.75,90.25;331,150.25;352.75,288.5;106,281;244,76;260.75,17.75;261.25,176.5
42140;28.5,266.25;87.5,62.75;331,150.25;362.75,275;106,281;236,71.5;278.25,18.75;278.25,184.75
26558;28.5,266.25;85,20.75;331,150.25;352.75,257;106,264.25;236,71.5;287.75,42.5;292.75,199.25
34732;36,295.25;62.5,36.75;291.5,127;365,228.25;106,264.25;236.25,71;287.75,42.5;302,194.75
46329;34,296;53.75,47.25;300,112.25;364,242;106,264.25;236.25,71;267.5,53.75;302,194.75
32801;33,295.25;63.25,9.5;294.75,110.5;342.75,239;114.5,273.25;221.75,100.5;267.5,53.75;302,194.75
18837;12.25,302;63.25,9.5;306.75,78.75;342.75,239;122.5,265;221.25,135.25;269.5,55;280.5,231.75
46652;12.25,302;53.5,33.25;271.5,104.5;312.75,262.5;117.25,246.75;181.5,134;269.5,55;301.25,195.75
17181;12.5,303;12.75,34;280.25,143;285,260.5;117.25,246.75;193,177.25;269.5,55;289,234
16442;12.5,303;15,75;226.75,122.5;285,260.5;141.25,222;193,177.25;269.5,55;325.25,274
43186;12.5,303;43,103;207,78.5;249.5,288;136.5,265;189,162.25;269.5,55;325.25,274
46132;16.25,305.5;43.5,102.5;229.75,49.5;273.5,311.75;155.5,288.75;189,162.25;238.75,31.75;325.25,274
47957;8,311;43.5,102.5;218.25,56.5;240,289.75;155.5,288.75;184.5,182;254.25,16.5;325.25,274
24371;8,311;68,125;218.25,57.25;276.75,256.25;109.25,281;165.75,225;254.25,16.5;335.25,259.75
22579;11.25,282.75;94,159.75;218.25,57.25;288.25,231.25;152.75,300;165.75,225;254.25,16.5;365.25,279.5
21445;4.5,284.5;76,134.5;160.25,38.75;278.25,197.75;152.75,300;184.75,174.75;231.5,41;365.25,279.5
2944;29.75,270.75;49.75,126;156.5,83.75;297.5,232;109.5,283.75;182,173.5;231.5,41;365.25,279.5
11203;30.25,271;30.75,138.5;156.5,83.75;272,238.25;97,317.75;184.75,130.5;231.5,41;354.75,297.75
32056;24.5,310.75;30.75,138.5;156,85;265.5,237.25;97,317.75;180.5,162.75;263.75,84.5;360.75,276
44559;24.5,310.25;25.75,93;144,78.25;265.5,237.25;122.5,309.75;180.5,162.75;263.75,84.5;325.5,244
46948;24.5,310.25;25.75,93;164.5,34.5;265.5,237.25;122.5,309.75;149,152.25;293.75,97.5;313.5,225.5
47721;12.25,261.25;25.25,92.25;164.5,34.5;238.25,278.5;122.5,309.75;194,176.75;270,82.25;312.5,226
29824;11,307;25.25,92.25;113.25,36.25;238.25,278.5;105,304;231.25,189.25;270,82.25;332.75,178.5
14079;11,307;33.25,77.5;120.75,78.25;238.25,278.5;74,267.75;208.5,161;287,98.75;332.5,179
34300;11.25,295.5;15.5,62.75;147.75,90;238.25,278.5;120.25,276.5;228.5,121;287,98.75;367,212.25
10280;11.25,295.5;15.5,62.75;149.75,58;227,231;124.25,278;208,93.5;296,115;355.75,225.75
33543;11.25,295.5;15.5,62.75;149.75,58;226.5,231.25;108,229;207,68;288.5,150.5;312.25,250.5
46194;11.25,295.5;14.5,77.25;181,47.25;243.5,186.5;108,229;205.5,67.5;253.5,121.5;266.25,263.5
3813;11.25,295.5;16.25,58.75;181,47.25;224.75,218.75;110.5,229.75;197.5,85;230.25,132.25;237.25,242.25
42628;11.25,295.5;25,81.25;181,47.25;224.75,218.75;116,197.5;167.25,91.25;208,92.5;272,271.25
44947;11.25,295.5;25,81.25;181,47.25;235,259.75;127,175.75;132.25,125.25;215.25,79;289.25,286.25
4452;11.25,295.5;39,60.75;179.25,53.75;215.75,232.75;109,140;112.5,162.25;215.25,79;294.25,296.75
38622;11.25,295.5;38.25,58.5;202.25,53.75;228,248.75;97,157.25;115.25,197.75;215,78.25;294.25,296.75
607;53.5,294.5;88.75,45;170.25,47;228,248.75;97.5,156.75;115.25,197.75;258.5,92;289.5,312
16718;15.5,264.75;123.5,5;157,34.75;255.5,219;80.25,152.75;115.25,197.75;258.5,92;289.5,312
33837;30.75,241.75;123.5,5;202,46.75;231.5,251.5;80.25,152.75;145.75,174.25;222.5,70;265.25,316.75
5964;52.5,242.5;122.75,5;209.25,56.5;231.5,251.5;70.5,102;104.75,153.75;251.5,75.5;265.25,316.75
3352;53.5,284;122.75,5;213,56.5;240.25,224;39.75,133.5;75.75,171;255.75,77.5;265.25,316.75
20828;26.5,310;122.75,5;213,56.5;279.5,189;30.5,125.5;97.5,153.25;245.75,96.75;265.25,316.75
16166;27,309.25;157.25,29;216.5,22.25;239.25,166;36.75,171.25;131,133.25;245.75,96.75;265.25,316.75
39804;27.5,309.25;168,67.5;185.25,18.5;270.25,164.5;14.5,128.5;108.25,135.75;245.75,96.75;265.25,316.75
13149;67.25,294;152.5,27.5;207.5,62.25;290.75,167.75;14.5,128.5;108.25,135.75;220.25,49.25;260.5,288.75
2416;65.25,263.5;152.5,27.5;229,40.25;290.75,167.75;44.25,112.25;96.25,159;221.25,52;247.75,290.5
22405;34,269.5;143.25,22.25;229,40.25;321.5,145.5;30.5,88.75;96.25,159;221.25,52;286.25,287.25
13144;2,282.5;177,34.75;229,40.25;315,135.25;30.75,89.25;96.25,159;229.75,21;320.25,276.75
22122;2,282.5;177,34.75;229,40.25;293.5,114.25;47.5,105.5;100.25,152.75;251.25,17.25;331,289.25
42031;0.25,282;212.5,16;243.75,44;301.75,113.5;47.5,105.5;80,141;296,13.25;331,289.25
20291;0.25,282;211,13.25;246,10.25;301.75,113.5;37.25,118.75;80,141;304.25,60.25;321.25,310
35767;0.25,282;185.25,3.75;246.5,11;301.75,113.5;37.25,118.75;86.75,190;302.75,86.5;353,296.75
45073;5.5,261.5;184.75,3.5;247.25,11.75;294.25,71.75;72,163.5;76.5,176.25;302.75,86.5;353,296.75
33284;43.5,271;184.75,3.5;251.5,37.25;279,61.5;72.25,164;76.5,176.25;323.5,116.5;353,296.75
19908;59,239.5;192.25,16;237,67.5;279,61.5;68.5,208.25;77.5,182.5;325.75,138.25;353,296.75
39772;35.5,224.75;185.5,43.25;207.25,91.75;236.25,43.5;43.25,174.25;68.5,208.25;325.75,138.25;353,296.75
40263;35,222.75;160.25,71.5;204,94.5;223.25,61.75;43.25,174.25;102.5,170.5;343.75,142.25;353,296.75
14485;35,222.75;185.75,58.5;204,94.5;223.25,61.75;76.25,147.25;136.75,197.75;356,167.25;359.75,264.25
4029;35,222.75;184.5,49.75;204,94.5;223.25,61.75;55.5,111.5;143,203.75;356.25,157.5;359.75,264.25
46623;51,189.5;184.5,49.75;216.75,129.5;243.25,101.5;55.5,111.5;143.25,204;331.5,159;359.75,264.25
12104;76.5,187;211.5,34.75;242.75,101.5;269.25,122.25;100.5,109.5;152.75,223;331.5,159;359.75,264.25
38833;66,153.5;211.5,35.75;242.75,102.75;290,93.75;78,141;152.75,235.5;331.5,159;359.75,264.25
19776;67,157.5;210.25,78.25;235.25,124.5;315,124;78,141;170.25,274;331.5,159;346.25,278.75
48499;81,140.25;195.25,69.75;246.75,126.5;350.75,99.25;78,141;146.5,302.75;331.5,159;346.25,278.75
48335;83.25,136.25;206.5,73.5;246.75,126.5;350.75,99.25;86.5,191;146.5,302.75;335.75,200.5;358.25,279
21691;82.75,136.75;177.25,112.25;236.25,126.5;350.75,99.25;88.5,153.25;146.5,302.75;295.5,233.5;346,319.5
18649;77.5,126.25;177.25,112.25;236.5,129.25;317,115.75;88.5,153.25;151.25,319.25;263.75,241.75;328.25,320
46641;77.5,126.25;177.25,112.25;235,99.75;284,101.5;64.75,148.75;151.25,319.75;248,246.25;354.75,288.25
47249;77.5,126.25;177.25,112.25;268.5,106.5;278.25,52.5;59.75,195.75;154.25,302.25;277.5,248.5;354.75,288.25
15575;86.5,113.25;170,96.25;274.25,65;298.75,52.75;84.75,220.75;154.25,302.25;276.75,249.75;354.75,288.25
27737;85,113.25;142.5,112.25;225.25,43.75;265.25,15.25;47.25,251.75;154.25,302.25;276.75,249.75;354.75,288.25
19423;85,113.25;158.75,125.75;225.5,43.25;265.25,15.25;25.25,292;109,293;294,284.25;354.75,288.25
25013;85,113.25;158.75,125.75;216.25,64.25;275.75,64.5;25.25,292;125.25,274.5;317.75,243;356,264.25
16587;85,113.25;171.75,137.75;203.5,45.25;277,74.75;25.25,292;126.25,266;288.5,219.25;356,264.25
35516;85,113.25;171.75,137.75;198.25,19;284.75,38.25;37,318.75;104,237.25;288.5,219.25;342,287.25
33514;79.5,142.25;172.5,141.75;198.25,19;271.5,13.25;37,318.75;122.25,273.25;294,196.25;353,296.25
9273;79.5,142.25;165,110.25;201.75,56;317,26;40.25,323.5;158.75,299.75;327.25,177.5;353,296.25
4743;70.5,134.25;173.75,59;194.25,103;302,57.5;31.5,285.75;158.75,299.75;305.5,148.75;353,296.25
8790;96,102.75;173.75,59;193.25,103;288.25,102.75;31.5,285.75;120.5,293.5;271.75,132.25;337.75,313.5
17442;96,102.75;156,33.25;159.5,125.75;291.75,104.25;46.5,293;120.5,293.5;269.75,130.5;338.5,292.75
17028;115.75,127.75;139,78.5;162.5,129.75;291.75,104.25;46.5,293;101.5,262;269.75,130.5;317.25,271.25
20373;115.75,127.75;166.25,105.25;174.75,109;326.5,114.75;10,311.25;101.5,262;269.5,130;357.5,286.75
35033;75.25,147.75;157.75,87.5;159.75,83.5;326.5,114.75;6.75,309;101.5,262;269.5,130;354.25,240.5
17863;75.25,147.75;151.25,53.5;157.5,88;367.75,121;21.25,310.5;101.5,262;281,111;354.5,241
43125;113.5,169.25;158,27.75;170,60.25;367.75,121;46,294;101.5,262;282,110.5;347.25,279
5630;113.5,169.25;172,56.75;182,48.25;367.75,121;56,251.25;83.25,268.75;265.5,126;332,319.25
26267;119,227;181.75,23.25;215.75,63;367.75,121;77.5,277.25;98,230.25;264.25,126.5;332,319.25
6322;115.75,238.5;170.5,20.75;192.75,100.25;367.75,121;83.5,246;88,248.25;264.25,126.5;332,319.25
44930;79.75,213.5;179.75,61.25;185,133.5;367.75,121;77.75,274.25;88.25,248.25;265.5,147;332,319.25
1301;29.25,204.5;189,77;222.75,131;367.75,121;75.5,273;88.25,248.25;265.5,147;331,288.75
27813;1,177.5;233.5,105.25;243,116.25;367.75,121;75.5,273;82,255.25;238.5,133.25;331,288.75
2531;31.75,138.5;233.5,105.25;278.25,142.75;371,72.25;115.25,274;117.5,258;237.5,134;331,288.75
41724;22.5,177.25;233.5,105.25;271,164.5;371,72.25;115.5,278.5;129.75,263.5;237.5,134;343.25,290.5
41240;22.5,177.25;233.5,105.25;273.5,168.5;371,72.25;128.5,308;134.25,260;284,138.75;359.25,279.5
28303;51.5,171.25;183.25,111.75;285,144.75;371,72.25;127.25,260;158.5,298.5;284,133.25;359.25,279.5
38150;50.75,125;183.25,111.75;284.75,192.5;371,72.25;141.25,270.5;159.5,295;257.25,132.75;328,309.75
48301;79,111.25;141.25,99.75;284.75,192.5;347.25,81.75;141.25,270.5;198.5,316.75;256.75,134;328,309.75
13738;79.25,112.5;141.25,99.75;299.25,221;311.25,72;141.25,270.5;167,302.75;221.25,105.25;356.75,288.75
47032;79.25,112.5;142.25,115;283,245.5;321.5,60;123.5,295.5;187,288.75;221.25,105.25;356.75,288.75
42857;79.25,112.5;142.75,115.5;280,229.75;322.75,57.5;113.5,273.5;195.25,319.75;224.25,70.25;356.75,288.75
50318;79.25,112.5;136.25,157.75;252,193;317.5,54;139.75,258.75;195.25,319.75;241.25,87.75;356.75,288.75
17551;80.25,112.75;149.75,146.25;294.25,173.5;317.5,54;172.75,230.5;195.25,319.75;224.25,117.25;343.25,260
35870;66.25,148.25;141.75,149;294.25,220.75;317.5,54;145,202.25;182.5,303.25;224.25,117.25;343.25,259
12211;77,175.75;141.75,149;273.5,256.25;318.25,55.5;141.25,223.5;182.5,303.25;200.5,99.75;343,259.5
40491;53,151.25;141.75,149;263.75,296.5;318.25,55.5;117,198.25;182.5,303.25;215.25,82.25;335.75,260
49046;16.75,143.75;141.75,149;261.5,296.75;330.25,25.75;117,198.25;153.5,278.75;215.25,82.25;339.25,277
31616;16.75,143.75;137.75,184;258,293.75;371,29.25;117.25,201.5;136,284;215.25,82.25;340.25,279.25
44834;30,161.5;170.25,183.75;258,293.75;327.5,18.75;144.25,193.75;154.25,243.5;215.25,82.25;340.25,279.25
3931;30,161.5;203.75,180.75;257.75,294.5;334.5,35.5;175.5,166;184.5,273.75;231,116.5;340.25,279.25
29869;37.25,183.5;203.75,180.75;264.25,241.5;334.5,35.5;177.75,198;188,318.5;222.25,137.5;340.25,279.25
10953;8.75,153.75;223.75,208.75;246.5,216.75;334.5,35.5;170.25,187.75;188,318.5;245.5,102;339.75,281.5
43992;18.5,108.25;244,174.5;246.5,216.75;287.75,24.75;179.25,160.75;188,318.5;241,77.5;340.25,281.25
47162;18.5,107.75;242.75,127.5;266.5,251.75;308.5,52;179.25,160.75;188,318.5;241,77.5;323.75,313.75
27537;4.5,111;264,129;268.5,250.25;308.5,52;142.75,166;182.5,303.75;247.25,114.25;323.75,313.75
34042;4.5,111;251,154.25;268.5,250.25;280,71.5;117.75,170.5;198,322.25;252.25,110.75;323.75,313.75
30337;39.75,93.75;250.5,158.75;250.75,260.25;317.5,83.25;121.25,162;198,322.25;293.5,94.25;323.75,313.75
11857;63.75,117.5;250.5,158.75;250.75,260.25;334,49.25;111.25,153.75;168.75,310.5;266.25,126.75;286,313.75
12070;90.25,92;213,180.75;285,261.5;348,36.5;111.25,153.75;169,311.25;233.25,152.5;286,313.75
22887;111.5,56.5;250.75,155;280.75,290.5;316.25,31.5;111.25,153.75;168.5,311.25;218.75,177.75;286,313.75
39634;141.5,89;250.75,155;316,274.5;344.75,17.25;96,153.75;168.5,311.25;219.25,172;286,313.75
37646;165.75,103.25;273.75,165.75;316,274.5;337.75,37.5;96,153.75;169,311.25;193,174.75;269.75,305
45227;165.75,103.25;273.75,165.75;303.5,259.5;343,6;117.75,113.25;169,311.25;193,174.75;261.25,274
50080;165.75,103.25;235.25,127;280.75,297.5;311,23.75;157.25,153.25;169,311.25;212.75,172.75;229.5,275
1515;195,69.25;235.25,127;277.25,276.5;311,23.75;141.75,155.75;160.25,318.5;251,168.25;272.5,287.25
48587;181.75,113.75;235.25,127;305.75,302.25;311.25,24.5;142.25,156;160.25,318.5;270,167.5;289,286.75
33480;158.5,96.25;235.25,127;269.25,286.75;311.25,24.5;142.25,156;185,293.5;255.5,132.25;322,263
13065;198,100.25;227.75,152.25;269,287.25;311.25,24.5;124.25,195;185,293.5;301.25,129.5;322,263
22456;198,100.25;227.75,152.25;282,256.75;333.75,28;103.25,183.25;183.5,293.25;307.75,149;319.25,301.5
50381;210.75,49.5;230.5,105.25;259.75,256.25;333.75,28;131,197.5;224.5,278.75;293.25,96.75;319.25,301.5
44042;185.75,89.25;230.5,105.25;268.5,256.25;333.75,28;158.5,221.25;219,260.5;317,99;319.25,301.5
11692;172.5,54.5;209.5,62.5;268.5,256.25;333.75,26;158.5,221.25;231.75,265.25;327.75,128;340,313.5
48324;163.75,16.25;209.5,62.5;268.5,256.25;333.25,26.25;157.75,203.75;252.5,232.75;327.75,128;332.25,269
49347;163.75,16.25;209.5,62.5;280,262.75;327,24.25;170.25,224.5;252.5,232.75;358,166.25;365,266.25
41985;163.75,17.5;217.5,9.75;313,244.25;327,24.25;135,182.25;261.75,277.5;360.25,146.75;365,266.25
34175;163,17.5;260.75,24.5;312.25,245.25;327,24.25;161.25,226.25;243.5,291.25;329.5,162.25;365,266.25
43978;163.75,17.5;271.5,57.5;290,263.75;317.25,19.25;161.25,226.25;243.5,291.25;328.75,159.25;365,266.25
44057;163.75,17.5;268.75,105;290,263.75;317.25,19.25;172.25,184.5;247.75,291.75;294.5,194.25;365,266.25
48990;163.75,17.5;292,136.25;292.25,240.25;324,59.75;172.25,184.5;247.75,291.75;307.25,204.75;365,266.25
13323;164.5,36.5;270.25,164.25;292,239.75;293.75,73.25;172.25,184.5;225,318;301.25,196;365,266.25
13892;162,33.25;270.25,164.25;291.75,208.5;292.25,113.25;145,150.25;182,304.25;265.75,226.75;365,266.25
13942;165,5;281,158.75;281.25,246.5;292.25,113.25;144.75,178.75;223.5,311.25;270.5,269.5;365,266.25
48448;165,5;249,118;260.5,296.75;272.75,166.5;143.75,178.75;197,276;270.5,269.5;359.75,247.25
42963;184.25,16.75;228.5,83.5;276,276.5;277,142.25;143,179.25;197,276;273,311.5;359.75,247.25
43986;220.25,1;242.5,63.75;276,276.5;300.75,113;134,199.5;227,268;273,311.5;359.75,247.25
36039;189.5,37.25;242.5,63.75;281.25,322.5;317,113.75;134,199.5;226.75,267.75;273,313;327,283.75
31276;166,59.75;241.25,61.25;290.25,321.75;364,123;134,199.5;238.5,320.5;251.25,291.25;327,283.75
45112;166,59.75;207.75,56.5;290.25,321.75;359,123.25;168.25,198.75;194.75,319.75;251.5,288.75;328.75,280.75
38545;181.5,50;182.5,35.5;290.25,321.75;359,123.25;167.75,187.75;183.5,302.75;253,308.75;330.5,279
1613;147.25,41.75;160,59.5;290.25,321.75;359,123.25;167.75,187.75;184.75,288.75;298,275.75;356.5,245.75
47669;147,41.25;194.75,93.75;290.25,321.75;359,123.25;151.5,226;193.25,308.75;298,275.75;324.5,206.75
44092;111.25,58.75;162.5,106.75;290.25,321.75;360.5,135;151.5,226;192.25,307.5;298,275.75;330.25,197
45121;64.25,67.25;160.75,142;290.25,321.75;328,156.75;151.5,226;191.25,308;298,275.75;314.5,163.75
23429;62.25,65.75;177.25,131.5;259.25,323.25;295.75,167.25;151.5,226;213,297.25;298,275.75;314.5,169
18449;62.25,65.75;167.25,163;259.25,323.25;302,167.5;151.5,226;169,319;310.25,312;313.75,150.25
45099;62.25,65.75;185.25,142.5;301,322.25;302,110.75;93.5,235.25;225,314.75;310.25,312;314.25,206
43834;62.25,65.75;167.25,97.75;307.25,319.25;325,119.75;89.5,246.25;177,304.25;310.25,312;314.25,206
22000;79.75,33.75;167.25,97.75;319.25,299;325,119.75;68.75,223.5;141.25,318.5;270.5,286.75;311,163
22348;64.75,57.75;168.75,96.75;319.25,299;325,119.75;61.25,198.75;122,324.25;273.25,286.25;273.75,176.5
33244;40.75,68.25;135.25,91.5;330,271.25;357,130.5;92.25,222.25;122,324.25;273.25,286.25;273.75,176.5
25193;37,70.25;105,110.5;349,241.5;357,130.5;109,200.5;143.75,300.25;273.25,286.25;319.5,197.75
44240;40.5,114.75;77.25,129.5;350,249.5;357,130.5;109,200.5;139.75,270;273.75,284.5;329.5,159
42683;49.5,125;99.75,161.25;333,258.75;357,130.5;109,200.5;139.75,270;266.5,288;328,206.75
40501;41,104;143,151.75;333,258.75;348.5,156;109,200.5;142.75,269.25;307.25,302.75;357.5,242.25
12067;41,62.75;133.25,158.75;333,258.75;347.25,156.25;78.5,212;142.75,269.25;310,265;358,243.25
39657;57.75,76.25;158.5,159.25;344.75,289.5;347.25,156.25;117.75,203;143.25,289.75;302.75,241.25;358,243.25
37392;83,111.25;158.5,159.25;305.75,262.5;315.5,149.75;117.5,203;134.5,263.75;264.5,224.25;358,243.25
19228;39.25,103.75;158.5,159.25;305.75,262.5;315.5,149.75;95.25,179.5;141,225;297.75,202.5;326.5,242.5
49614;80.75,90.5;131.25,136.75;306,265.25;315.5,149.75;111.25,225;162.25,189;314,205.75;326.5,242.5
37584;74.5,89;132.5,100.75;306,264.5;323,192.25;127.75,228;162.25,189;314,205.75;348,264
1830;85,91.25;133,55.25;306,264.5;323,192.25;127.75,228;137.75,199.25;321,198.75;352.25,297.75
16357;130,102.25;131.75,89.25;305,307;350.25,228.25;130,229.75;186,197.5;321,198.75;352.25,297.75
8114;80.75,86;109.25,127.5;315.75,304.75;359.25,177;130,229.75;210.75,151.75;333.75,199;352.25,297.75
24935;80.75,86;109.25,127.5;303.5,309;356.25,177.75;121.75,199.5;182.75,142.25;334,206;338,309
44091;80.75,86;99.5,161;339.75,312.5;355.5,135.75;141.25,178.75;181.75,140.75;325.25,192.25;338,309
19053;80.75,86;131.75,168;327,319.25;355.5,135.75;141.25,179.25;228.5,134;281.25,184.25;339.75,293
21864;80.75,86;163.5,184.75;326.25,318.5;355.5,135.75;117.75,215;203.5,100.5;281,143.75;343,288.25
20082;105.25,61.5;124.75,202.25;364.25,318.5;364.5,90;92.5,253;203.5,100.5;281,143.75;343,288.25
26748;46.5,60.75;148.25,227.75;364.25,318.5;364.5,90;61,201.5;238.75,55.25;304.5,132.25;318.25,242.5
49305;46.5,60.75;113,206.25;364.25,318.5;364.5,90;61.25,198.25;261.5,5.75;350.25,157;354.75,246.5
43326;46.5,60.75;105.75,192.75;364.25,318.5;364.5,90;93,153.75;259.75,53;339,149.25;354,245.75
4566;46.5,60.75;90.75,204.25;351.75,290;354,35.75;120.5,198;267.5,35.5;339,149.25;354,245.75
11303;37,94.5;100.25,254.5;351.75,290;370,69.75;150.25,225.75;228,15;339,149.25;354,246.25
46328;37,94.5;100.25,254.5;354.5,308.75;368.25,32.75;196.25,236;228,15;321.75,160.25;354,246.25
41603;36.75,93.5;87.5,261;354.5,308.75;358,17.75;196.25,236;203.25,22.25;321.75,160.25;343.75,276.75
35844;63.75,97.75;82.25,262.25;307.25,319.5;343,3;187.25,232.25;205.5,23.25;321.75,160.25;343.75,276.75
43694;63.75,97.75;82.25,262.25;292,286;343,2.25;196.5,223.75;212.25,53.75;294.25,169.25;343.75,276.75
14951;63.75,97.75;73.5,287;263.75,322.5;342.5,2.75;192.25,226.75;195,15;298.25,169.25;343.75,276.75
32757;63.5,132.75;110.5,309;308.75,317.25;367.5,35.5;191.75,275.5;194.25,14.75;298.25,169.25;343.75,276.75
12890;63.5,133.25;82,286.5;297,272.75;367.5,35.5;206.75,271;251.25,4.75;257.5,203;343.75,276.75
20799;92.75,141.25;105.25,243;280.25,287.25;364.5,54;206.75,271;251.25,4.75;257.5,203;314.25,311.75
38791;92.75,141.25;121.75,222.5;224.5,260;363.75,52.75;210.75,250.75;214.5,56.25;239,255.75;314.25,311.75
11348;86.5,176.25;122.5,221.5;200,246.75;363.75,52.75;210.75,250.75;222.75,17;254,247;314.25,311.75
12571;40.25,196.75;137.5,223;247.5,219.25;329.75,37.5;210.5,251.25;253.75,5.75;254,247;314.25,311.75
28578;40.25,196.25;147,195.75;254,226;348,10.75;194.5,215.5;253.75,5.75;254.5,247;314.25,311.75
10788;84.5,184.25;144.75,223.25;249.25,170.75;348,10.75;174,179.25;253.75,5.75;255,247;315.5,309.25
16118;112.75,228.5;148.75,227.5;290.5,155.5;337.5,10.75;204,220.75;253.75,5.75;271,275.25;315.5,309.25
43268;100.25,190.25;144,228.25;324.5,150.25;338.25,11;240.5,181.5;253.75,5.75;273.25,286.25;315.5,309.25
46077;71.25,210.25;144,228.25;324.5,150.25;341.75,48.5;218.25,153.5;253.75,5.75;261.25,257.75;273.75,284.5
38120;11,227;190.5,248.25;323.25,103.75;341.75,48.5;217.75,153.25;253.75,5.75;273.75,284.5;282.25,259.75
20508;2.75,219.75;174.75,236.75;302.75,120;370,69.75;220.25,181.25;253.75,5.75;282.25,259.75;307.25,302.75
26737;4.25,219;231.75,231.25;302.75,120;360.5,83.25;215.25,219.25;264.75,44;282.25,259.75;304,316.25
3315;4.25,219;234.5,196.25;298.25,112.25;349.75,100.25;215.5,218.75;264.75,44;272.5,264;330,319.25
39699;17.5,176.25;258.5,197;298.25,112.25;328.5,64;223,229.75;264,43.75;318.25,259;330,319.25
39944;17.5,176.25;217.25,201;300.5,114;330.25,88.25;222,232.25;270,70.5;325,231.25;330,319.25
4242;17.5,176.25;186.75,206.75;277.75,149.75;289.5,112.5;229.25,226.25;274,104.25;324.5,230.25;330,319.25
50549;17.5,176.25;186.75,206;289.5,112.5;307.5,154.75;268.75,235;277.75,89.5;293.75,195.75;330,319.25
31917;21.75,128.25;186.75,206;291.5,153.75;335.25,150.5;269.25,234.75;277.75,89.5;303.75,196;330,319.25
36233;22.75,126;160.75,217.25;256.5,188.75;335.25,150.5;288.5,218.75;293.25,138;302.75,248.75;330,319.25
1750;10.5,143.25;160.75,217.25;256.25,189.25;335.25,150.5;264.75,262;290.75,170.75;309,250.5;331.75,322
8970;10.5,143.25;154.25,204.5;256.25,189.25;348.5,198.25;220,264.75;282.25,140.75;318,259.75;331.75,322
16683;29.25,105.5;167.25,241.25;216.75,201;348.5,198.25;249.5,281.75;282.25,140.75;287.75,261.75;331.75,322
48617;30.25,106;167.25,241.25;216.75,201;317.25,230.5;249.5,281.75;262.25,125.25;317.25,264.25;354.5,286.75
23149;52.75,65.75;167.25,241.25;246,207;334.5,225;233.75,242.25;262.75,124.75;317.75,264.75;354.5,286.75
8005;52.75,66.25;167.25,241.25;269.25,244.75;341.5,272.5;223,271.5;262.75,124.75;286.75,219.25;354.5,286.75
7156;52.75,66.25;167.25,241.25;240.5,216.25;345.25,312.75;223,271.5;276.5,131.25;324.5,210.25;355,285.5
38590;28,59;171.25,219.5;248.25,176;346.5,289;223,271.5;308.75,95;324.5,210.25;355,283.5
1719;27.75,15.25;130,191.25;226,145.75;346.5,289;223,271.5;310,114.5;323.5,159.75;355,283.5
42462;14.75,7.75;164.5,163.25;265.75,167.75;346.5,289;219.5,315.25;262,121.5;323.5,159.75;355,285.5
24800;14.75,7.75;197.5,215.5;242.75,126.5;346.5,289;217.75,296;262.25,113.75;352,156;355,285.5
19463;39.25,48.25;197.5,215.5;294.25,98.75;346.5,289;192.75,249;236,120.5;353,190.75;355,285.5
9093;66.5,47;170.5,190.75;280.25,106.75;346.5,289;205.25,231.25;236,120.5;326.5,160.25;355,285.5
26589;44.5,61.75;170.5,190.75;254.75,122.75;346,290.25;197.75,255.25;236,120.5;310,159.25;327,319.5
20451;71,96.25;193,216.5;270,164.25;346,290.25;194.75,254.75;236,120.5;292,197.75;311.5,314.25
43342;91.5,63.5;193,216.5;296,165;346,290.25;194.75,254.75;223.5,85;288.75,187.75;316.75,320
9665;55.25,56.25;206.5,186;323.75,193;361.25,324;194.75,254.75;247.25,58;288.75,187.75;321.5,312.75
12111;74.25,85.5;206.75,186.5;342,209.5;354.25,320.25;213,277;241.5,59;288.75,187.75;321.5,312.75
29629;27.5,119.25;206.75,186.5;342,209.5;363.75,288.5;202.75,276;224.75,81.75;288.75,187.75;317,276.75
1537;27.5,119.25;170.5,185.25;356.25,231.25;365,284;218.25,290.25;231.5,46.25;288.75,187.75;315.75,276.5
27667;14.25,64.25;160,218.75;305.75,254.5;321.25,262.5;218.25,290.25;231.5,46.25;319.5,162.5;353,296.75
38383;6,92.25;160,218.75;299.25,207.5;300,290;218.25,296.5;229.25,42.25;319.5,162.5;328,309.25
29627;32,133.5;160,218.75;296.25,239.25;312.75,306.25;215.5,275;229.25,42.25;319.75,156.25;328,309.25
29793;32,133.5;164.25,251.25;296.25,239.25;312.75,306.25;245,253.75;250.25,15.25;284.75,143.25;337.25,314.5
44566;32,133.5;163.25,251.25;292.75,256.25;299.75,319.5;210.5,250.5;250.25,15.25;300.75,134;355,263.25
13190;32,133.5;163.25,251.25;254.75,277.5;299.75,319.5;219,263.25;280.25,49.25;292.75,185.5;321.25,210.75
17258;30.5,134;116.25,250.75;277.75,255.25;299.75,319.5;235.5,256.25;295.5,63;311.75,162.75;321.25,210.75
10392;78.25,140;129.5,243.25;277.75,255.25;299.75,319.5;225,284.75;319.5,50.5;323.25,159.75;328,162
49152;45.5,137.25;89,229.5;277,257;299.75,319.5;225,284.75;320.25,48;336,150.75;357.5,150
19787;70,178.25;112,203.25;312.25,289.25;344,313.25;169.75,266;319.75,48;336,150.75;357.5,150
2450;111.5,199.25;132.25,166.75;262,313.75;307.25,289.25;126.5,229.5;301.75,84.5;336,150.75;357.5,150
16787;106.25,169.75;139,117.5;219.25,318.5;286.5,317.25;167.75,222;296.25,88.5;336,150.75;357.5,150
29041;106.25,169.75;139.75,117;192.5,269.25;296.75,262.75;222.25,212.75;277.25,60.5;336,150.75;355.25,145.25
47985;130.5,202.25;173,85.5;180.25,245.75;298.5,259.5;217.75,175.75;277,59.75;336,150.75;355.25,145.25
13214;124.5,186;173,85.5;194.75,294.5;273,269.5;218,165.75;277,59.75;319.5,196.25;355.25,145.25
35326;152.75,156.5;173,85.5;194.75,294.5;292.25,229.5;189.5,181.25;277,59.75;319.25,191.5;343.5,98.75
50615;152.75,156.5;173,85.5;197.5,287.5;327.75,212.5;160.25,166;245.5,45.75;318.25,160;343.5,98.75
36895;164,148;171.5,136;198.25,286.75;327.75,212.5;146.75,158.5;295.5,61.25;327.75,177.75;343.5,98.75
47436;164,148;171.5,136;198.25,286.75;327.75,212.5;124.75,119.5;266,50.5;304.25,199.5;318.5,124.25
31382;154.5,194;164.75,163.5;244,308.5;340,210;168.75,91.75;266,50.5;304.25,199.5;319,124
31486;125,214;144,141.75;208.5,299.25;339.5,210.25;168.5,96.5;266,50.5;313.25,196.5;319,124
1261;102.25,223.75;144.25,93.25;222.25,259;338.75,209.5;168.5,96.5;266,50.5;269,198;281.5,132.5
46541;101,224.75;159,88;222.25,259;345,198.75;201.25,98.5;245.75,84.75;269,198;281.5,132.5
7313;101.5,224.75;185.25,113.5;222.25,259;345,198.75;209.75,92.25;229.5,94;302,195.5;329.75,132
46244;101,224.75;185.25,113.5;222.25,259;366.5,193.5;217,66.25;235,114.25;328,180.25;329.75,132
43491;114,242;185.25,113.5;222.25,259;366.5,193.5;228.5,19.5;246,90.75;343.25,210.25;348.25,144.25
49951;60.25,241.75;185.25,113.5;203.25,266.75;351,240.75;239.5,23.75;246,90.75;318.5,259.75;348.25,144.25
3270;57.25,240.25;149.5,139.75;164,309;346,288.5;239.5,23.75;246,90.75;318.5,259.75;357.25,166.5
45467;44.5,263.75;132.75,170.5;163,309.75;363.25,293.75;239.5,23.75;246,90.75;317.25,301.25;357.25,166.5
31052;31,284.25;92.75,188.5;163.5,309.5;363.25,293.75;233,6.5;246.75,117.5;354.25,264.25;357.25,166.5
9265;30.25,228.75;92.75,188.5;169,265.75;361.75,296;233.25,7.5;285,95.25;354.25,264.25;358,163.5
35711;43.75,238.25;54.25,159;169.25,227.5;348.5,275.5;251,41;286.25,96.75;354.25,264.25;358,163.5
32699;20.25,222;43,126;152.5,206.25;364.5,288;250.5,39;294.25,138;354.25,264.25;358,163.5
41948;20.25,222;43,126;152.5,206.25;348.5,289.5;256,11.25;279.75,172.75;309,234;321.75,180.75
8169;40.75,234.75;41.75,126;109.5,207.25;339.5,256.5;256,11.25;279.75,172.75;313,208.25;321.25,179
10202;40.75,234.75;68.5,170.75;99.75,212.5;340.25,311.25;244.5,39.75;290,186.25;313,208.25;332.25,180.25
44157;43.75,206;68.5,170.75;71.5,248.25;298.25,321;202.25,48;290,186.25;313,208.25;352.75,172.75
3152;23.75,154.25;48.75,177;71.5,248.25;300.25,302.75;204.75,47;290,186.25;327,207.5;344,216.75
43305;44.25,126;51.5,138.25;68.75,209.75;300.25,302.75;249.5,55.75;291.25,194.25;327,207.5;336.5,219.5
506;14.25,108;35.5,111.25;53,188.5;317.75,301.5;249.5,55.75;252.5,185;327,207.5;336.5,218.5
9152;11.5,163;25.75,62.75;78.25,141;317.75,301.5;249.5,55.75;258.75,202.25;278.5,192.25;336.5,219.5
27326;11.5,163;63.25,75.25;67.75,84.5;297.25,256.25;249.5,55.75;258,203;284.25,173.25;326.25,197
41300;11.5,163;83.75,31.25;91.25,84;298,255.5;249.5,55.75;259.5,215;263,139.5;326.25,197
44571;11.5,163;83.75,31.25;91.25,84;298,255.5;261,14.5;276,262.75;310,114.5;321.5,161
7671;11.5,163;91.25,84;106,44.25;298,255.5;223,56.25;264.5,218.75;289.5,104.25;337,172.5
38687;33,138.75;78,111.5;94,27;327.75,216.75;221,39.25;264.5,218.75;288.5,104.75;337,172.5
44741;39.25,182;78,111.5;132,39.75;364.25,248.25;221,39.25;231.25,220.5;288,105.75;337,172.5
32817;50,229;76.75,112.5;116.5,76;355.5,263.25;221,39.25;272.25,188;319,126.75;337,172.5
2879;50,229;61.25,76.25;119.75,69;362.75,241.75;223.25,15;286.5,234;318.25,124.75;337,172.5
8388;26.75,195.75;60.5,76.5;143.25,108.75;315.5,260;223.25,15;286.5,234;312,160.5;336.5,123.75
49553;25.5,196.75;70,74.75;134.25,158.25;278.5,230.75;223.25,15;286.5,234;308,115;312,160.5
8882;36.25,240;66.75,58.75;159.5,125.75;278.5,230.75;223.25,15;283.25,233.25;306.5,86.25;309.5,196.75
22754;39.25,240.75;66.75,58.75;138.5,125.75;242,215.5;253.75,26.75;284.75,233.25;306.5,86.25;352,202.5
4571;5,240.5;66.75,58.75;138.5,125.75;232,248.75;260,67;283.25,233.25;310.5,128.25;351.5,162.5
48652;50.5,243.25;66.75,58.75;142.5,127.25;251.5,201.5;260,67;300.25,220.5;334.5,130.5;351.5,162.5
14611;62.25,256.25;80.75,63.75;105.75,120.75;287.25,164;260,67;300.25,220.5;334.5,130.5;348.25,154.75
3915;49,217.75;64.75,84.5;134.75,129.75;277.5,129;252.25,77;300.25,220.5;334.5,130.5;348.25,154.75
24623;49,217.75;59,117.5;114,130.5;278,132;251.5,77.75;316.5,199.75;334.5,130.5;360.25,147.75
17519;55,181.25;59,118.5;114,130.5;278,128.75;250.75,86.75;304,196.75;316.75,114.75;360.25,147.75
46196;54.25,184;59,118.5;128.25,147;246.75,126.5;245.75,86.75;304,196.75;341.5,80.75;360.25,147.75
5210;29.25,170.75;57,139.25;128.25,147;263.25,109;231,62;304,196.75;313.5,65.25;337,163.75
30435;29.5,177.5;52,177;125.25,140;257.25,109;241,84.25;308.75,189.5;313.5,65.25;337,163.75
6513;29.5,177.5;52,177;125.25,140;305.5,96.75;231.75,114.25;294.5,202;307.75,79.5;349.25,140.25
2891;15,176.25;88.25,201;125.25,140;305.5,96.75;218,135.25;294.25,203;329.75,60.5;347,136.75
40608;15,176.25;86,174.75;113,163.25;271.25,71.5;187.5,173;295,203;338,62.25;347,136.75
41994;15,176.25;129.25,148.25;133.25,160.25;247.5,27.75;187.5,173;256.25,188;307,17.75;347,136.75
39044;15,176.25;95.25,175.25;154.75,126.5;247.25,28.5;186.75,177.25;256.25,188;290.75,3;345.5,139.75
12754;8.25,144.25;67.25,189.5;174.5,149.25;216.75,16.25;160.5,221.75;246,199.25;290.75,3;345.5,139.75
21905;8.25,144.25;67.25,189.5;163,146;215.25,13.75;193.25,252.5;272.75,188;283,12.25;310.75,102.5
14591;8.25,144.25;88.25,181.5;134,128.25;215.25,13.75;151.5,255.75;278,222.25;283.5,12.75;289.5,132.75
9083;8.25,144.25;64.5,146.25;176.25,163.5;215.25,13.75;141.75,270;278,222.25;283.5,12.75;306.25,83.5
1333;47.5,171.25;83.5,193.25;176.25,163.5;215.25,13.75;175.25,242;236.5,233;283.5,12.75;343,51.5
47847;49.5,181.5;130.25,190.5;176.25,163.5;217.75,22.5;175.25,242;236.5,233;240.75,14.25;318.25,21
47508;30.25,138;143.75,226;167.25,182.75;217.5,22;150.25,222.5;236.5,233;240.75,14.25;318.25,21
43523;56,176.75;164.25,253.75;204.25,177;217.5,22;140.25,271.5;237,233;240.75,14.25;287.25,35.25
35016;56,176.75;138.25,257.75;170.75,164;216.75,22.75;140.25,271.5;220,203.5;239.5,11.5;273.75,63.75
1874;15.5,189.75;138.25,257.75;205.75,177.25;245.25,45.5;144.75,300;194.25,182.75;239.5,11.5;273.75,63.75
28859;15.5,189.75;162.75,265.75;229.75,154.75;272,1;144.75,300;194.5,177.5;239.5,11.5;253.75,47.75
48023;16,190.25;133,289.5;262,180;270,23.75;144.75,300;222.75,170;253.75,47.75;275.25,11
41600;49.25,161.25;133,289.5;262,180;270.5,19.5;142,298.75;261,160.5;272,36.5;275.25,11
20368;37,179;92.5,299.25;262,180;327.25,10;112.75,281;231,199.5;258.5,4.75;272,36.5
8667;0.25,180.25;92.5,299.25;280,142.5;322,58.75;102,300.5;231.5,199;258.5,4.75;260.5,55
23126;5.75,127;92.5,299.25;289.25,114;327.5,29;146,300.75;231.5,199;258.5,4.75;299.5,63
50305;4.25,95.5;72.5,255.25;290.5,161;327.5,29;146,300.75;233,199;298.5,8.75;301.25,15.25
19931;3.75,96;72.5,255.25;294,208.5;369.75,30.75;153,278.25;233,199;281.5,23;319.5,52
33524;0.75,86;95.25,227.75;322,186.5;371.75,53.25;105.25,261.75;233,199;281.5,23;319.5,52
23175;30,95.5;64.5,231.25;321.75,187;346.75,35;70.25,258.25;193.75,196.5;281.5,23;319.5,52
30784;67.25,86;68.5,256.25;322.5,149.75;346.75,34.25;71.5,248.75;193.75,196.5;282.75,23;319.5,52
40244;43.75,45.25;100.25,295.25;341.75,197;363.25,21;71.5,248.75;210.25,185.75;282.75,23;353.25,18
7391;48.75,55.75;100.25,295.25;359.25,155;363.75,21;34.25,233.75;241.75,163.75;316,39.25;353.25,18
44786;64.75,58.5;151.75,296.75;329.25,145.25;364,22.5;34.25,233.75;205.25,149;316,39.25;353.25,18
21077;24.5,63.75;189.5,263;329.25,145.25;364,22.5;36.75,252.5;205.25,98.75;316.75,40;341,33.25
48177;24.5,63.75;170.5,291.75;329.25,145.25;344.5,15.25;28.25,241.5;195.75,99;314.25,52.75;341,33.25
44688;27.5,56.75;170.5,291.75;333.25,182;344,14.25;23.75,285.75;167.75,96.5;307,3.25;314.25,52.75
8529;7.25,63.25;170.5,291.75;300.75,211;343.75,13.75;66.25,247.5;153.75,90.25;307,3.25;363.75,57.75
44991;1.5,35.5;170.5,291.75;300.75,211;343.75,13.75;60.5,233;153.75,90.25;348.5,35.75;356.75,81.25
16974;3.25,41.75;160,311.75;265,180.5;349.75,44;37.25,251;173.25,38.5;348.5,35.75;356.75,81.25
3028;3.25,41.75;160,311.75;243.75,170.75;332.75,9.5;59.75,224.5;167.25,17.75;307.75,15.5;340.5,82.25
24822;3.25,41.75;160,311.75;203.5,176.25;328.25,38.25;27.75,202.25;142.5,55.75;278.75,45.5;323,123.5
8148;9.5,63.25;160,311.75;174.5,212.5;356.75,14.75;6.25,173.75;183,29.5;278.75,45.5;351.5,140.75
35453;1.25,85.5;160.5,291.5;180.25,211.25;315,14;6.25,173.75;221.5,21;266.25,88.75;351.5,140.75
9277;4,64.25;160.5,292;205,196.5;315,14;59,150.5;221.5,21;254.25,76.75;319.75,138.75
32685;4,64.5;114.5,291;239,216.25;315,14;8,136.75;201.75,61.75;254.25,76.75;334,91.75
46565;4,64.5;167.25,295.25;269.5,230.25;341,49;39.75,107.75;158.5,92.5;254.25,76.75;324.75,42.75
49471;32.25,36.5;167.75,295.25;235.25,257.5;360.5,79.75;51.5,134.5;132.25,106.5;254.25,76.75;324.75,42.75
14785;3,49.5;167.75,295.25;235.25,257.5;360.5,79.75;13.5,136;107.75,77;219,106.25;354.5,17
27770;9.75,63.75;167.75,295.25;210.75,278.75;321.25,104.25;29.5,149.5;107.75,77;182.5,132;354.5,17
35805;9.75,63.75;167.75,295.25;220.75,230.25;289.25,72;23.25,119.75;147.75,52.75;200.75,99.75;354.5,17
2303;54.25,62;183.25,278;236.75,199.5;246,67;23.5,120.5;168,52.5;200.75,99.75;354.5,17
43346;105.25,75.25;182.25,232;236.75,199.5;287,74;15.5,119.25;119,60.75;177.5,114.5;354.5,17
9622;119.5,45.75;182.25,232;207.5,175;278,103.25;15.5,119.25;96.25,26.25;143,97.75;349.5,24
3362;99.25,20;165.5,224.25;207.25,167.75;268.75,94.25;15.5,119.25;96.25,26.25;143.25,98;325.25,58.25
16385;58.75,34.75;137.25,224.75;207.25,167.75;305.5,97.75;14,148.75;100.25,20.25;150.5,48.5;325.25,58.25
44350;58.75,34.75;122.25,213.5;207.25,167.75;324.5,136.25;38,192.5;99.75,20.25;117.5,73;326.75,58
46106;60.75,35.5;137.25,184.25;207.25,167.75;337.25,138.5;38,197.75;87,16;117.5,73;349,29
40519;60.75,35;157.75,140.5;160,177.5;337.25,138.5;5.25,196.75;87,16;109.25,102.75;327.75,58.25
32458;74.75,53.5;117,141.5;159.75,178;337.25,138.5;5.25,196.75;72.25,26.25;121,73.75;296.25,60.5
46830;71,85;117,141.5;171.75,161;319,151.75;4,196;72.25,26.25;158.75,56;340.25,62
1342;71,85;130.25,170;171.75,161;287.25,164.75;4.25,171.25;29.25,29.75;174.75,40;337.75,79.75
35197;55.75,34.25;112.5,160.75;173,156;287.25,164.75;4.25,171.25;42,39.5;174.5,29;345.5,35
24764;55.75,34.25;89.75,197.5;172.5,156;340,142.75;16.5,155.5;42,39.5;152.75,52.25;333.75,50.75
29017;55.75,34.25;63,175.25;173,156;298.25,155;28.75,119.75;80.5,44.5;142.5,92.5;333.75,50.75
128;55.75,34.25;61,179;166.25,131.25;301,189.25;28.75,119.75;114.25,39;150,68.75;329.25,92.25
1783;63.25,74;75.25,187.5;166.25,131.25;272,179.75;66.5,96.5;114.25,39;155.75,49.5;351.75,50.5
41824;74.75,45;75.25,187.5;177.25,86;272,179.75;26.75,80.5;114.25,39;167.75,88.25;353,67.25
38616;82.75,26;86.5,222;175.75,43.25;251,156.25;26.75,80.5;114.25,39;182.75,110.5;353,67.25
24382;64.25,58;81.75,263.25;175.75,43.25;227.75,193.25;26.25,118.75;148.75,11.5;182.75,110.5;316.75,39.5
17492;27,85.25;81.75,263.25;146.75,30;231.5,193;26.25,118.75;121.25,21.25;163,96.5;324,5.25
16515;55.75,96.25;81.5,266;121.5,3.25;240.5,167.75;30.25,75.75;121.25,21.25;159.75,125.25;324,5.25
9831;55.75,96.25;73.5,305.75;121.25,3.75;249.75,201.5;30.25,75.75;114.75,5;138.75,159.5;300.5,36.5
12230;68.5,86.5;73.5,305.75;137.75,43.25;246.5,209.5;29,81.25;71.25,12.5;176.5,145.75;300.5,36.5
12160;67.25,75.25;73.5,305.75;138.25,43.75;200.5,215.5;29.5,38.75;71.25,12.5;219.25,166;303,85.25
25773;59.25,76.25;73.5,305.75;176,18;183.5,209.75;19,70.75;71.25,12.5;187.25,175.5;290.75,100.75
24350;59.25,76.25;86,322.5;176,18;183.5,209.75;20.25,100;66.25,8.5;220.75,171.5;269,97.25
46828;49.25,93.5;66.75,310.25;176,18;183.5,209.75;2.5,136.5;86.5,19.75;221.25,169.5;269,97.25
30881;42.75,112;48,293.5;176,18;183.25,210.75;1.75,135.75;107.25,39;182,163;269,97.25
30832;2.5,103.75;49.25,295.75;125.25,31;178,236.5;14,100.75;107.25,39;182,163;316,85.25
42311;2.5,103.75;49.25,295.75;97.5,8.75;211,245.75;14,100.75;126.75,18;156.75,138.75;316,85.25
18064;2.5,103.75;76.75,317.5;118.25,4.25;198,246.75;33,79.75;126.75,18;155.75,139;361.5,58.25
49884;2.5,103.75;65.5,312.75;111.75,23;198,246.75;74,109.25;126.75,18;208.25,148.75;353.75,44
30793;27.25,121.75;110.5,316.5;111.75,23;224.25,252.5;92.5,105.75;126.75,18;228,159.5;347,53.25
13083;28.5,84.5;73,286.5;117.75,23;201.5,248.25;124.25,115.5;126.75,18;245,121;347,53.25
27988;29.25,86.25;73,286.5;118.25,13.75;214.25,260.5;85.5,104.75;126.75,18;285.75,107.25;331.25,30.75
46072;32.5,59;87.5,271.75;114.25,15.25;250,268.25;87.25,143.75;126.75,18;234.25,117;331.25,30.75
6486;32.5,59;59.5,242.75;129.75,24.75;249.75,267.25;57.5,128.5;126.75,18;201.5,95.25;352.75,54.5
28379;31,58.5;83.5,255.25;103.25,8;219.5,291.25;57.5,128.5;126.75,18;221.25,50.75;342,22.75
24940;30.5,58.5;41.5,238.25;103.25,8;175.75,294.75;70.75,149.75;115,53.25;221.25,50.75;332.75,9.75
40208;26.75,93.5;61,250;67.75,2.5;176,295.75;70.75,149.75;122.25,76.75;239,39.5;332.75,9.75
12005;34.75,58;61,252.5;78.5,40;176.25,317;84.75,163.5;122.25,76.75;238,39.5;332.75,9.75
47950;51,69.75;61,252.5;73.75,23;199.5,310;112.5,194.25;122.25,76.75;238,39.5;314,51.5
24310;51,69.75;61,252.5;73.75,23;242,289.75;109.25,225;147,91.5;247,4.75;331.25,57.5
1882;51,69.75;61,252.5;84.75,44.75;277.25,284.5;109.25,225;165.25,81.25;203.25,39.75;297.5,50.75
25151;41.75,123.5;75.5,209.25;122.75,49.25;306.25,286.75;114.75,241;161.75,88.25;203.25,39.75;297.5,50.75
49472;48,110;70,230.75;122.75,49.25;331.75,266;114.75,243.25;161.75,88.25;171,53.5;328.25,61
22033;13.5,84.25;36.75,256.75;149.25,56.5;331.75,266;114.75,243.25;127.75,117;171,53.5;330.25,38.25
14977;13.5,84.25;36.25,257;196,72.25;321.5,264.25;88,214.5;127.75,117;169.75,56.5;316,18.25
41818;3.75,74.25;36.25,257;197.75,70.5;321.5,264.25;88,214.5;167,115;169.75,56.5;324.75,59.5
29276;7.25,39.25;40.5,223.25;197.75,70.5;337.5,254.5;85.25,189.5;167,115;170.25,56.75;354.75,47.5
2837;7.25,39.25;40.5,223.25;167.5,22.5;324.75,258.25;61.75,221.25;137.25,74.75;167.5,48.75;333,7.25
27021;7.25,39.25;40.25,222.25;155.5,10.5;336,267.5;32.75,241;119.5,39.5;167.5,48.75;351,32
39202;7.25,40.75;20.5,178;114.75,15.25;336,267.5;22.75,279;118.75,20.25;167.5,48.75;335.75,59
45382;7.25,40.75;12.25,226.75;119.75,48.5;336,267.5;57.5,300.75;95.75,35.25;156,50.5;362,46.25
22995;6,64.25;12.25,226.75;94.5,84.75;336,267.5;106.25,284.25;110,59.25;151.25,7.75;350.5,79.25
11969;6.75,64.5;12.25,226.75;94.5,84.75;350.5,242.75;81.5,249.25;96.25,78.25;152.5,7.25;345.5,79.25
36351;10.5,105.25;30.25,209.75;79.25,128.75;318.5,253;59.75,221;96.25,78.25;152,7.25;345.5,79.25
18783;10.5,105.25;10.75,190.25;79.25,128.75;303.25,262.5;51.75,223.25;52.5,79.75;152,7.25;355.25,66.75
25011;0.75,149.5;7.75,158.75;79.5,129.75;277.75,261.75;27.25,191.5;52.5,79.75;152,7.25;355.25,66.75
22502;3.75,151.5;7.75,158.75;122.75,124.5;258.5,283.75;27.25,191.5;30.75,107.75;172.75,40;340.75,79.25
42225;5.75,123.5;7.75,158.75;87.5,86.75;264.25,309;3.5,240.75;30.75,107.75;170.25,28.75;340,73
25138;2.5,178.25;5.75,123.5;108.5,76;264.25,309;23.25,286.25;53,115.75;181.25,49.75;340,73
7080;2.5,178.25;28.25,122.75;108.5,76;264.25,309;40.75,294;66.75,93;166.25,35.5;312.25,51.25
44652;2.5,178.25;28.25,122.75;95.25,90.25;264.25,309;28,321.25;68.75,116;138.5,57;311.25,52.5
32586;2.5,178.25;26.25,126;92.25,129.75;309.25,318.75;28,321.25;79.25,134.25;156,50.5;328.25,30.5
17255;23.75,190.5;26.25,126;92.25,129.75;309.25,318.75;4,308.25;69.75,173.75;172.75,39.5;300.25,60.5
44788;12.5,230.75;30.25,138;92.25,129.75;345.5,312.75;4.25,307.5;72.25,173.75;172.75,39.5;300.25,60.5
35558;12.5,230.75;48,122;112.75,169.75;335.25,269.75;12,274.5;80.25,163;172.75,39.5;290.5,21
12350;12.5,230.75;48,122;117.75,202.25;335.25,269.75;37,238.75;85,167.5;142.75,30;257.25,15.5
21096;12.5,230.75;51,122;117.75,202.25;350,229.5;14.75,214.25;78.25,131;183.75,25.75;256.25,19.75
38266;31.75,242.5;34.5,157;163,195.25;361,209.5;14.75,214.25;81,166.25;183.75,25.75;255.5,19.5
45068;31.75,242.5;54.25,175.75;138.25,227.25;349,239;14.75,214.25;64.5,151.5;183.75,25.75;255.5,19.5
39646;52.25,273.5;72.5,183;123.25,267.5;349,239;14.25,212.25;21.5,158.5;183.75,25.75;255.5,19.5
12476;55.25,282;99,197.25;119.5,323.25;349,239;14.25,212.25;28.25,147.75;203.25,22.25;248.5,16.5
13748;43.25,238.25;92.75,168.5;121.25,302;298.75,211;14.25,212.25;82.25,156.25;203.25,22.25;248.5,16.5
28502;42.5,196.75;91.25,201.75;134.5,285.5;301.5,186.75;14.25,212.25;108.25,124;205.5,23.25;248.5,16.5
40789;42.5,196.75;86.5,177;147.75,263.5;301.5,187.5;24.5,202.25;128,92.75;218.25,58.75;248.5,16.5
35763;44.5,200.75;86.5,177;173.75,297.75;301.5,187.5;37.25,193;151,92;236,77.5;248.5,16.5
46402;53.5,228;107.25,160.75;174.25,297.25;292,146.25;67.75,181.75;150.5,49;236,77.5;248.5,16.5
1093;40,240.25;134.25,137;175.5,297.5;272.75,166;67.75,181.75;122,38;236,77.5;279.5,36.75
43776;18.75,242;144,124.5;175.5,297.5;288.5,141.75;67.75,181.75;122,38;201.5,100;282.5,58.75
10931;42.5,271.75;160,127.25;175.5,297.5;312.5,152.25;66.75,181.75;122,38;178.75,107.5;316.5,66.25
14906;42,271;183.25,145;204,309.5;312.5,152.25;66.75,181.75;81.75,13;215.25,122.75;310,88.25
60;17.5,265;182.25,146.5;204,309.5;318.5,103.5;78.25,212;82,25.25;231.5,124;310,88.25
37300;40.5,235;162.5,129;204,309.5;287,106.5;78.25,212;89.75,73.25;236.25,126.5;270.75,101.25
7829;40.5,235;162.5,129;164.25,294.25;277,103.5;78.5,190;84.25,54.25;235.75,126.5;271.75,101.5
27071;1.5,275;110.5,113.5;145.75,266.75;277,103.5;58.75,203.75;66.25,91.75;235.75,126.5;271.75,101.5
18197;33.75,241.75;89.75,85.75;145.75,266.75;277,103.5;56,208;66,86.75;210.5,99.75;269.75,144.25
24846;47,234.5;112.25,49;192,261.75;283.75,86;56,208;66,86.75;210.5,99.75;310,139.25
47298;64,230.25;112.25,49;192,261.75;283.75,86;29.5,213.5;76.25,118.5;222,78.25;330.75,137.25
17097;31.5,240.5;112.5,49.5;192,261.75;249.5,69.75;29.5,213.5;75.25,127;223.5,78.25;350,162.5
4899;45.25,275;112.5,49.5;189,232.75;286,54.5;27,217.5;75.25,127;195.25,86.25;350,162.5
32201;65.25,296.75;97,19.5;189,232.75;292.75,14.25;27,217.5;75.25,127;156.75,95;335.25,199.5
46004;41.25,275.75;96.25,19.5;189,232.75;298,44.5;27,217.5;54.75,133;156.75,95;337.75,226
14907;44.25,308.5;126.75,3.5;169.25,234;303.5,79.5;27,217.5;54.75,133;195.75,96;337.75,226
48117;32.5,270.5;128.5,30.25;165,274.25;292.5,53;7.25,186.5;54.75,133;195.75,96;335,227.25
48735;32.5,270.5;85,43.25;186.25,272.75;292.5,53;2,155.25;80,111.25;218.75,63.75;335,227.25
16996;24.25,308.5;86.75,69.25;165,292.25;292.5,53;19,128.75;80,111.25;218.75,63;335,227.25
31238;65.75,316.25;86.75,69.25;124,302.75;332.5,65.5;11.25,146;87,109.25;218.75,63;335,227.25
12652;65.75,316.25;93.75,32.5;123.5,304;349.5,35;11.25,146;52.5,100;202.75,99.75;289.5,224.5
50503;28.5,322.5;93.75,32.5;125.5,292.5;367.5,30.75;12.25,136.75;55.75,121.5;202.75,99.75;286,224.5
47136;66.25,296.75;99.25,33.5;159.25,296.25;367.75,30.25;12.25,136.75;55.75,121.5;245.75,69.25;343,221.75
2499;83.25,286.75;85,59.25;159.25,296.25;367.75,30.25;29.5,177.5;100.75,109.5;245.5,117.25;343,221.75
12840;83,300.75;110.75,69.25;175.25,266;367.75,30.25;29.5,177.5;100.75,109.5;203,98.5;321.25,181.25
6491;83,300.75;102.75,54.5;162.5,226.25;367.75,30.25;23.75,190.75;139.25,99;212.75,93;295.25,196
17014;96.5,295.5;102.75,54.5;157.25,207.5;334.25,30.5;1.25,229.75;131.25,131.25;212.75,93;269.25,220.75
8292;96.25,296;130.75,25.75;166,164;336.25,38.25;50.75,224.25;131.25,131.25;212.75,93;314.25,230
44953;95.5,295.25;126.75,34;187.5,131.75;336.25,38.25;54.5,252.75;131.25,131.25;192.5,88.5;311,236.75
40653;94.75,296;133,21.25;188.5,131.5;316.75,38.5;40.75,293;131.25,131.25;192.5,88.5;287.75,263
15324;94,295.25;147,21.25;175.75,162.25;307.5,54.5;15.25,318.5;131.25,131.25;183.5,69.25;287.75,263
7053;126.25,280.5;147,21.25;175.75,162.25;276.5,35.5;15.25,316.5;85.75,125;184.25,70.5;286.25,262.75
13006;126.25,280.5;127.5,30.75;161,124.75;252,8.75;15.25,316.5;99,135.75;184.25,70.5;286.25,262.75
49171;126.25,280.5;127.5,30.75;145,125;252,8.75;45.5,319;47,130.5;136.5,91.75;307,306.75
12242;124.5,280;127.5,30.75;134,125.25;231.5,56.25;1.75,309.75;3.5,156;144,117.5;307,306.75
36524;68,255;146,6.75;151.25,146.25;231,55.25;1.75,309.75;3.5,156;138.25,150;354.5,279.25
2101;66.75,202.75;128.5,4.5;146.25,125.25;230.25,54.5;1.75,309.75;40.25,135.25;130.5,195;354.5,279.25
34420;101.75,213.5;128.5,4.5;157.25,146.5;285.5,55;1.75,309.75;38.75,107.75;135,184;318.25,313.75
12251;101.75,213.5;128.5,4.5;157.25,146.5;258.25,77.5;6,306.25;31,79.25;162.5,164.5;286.75,300.5
14671;96.75,252;107.75,23.75;132.25,177.5;253.25,60.75;6,306.25;31.75,77.5;164.5,161.5;286.75,300.5
309;58.75,277.75;65.25,6.5;156.5,208.75;253.25,60.75;6,306.25;36.25,65.5;164,161.5;253.25,268.75
35017;43.75,305.25;51,49.75;119.25,201.25;277.75,75;6,306.25;87.75,62.5;164,161.5;246.25,240.5
16198;42.75,304.75;84.5,63.5;154.5,206.25;255.75,46;6,306.25;96.75,66;164,161.5;249.75,251
17865;42.75,304.75;116.5,68.25;128,239.75;277,89.25;45.25,319;96.75,66;164,161.5;210.75,276.5
48576;42.75,304.75;115.25,68.25;128,239.75;277.75,131.25;51.25,318.5;96.75,66;146.25,203.25;188,249
15522;46,267.75;82.5,67;121.5,259.25;257.25,160.75;51.25,318.5;96.75,66;153.75,190.5;165,238
28560;59,240.75;82.5,67;121.5,259.25;256.5,153.5;51.5,321.75;97.25,40;143.5,225;167.5,254.5
38125;49.5,230.75;90,20.25;154.75,226;272.25,137.75;51.5,321.75;75.5,21;143.5,225;186.75,289.5
23134;55,248.5;93.5,26.5;152,230;268.75,106.25;43,320.25;75.5,21.75;143.5,225;186.75,289.5
16096;10,247;105.25,60;152,230;287.5,74;3.5,309;99.25,38.5;115,215.75;186.75,289.5
50472;10,247;119.75,51.5;152,230;287.5,74;3.75,289.25;106.5,8.25;132.25,195.75;186.75,289.5
42114;51,229;120,50;203.5,230;312,56.5;3.75,289.25;130,47.25;132.25,195.75;185.5,249
42812;48.75,237.75;120,50;249.75,247.75;328.25,6.75;3.75,289.25;130,47.25;165.75,162.75;185.5,249
43979;48.75,237.75;105.75,54.5;270.25,242.5;309,15.5;1.25,287.5;111.25,22.75;165.75,162.75;185.5,249
33186;35.75,195.5;105.75,54.5;278,230.75;299.5,52.5;1.25,287.5;86.75,31.5;138.75,156.25;185.5,249
34895;35.75,195.5;80.75,91;252,225.5;305,95.25;37.5,305.25;62.25,11.25;96.75,135.75;185.5,249
7149;53,218.25;74.5,118.75;252,224.75;304,92.25;77.5,283.5;96.25,9.75;96.75,135.75;185.5,249
22506;70,255.5;73.5,139.5;271.75,208.5;292.75,105.25;77.5,283.5;85.5,21.5;96.75,135.75;230,251.75
48485;58.5,274.5;73.25,136.75;288.25,230;309.5,115.25;77.5,283.5;86.5,21.75;96.75,135.75;205.25,275.75
24868;55.25,250;83.25,175;274,262.25;278.5,106;64.25,310;86.5,21.75;98,132.25;205.25,275.75
20907;58.5,294;99.25,214.25;274,262.25;283.25,109;64.25,310;86.5,21.75;116,143.75;213.75,270.5
9712;16.75,309.5;119,213.5;247.5,250.25;283.25,109;64.25,310;99,56;109.75,118.75;213.5,271
30312;16.75,309.5;145.75,224.5;277,250.25;283.25,109;20,297.5;98.25,55.25;109.75,118.75;243.75,260.5
5384;43.5,275;155.75,240.75;295.75,302;298.5,95.25;20,297.5;98.25,55.25;109.75,118.75;224.5,247.25
38648;42.75,274.25;164.75,280.25;276.5,276.5;309,114.5;20,297.5;98.25,55.25;132,152;224.5,247.25
15041;23.75,303.25;161.5,300.5;251.75,280.75;309,114.5;2.5,306;122.25,17.5;129.75,150.25;224.5,247.25
23740;25.25,304.5;185,323;278.75,282.5;335,155.25;2.5,306;124.5,13.5;138.75,195;224.5,247.25
9131;26,311.25;173.5,320.75;257.5,243.25;355,135;2.5,306;124.5,13.5;138.5,192;172.75,268.25
29239;62.75,294;167.5,271.25;224,252;359.5,127.5;12.75,280;101.25,40;138.5,192;172.75,268.25
5871;54.75,247.75;167.5,271.25;227.5,267;364.5,173;48.25,296.5;101.25,40;138.75,229.25;152.5,289.25
612;60.5,238;167.5,271.25;255,289.75;369.5,170;51.5,317.5;74.75,59;138.75,229.25;154.25,288.5
44961;42.25,237.75;167.5,271.25;267.5,251.75;357.5,168.25;51.5,270.75;74.75,59;138.75,229.25;154.25,290
48885;34.5,238.75;167.5,271.25;244,219.75;361,195.25;51.5,270.75;74.75,59;118.75,222.5;154.25,290
46579;34.5,238.75;156.75,227.75;260.5,181;361,195.25;43.25,306.75;74.75,59;122.5,173.75;154.25,288.5
6585;27.5,251.5;148.75,187.25;260.5,181;356.25,197;12.75,286.25;77.75,25.25;141.5,196.5;154.25,288.5
25168;32.25,296.5;148.75,188;246.25,196.5;337,152.75;12.75,286.25;77.75,25.25;135,180.75;174.25,294.25
29972;54.75,321.75;138,160.25;245.25,197;292.5,146.25;20.5,289;77.75,25.25;135,180.75;153.25,278.75
28058;54.75,321.75;132.75,160.75;245,176.5;291.5,105.25;17.25,269;77.75,25.25;103.25,194;117,296.5
5442;54.75,321.75;124,138.5;267,202.25;283.25,109;36.5,231.75;62,41;103.25,194;117,286.75
47350;51.75,318.5;124,138.5;273.5,165.75;297,153.75;35.25,238.75;47.25,39;103.25,194;117,292.5
26431;67.5,307.75;110,109.5;276.75,148;297,153.75;23.25,287.25;47.25,38.25;103.25,194;161.5,303.75
41548;31.5,284.25;79.5,91.75;282.75,167.75;298.5,98.25;27.5,287.5;71.25,50.75;103.25,194;161.5,303.75
24267;6.25,291.5;70.5,86.5;280,171.5;310.75,112;22.75,302;72.25,52;103.25,194;161.5,303.75
35717;2.75,291.5;63.25,86.5;279.5,171.5;310.75,112;19,307;93,35.25;103.25,194;118.75,291.5
32190;0.25,291.5;34.25,124.75;259.75,173.75;293,134.25;19,307;64.25,8.75;103.25,194;152.5,302.75
6897;0.25,291.5;30.5,129.25;259.75,173.75;308,115;18.25,296.75;80.5,24.25;88.5,168;152.5,302.75
6359;0.25,291.5;3.25,124;244.5,224.25;294.5,70.25;18.25,296.75;84,21.5;88.75,163.25;152.5,302.75
41652;0.25,291.5;41.75,93.25;218,215.25;308,120.25;16.5,251.5;84,21.5;88.75,163.25;152.5,302.75
47878;15.75,296;47.75,95.5;206.75,169.75;308,120.25;9.75,270.5;83.75,21.75;88.75,163.25;152.5,302.75
43165;15.75,296;72.25,132;224.5,155.5;308,120.25;26.75,231.5;83.75,21.75;104.75,124.75;182.5,288.5
19714;2,272;117.25,108.25;197.5,169;267.75,111.25;18,227.5;80,24.25;104.75,124.75;182.5,288.5
47660;2,295.5;133.75,126;219,135.25;267.75,111.25;18,227.5;80.25,13;126,127.75;142.25,301.25
33868;18,284.75;99.75,130.25;236.75,89.75;261,66;14.5,228;80.25,13;109.5,78.5;142.25,301.25
22312;18,284.75;99.75,130.25;283.75,105;290,75.25;14.5,228;80.25,14.5;98.75,68;144.5,299
38362;17.5,264;137,147.5;264,95.25;315.5,59.75;26.5,222.5;80.25,14.5;98.75,68;144.5,299
11822;13,242;155.25,125.75;286.25,74;289.5,73.75;26.5,222.5;80.25,14.5;119,62;144.5,299
49138;13,242;201.5,143.5;236,74;289.5,73.75;27.25,223;80.25,14.5;115,73.75;144.5,300
33518;48,258.75;154.75,125.25;216.5,32.75;311,113;27.25,223;52,5;139.75,124;144.5,300
35465;68,231;196.25,113;216,32.5;311,113;5,238.75;59.5,6;144.5,88.5;144.5,300
26968;68,231;189.5,80;216,32.5;306,160.75;5,238.75;69.25,30.25;125.25,116.5;177.25,274
21338;102.75,246.5;190,79.75;215.25,39.75;305.75,160.25;5,238.75;69.25,30.25;91.5,137.75;185,248.5
48861;102.75,246.5;154.75,48;242.75,7.75;306.5,114.25;5,238.75;52.75,11.5;92.5,138;183.75,198
37182;102.75,246.5;131.75,8;243.25,8.25;306.5,114.25;37.25,251.5;87,30.75;92.5,138;183.75,161
45094;56.25,249;138.5,22;266,2.75;275.75,106.25;28,242.25;87,30.75;92.5,138;179.75,154.5
14952;61,252.5;138.5,22;260.5,18.25;310.5,146;32.25,252.5;87,30.75;92.5,138;183,102
35538;61,252.5;161.5,60.25;277,36;336.75,149.5;32.25,252.5;87,30.75;113.75,113.25;135.25,106.5
8435;61,252.5;132.25,88.75;274.5,17.5;340.25,145.75;32.25,252.5;64.75,12.5;99.5,137.75;135.25,106.5
27403;61.25,294.5;146.25,136.75;300.25,56;340.25,145.75;4.5,243.5;64.75,12.5;90,171.25;129.75,131.25
30691;38.25,277.5;153.75,184.5;300.25,56;354.75,117.75;33.5,265.75;61.5,12.75;90,171.25;128.25,105.25
35468;3.75,285.5;155,202.75;284,54.25;367.75,122.5;18,232.25;61.5,12.75;90,171.25;128.25,105.25
17657;42.5,285;173.25,227.5;310.5,32;337.75,101.5;18,232.25;30.75,29.75;90,171.25;94.5,109.5
20808;19.5,308;220.5,218.25;264.75,11.25;338.5,102;7.5,284.5;30.75,29.75;94.5,109.5;106.75,152.75
35021;67.75,317.5;220.5,218.25;270.75,30;338.5,102;19.25,306.75;39.25,81;41.75,105.25;106.75,152.75
46672;36.5,302.25;221.75,219;270.75,30;356.5,102.25;19.25,306.75;29.75,108.25;54,79.25;61.5,149.75
14355;7.25,301.25;220.25,219;239.75,60.5;327,115.25;12,288.25;29.75,108.25;41.5,51;61.5,149.75
18938;5.5,303;206.25,169.25;271.75,99.5;352,165.5;12,288.25;27.5,101.75;47.25,79.5;61.5,149.75
37259;49.75,306.75;164,149.5;281,74.5;298.75,166.25;3.25,307.25;16.5,98.75;47.25,79.5;61.5,149.75
16505;50.5,306.25;164.25,202.75;281,74.5;322.75,152;3.25,307.25;13.5,136;46,53;93,171.5
4868;68.75,281.25;179.75,232.25;293.75,54.25;310.25,110.5;3.25,307.25;31.25,179;46.25,53.5;93,171.5
17675;83,300;179.75,232.25;289.75,72.25;294.75,75.5;3.25,307.25;18.5,203.25;63.25,92;97.75,177
23673;81.75,305.25;131.5,241.25;263.75,96.5;278.75,103.25;3.75,298;18.5,203.25;60.75,93;97.75,177
48018;103.5,283.5;134,289.25;284.5,54.25;291,146.75;3.75,298;18.5,203.25;22.5,94.75;97.75,177
16707;75,272.5;165.5,313.25;242,37.75;279.5,101.75;3.75,298;18.5,203.25;22.5,94.75;97.75,182.5
3025;70.75,297.75;134.25,289.75;243,37.5;289.75,115.75;3.75,298;18.5,203.25;19,71.75;79.75,184
5610;67,296.75;137.75,226.25;248.25,96;268.75,103;3.75,298;18.5,203.25;59.5,100;75.25,118.25
39246;21.5,301.25;121.75,203.5;263.5,64.75;275.75,89.25;3.75,298;31.25,206.75;59.5,97.75;75.25,118.25
29988;54.5,322;89.5,175.25;261,64;278.75,88;3.75,298;31.25,206.75;78,81.25;87.5,127.25
41447;24.25,306;89.5,175.25;294,112.25;295.25,56.5;3.75,298;84.25,222.25;109.5,39.75;113,100
16094;24,306.75;119.75,203.75;288.5,101.5;295.5,14.5;23.5,266;80.5,235.5;109.5,39.75;113,100
45282;24,306.75;112.5,222.5;288.5,101.5;296.5,20;56.5,289.25;68.25,260.5;109.5,39.75;120.75,113.25
46809;24,306.75;136,188.25;281.25,122.25;334.5,22;56.5,289.25;68.25,260.5;109.5,39.75;155.25,88.25
45641;23.75,305.75;145.25,225.75;299,120.75;334.5,22;41.25,317.25;55,307.5;109.5,39.75;120.5,116.5
7553;24,306.75;99.75,256.5;331,143.5;334.5,22;8.25,318.5;55,307.5;78.5,25.25;112.25,92.25
4062;23.75,305.75;74.5,257.25;331,143.5;366.5,36;15.5,280.25;55,307.5;104.75,68;158,87.25
9205;43.25,243;120.25,237.5;333,178.5;367,35.5;29,223;55,307.5;103.25,127;158,87.25
48267;43.25,243;120.25,238;325.5,151.25;362.75,22;29,223;55,307.5;117.75,144.75;151,79.5
41565;35.75,242;148.25,260;351,133.75;362.75,22;39.5,189.5;55,307.5;117,144.75;151,79.5
37130;57,285;169.75,274.5;351,133.75;369.75,35.75;39.5,189.5;57,306.75;75,121.75;142,35
45845;57,285;125.5,293.75;325,89.25;353.25,26;10.75,202.75;15.75,303.5;62,163.5;142,35
27577;71.75,300;125.5,293.75;322.75,94;352.75,25;10.75,202.75;33,265.75;78,190.25;143.25,29.25
39843;70.75,300.25;125.5,293.75;284.5,86;337.75,2.5;30.75,177.75;32.5,266;73,188.75;143.25,29.25
40345;87.25,287.25;114.5,292;309,114.25;337.75,2.5;31.25,178.5;34,283.25;98.25,225;143.25,29.25
28054;82.75,247.75;161.75,319.75;332.5,85.5;337.75,2.5;31.25,178.5;34,283.25;121.75,197.75;127.75,47.25
17128;88,221.75;161.75,319.75;334.25,50.75;337.75,2.5;27.25,202.25;33.5,283.5;122,196.25;165,17.75
23353;47.5,231.25;125,285;327.5,65.5;338.25,3;27.25,202.25;33.5,283.5;92.75,229.75;146,48.5
41920;47.5,231.25;126.75,263.5;327.5,65.5;338.75,3;3.5,238.25;54.75,269.5;133,214.5;152.25,49.5
10382;8,227;114,237.25;328.25,65;338.75,3;3.5,238.25;81,253;133,214.5;160.25,48.75
33111;23.5,228.25;122,257.25;272.5,59.5;328.25,6.75;3.5,238.25;53,247;119,251.5;160.25,48.75
40496;15,226.25;122,257.25;272.5,59.5;329.25,7.5;20.25,272;65.75,224.25;111,292;132.75,21.25
46971;51.5,226.75;163.25,226.75;272.5,59.5;324.5,51.75;20.5,265.25;65.75,224.25;80.75,313.5;118.25,62.5
18535;51.5,226.75;155,211.75;272.5,59.5;294.25,19.75;19.75,266;71.5,221;80.25,278.5;126.25,74
24110;52.25,193.5;195.25,215.5;240,34.75;294.25,19.75;40.25,292.5;51.5,247;80.25,278.5;119.25,112.25
25234;74.25,205.5;229.25,230;240.5,34.5;293.25,33.5;21.75,292.5;35.25,213;80.25,278.5;119.25,112.25
7118;38.25,182;228.75,230.5;254.5,56.25;293.25,33.5;43,263.25;73.5,206.75;80.25,278.5;84.25,99.25
4036;38.25,182;202.5,266.75;287.5,72.25;293.25,33.5;19.5,293;61,203.5;96.25,319.75;108.75,77.75
40061;66.5,146.5;218,260;292,106.75;315,41;19.5,293;65.5,201.5;96.25,319.75;134.25,77.75
12197;66.5,146.5;218,260;301,112.25;315,41;9,286.5;99,229.25;123.5,294.5;140.25,72.25
37361;40.5,119.25;239.25,282.25;301,112.25;313.75,38;43,275;99,229.25;122.75,296.25;149.5,30
34435;76,122.25;212,311;270.25,73.25;313.75,38;43,275;99,229.25;140.25,283.75;162,82
24296;64.25,135.25;197.75,322;295.5,56;329,41.5;51.75,309.5;99,229.25;140.25,283.75;162,82
449;100.5,113.5;162.75,313.25;295.5,56;341.25,10.75;51.75,309.5;111.25,260;156.5,248.5;160.75,80.75
3520;121,73.25;211.5,291.25;295.5,56;341.25,10.75;43,273.75;100.75,268.25;144.5,298.5;160,80.75
43692;116,35.75;174,270;312.25,64.75;341.25,10.75;43,273.75;100.75,268.25;178,270.75;198.25,69.25
15606;82.5,53.25;167.5,265.75;269.5,60.5;341.5,12;30.5,278.25;84.25,285.25;178,270.75;198.25,69.25
36803;57.75,56.5;126.75,244;267.75,94.25;341.5,12;30,278;76.75,240.75;178,270.75;243.5,76
25826;64.25,85;121.75,219.75;267.75,94.25;341.25,11.25;19.25,294.75;69.5,273;181.5,294.25;243.5,76
23762;64.25,85;120,243.75;267.75,94.25;341.25,11.25;44.5,275;77,303.5;185.25,294.75;238.25,84.75
14603;95.5,92.75;156.5,263;278.25,130.25;341.25,11.25;44.5,275;85.25,317;185.25,294.75;242.75,121.75
46867;131.5,57.5;156.5,263;278.25,130.25;341.25,11.25;44.25,317.25;68,309;185.75,246.5;242.75,121.75
39601;131.5,57.5;170.25,300;280.5,126.75;329.25,32;5.5,309.25;38.25,295.5;188.25,244;242.75,121.75
9828;132.25,3.75;170,301;269.75,128.25;328.75,26.25;5.5,309.25;41.5,253;176.75,286.5;242.75,121.75
47619;132.25,3.75;170,301;284,105.25;343.25,74.75;20,271;33.75,221.25;176.75,286.5;243.25,76.75
42323;135.5,21.75;170,301;284,105.25;343.25,74.75;10,303.25;23,179.25;176.75,286.5;209.25,86.25
22644;135.5,21.75;170,301;284,105.25;369,73.25;5.25,318;23.5,179;145.5,300;189.5,104
4016;148.75,49.5;179.75,316.25;279.5,73.25;369,73.25;12.25,318.5;23.5,179;127.5,288;225.75,132.75
39863;148.75,49.5;179.75,316.25;280.5,73.5;340.5,28.75;28,298.25;61.75,152;109,296;210,93
31936;178,13.75;179.75,316.25;294,52;340.25,30.25;42.75,260.5;87.25,156.25;109,296;250,77.5
45646;178.5,36.75;179.75,316.25;294.5,101.25;354.75,22.5;42.75,260.5;79.75,99.25;109,296;224.25,49.5
34760;180,37.5;186.75,278.75;323.25,62.5;354.25,22;18.75,297.75;107.5,54.25;109,296;224.25,49.5
38412;180,37.5;213.25,278;333,41;355.25,21.25;21.75,265.75;106.25,38;134.25,310;224.25,49.5
29756;200.25,69.25;245.75,256.25;317.5,52.25;324.75,3.5;22,265.25;106.25,38;134.25,310;259.25,23.25
5424;200.25,69.25;247.25,283.25;317.5,52.25;324.75,3.5;7.25,292.5;102.5,47;141.5,290;267.75,62.5
32132;177.25,112.25;282.5,282.5;304.75,35.5;324,4.5;8,296.25;102.5,47;111.5,252;267.75,62.5
2952;184.25,76.25;291.5,307.25;304.75,35.5;324,4.5;11,296.25;90.25,36;111.5,252;268.25,60.75
48476;184.25,76.25;317.5,275.75;319.25,38.75;325.5,29;11,296.25;90.25,36;128.75,216.25;269.25,61
50580;157,28.5;317.5,275.75;319.25,38.75;325.5,29;16.5,295;90.25,36;151.5,221.75;310.25,86.75
31569;157,28.5;279.5,236.25;313.75,38;329.75,4.5;46,306.25;144.5,43.5;151.5,221.75;309.5,138.75
48945;157,28.5;293.5,229.25;313.75,38;329.25,4;77,277.25;156,48.5;165,240;309.5,138.75
29697;142.5,35;277.5,240;329.25,4;334,30.5;77,277.25;158,59.75;195.25,229.25;307.5,149
19160;160,38.25;281.5,230.75;287,13.75;303.75,52.75;77,277.25;158.75,59.5;195.25,229.25;318.5,199
5588;160,38.25;245.5,220;299,55;326.75,40.75;77,277.25;160.25,61.25;230,210.5;295,198.25
21562;177.5,1.25;292,211.5;299,55;347,37.25;96.5,315.75;159.75,61.25;249,233.25;295,198.25
34971;177.25,42.75;292,211.5;323.5,64.75;346.75,38.25;115.5,324.25;155,51.5;227.5,219.75;295,198.25
15961;157.75,30.25;290,169.5;304,56;346.75,38.25;72,297.25;155,51.5;227.5,219.75;270.5,180
34176;138.75,20.25;292.25,220.75;304,56;347.75,39.5;23,306.25;195.75,39.5;221.5,212.25;270.5,180
40938;138.75,20.25;245,219;304,56;367.25,30.25;22.25,301.25;168.25,56.75;194,174.75;314.5,163.75
7704;138.75,20.25;267.5,254.75;314.25,93;367.25,30.25;22.25,301.25;164,53;231.5,158.5;326,131
22354;138.75,20.25;213.25,241.25;310.5,57.5;367.25,30.25;65.25,287.75;161.5,87.75;196,173.5;288,91.5
44895;90.5,27;169.5,240.25;290,8;367.75,30.25;84,273.75;161.5,87.75;196,173.5;288,91.5
47447;84,67;169.5,240.25;295.25,8.5;344,16.5;84,273.75;134.25,72.75;196,173.5;328.25,81.25
45416;113.75,67.5;136.25,238.25;295.25,8.5;334.5,35.5;47.25,281;134.25,72.75;196,173.5;323.5,62
38658;81.75,79.75;121.5,229;289.75,13.75;311.75,52;41,281.25;124.25,106.75;196,173.5;323.5,62
46355;48,75.25;101.5,195;289.75,13.75;311.75,52;40.25,263.25;124.25,106.75;229.5,155;306.25,83.5
48830;48,75.25;132.75,173.25;330.25,4;339.25,87.25;40.25,263.25;100.5,144.75;264,141.5;287.75,84
28842;34.75,97.5;145.25,183.75;344.25,7;357,89.5;40.25,263.25;140.5,147.25;264,141.5;286.5,83.75
48526;35.25,97;155.25,160;344.25,7;357,89.5;68.25,289.25;192,165;264,141.5;325,63.5
49509;64.5,74.75;184,125.25;343,7.5;357,89.5;115.5,258;196,173.75;264,141.5;314,50.5
44792;55.5,34.5;141.5,128;340,49.25;357,89.5;115.5,258;196,173.75;274,90.75;314.25,48
28703;42.25,12;154.75,87.75;333.25,90.25;340,49.25;117,295.5;231.75,190.25;274,90.75;314.75,48
22622;42.25,12;121.75,73.75;324,89.75;339,50.25;87.5,284;211.5,152.5;274,90.75;346.5,82.75
38863;42.25,12;131.25,93.25;324,89.75;339,50.25;40.5,292;187.5,160.5;293,57.25;347.25,82.75
13418;44,12;175.75,111.5;310.75,55.5;324,89.75;57.75,288.75;182.5,190.25;293,57.25;333.25,124.75
36159;44,12;175.75,111.5;294.25,56.25;312,80.75;81.75,268.25;189,196;293,57.25;304.5,130.75
3349;8,52;175.75,111.5;274,17.5;324.75,41.25;90.75,244;189,164.25;293,57.25;304.75,128.75
282;0.5,68.75;175.75,111.5;234.25,9.75;362.5,23.75;87.75,270.25;189,164.25;255.25,26.25;304.75,128.75
4352;35,63.75;228.75,124.5;238.5,67;320,21.75;73,289.75;166,113.25;255.25,26.25;304.75,128.75
40979;35,63.75;228.75,124.5;277.75,75.25;320,21.75;58,246.75;162.75,161.75;251.5,10.75;281.25,101.75
21851;35,63.75;249,169;273.25,42;320,21.75;72,286.75;156.75,184;251.25,6.25;285.75,115.25
30950;35,63.75;247.25,129.75;285,75.75;367.5,29.75;102.5,269;124,157.75;251.25,6.25;284.75,115.25
46983;49,19.75;269,166.75;276.5,74.25;366.5,30;56.25,252.75;82,170;251.25,6.25;284.75,115.25
21446;49.5,19.75;269,166.75;296.75,104.5;339.25,36.75;56.25,252.75;104,170.5;230.75,17.5;304.25,131.5
36150;48.75,56;263,179.75;296.75,104.5;339.75,39;79,211;104,170.5;196.25,41.75;312,127.25
24936;48.75,56;270.25,166.5;279.25,104.5;336,41;79,211;126.5,131.75;202.25,85;308.5,125.75
45421;58.25,58.25;270.25,166.5;279.25,104.5;353,8.25;90,189;126.5,131.75;166.5,90.25;310.5,128.25
2577;79.5,91.75;262,135.25;278.25,130.25;353,8.25;90.25,177;122.5,118;183.5,69;310.5,128.25
9085;79.75,118.5;243.25,118.5;245,158.75;353,8.25;71.25,183;118.75,106.75;155,68.75;310.5,128.25
46735;79.75,118.5;243.25,118.5;245,158.75;312.75,16.25;56,195.75;123.5,60.75;172.25,41;355.75,153.75
12820;47.75,75.25;239,66.25;246.5,158.5;326.25,14.75;22.25,229.75;123.5,60.75;168,53;355.75,153.75
17586;82.25,52.75;223.75,79.75;246.5,158.5;352,15.25;10.75,269;124.25,60.25;158.25,45;355.75,153.75
9317;78.5,38.25;224.75,79.75;274,143;352,15.25;10.25,273;129,97.75;158.25,45;351.75,160.25
39156;49.75,46.75;220.5,65.75;316.75,145.75;337,31.5;10.25,273;129,97.75;158.25,45;347.25,143.25
32045;9.25,23.75;220.75,91.75;329,152.5;340.25,30.25;3.75,280;129,97.75;158.5,30.25;347.25,143.25
27404;7.75,25;187.75,113.25;325.75,193.75;340.25,30.25;5,244;106.25,53.5;141.5,43.75;347.25,143.25
26291;8.5,25;162.5,146.5;309.75,156.5;323.25,38.75;4.75,192;106.25,53.5;141.5,43.75;344.5,144.75
22284;8.5,25;168.25,102.25;261.25,147.5;322,57.75;4.75,192;94.75,95;141.5,43.75;356,145.5
20132;8.5,25;179.75,79.75;269.75,165.75;287.75,40.75;4.75,192;133,77.5;153.25,81;340.25,149
48997;30,67.5;224.5,72.25;269.75,165.75;313.25,62.5;35,147.5;132,79.5;153.25,81;340.25,149
43390;30,71;270,73.25;278,168.25;302.5,13.5;35,147.5;114.5,91.5;116.5,71.5;340.25,149
30276;11.5,33.5;276.75,103;289,136.75;302.5,13.5;35.25,148;102.25,66;123.25,98.5;340.25,149
12875;9.75,7.75;252.25,55.75;270.5,166.75;270.75,26.5;6,171.75;102.25,66;123.25,98.5;340.25,149
46448;9.75,7.75;199.75,60.75;274,171.5;315.75,41.25;6,171.75;93.75,109;142.25,146.75;340.25,149
49739;10.25,8.25;199.75,60.75;274,171.5;363.75,54.75;18.25,202.25;107.5,136.25;171.5,165.75;320.5,163
20129;10.25,8.25;166,96.25;274,171.5;363.75,54.75;19.75,232.75;103,183;196.5,178.25;357.25,150
47427;10.25,8.25;132,90.5;290.5,137;351,24;19.75,232.75;85.5,167.25;196.5,178.25;343.5,144.75
19374;10.25,8.25;132,90.5;289.5,166.25;351,24.5;58.75,215.75;77.25,202;219.75,152.25;314,163
31800;6.25,35.25;135.5,127.75;325,143.25;351,24.5;58.75,198.75;106.25,199;219.75,152.25;321,196
25713;48.25,54.25;158.75,128.25;289,169.5;351,24.5;58.75,198.75;88.5,222.25;219.75,152.25;311.75,163
3106;40,65.75;152.75,128.25;263.75,154.5;351,24.5;62.25,222.5;86,171.5;219.75,152.25;283.75,185.25
33782;6.5,92.75;152.75,128.25;256,156.5;351,24.5;62.25,222.5;70.5,190.5;192,161.5;280.25,187.25
1331;40.25,123.75;152.75,128.25;278.5,128.5;351,24.5;99.5,190;120.75,206;222.5,195;280.25,187.25
34204;40.25,123.75;153,98.5;276.5,105;359.5,40.5;72.25,211.5;120.75,206;186,214.75;249.25,164.25
20995;21,126.5;135.5,101.25;284.75,75.75;358.5,40.5;72.25,211.5;139.25,228.75;165,194.25;249.25,164.25
33407;53.25,152.75;135.5,101.25;297.75,88.5;358,40.75;72.25,211.5;140.25,269;172,164.5;278.5,174.5
43550;53.25,152.75;135.5,101.25;279.75,75;358.5,40.5;84,255;118.25,260;172,164.5;310.5,163
22113;76.5,145.75;111.5,68;279.5,70.25;358,40.75;71.25,216.5;118.25,260;172,164.5;331.75,180.25
36495;68.25,145.25;94,54;291.75,102.25;335.5,33;71.25,216.5;118.25,260;172,164.5;302.5,198.5
20694;32,139.75;131.5,29.75;272.75,96.5;339,33;71.25,216.5;118.25,260;180.75,197;274.25,168.75
25058;65.75,170.75;143.75,12.25;267,106.25;339,33;28.25,227.5;118.25,260;158.5,202.25;274.25,168.75
20144;65.75,170.75;142.75,12.25;267,106.25;360.25,16;51,263.25;126.5,298;180,191;312.75,194.25
30566;65.75,170.75;142.75,12.25;293.25,115;360.25,16;80.5,253.75;143.25,301.5;196.75,178.25;330.25,191.25
30765;65.75,170.75;142.75,12.25;293.25,115;352.5,40.5;82,283.5;119,294;191,180.75;323.75,211.25
20092;86,176.75;142.75,12.25;275,104.5;352.5,40.5;66.5,247.5;119,294;178.5,215;298,249
48747;59,175.5;150.75,48;297.75,111.75;352.5,40.5;50,273.5;119,294;169.25,223.25;298,247.5
21499;59,175.5;200,56.25;332.5,101.75;352.5,40.5;29,311.25;160,318;176.75,230.75;297.5,247.5
31734;85.25,214.25;197.75,63;341.5,76.25;354.25,41.75;5.75,311;160,318;176.75,230.75;297.5,247.5
31444;81.75,213.5;197.75,63;322.75,39;342.25,75.75;5.75,311;150,317.5;221.25,248;261.25,270.25
14755;52.25,241.75;202.25,63.25;293.5,24.5;307.5,98.75;33.75,301.5;150,317.5;195.75,250;261.25,270.25
24917;54,217.5;202.25,63.25;257.75,18.75;307.5,98.75;52.25,290.25;159.75,301.25;185.75,250;260.25,269.25
46457;54,217.5;187.75,41.75;216,33;304,101.75;41.75,320;118,291;185.75,250;266.75,254.25
48722;19.5,241.5;187.75,41.75;220,17.25;304,101.75;7,311.25;90.5,314;185.75,250;246.75,245.25
2587;19.5,241.5;186.25,63;220,17.25;304,101.75;21.25,271.5;64.75,316.75;158.25,225;222.75,248
11738;47.75,280;188,49.25;220,17.25;304,101.75;21.25,271.5;108,320.75;186.25,251;187.25,274.75
5410;40.5,303.75;181.5,3.5;227.25,38.75;290.5,111.75;21.25,271.5;80.25,285.5;186.25,254.75;187.25,274.75
26781;40,303.5;178.5,41;227.25,38.75;278,138;2,246.5;55,254.25;158.5,225;187.25,274.75
42843;40,303.5;152,34.25;220,60.75;267,113.25;22.5,265.5;63.75,249;158.5,225;185.5,286.75
26809;40,303.5;195.75,12;246,30.75;269.5,117.25;12,311.25;63.75,249;158.5,225;169.75,303.75
16585;70.75,298;192.75,12.25;244.5,48.25;281,157.25;46.25,275.75;57,298;158.5,225;169.75,303.75
26776;118,292;184.75,23;244.5,48.25;283.75,143;58,309.5;64,295.25;158.5,225;191.25,306.25
11945;136,291.5;181.25,21.75;219,74.5;267.25,102;14.25,308.25;64,295.25;158.5,225;239,292.25
48703;160.25,312.25;181.25,21.75;227.25,78.5;268.5,74.25;14.25,308.25;64,295.25;177.5,196.5;275.5,271
43902;168.25,271.5;181.25,21.75;227.25,78.5;276.75,71.25;28,268.75;64,295.25;184.75,190;307.5,234
38548;168.25,271.5;181.25,21.75;226.75,78.75;292.75,98.75;58,249;63.5,259.25;224.25,211.75;312.5,238.75
2869;133.75,238.75;189.75,4;226.25,79.5;292.75,98.75;37.75,292.5;92.25,243;224.25,211.75;269.75,252.25
24814;151.75,225;189.75,4;226.25,79.5;309.25,112;3.5,306.25;65.5,208.25;224,211.25;234,274
3345;178.75,232.75;187.75,6.5;238.75,98.25;309.25,112;30.25,320.5;33,233;224,211.25;234,274
42491;141.75,192;187.75,6.5;278.25,89;306.25,115.75;30.25,320.5;33,233;223.5,211.25;237.5,320.5
28785;163,141;186.5,8.25;278.25,89;330.5,150.75;30.25,320.5;74.5,223.5;215.5,167.25;225,272.5
27670;153.25,158.25;214.75,10.5;278.5,71.75;330.5,150.75;46.5,283;74.5,223.5;186.25,181.25;187.5,255.5
40230;153.25,158.25;242.75,3.25;278.5,71.75;297.5,135.5;38.75,310.25;75.75,226.25;188.25,177.75;195.25,249.5
9460;154.5,195;272,18.5;288.25,72;301.25,132.75;38.75,310.25;75.75,226.25;148.75,203.25;195.25,249.5
16056;153.5,195;271.75,30;281,32.5;302.25,134.75;38.75,310.25;56.75,249;176,170.25;195.25,249.5
26325;102,206;271.75,30;286,52;301.25,132.75;38.75,310.25;74.5,273;174.5,117.5;194.5,244.5
31280;102,206;273.25,40.5;286,52;333.75,102.25;5,307.25;74.25,273.5;174.25,95.5;225.5,272.25
6106;121.5,242;233.75,22.25;286,52;299.25,113;5,307.25;66.5,248.5;148,76.5;226.75,267.75
6264;124,285;234,22.75;286,52;332,137;5,307.25;106,274;180.5,104;255.25,292.75
35669;162.25,297.75;233.25,22;286.25,24.75;291,130.75;5,307.25;106,274;183.5,111;283.5,266.5
8587;146,315.5;236,34;272.25,71;291,130.75;8.5,304;106,274;170.5,103.5;327.5,287
44751;180.5,318.5;221.75,72.75;272.25,71;318,152;39.75,319.25;120.25,276.75;153.5,92.5;327.5,287
5325;210,309.5;219.75,72.5;256.75,37.25;280.75,169.5;26.5,311.25;124.25,278;153.5,92.5;327.5,287
448;215,319.5;236.5,29.25;284.5,55.75;298.5,116;62.75,298;93.25,258.25;153.5,92.5;327.5,287
22936;215,319.5;262.25,54.75;278.5,106.25;290.25,167.25;39.75,319;67,247;142.75,53;327.5,287
1008;217.75,270.25;278.5,106.25;288.25,74.25;302.25,134.75;40.25,323.5;117.5,251.5;160.25,17.75;327.5,287
23488;254,280.25;277.25,128.25;285.5,71.75;302.25,134.75;40.25,323.5;117.5,251.5;124.25,34.75;354,262.75
14249;232.5,302.5;264.5,135.25;277.75,106.5;293.75,101.25;40.25,323.5;117.5,251.5;165,31.25;354,262.75
29571;232.25,303;264.5,135.25;277.75,106.5;280.25,63;53.5,274.5;99.25,283;119.25,15.75;296.25,258
32216;232.25,303;273.75,144.25;277.75,106.5;299.75,13.75;31.75,251.75;148.75,271;152,32;249.5,228.25
41834;232.25,303;248.5,161.75;274.25,64.5;299.75,13.75;39.5,295;127.75,223.75;152,32;291,226.25
34620;246.5,305.5;260.25,134.25;274.25,64.5;334.75,37.5;48.75,293.5;127.75,223.75;189.75,67;291.25,276.5
41665;260.25,313.75;267,164;274.25,64.5;339.75,38;52,290.25;127.75,223.75;184,99.5;277,286.75
26255;260.25,314.75;265,178.25;271.5,64.5;293.75,70.5;52,290.25;127.75,223.75;151.75,88.75;276.75,282.5
46047;260.25,314.75;265,178.25;271.5,64.5;302.75,74.75;23.5,245.75;66.75,221;192.25,98.25;271.75,223.75
42029;244.5,310;265,178.25;271.5,64.5;302.75,74.75;24,245.25;70.25,270;239.25,79.75;277.75,185.5
37247;244.5,310;265,178.25;265.5,59.25;284.5,70.75;54,260.5;86.5,249;258.5,99.75;285,233
41616;248.5,308;265,178.25;265.5,59.25;309.75,41.25;31,308.5;86.75,248.5;238.25,132.75;285,233
5583;261,301;265,178.25;265.5,59.25;311.5,37.25;45.5,310.75;87,247.5;247.75,176;268.75,188
31993;230.25,251.5;265,178.25;269,72.75;287.5,55.5;48.25,300.25;86.75,248.5;247.75,176;287.25,131.5
33676;230.25,251.5;252,153.25;284.75,105.25;287.5,55.5;88.25,299.75;110.25,224.5;214.25,183.75;286,130.25
19179;232.5,277.5;252,153.25;272,73.75;295.25,72.75;89,298;150,225.5;214.25,183.75;259.25,146.25
36376;223,236.75;238.75,136.5;270,103;294,80.25;40.75,302;150,225.5;211.5,183;259.25,146.25
48168;223,236.75;256.5,97.75;289.25,152.5;338.5,79.5;55,251.75;173.25,196.5;211.5,183;259.25,146.25
18380;223,236.75;256.5,97.75;287.25,151.75;303.75,55.75;29.5,213.5;193.25,176.25;207,229.25;232.75,155.5
15642;223,236.75;262.5,133.25;287.25,151.75;303.75,55.75;31,265.25;182.75,165;190.25,241.75;239.5,146.25
33208;240.25,257.25;252,107.25;287.25,151.75;303.75,55.75;72,278.75;163.5,162.25;178.75,267.75;238.25,146.5
39332;240.25,257.25;252,107.25;287.25,151.75;324.5,17;47,281.75;175.25,154.5;216,263;218.75,117.5
15928;234.75,274.75;251.25,155.5;272.5,143.25;351.25,42;47,257.75;140.75,150.25;216,263;218.75,117.5
1097;235.25,274.25;270.25,164.75;272.5,143.25;338.75,38.5;15,302.5;137.75,188.75;172,290.25;218.75,117.5
47144;263.75,300.5;270.25,164.75;272.5,143.25;295.75,53.5;14.5,302.75;148.75,224.25;193.5,275;212.75,93
35406;263.75,300.5;270.25,164.75;273.5,117.5;280.25,73.5;44,275.75;164.75,162.5;195,226.75;256.25,46
41487;236.25,258;272.75,167;280.25,73.5;290,113.5;94.75,269.25;164.75,162.5;194.5,227.75;247.75,4.75
42695;236.25,258;266,180;267,113.25;275.75,133.75;94.75,269.25;138.25,199;194.5,227.75;282.5,34.75
44468;235.25,256.25;239.5,202.25;263,92.5;276,102.5;94.75,269.25;138.25,199;194,227.75;256.5,55.5
26604;235.25,256.25;238.75,202.25;280,104.25;330,92.75;65.75,224.5;157.75,238.75;163,203.25;256.5,55.5
9316;235.25,256.25;248,217.5;282.75,52.75;330,92.75;95,190.5;184.75,247;206,176.5;256.5,55.5
28445;215,217.75;235.25,256.25;263,14.5;308.25,77;94.5,191.25;171.75,290;206,176.5;224.25,51.75
33287;235.25,256.25;256.5,219.25;263,14.5;308.5,91.75;94.5,191.25;156.75,296.5;212.5,201.75;224.25,51.75
32184;213.25,278.25;252,245;277.5,26;308.5,91.75;73.5,202.25;161.5,300.5;212.5,201.75;224.25,52.25
13580;212.25,279.25;276.5,229.5;295,54;308.5,91.75;73.5,202.25;130,324.25;207,203.75;232.5,35.25
37942;213.5,259.5;276.5,229.5;279.25,72.75;308.5,91.75;98.75,231.75;123,309.25;205.75,204.5;220,62
44235;239.25,237;273.25,233;279.25,72.75;302.75,110.5;98.75,231.75;138.25,286.75;220.5,185.5;249.5,88.25
23473;239.25,237;273.25,233;283.25,26.25;299.5,84.5;67.25,265.5;157.25,242.25;241.5,228.75;249.5,88.25
44547;239,218;273.25,233;283.25,26.25;306.75,70;55.75,223.5;131.75,228;241.5,228.75;264,110.25
48224;224.25,259;273.25,233;283.25,26.25;289.75,115;66.75,223.5;103.5,196.5;248.75,251;265.25,110
26664;180.75,242.25;273.25,233;283.25,26.25;285,72.75;62.25,270.75;80,210.5;260.75,271.75;265.25,110
38044;180.75,242.25;251.5,248.5;269,17.5;307.25,112.75;59.25,271.75;110,243.75;260.75,271.75;278.25,59.25
38877;180.75,242.25;251.5,248.5;269,17.5;278.75,128.25;43,254.25;115,216.25;235,284.25;326.25,61
28432;197.25,284;251.5,248.5;265.75,2.75;270,164.5;79.75,283;96.75,236.75;240.5,284.25;326.25,61
4988;208.5,309.5;251.5,248.5;265.75,2.75;277.75,102.75;89,320.75;106,274;227.75,255.5;353,66.25
30286;208.5,309.5;251.5,248.5;272.5,32.5;291.25,52;94.25,300.5;104.25,269.5;188.5,223.75;320.25,30.75
33710;180.75,320.75;272,218;272.5,32.5;323.25,16.5;51,277.5;117.75,291.5;188.5,223.75;320.75,31.75
39744;158.25,299.25;293.25,249.75;302.5,54;322.75,15;51,277.5;144.75,300.5;188.5,223.75;355.25,69
50387;160,251.5;293.25,249.75;302.5,54;322.75,15;20.75,306;158.75,301.75;188.5,223.75;349.5,50.5
19113;138.75,226;293.25,249.75;302.5,54;322.75,15;43,311.25;117,283.75;149.5,224;307.75,30.5
2859;149.75,207.5;245.75,246.75;301,53;322.25,14.5;43,311.25;110.5,283.75;149.5,224;338.75,82.25
43517;160,236.25;211,276;301,53;303.5,21;48,315.75;67.75,269;149.5,224;293.5,91.5
14636;160.5,227.5;263.75,291;293.75,103.5;313.25,25.25;48,315.75;67.75,269;149.5,224;261.5,118
43325;160.5,227.5;246.75,272.75;291.25,146.5;344,4.75;48,315.75;77.75,252.5;149.5,224;313,138.25
16565;210.25,244.25;224,313.25;256,154.5;344.75,3.75;48,315.75;77.75,252.5;177,197;313,138.25
33212;167.5,232;224,313.25;228.25,150.75;344.75,4.25;30.5,309.25;77.75,252.5;171.5,180;313.25,136.75
17224;126.25,246.5;224,313.25;228.25,150.75;344.75,4.25;43.75,275;83.25,250;141.5,147.75;327.25,147
49663;173.25,242.25;241.25,307.25;274,130;344.75,4.25;43.75,275;83.25,250;122.75,106.5;340,162
37277;143.75,223.25;217,318.5;268.75,104.5;344.75,4.25;10.25,268;83.25,250;143.75,142;340,162
24834;126.75,268.5;235.25,313.75;243.25,81.75;344.75,4.25;11.75,295.5;133,229.5;143.75,142;337.5,178
14723;135.25,264.75;235.25,313.75;243.25,81.75;344.75,4.25;3.25,296.5;138.75,251;164,165.75;355.5,165.25
44172;168.25,298.5;196.5,299.25;243.25,81.75;344.75,4.25;3.25,296.5;147.5,252;188.25,177.75;355.5,165.25
21128;168.25,298.5;196.5,299.25;233.5,90;344.75,4.25;29.5,309.25;159.25,258.25;170.25,139.25;357.5,146.5
44214;199,277.5;221.5,278;260.5,97;343.25,50;7.25,306.5;156.25,239.25;170.25,139.25;357.5,146.5
1428;199.75,245.5;221.5,279.25;245.75,130.25;298.75,52;7.25,306.5;161.25,194.25;192,107;357.5,146.5
32543;185.25,278.75;202,226;223.75,131.5;293.5,56.75;8.5,304;166.75,237;192,107;357.5,146.5
20878;162,260.25;205,223.5;275.75,127;293.5,56.75;8.5,304;137.25,197.5;243.75,133.75;336,162.25
10453;169,303.75;223.75,230.75;275,126.75;293.5,56.75;30.75,273;137.25,197.5;277,130.75;350,172.75
12438;171,324.25;223.75,230.75;275,126.75;309.25,57.5;55.5,252;117.25,215.5;277,130.75;339.5,148
46339;171,324.25;217,258.75;279,106;309.25,57.5;21.5,250;97.75,190;278,104.5;339.5,148
16126;171,324.25;225.75,214.75;286.5,70.75;336.25,9.75;60.5,207.25;77.75,182.75;279,104.75;339.5,148
27012;171,324.25;263,177.75;308.75,101.75;329.25,11.75;60.5,207.25;114.5,194.5;238.75,106.5;299.75,152.25
31813;196,295.25;258.25,154.75;305,101.75;329.25,11.75;79,175.75;144.5,189.75;202.75,97.5;299.75,152.25
10232;155,297.75;258.25,154.75;318,134.25;329.5,13.25;78.75,211;146.5,235.25;175.25,117.25;299.75,152.25
34411;136.25,286.25;258.25,154.75;298.75,84.75;329.5,13.25;84.75,156.25;146.5,235.25;215,106.75;295.5,140.25
22574;163,274.25;258.5,134.25;298.25,84.5;340,28.5;77,153.25;125.5,225.5;215,106.75;295.5,140.25
44670;151.75,228;248,94.5;303,52;340,28.5;50,175.75;160.5,203.75;215,106.75;295.5,140.25
13512;119,244;249.5,78;284.25,53.25;316.75,16.5;58.5,203;160.5,203.75;215,106.75;295.5,140.25
8311;133,258.75;226.75,71.75;284.25,53.25;344.25,20.25;58.5,203;195.25,227.5;246,77.25;292.25,137.5
19697;133,258.75;212,33;309.75,36.5;344.25,20.25;76.25,185.5;186.25,251;285.75,104.25;287.75,139.75
12193;133,258.75;201.5,43;352.5,31.25;364.25,26.25;90.5,157.5;186.25,251;281.75,90.75;289.5,138
46314;121,282;199.25,15.5;306.75,74;364.25,26.25;81,157.5;186.25,251;281.75,90.75;301.5,186.25
30775;121,282;213.25,5.75;321,58.5;363.75,27;62,197;186.25,251;240.25,77.5;313,208.75
43961;121,282;220.75,45.25;321,58.5;363.75,27;62,197;221.5,248;223.5,117.5;309.5,190
25405;104.5,294.5;242,69.25;304.5,100.75;363.75,27.5;60,160;221.5,248;252.5,131.75;309.5,190
45583;104.5,296;268.5,67;304,101.75;329.25,41.25;20.5,155.5;221.5,248;252.5,131.75;293.5,218.75
42218;103.75,295.25;288.25,71.75;311.25,115;326.75,31;20.5,155.5;221.5,248;245.75,82.75;279.5,216.75
39466;103,296;288.25,71.75;311.25,115;326.75,31;74.75,173.75;215.25,277;261.75,56.5;269.75,220
7338;117.75,286.5;288.25,71.75;311.25,115;325,25;98.25,135.75;244.25,288.25;244.75,69.25;285,216.25
28237;113.5,291;275.75,66;311.25,115;329.75,12.5;108.25,144.5;201.75,295.75;244.75,69.25;326.5,192
11061;120,264.5;275.75,66;329,156.75;329.75,12.5;108.75,144.75;202.5,296.5;212.75,66.75;345.75,187.25
5604;139.25,223;271.75,35.5;300.75,179.5;329.75,12.5;108.75,144.75;202.5,296.5;212.75,66.75;329,210.25
37603;139.25,223;300.25,54.25;323.25,151.5;329.75,12.5;117,196.25;185.25,290.25;212.25,66.75;330.5,204
46393;139.25,223;273.25,45.75;323.25,151.5;336,14.75;68.75,221.25;163,302.75;226.75,19.5;330.5,204
2092;139.25,223;277.5,75.75;323.25,151.5;336.25,15.25;54.25,198.75;132.25,323.5;223.5,26;340,207
21303;181.75,235.75;277.5,75.75;304.25,139.75;311.25,4.25;79,235;125.75,275.25;207.5,48.25;340,207
41515;167.5,279.75;277.5,75.75;281.5,167.25;311.25,4.25;79,235;137.5,265;161.5,31.75;359.5,166.25
10682;167.5,279.75;240,88.5;289.75,208.5;297.75,8;78.75,236.5;125.25,240;159.5,26;359.5,166.25
29766;167.5,279.75;240,89;275,180.75;297.75,8;107.25,270.25;174.75,241;195.75,11;349.25,204.5
13309;137.25,311.25;217.25,61.25;237.25,207.75;307.25,57.5;107.25,270.25;174.75,241;195.75,11;355.5,158.25
11691;115.25,316;215.25,22;231.5,181;283,101.5;107.25,270.25;174.75,241;195.75,11;350.5,150.5
48740;76.25,298.25;201,45.25;231.5,181;234.25,118;107.25,270.25;176.5,263.5;183.75,41.5;350.5,150.5
45983;76.25,298.25;201,45.25;231,183;269,105.75;107.25,270.25;188.25,248.5;224.75,53.75;352.75,190
14215;37.5,273.5;186.5,12;272,164;301.75,115.75;107.25,270.25;165,239;224.75,85.25;352.75,190
12053;33.25,271.5;147.25,7.5;264.75,167.25;269.25,103.75;107.25,270.25;165,239;205,120.5;335,163.5
49534;18.25,308.5;101.75,3.75;264.75,167.25;285.5,56.75;108.5,290.5;179,190.75;205,120.5;335,163.5
29566;22,308.5;56.5,5.75;265.75,167.25;280.25,10.25;108.5,290.5;184.75,178.25;186.75,97;335,163.5
4984;22,308.5;102.5,18.5;230.75,127.5;303,52.75;108.5,290.5;184.75,178.25;236.5,80.25;355.5,156.5
48575;10.75,287;120.75,55.75;239,165.5;259,56.25;108.5,290.5;180.75,163.75;236.5,80.25;355.5,109
21874;10.75,287;165,48;248.75,198.75;251,19;84.25,320.25;183.5,165.5;228.5,62.5;355.5,109
34227;70.75,291;118,32.75;249.5,199;251,19;37.75,291;165.25,161;239.5,76;355.5,109
10787;73,255;95,11.75;224.25,203.5;257.25,19.5;18.75,296.25;160.25,160.5;239.5,76;355.5,109
41522;73,255;85,59.75;224.25,203.5;285.75,53.5;20,295;159.5,158.5;229.5,80.25;310.25,121.25
1202;73,255;85,59.75;229.5,186.5;264,17.5;21.75,286.75;159,158.75;195.25,96.5;294.5,143.75
17616;49.25,238.75;58.25,96.75;197.75,176.75;264.5,15.5;32,265.75;137.75,177.75;195.25,96.5;294.5,143.75
43786;17.75,262;86.25,91.25;225.25,207.75;264.5,15.5;38.25,273.25;152.25,202.25;195.25,96.5;294.5,143.75
49528;49,250;113.25,128;225.25,207.75;264.5,15.5;26,230.75;152.25,202.25;190.25,92.5;287.25,150.75
15124;63.5,217.75;113.25,128;222.75,201;248,44;62.5,260.25;132.25,194.75;143.25,88.5;287.25,150.75
43783;53.5,209.25;90.75,140.5;222.75,201;263.25,66.5;51.25,304;132.25,194.75;169.75,57;287.25,150.75
36830;53.25,210.25;90.75,140.5;218.25,216;261,67;51.5,315.75;132.25,194.75;170,57.5;274.25,182
5992;49.5,214.75;103,145;218.25,216;261,67;83.75,314;165,199.75;170,57.5;287,224.5
42018;49.5,214.75;103.5,151.5;189.25,228.5;275.5,101.75;115.25,292.5;165,199.75;202.5,67;286,224.5
47799;40,240.75;103.5,151.5;189.25,228.5;252.5,92.25;106,318.5;179.25,191;210.75,85.25;286,224.5
2295;40,240.75;81.25,140;149,226;245.75,96.25;106,318.5;148.75,201.5;212.5,87;263.5,252
22335;27,241;81.25,140;177.25,236.25;267,113.75;142,299.75;148.75,201.5;235.25,97.75;290.5,233
39549;28,241;81.25,140;203.5,261;276.5,75.25;142,299.75;174.75,165.25;240.25,132.25;273.25,191.75
41869;37,262;45.25,123;203.25,261.25;276.5,75.25;142.5,318;174.75,165.25;242.25,137.5;263.5,176
29049;24.75,269.5;45.25,123;203.25,261.25;276.5,75.25;124.5,298;179,164.5;270.75,169.75;271,180
26323;35.25,278;40.25,76;203.25,261.25;263.25,55.75;104.25,281.75;202.75,144;271,180;272.25,168.5
20667;54,248;90.5,59;203.25,261.25;268.75,105.75;60.75,289.25;202.75,144;271,180;294.75,123.5
35263;48.25,243.25;90.5,59;203.25,261.25;307.5,113;63,286.25;158.75,149.5;312.75,196.75;321.75,158.5
35597;48.25,243.25;90.5,59;225.75,291.75;334,112.75;62.75,285;134.5,176.5;307.25,203.5;352,145.75
23318;47.75,248.75;62.75,57.25;200,307;353,130.5;66,247;134.5,177.75;307.25,203.5;352,145.75
6651;47.75,248.75;60.25,61.25;156.25,301.25;353,130.5;107.5,275;133.25,179.25;297.5,175.75;332.25,191.25
17839;22.25,241;81.25,26.5;155.25,301.75;353,130.5;107.5,275;179,190.5;313,146.75;319.75,149.5
48458;34,239.75;65.5,4.25;149,289;353,130.5;139.25,273;179,190.5;313,146.75;319.75,150.5
44842;34,239.75;34.25,16.75;165.75,278.75;353,130.5;139.25,273;186.75,174;278.5,153.25;352.75,157.5
3939;28,240.5;75.5,11;211.5,294;350.75,97.25;139.25,273;228.25,188.25;278.5,153.25;340.5,206.25
32806;34,260.25;75.5,5.25;255.5,298.25;362.25,91;139.25,273;225.25,183;271,118.25;340.5,206.25
41976;73,275.5;80.5,59.5;251.75,302.5;362.25,91;161,277.75;225.25,183;260,83.75;340.5,206.25
45124;58,243;87.5,62.75;289.75,301;332.5,121;161,277.75;225.25,183;260,83.75;356.5,158.5
11640;35.25,268.25;87.5,62.75;241.25,306.25;338,150.25;173,315.5;175,173.25;261.5,80.25;356.5,158.5
49538;34.75,268.25;87.5,62.75;197.75,296.5;336,99.25;121.25,308.5;175,173.25;285.5,125.25;340.5,147.75
25258;32.75,276.75;93.75,85;213.5,320;336,99.25;147,286;175,173.25;271.5,140;322.75,159.75
14707;30.75,276.25;138.75,77.25;174.5,302.25;318.25,70.75;167,302.75;201.5,209.25;271.5,140;322.75,159.75
11080;28,297.5;137,76.75;207.5,311.5;317.75,70.25;176.75,302.75;201.5,209.25;265.25,113;322.75,159.75
566;27.25,273.25;94.75,91.5;207.5,311.5;290.25,40.25;176.75,302.75;201.25,211;280,110.75;339.25,179
44802;42,263.25;94.75,91.5;207.5,311.5;253.75,38.5;176.75,302.75;191,196.5;286.25,94.25;338.5,179
34110;41,264.25;116.5,88.75;198,308.25;264,0.75;176.75,302.75;191,196.5;309,115.5;338.5,179
7543;38,258.25;149.75,59.5;242,308;271,30;189.5,282;191,196.5;309,115.5;338.5,179
40517;64.75,308.5;167,91.75;242,307.5;271,30;189.5,282;213.25,158.75;319.25,146.5;335.5,206
41343;81,299;150.5,124.75;241.5,307.75;271,30;189.5,282;249.75,176.75;319.25,146.5;359.25,229
43170;86.5,256.75;102.5,113.5;264.25,311.5;276.5,73.25;153.75,319.5;292.25,197.75;319.25,146.5;359.25,229
46216;49.75,239.25;102.5,113.5;264.25,311.5;276.5,73.25;155,303.75;314.5,219.5;318.25,191.75;342.5,216.25
32446;42,267;102.5,113.5;264.25,311.5;276.5,73.25;167.5,278.75;300.75,244;312,242.75;356.5,239.25
4754;28.25,300.75;102.5,113.5;264.25,311.5;300.75,113;163.25,301.25;249.25,251.5;320,199.25;358.75,238.25
45947;28.25,300.75;72.75,85;264.25,311.5;300.5,110.5;151.25,302.5;220.5,259.25;350.5,168;358.75,238.25
37063;28.25,300.75;91,65;266.25,290.5;300.5,110.5;132.25,282;251.75,238;347.75,162.75;353.75,263.75
32301;27.75,300.75;91,65;274.75,321.5;300.5,110.5;109.5,295;260,288.25;357.5,153.75;360.5,211.5
11620;27.75,300.75;118.75,52.25;274.75,321.5;312.25,54;66.75,276.5;291.5,266;355.25,163.75;360.5,211.5
4282;10.25,306.5;136.5,19.25;278.25,323.75;281.75,71;73.25,248.25;251,256.75;355.25,163.75;360.5,211.5
45609;10.25,306.5;136.5,19.25;278.25,322.75;320.25,56;99.25,203;232.5,267.25;352,205.25;359.75,229
37865;10.25,306.5;149.5,10.25;264.5,293.75;323,19;99.25,203;236,251.75;299.75,196.25;349,206
13594;39.5,312;149.25,10.75;239,259;323,19;63.75,162;220.75,296.75;299.75,196.25;354,192.75
46036;31.75,305;107.75,12.75;240,215.25;323,19;63.75,162;220.5,297.25;299.75,196.25;335.5,162.25
20662;31.75,260.25;119.75,6.5;246.75,181.5;323,19;59,160;220.5,297.25;323.5,205.25;332.75,177.75
41348;67.5,230.75;119.75,6.5;246.75,181.5;323.5,19;8,154.75;236,274.75;335.25,163;349.5,160.5
19873;93.25,212.75;119.75,6.5;246.75,181.5;323.5,19;44.5,141.75;269.5,270;335.75,207.5;359.25,148.25
36278;92.25,191.75;143.25,44.75;246,181.75;317.25,19.25;12.25,172.25;269.5,270;333.5,210.25;359.25,148.25
47221;89.75,189.5;155.75,60.5;257.75,155.25;317.75,19.5;5.25,196.75;287.75,286.25;333.5,210.25;359.25,148.25
50261;89.75,189.5;155.75,60.5;271.5,168.25;317.75,19.5;16.75,217;246,281.75;329.5,158.5;339.5,150.75
17791;89.75,189.5;174,33;250.25,201;317.75,19.5;53.25,224.5;242,310.25;318.25,198.75;339.5,150.75
24910;103,141.75;178.5,85.5;251.5,155.75;275.75,30.5;39.75,189.25;242,310.25;291.75,171.75;339.5,150.75
37008;115.5,180.5;180.25,112.25;251.5,155.75;255.25,17.5;23,155.25;242.25,310.5;312.5,208.25;339.5,150.75
33145;144.5,222.75;179.75,112;254.25,98.5;255.25,17.5;19.75,153;242.25,310.5;315,158.75;352,163
4213;130.5,272.75;179.75,112;219,89.25;230.25,57.25;19.75,153;242.25,310.5;310,211.25;358.75,153.75
22705;107.25,294.75;179.75,112;230.25,70.5;271,25.25;19.75,153;263.25,294;310,211.25;329,139.75
44155;141,282.75;179.75,112;218,38.75;309,41;19.75,153;263.25,294;310.25,161.5;336.75,133.5
42667;141,282.75;159,128;249.75,13.25;339.5,80.25;31,120.25;262.75,271.25;310.25,161.5;336.75,133.5
15421;143,300.5;159,128;221,17.25;350,35.25;62,97.5;260.25,269.25;310.25,161.5;332.75,137.5
43511;114.75,315.5;159,128;221,17.25;350.75,36.75;70.5,89.25;260.25,269.25;272.5,170.5;357,162.5
24531;114.75,315.5;149.75,126.75;221,17.25;350.75,36.75;82.25,110.5;282.75,287.25;321.75,180.75;323.5,159.75
37911;120.25,263.5;149.75,126.75;219,13.75;350.75,36.75;84.25,71.5;256.5,309.25;303.25,204;323.5,159.75
27107;156,266.25;175.75,112;219,12.75;321.25,55.75;81.75,24.75;259.75,305.5;303.25,204;323.5,159.75
27779;153.75,224.75;175.75,112;221,22.25;321.25,56.25;55,42;256,294;303.25,204;328,178.75
15776;110.75,243;157.75,109.25;186,37.5;341.75,29.25;67.75,11.75;256,294;303.25,204;329.5,179
34794;110.75,243;133,76.5;186,37.5;341.75,28.5;23.75,43;285.75,299.25;301.75,194.5;342.5,216.75
43788;58.5,238.75;92.5,97;186,37.5;325,16.75;23.75,43;260.25,258.25;301.75,194.5;359.25,190.5
23163;45.25,204.75;52.5,74.25;216,53;326.25,15.75;19.25,5.5;260.25,257.25;301.75,194.5;359.25,190.5
46868;24.25,227;34.25,98.5;216,53;315.25,6.25;18.75,19.75;260.25,257.25;301.75,194.5;359.25,190.5
35857;5.75,273.75;47.5,93.25;218,92.5;315.25,6.25;19,70.5;269.5,268;307.5,235;359.25,190.5
48698;51.25,294;56.5,96.5;242.5,133;316.25,4.5;11,47.25;269.5,268;307.5,235;355,156
34065;8,311;88,118;291.5,116;360.25,12;11,47.25;264.75,274.5;307.5,235;317.25,130
3864;50.75,295.5;102.5,164;297.75,120;351,14.25;11,47.25;264.75,274.5;285.75,234.25;317.25,130
28606;17.5,307;102,163;243.5,127;351,14.25;41.5,49.5;264.75,274.5;304.25,219.5;313.75,98.5
46147;17.5,307;138.5,126.75;208.25,168.5;351,14.25;41.5,49.5;226,306.25;304.75,194.75;341.25,53.25
17787;71.75,299.5;138.5,126.75;208.25,168.5;351,14.25;50.75,80.5;222,313.25;278,195.25;348.25,28.5
44507;86,268.5;138.5,126.75;248.5,190.5;350,17.25;92.75,105.25;200.5,277;277.25,217.75;348.25,28.5
43733;87.25,287.25;91,120;245,176.75;350,17.25;103.5,152.75;191.5,239.5;277.25,217.75;348.25,28.5
33711;87.25,287.25;91,120;270,149;350,17.25;82,157.5;148.75,225.75;253.5,215.75;341.5,17.5
40336;107.75,295.5;141.5,127.5;242.5,126;350,17.25;81,109.5;182.75,230.75;253.25,216.25;341.5,17.5
40720;72.75,317.5;141.5,127.5;280.75,167.75;321.75,13.75;81.75,127.25;188.75,275.75;232.75,181;341.5,17.5
16961;72.75,317.5;108.25,153.75;304,164;354.25,36.75;81.75,127.25;172.25,239.5;185.75,197.25;341.5,16.75
45625;72.75,317.5;108.25,153.75;313.75,128.75;354.25,36.25;68.75,150.75;142,252;197.5,213.5;344.75,34.25
3037;72.75,317.5;112.25,128;313.75,128.75;354.25,36.25;19.75,158.75;150,202.25;190.5,213.5;300,3.25
27496;72.75,317.5;91.75,139.5;347.25,166.75;354.25,36.25;30.25,109.5;161.75,203.75;231.75,183.5;353.25,18
28555;52.25,295;91.75,139.5;347.5,167.25;355.75,14.75;5.5,141.75;161.75,203.75;227.25,213.25;342.75,53.5
45040;58.5,240;130.25,166.25;321,123;355.75,14.75;5.5,141.75;142.25,197.25;188.5,175;355.25,67.75
10255;43,252.75;130.25,166;316.5,113.5;327.5,33.5;5.5,141.75;107.75,170;232.75,155.5;355.25,67.75
21184;20.25,241;107.25,167.75;322,92.25;332,75;5.5,141.75;107.75,170;232.75,155.5;333.25,62.75
46643;2,282.5;107.25,167.75;312.75,62.5;328,93.25;4.25,144;107.75,170;234.25,154.5;333.25,62.75
41044;2,282.5;107.25,167.75;292.25,35.5;328,93.25;18,156.75;123.75,197.25;262.25,133;325.25,60.25
11184;2.75,282;78.75,140.75;292.25,35.5;350.75,96.25;18,156.75;122.75,240;267.5,148.25;350,80
12660;0.25,282;46,137.25;262.75,18.5;356.25,112.75;37.75,179;122.75,240;236.75,132.75;350,80
32724;2.75,282;46,137.25;262.75,18.5;356.25,112.75;64.25,160;109,292.5;202.5,174.25;327.75,130
39819;0.25,282;60.25,158;288.75,38.25;350.75,97.75;64.25,160;107.75,320.5;253,163.75;327.75,130
15759;0.25,282;26.25,138;288.75,38.25;301.75,110.75;89,115.75;106.5,283;215.75,189.25;327.75,130
48978;2.75,282;30.25,118.75;256.5,18;285.5,74.75;89,115.75;137.5,290;215.75,189.25;292.75,121.5
29812;1.25,273.25;5,102.75;256.5,18;278,70.25;89,115.75;165.5,279.25;213,189.75;306.5,133
19352;0.25,271.5;36.25,130.75;256.5,18;285,74;125.25,106.5;165.5,279.25;220,150.5;315.25,85
23978;9.25,284;36.25,130.75;276.5,32;288.25,71.25;142.5,89.5;178.5,305.75;239.25,163.25;315.25,85
48977;9.25,284;35.75,131.5;276.5,32;321.75,103.75;142.75,49.5;152,301.75;242,163.25;315.25,85
42582;9.25,284;35.25,121.75;276.5,32;320.75,106;142.25,30.75;154.5,303;240.75,161.75;351.75,55.5
35945;26.25,261;73,141.75;276.5,32;330.5,132.5;142.25,30.75;202.25,275;205.75,148.5;337.5,79.25
10334;25.75,260.75;73,141.75;274.75,57;329.5,133.5;145.25,53;208.5,252.25;212.5,120.5;337.5,79.25
26886;59.25,250.25;86.25,165;252,74.5;339.5,105;144.25,79.5;208.5,252.25;244.5,132.25;337.5,79.25
843;59.25,250.25;86.25,165;286.5,55;361,82.75;152.75,92.5;209,252.5;266.25,112.75;310,66.25
2646;59.25,250.25;91.5,188;278,58.5;361,82.75;155.25,100.5;198.75,221;239.25,131.75;288,91.5
28542;83.5,256.25;85.5,140.75;284.5,56.25;329.75,59.75;195.5,96.5;198.75,220.5;239.25,131.75;288,91.5
28805;83.5,256.25;85.5,140.75;289.75,112.75;329.75,59.75;142.75,107.5;217,203.25;223.25,92;301.25,34.75
30914;53.5,230.5;85.5,140.75;296.75,148.25;329.75,59.75;100.25,120;203.5,172.75;224.5,92.25;300.5,4.25
13760;45.75,205.5;112.5,161.25;269.5,168;329.25,59.5;74.75,116;203.5,172.75;224.5,92.25;261.75,14.25
14645;46.75,205;137.25,184.25;245,179.5;329.25,59.5;73.5,141;170.75,165.5;195.75,89.75;261.75,14.25
44367;46.75,205;146.75,225.25;249.75,196.25;329.25,59.5;73.5,141;134.75,179.25;195.75,89.75;259.75,52.5
24534;71.25,184.5;156.25,255;248.25,171.25;330,58.25;96,169.75;128.75,150.25;195.75,89.75;259.75,52.5
41564;71.25,184.5;146.75,227.5;208,177.25;330,58.25;96,169.75;151.5,147.5;191.75,89.75;286,29.25
4188;47.25,171.75;147.5,265.25;208,177.25;349.75,103.75;93.75,144;151.5,147.5;191.75,89.75;249.75,16.75
10044;66,187;179,265.75;208,177.25;360.5,136.75;93.75,144;151,146.75;203.25,105.25;239.75,15.75
26236;51,227.25;180,221;205.5,179.25;342.5,179.25;94.25,153.25;154,145.25;203.25,105.25;239.75,15.75
16847;49.75,239.75;153.5,227.5;205.5,179.25;324.5,141.25;118.25,143.5;154,145.25;213.25,144;261.25,49.5
8259;52.5,228.5;153.5,227.5;205.5,179.25;324.5,141.25;87.75,163.5;166.25,162.75;189,165.25;279.75,28.5
32115;46.75,208.75;166.75,262;236.75,170.75;299.25,134.75;88,164;166.25,162.75;189,165.25;281,28
4112;46.75,208.75;148.25,259;226.75,135.75;300.75,111.75;88,164;155.25,202.75;186,173.5;281,28
10994;11.25,190;165,225;196.25,145;286,103.5;88,164;155.25,202.75;184,165.75;281,28
46473;11.25,190;196,223.5;196.25,145;296.25,98.75;88,164;188.75,173.75;193.75,196;281,28
6464;26,201;163.75,202.75;198.25,145;269,101.5;48.5,197.75;188.75,173.75;193.75,196;319.5,50.75
8377;54,218.5;175.5,202;198.25,145;255.5,134.25;32.5,177.25;188.75,173.75;193.75,196;322.5,76.25
23968;45.5,245.5;168.75,233;174.75,113.25;255.5,134.25;32.75,178.5;193.75,196;196.5,173.75;361,45.25
13726;44.75,203.75;147.75,240.25;174.75,113.25;271.25,101.25;31.25,178.5;182.5,232.5;196.5,173.75;349.5,53.75
46192;44.75,203.75;140.5,266.75;201.25,93.25;295,131.75;31.25,178.5;179,274;196.5,173.75;338.25,64.5
23335;44.75,203.75;118.25,291.5;221.5,60.75;322,161;31.25,178.5;179.25,235.75;219.75,173;338.25,64.5
45423;41.5,241;138.75,289.25;221.5,60.75;321.75,162.25;40.5,138.5;179.25,235.75;219.75,173;326.75,72.5
854;38.5,209.5;120,274.75;178.5,49.25;352.75,133.75;41.75,139.75;179.25,235.75;216.75,169.5;326.75,72.5
14945;58.5,242.5;97,318.75;193.5,66.75;352.75,133.75;41.75,139.75;209.25,250.75;216.75,169.5;339,80.25
19670;68,280.25;77.5,280.75;163.5,97.75;366.5,144.25;41.75,139.75;188,250;216.75,169.5;339,80.25
21479;48,235;76.5,275.75;140,97.25;366.25,144;66,169.25;188,250;216.75,169.5;312,74.5
15749;48,235;58.5,318.25;140,97.25;366.25,144;22.25,159.25;200,236.75;209,117.5;308.5,87
1921;55,250;75,287;182.75,113.25;366.25,144;22.25,159.25;228,258;262.25,118.5;308.5,87
41760;55,250;75,287;208.75,63.25;366.25,144;27,155.75;184,271.75;267.25,125;311.5,42.25
50074;75,287;79.25,240.75;161,77.25;318,149.5;6.75,202.75;178.5,321.5;267.25,125;312.5,43.5
7490;77,280.5;79.25,240.75;176,36.5;278,131.25;8.25,204;178.5,321.5;285,108;312.5,79.25
10808;31,273.75;97.75,254;125,41;309.75,94.75;8.25,204;212.5,276.5;285.5,108;312.5,79.25
27576;62.25,264.75;116.25,251.75;125,41;332.25,94;8.25,204;212.5,276.5;290.75,103;318.75,112.25
31117;14,265;115.25,250.75;158.5,31;332.25,94;5.75,195;212.5,276.5;267.5,141.25;319.5,112.5
3799;2.75,231.75;126,213.5;158.5,31;332.25,94;5.75,194.5;168,290;261.75,163.75;315.5,145.5
49401;26.75,198.25;155,226.25;178.5,45.75;290,112.5;5.75,194.5;193.75,316.75;261.75,163.75;315.5,145.5
4459;4.25,217.5;113.75,223.5;218.75,43.25;326.25,120.5;28.5,174.75;193.75,316.75;262,163.75;315.5,145.5
30978;4.25,217.5;82,193.25;256.75,68;319,151.25;62,196.5;168.75,311.75;262,163.75;314.25,147.25
30629;4.25,217.5;78.5,201.75;261,95;309.5,115.5;50.5,172.75;168.75,311.75;262,163.75;349.25,139.25
1339;22.5,241;96,162;257.25,84;309.5,115.5;89.5,171.25;168.5,311.25;298.75,153.5;349.25,139.25
47795;51,238.25;95,163;275.75,117;301.25,140.25;106.75,152.25;179.75,295.25;298.75,153.5;349.25,139.25
19279;48.75,241.25;95,163;288.5,74.25;336.75,138.5;152.75,155.25;197.5,312.5;260,122.5;349.25,139.25
13449;48,247.5;95,163;296.75,72.5;310.5,114.25;152.75,155.25;197.5,312.5;280.5,107;345.75,119.75
38578;32.25,275.5;72,174.75;325.25,37.25;327.5,89.25;195.25,175;197.5,312.5;294.25,104.5;345.75,119.75
13623;32.25,275.5;91.25,188;325.25,37.25;353.25,99.25;185.25,176.25;240,283.75;313.5,52;317.5,87.25
21265;56.5,238.75;78,205.5;290.25,56.25;312.25,94.25;185.25,176.25;240.5,283.75;288.5,38;317.5,87.25
14421;59.5,231;106,221.5;283.75,88.5;290.75,92.75;185.25,176.25;240.5,283.75;309.5,12.5;317.25,87.25
31044;59.5,231;105.5,222;233.75,68.75;290.75,92.75;150.25,143.75;283.25,265.25;308.75,22.75;346,52.5
33907;39.25,209.75;104,247.5;231.75,80.5;290.75,92.75;174.75,161.25;284,265;342.25,17.25;346,52.5
46333;34.5,228.25;124,285;257.75,47;292.5,134.5;137.75,150.5;284,227;342.25,17.25;346,52.5
5417;34.75,239.75;116.25,266.25;234,77.75;276.75,143.5;124,113.25;284,227;342.25,17.25;362.75,79.25
46648;39.25,241.25;81.25,300.75;226.75,39;282.75,164.5;126.25,93;284,227;342.25,17.25;362.75,79.25
12629;12.25,219;81.25,300.75;253,10.25;279.25,133.25;139,68;284,228;316.5,17.75;362.75,79.25
10059;12.25,219;71.75,299.25;259.5,30;294,114.75;133.5,98.25;284,227.5;297.75,22.75;362.75,79.25
18443;55.5,240.75;71.75,299.25;271.25,25;316.75,67;102.75,99;284,228;297.75,22.75;334.5,63.5
39445;34,242;123.75,278.5;298.5,5.5;342,113;97.75,48.75;284,228;334.5,63.5;354,8
8946;44,204.25;123.25,283.5;336,2.75;362.5,115.75;97.75,48.75;290.25,220.5;330.5,69;354,8
29035;82,177.75;123.25,283.5;308,41.5;370.75,149.5;123.5,34.5;294.75,199;330.5,69;354,8
1924;50,153.75;169.25,296.25;303.75,52.25;324.75,157.25;113.5,11.75;294.75,199;330.5,69;354,8
10977;70.5,141.25;165.75,304;266,18.25;324.75,157.25;115.25,10.75;290.75,143.25;330.5,69;354,8
15276;112,159.75;170.25,262;240.25,35.75;324.75,157.25;115.25,10.75;290.25,140.5;337.75,78.5;354,8
24000;133.25,202.5;156.5,259.5;276.5,65.75;298.5,112.5;115.25,10.75;290.25,140.5;322,106.5;354,8
29219;130.25,172.25;156.75,256.5;241.5,102.25;298.5,112.5;136,49;296.75,151;345.25,81;354,8
2451;116.75,202.75;156.75,256.5;205.75,69.25;288.5,73.25;163.75,38;295,196.5;345.25,81;354,8
13450;99,197.25;113.5,235.5;153.25,60.5;341,49.75;205,63.25;295,196.5;345.25,81;354,8
41476;85.5,182;113.5,235.5;153.25,60.5;369.5,27.25;168.5,88.25;304.5,237.5;345.25,81;354.75,6
39038;85.5,182;113.25,234.25;158.25,81.25;354.75,34.25;147.5,50;292.75,198.5;323.25,78.5;354.75,6
9106;41.5,206.5;88.75,201.75;159.75,72.5;302.5,13.5;116.25,91.25;292.75,198.5;324.5,82;354.75,6
1037;49.25,170.75;49.5,216.25;159.75,72.5;302.5,13.5;80.25,84.25;278.25,184.25;336.25,59.5;353.25,1.5
18413;35.5,120.25;51.5,228;161,66.75;261.75,19.5;117,69.25;278.25,184.25;336.25,59.5;353.25,1.5
24896;47.25,170.25;51.5,228;122.5,49.75;231.75,47.75;140.75,73.25;278.25,184.25;342,82.25;353.25,1.5
36846;29,181.5;31,237.75;167,38.5;238.75,95;109.5,52.5;244.5,175.5;342,82.25;353.25,1.5
50274;8.5,173.5;17,262.25;134.25,24.25;246.5,109.25;109.5,52.5;244.25,179;342,82.25;353.25,1.5
15798;5.5,167;26.75,318.75;175,37.25;284.25,137.75;120.5,98.75;217.75,190.5;342,82.25;353.25,1.5
45886;5.5,167;26.75,318.75;212,29;250.75,166;93,90;217.75,190.5;328,124;357,55
14717;5.5,167;17.5,261.5;212,29;231.25,204.5;93,90;251.25,146;285.25,144.25;335.75,31.5
29402;15.5,161.5;39.25,296.75;178,35.75;234.5,206;93,90;251.5,146.75;270.75,170.75;335.75,31.5
44585;15.5,161.5;39.25,297.25;161.5,59.5;264.25,224.75;93,90;266.25,124.75;313.5,163.25;350,78.25
31286;15.5,161.5;39.25,297.25;204,45.25;272.75,188.25;93,90;244.75,106.75;320.75,126.25;335.25,59.25
33668;9.5,143.25;39.25,297.25;204,45.25;309.5,217.75;80.5,133.75;227,124;320.5,124;335.25,59.25
41173;45.25,139.5;86.75,312.25;226.75,21.5;339.25,197;100,151.75;227,124;320.5,124;334.75,90.25
19951;45.25,139.5;120.75,284.5;226.5,22.75;331.75,151.25;100,151.75;210,96;311.75,111.5;323.25,57.5
20987;45.25,139.5;125.75,271.25;207.25,56.25;331.75,151.25;100.75,154;176,95.5;285,126.75;346.25,60.75
6966;63.25,158.75;113.25,240.25;209,52.5;331.75,151.25;85.5,168;176,95.5;255,141.5;352,53.25
20986;60.25,155.25;143.75,241;193.5,83.25;331.75,151.25;85.5,168;206.25,72.75;241.75,132.75;326.75,57
17600;72.5,175;127,242.75;192.75,86.75;331.75,151.25;87.5,125;168.25,87.25;234,121.5;326.75,57
48890;61.5,210.25;136.5,227.75;192.25,85.5;331.75,151.25;99.5,152.25;168.25,87.25;230,157.5;349,35.75
13464;65.5,209.25;109.5,202.25;218.5,69.75;316.5,132.5;69.25,182.25;162.25,85.75;230,157.5;349,35.75
42356;65.5,209.25;94.25,176;187,38.25;326.75,105.75;69.25,182.25;151.75,51;196.75,176.75;349,18.5
2411;65.5,209.25;107.75,169.75;176.5,46;330,119.25;66.75,181.75;148.25,45.5;196.75,176.75;329.75,9.75
2004;37,181.25;77.5,136;136.25,22.25;330,119.25;76.25,202.5;148.25,46;213.75,142.75;329.75,9.75
41734;37,181.25;77.5,136;119.75,12.5;330,119.25;121.75,198;148.25,46;223.75,113.75;363.25,42.5
14550;37,181.25;77,136;145,19.25;306,110.75;121,194.75;148.25,46;186.5,98.25;363.25,42.5
3482;37,181.25;76.25,135;145,19.25;272.5,128.75;94.75,220.25;117.75,23.75;194.5,68.75;357.25,1.5
30289;36.75,145;76.25,135;172,44;289,168.5;78.5,235.5;117.75,23.75;168.75,96;357.25,1.5
39969;30,177.5;33,119.25;171.5,44;289,168.5;49.75,247.5;142.25,52.75;154.25,52.5;357.25,1.5
16202;35,179;40,65.75;207.5,81.5;267,135.25;78.25,273.75;142.25,52.75;154.25,52.5;321.75,20.75
50007;18.5,153.75;30.25,100.75;207.5,81.5;316.75,120;67.5,247;142.25,52.75;154.25,52.5;323,21
42774;54.75,158.75;57.5,92.5;207.5,81.5;357.25,94.25;56,247;142.25,52.75;154.25,52.5;315.25,28.5
21220;57.75,160;79.25,122.25;186,85.5;360.5,134.75;57.5,235;142.25,52.75;154.25,52.5;312.25,49.25
40241;57.75,160.5;79,135;186,85.5;314.5,114;77.25,248.5;145,49.75;175,9.25;312.25,49.25
39521;57.75,160;79,135;230,75.25;350.5,133.75;77.25,248.5;137,49;195,1.25;309.75,79.5
2936;57.75,160;79,135;230,75.25;334.5,179.25;77.75,214.75;168.5,37.5;223.25,15.5;340.25,79
46304;25.5,182.75;61.75,177;230,75.25;314.25,136.75;77.75,214.75;186.25,6.5;257,12.25;343.25,100.25
15271;1,177.5;74.5,228;199,50.5;314.25,136.75;77.75,214.75;186.75,47.75;277,35;311.75,86.75
25753;1,177.5;83.75,196.25;199,50.5;314.25,136.75;52.75,224.25;184.25,59.75;260,67;312.75,87.75
20582;1,177.5;108.25,169.25;199,50.5;324,151.25;90,222.25;184.5,59;254.5,69.25;283.5,120.5
38684;1,177.5;129.75,184.5;176,16;318,112.75;90,222.25;151,43.75;255,76;261,117.5
48393;1,177.5;138.25,137;180,37;318,112.75;134.5,229;151,43.75;228,121;267.75,107.5
23217;1,177.5;109.75,162.25;204,47.25;334.25,98.25;93.25,220.75;148.25,57.75;185.25,133.5;267.75,107.5
32682;19.75,154.25;90.25,197;204,47.25;339.5,97;93.25,220.75;147.25,50.5;160.25,122.75;246,130.25
15563;61.25,158;120.5,198.75;204,47.25;299.75,111;112,245.25;148.25,45.5;160.25,123.75;246,130.25
50351;38.25,128.5;120.5,198.75;210,78;293,112.75;112,245.25;148.25,46;167.25,90.5;239.5,121.5
28718;4.5,108.5;120.5,198.75;213.25,92;323.5,88.25;116.5,296;152.75,52.75;167.25,90.5;236.25,126.5
50198;23.5,117.75;120.5,198.75;213.25,92;299.5,53.5;124.5,295.5;142.75,58.5;203.5,96;236.25,126.5
14860;12.75,152.75;120.5,198.75;217.75,83.5;300.25,57;87.25,301.25;110,59.25;203.5,96;243.5,168.25
13465;12.75,152.75;162.5,186.25;218.25,51.75;327.5,33;47,295.5;147.75,79.75;203.5,96;240.75,161.75
48848;12.75,152.75;138,156.75;200.5,93.5;332.5,24.25;51,272.75;143.25,65.75;159,101.75;240.75,161.75
40773;2,194.5;138,156.75;181.75,112.25;307,57.5;38,290.5;140.25,66.25;160.5,90.75;240.75,161.75
16638;6,176.5;152.25,184.75;181.75,112.25;329.25,33;2.25,307;139.75,66.25;160.5,90.75;244,200.25
1299;8.25,124;155.75,184;226.75,126.5;329.25,33;2.25,307;150,89.75;166.75,96.5;264.75,231.75
50497;8.25,124;155.75,184;226.75,126.5;295,52.75;2.25,307;154.25,50.5;187,96.5;312,254.5
45934;8.25,124;137.25,223.5;226.75,124.5;332,75.25;2.25,307;113.5,39.5;178.75,149;312,254.5
25555;36.25,112.25;137.25,223.5;226.75,123.5;280.75,71.75;2.25,307;163.5,30.75;165,150.5;310.5,257.25
42457;68.75,74.75;145,226.75;194.25,92;286.75,74.75;38.5,282;163.5,30.75;175.25,197.5;310.5,257.25
47247;86,116.75;177.75,221;194.25,92;286,105;6.75,292.5;163.5,30.75;179.5,188.75;310.5,257.25
21944;63,146;155,202;230.75,69;296.25,106;2.75,306.25;163.5,30.75;179.5,188.75;310.5,257.25
38812;63,146;149.75,203.75;221.5,54;283.25,103.75;8.25,271;165.25,37.5;179.5,188.75;319,218.75
1689;57.5,144.75;146.5,226;221,37.25;257.25,78.75;8.25,271;165.25,37.5;201,224;335.5,195.5
28048;90.75,126.25;122,252.75;221.75,36.75;257.25,78.75;22.5,282.75;155.5,51;201,224;309.75,226.5
15908;90.75,126.25;103.5,281.75;221.75,36.75;257.25,78.75;18.5,308;160,92;194.25,223.75;309.25,225.75
6960;90.75,126.25;121,259.25;197.5,38;256.75,54.75;18.5,308;126.25,111.75;194,227.75;332.25,210.75
32822;90.75,126.25;143.5,265.5;187.5,3.25;228,74.75;17.5,304;154.5,121.75;222,214.25;332.25,210.75
48649;113.25,159.25;159.5,274.25;187.5,3.25;238.75,97.5;23,288;153.5,87.5;222,214.25;332.25,210.75
19367;120,142.5;158.75,273.75;187.5,36.5;232.25,120.5;28.75,307;153.5,87.5;237,242.75;332.25,210.75
44477;137.75,127;138,292;219.5,17.25;232.25,120.5;38.25,265.5;111.25,93.75;237,242.75;341,204.5
44045;135.5,125.25;165,275.75;219.5,17.25;276.5,103;37.75,265.25;111.25,93.75;215.75,199;341.75,230
47644;118,141.5;165.75,276.25;219.5,17.25;238.5,87;37.75,265.25;111.25,93.75;184.25,174.25;365.25,212.5
46676;118,141.5;158,255.25;219.5,17.25;240.25,129.25;16.25,296.5;88,77;216.75,170;349.25,204.5
44037;118,141.5;159.25,255.75;219.5,17.25;278.25,125.25;44.75,308.75;49.75,61.75;216.75,169.5;327.5,205.5
19449;118,141.5;123.25,232.5;248.25,21.5;291.25,103.75;3.5,310.5;49.75,61.25;216.75,169.5;337.25,196.5
6161;118,141.5;122.75,232.75;263.25,64.5;273.5,133.75;3.5,310.5;88.25,67.25;175.5,165;343,204
45536;118,141.5;121.75,232;263.25,64.5;322.75,135.75;3.5,310.5;116.75,52.25;134,140.5;357.25,231.25
47261;118,141.5;121.75,232;239,99.75;325.25,152;3.5,310.5;101.75,38.75;150.5,112.25;327,206.5
23755;114.25,109;154.5,259;246.25,134.75;325.25,152;3,315.5;86.5,20.25;185,96.75;327,206.5
28162;103.25,70.25;170.5,293.75;270,149.5;325.25,152;1,315.5;54,7;180.25,96.5;327,206.5
27094;109.75,42.75;170.25,261;242.5,118.75;346.25,166.5;1,315.5;54,7;211.75,96;327,206.5
16653;135.5,77;172,279.25;245.75,169;359,171.25;1,315.5;54,7;211.75,96;278.5,192.25
20918;103.5,57;200,311.75;245.25,168.5;354,184.75;1,315.5;54,7;232.75,124;273.25,181
3836;104.75,11.75;200,311.75;255.5,219.75;357.5,166.25;1,315.5;72.5,24.75;232.75,124;295,169
21416;76.5,11.5;199.25,315.75;239,255.25;337.25,172.5;1,315.5;72.5,24.75;259.25,147.25;295,169
1128;105.25,32.5;157.25,292.75;257.75,228.75;315,152;1,315.5;72.5,24.75;259.25,147.25;316,149
33243;81.5,64.5;185,259.75;227,253;315,152;1,315.5;72.5,24.75;261.75,174;358,155.25
12149;112,53.25;153.75,232.75;225.25,236;285.25,141.75;1,315.5;72.5,24.75;261.75,174;333.25,179
15712;103,19.75;136.5,191.75;249,216.75;281.25,164.75;1,315.5;77,20;261.75,174;327,217.75
4699;118,33;173.75,229;249,216.75;281.25,164.75;21,272.5;120.25,19;277.25,208.75;307.5,248.5
44154;129,56.25;186.5,246.5;246,182.75;270.25,164.5;21,272.5;120.25,19;277.25,208.75;312.25,251.5
27616;117.25,16.75;156.75,240.75;246,181.75;277.25,169;21,272.5;120.25,19;237.25,216.5;310.5,262.25
8917;72.75,34.75;140,225.75;200.5,168.75;258.25,153.25;71.75,274.5;120.25,19;236.75,216;310.5,262.25
33730;46,59.75;163,225.75;213.75,160;258.25,153.25;71.75,274.5;151.25,32.25;237.25,215.75;300.75,282.75
22776;41.75,96.75;154,261;185,154.5;245.25,130.75;70,296.75;151.25,32.25;237.25,215.75;269,274.25
31381;18,105.5;156,266.25;185,154.5;245.25,130.75;94.75,318.25;142.25,4.75;237.25,215.75;305.5,278
44343;17.75,106;148.25,224;206.75,180.75;245.25,130.75;85.25,315.5;142.25,4.75;204,218.25;305.5,278
29965;72,96.25;105.25,236.5;206,180.5;245.75,96.25;118,295;142.25,4.75;230.75,216.5;305.5,278
44224;101,79.75;135.25,239.25;229.25,206.25;245.75,96.25;112.75,283.75;125.5,23;227.25,189.25;305.5,278
4046;101.5,79.25;102.5,204;228,185;297.75,92.75;123.25,294.75;125.5,23;270,180;305.5,278
25132;101.5,78.75;102.5,204;219.25,204;310.75,55.75;88.75,255.25;125.5,23;257.75,157.75;354.25,298.25
21114;101.5,78.75;131.25,201;183,184.25;310.75,55.75;65.25,258.5;125.5,23;234.5,204.25;321.75,314.25
9138;101.5,78.75;136.25,201.25;223.5,183.5;308,14;40.25,291;159.75,50.5;213.25,232.5;321.75,314.25
13161;126.5,55;152,225.75;221.5,183;308,14;62,317;159.75,50.5;223.25,194;339.25,272.5
7962;87.5,86.25;119.25,235.75;221.5,183;309.5,16;62,317;152.5,30.75;212,209.25;357.25,243
41525;73.25,82;159.25,267;202.75,168.25;309.5,16;62,317;152.5,30.75;212,209.25;359.75,195
24838;39.25,90.75;168.25,219.25;177.75,173;325.25,37.25;62,317;183.5,69;213,209.75;359.75,195
23275;38.5,90.75;170.25,240.75;172.75,161;276.25,32.5;62,317;180,95.5;225,255.25;359.75,195
48092;84.75,96;122.5,238.25;135.25,184.25;289.75,75;15.5,310.25;198,88.5;225,255.25;359.75,195
25998;71.75,87;121.5,239;144.75,188.75;304.5,96.75;15.5,310.25;161.5,81.5;234,291;359.75,195
11713;71.75,87;91.25,243.5;132.75,167;304.5,96.75;31.25,317.25;140.5,73.75;250,276.25;327,200
8343;56.25,75.75;91.25,243.5;155.25,157.25;264.25,114.5;31.25,317.25;141,43.25;222,275.5;326,192.25
18865;55,76.5;75,273;155.25,157.25;256.75,160.75;24.25,279;153.25,66.5;222,275.5;330.5,197.5
5047;52.25,43.75;85,272.5;155.25,157.25;245.25,181.5;20.5,280.25;142.25,51;216.25,302.75;330.5,197.5
39990;65.75,20.75;76,248.25;155.25,157.25;244.5,181.5;18,268;142.25,51;228.5,304.5;314.25,229.5
49427;63.25,20.5;76,248.25;137.25,177.5;257.5,133.75;18,268;194.75,40;268.75,320.25;308.25,202
16217;59,69.75;117.75,242.75;137.25,177.5;257.5,133.75;49,255.75;201.75,87.25;270.5,323.25;322.5,219.5
8552;88.25,86.25;117.25,242.75;137.25,177.5;257.5,133.75;13.5,269.5;218.75,120.5;285.5,286;353,228
10222;59,75.25;92,286;178,144.25;257.5,135.5;13.5,269.5;218.75,120.5;275.25,240.25;353,225.5
29858;92.5,63.5;124,280;156.5,108.25;257.5,135.5;48.5,281.25;218.75,120.5;288.75,217.75;352.5,225.5
49714;92.5,63.5;94.5,298.5;157.75,91.5;257.5,135.5;44,319.5;182,122.5;278.25,187.25;352.5,225.5
44638;63.75,87;94.5,298.5;157.75,91.5;257,114;44,319.5;150.75,120;263,142.25;311.25,241.5
13116;49.75,54.75;81.5,270.75;145.75,124.25;216.25,132.25;44,319.5;144,76.5;263,142.25;327,200
42340;18.5,89.5;86.25,298.5;118.25,89.25;185.5,104.5;44,319.5;144,76.5;307.75,127;308.5,197.25
30130;50.25,57;69,294;118.25,88.75;166.75,105.25;44,319.5;144,76.5;302.5,113.25;318.5,194.75
40975;43.75,32;91.75,321.5;118.25,88.75;182.25,131.25;41,319.25;168.75,89.5;302.5,113.25;318.5,194.75
9035;43.75,32;90.25,321;114.25,125.5;147.25,137.25;41,319.25;186.75,133.5;308,142.25;346.5,184.25
48854;30.5,30.5;90.25,321;114.25,125.5;136.5,127;35.25,309.75;184,163.75;296.25,185.5;346.5,184.25
2234;43.75,46.75;89.75,320;146,125.5;146.5,129.5;40.75,318.5;184,163.75;258,163.25;346.5,184.25
32998;43.75,46.75;87.75,291.5;160,117;191.5,137.75;40.75,318.5;183.25,161;281.5,125.5;348.5,186.75
6074;43.75,46.75;113.75,315;170.75,98;193,138.5;40.75,318.5;211.5,143;297.75,87.75;345.25,145.25
45537;43.75,46.75;96.25,315.75;178,124.75;193,138.5;88.25,314.5;220.25,174.75;297.75,87.75;345.25,145.25
6703;43.75,46.75;120.5,266.25;158.25,150.5;207,175.5;87.25,315;216.75,169.5;270.75,64;345.25,145.25
6271;43.75,46.75;89,284;143.25,124.5;247.75,179;87.25,315;191.75,190;303.25,85.75;345.25,145.25
26097;73.25,23.25;79.75,312.25;115.75,126.75;219.75,156.75;87.25,315;184,231.75;337,65;345.25,145.25
30885;80.25,63.75;81.5,314.5;108.75,118.25;249.25,173.5;87.25,315;145.5,236.75;337,65;345.25,145.25
46577;67.5,88;81.5,314.5;108.75,118.25;232.75,149.75;126.25,319.25;146,255.75;337,65;353,179.75
47092;67.5,88;81.75,314;108.75,118.25;198,170;144.5,285.75;156.25,287.25;337,65;358.5,223.5
12032;67.5,88;81.75,318;136,125.75;198,170;110.25,252.25;156.5,289;327.75,60.75;360.75,210.75
603;75,139.5;80.75,317.25;144,126.25;157.25,195.25;110.25,252.25;156.5,289;282.5,64;360,162.75
1247;73.25,136.75;96.75,282.5;145.25,147.5;147,228.25;99,231.25;156.5,289;282.5,64;360,162.75
21727;73.5,134.25;101.5,250;129.25,150.75;131,197.25;99,231.25;142.5,298.25;324.75,52.25;360,162.75
20810;37.5,144.75;101.5,250;129.25,150.75;131,197.25;104.5,184;111.75,282.25;315.75,19;347.75,182.75
23263;16.5,142.25;96.75,255.5;129.25,150.75;131,197.25;84.25,140.5;115.5,278.5;323.75,51.25;350.5,141.75
29963;56.5,137.25;99.5,224.75;129.25,150.75;131,197.25;84,146.25;88.75,300.5;322.75,57.75;331.5,149.25
13041;59,136;95.75,229.75;112.5,199.75;123.75,201.75;54.25,195.75;87.25,289;322.75,57.75;331.5,149.25
20027;59,136;95.75,229.75;145.75,196.5;175.5,196.75;52.5,192.75;83.75,268.25;322.75,57.75;348,119
2061;59,136;77,228;147.5,225.75;161,163.75;49,164.25;83.75,268.25;302.25,10;311.25,158.5
23886;59,135.5;76,228;128.5,255;174.25,134.5;49,164.25;51,257.75;281.5,10;311.25,158.5
40296;59,136;76,228;144.5,296.5;157.75,148.5;27.25,198;51,257.75;254.25,25;276.75,134.25
43146;27.5,116.25;76,228;155,289;157.75,148.5;43,197.25;52,272.75;253.5,25.75;269,110
17120;1.75,90.5;55.5,249.75;154,289;157.75,148.5;11.5,193.25;52,272.75;267,35.75;268.25,95
5890;10,109;49.25,238.25;148,302.25;154.5,166.75;11.5,193.25;19.5,288.75;267,35.75;268.25,95
24506;10,109;92.5,201.75;116.25,256.75;148.25,140.25;10,193.75;20.25,247.5;241.5,48.75;268.25,95
41827;25.25,104;39.25,206;116.25,256.75;148.25,140.25;10,193.75;59.5,271;197,23.5;265.25,130.25
24593;65,131.75;78.75,185.75;125,242.25;148.25,140.25;8.5,194.25;47.25,250.75;196.25,10.5;265.25,130.25
41194;65,131.75;94.75,169;138,225.25;159.75,140;8.5,194.25;47.25,250.75;219.25,36;251.75,168.5
8024;76.25,135.5;94.75,169;172.25,229.5;190.25,112.25;8.5,194.25;49.5,293.5;182.75,41;251.75,168.5
37207;76.75,135.5;81.75,177.5;179.25,210.75;183,74.5;8.5,194.25;49.5,293.5;201.75,85.25;273.25,173.5
34671;76.75,135.5;112.5,202.25;179.25,210.75;183,74.5;16,154.75;56.5,310.75;184.25,100.25;273,133.5
41887;76.75,135.5;110.75,220.75;146.25,241;183,74.5;16,154.75;68.5,289.75;204.5,92.5;262.75,177
39662;76.75,135.5;110.25,220.75;146.25,241;183,74.5;15.5,148.75;109.25,290;231.75,68.25;273.75,180
13965;76.75,135.5;98.25,189.75;136,238.25;183,74.5;25.75,125.25;105.25,263.25;231.5,68;273.75,180
49947;74.75,87;98.25,189.75;177.25,236.75;185.5,37;27,128.25;74.5,284.5;264,75.75;273.75,180
26565;74.75,87;104,195.75;177.25,236.75;213,5.25;22.5,123;98.25,284;264,74.75;311.25,162
48146;74.75,87;115,185.75;163.25,224.25;212.75,4.75;22.5,123;48.25,296;287.25,28.5;311.25,162
49511;104.75,44.75;120.25,143;163.25,224.25;252.75,2;22.5,123;74,273.75;287.25,28.5;322,137.75
40613;91.75,91.25;137.75,127.25;152.75,224.75;252.75,2;56.25,116;74.25,273.5;254.25,11;322,137.75
14235;91.75,90.75;105.25,130.25;139.25,227;225.5,28.75;56.25,116;57.5,242.5;220,14.5;322,137.75
21750;91.75,90.75;105.25,130.25;188.5,207.75;225.5,28.75;59.5,164.5;77.5,240.5;228.25,4.25;345.5,140.75
40944;59.75,51.75;105.25,130.25;154.5,195.5;204.5,44;40.25,177.25;82.75,199.75;228.25,4.25;355.5,162.25
16372;90.75,62.75;105.5,144;156.75,157.25;228.5,82.75;40.25,177.25;82.75,199.75;228.25,4.25;312.5,181.25
33994;90.75,62.75;111.75,109;172.75,149.75;243.5,66.25;40.25,177.25;81.25,231;228.5,5.5;302.75,197.75
5756;90.75,62.75;133.25,127.75;206.75,179;278.25,74;56.25,222.5;122.5,251.5;228.5,5.5;291,217.75
30859;86,74;174.25,135.25;212.5,199.5;272.25,31;81.5,206.75;115.5,251.5;228.5,5.5;291,217.75
46959;74.25,38.25;153.25,183.25;191.5,151.25;272.25,31;81.5,206.75;140.75,270.75;229,5.5;325.75,181.25
18706;60.75,4.25;173.25,205.5;191.5,151.25;292.75,54.25;81.5,206.75;170.75,301.25;229,5.5;294.5,169
40732;52,8;129.25,207;184.25,145.75;268.5,32.5;81.5,206.75;177.5,302.75;229,5.5;294.5,169
3521;67.75,58;86.5,175;199.25,135.25;274.75,32.5;81.5,206.75;177.5,302.75;234.75,4.25;294.25,196.25
24808;74,58.75;87.5,173.25;242,116.75;274.75,32.5;76.5,201.75;194.5,267.25;278.75,12.5;294.25,196.25
28170;43.25,66.25;91,189.5;220.75,93.25;240,47.75;99.5,189;194.5,267.25;278.75,11.75;294.25,196.25
37799;65.75,35.75;91,189.5;238.75,97.5;279.5,74.25;97.25,191.25;194.5,267.25;259.5,27.5;272.25,213.25
8094;51,43.25;110.75,169.75;239.25,97.25;279.5,74.25;85.5,211;194.5,267.25;260,27.25;266.25,248.25
46733;66,63.25;123.25,123.25;239.25,97.25;279.5,74.25;67.75,182.75;177.5,303.25;260,27.25;266.25,248.25
3169;62.75,74.25;140.25,91.75;239.25,97.25;261.75,28;67.75,182.75;212.75,272.25;311.5,23.75;317.75,248.75
37528;21.5,64.25;140.25,91.75;245.5,132;314.5,24.5;96.25,221.75;212.75,272.25;312.5,74.5;323.5,206.75
1043;20.5,64.5;141.75,58;245.5,132;277,0.5;102.75,265;215.25,275.5;312.5,74.5;317,217.75
4943;27.25,41.75;141.75,58;245.5,132;251.75,21;127.25,287.5;258.25,268.25;279.5,41.25;316.75,221
17018;51.75,43.75;141.75,58;245.5,132;251.75,21;182,302.75;251,292;300.75,37;301,198.5
26439;51.75,43.75;111.25,33;252.25,92.75;270.25,65.75;149.5,300.75;251,292;264.75,59.25;274.25,170.25
18569;51.75,43.75;105.25,75.25;207.5,92.5;270.25,65.75;167.75,299.25;235,256;270,97.5;273,168.5
8824;4.5,57.5;86.5,36;207.5,92.5;288.75,20.25;177.25,301.25;188.25,273.25;270,97.5;272.25,168.5
20309;50.25,75.25;76.25,86;207.5,92.5;303.5,13.5;174.75,301.75;220,275.25;270,97.5;272.25,168.5
13673;47,66.75;60.25,121.75;175.5,45.5;303.5,13.5;174.75,301.75;246,310.25;258.5,53;273,168.5
33525;47,66.75;60.25,121.75;220.25,57;303.5,13.5;137.75,265;203,300.75;233.75,2.75;282,143.25
41823;47,66.75;61,167.5;185,85.75;284.25,55;154.75,303.75;161,300.75;233.5,4.25;282,143.25
44697;47,66.75;62.5,166.5;161.5,101.25;251.25,53.75;115.25,324.5;161,300.75;233.5,4.25;285,127.75
34874;3.5,43.25;69.75,146.75;161.5,101.25;228,50;115.25,324.5;163,296.25;188.75,3;302.25,109
46145;1.75,41;97.75,159;161.5,101.25;269.5,66;115.25,324.5;145.75,302.25;237.25,6.75;285,93
3446;38.75,11.25;67.75,181.5;176.25,110;277.25,23.5;89.5,281;145.75,302.25;237.25,6.75;276.75,101.5
18814;53.75,4.25;107.75,166.25;176.25,110;262,57.25;107.75,264.5;116.75,290;255.5,15.5;276.75,101.5
36722;53.75,4.25;70.25,171.25;147.5,108;248.25,79.25;80.5,278.25;159.25,318.5;255.5,15.5;276.5,101
11739;56.25,9;70.25,171.25;134.75,102;291.25,103;106.5,275.25;120.5,324.25;255.5,15.5;275.5,100.75
18009;56.25,9;102.25,212.75;130.75,102;326.75,90.5;127.75,285.5;129,284;255.5,15.5;275.5,100.75
41708;78,32;125.5,258.5;149.25,58;289.25,70.25;97,317.75;123.5,265;255.5,15.5;275.5,100.75
10932;78,32;154.75,280.25;187,80.5;267,105.25;91.25,300.5;125.25,273.5;256,6.25;275.5,100.75
24858;53.25,57.5;161.5,255.5;187,81;255.75,122.25;91.25,300.5;128.5,251.5;256,6.25;275.5,100.75
38488;66.25,4.5;166.75,211.25;187,81;255.75,122.25;46.5,273.75;128.5,251.5;232,49.25;247.75,70.25
18046;66.25,4.5;132.75,187.5;172.25,38.75;285.25,143.25;22.5,317.25;176,273.75;232.75,52.25;247.75,70.25
46651;66.25,4.5;129,200.25;172.25,38.75;268.75,106.25;15,306.5;177.5,290.25;234.25,52.25;262.5,102.5
41730;66.25,4.5;110.25,168.75;221,41.75;268.75,106.25;15.25,314.5;195.75,250;234.25,52.25;249,86.25
31499;66.25,4.5;85.5,161.75;241.75,68.5;275,102.5;15.25,314.5;169.25,225;234.25,52.25;245.5,95.5
12783;75.5,5.25;113.5,168.75;222,89;275,102.5;15.25,314.5;140.25,223;244.5,76;249.25,88.75
50199;112.75,32.5;113.5,168.75;221.5,64;275,102.5;12.5,310;173.75,237;230.5,78.25;249.25,88.75
22271;91.5,74;128.25,192;242.5,22.75;277.25,122.75;12.5,310;173.75,237;208,99.75;267.5,95.5
22830;89.25,73;114.5,208.25;242.25,26.25;277.25,122.75;12.5,310;170,268;227.25,133.5;256.75,67
20722;89.25,73;89.5,181.5;215.75,16.25;277.25,122.75;12.5,310;175.75,241.5;234.5,102.25;257.75,77.5
45418;89.25,73;89.5,181.5;218.75,45;281.5,168.25;9.25,282.75;175.75,241.5;237.25,97.75;288.25,84
39302;56.75,58;89.5,181.5;222.25,63.25;279.5,217.25;38.75,292;172,238;237,99.25;288.25,84
32108;65.75,36.25;89.5,181.5;235,104.25;315.75,195;38.75,292;145,225.25;253,75.5;289,79.75
48641;64,36.5;83,176.25;235,104.25;315.75,195;10,310.25;132.25,199;216,73.25;311.75,62
41484;21.25,29.25;84,173.25;237,154.5;349.25,198;15.25,314.5;132.25,199;224.75,37;311.75,62
37355;21.25,29.25;81.25,178;229.5,186;347,199.75;37.75,301;155.75,180.75;224.75,37;346,33
19315;31.5,35;63.25,177.25;226.25,136.25;361.75,231.25;76.75,268.75;156.5,180;224.75,37;346,33
14388;31.5,35;104.5,143.5;223.25,126;361.75,231.25;108,275.75;156.75,180.5;205.25,62;349.75,82
12773;31.5,35;131.25,147.5;223,126;361.75,231.25;71.5,279.25;122.5,196;234.25,98.25;346,32.5
16215;30.5,34.5;158,112;249.75,107.75;361.75,231.25;69,306.5;159.75,221.5;234.25,98.25;344.25,31.5
50395;55,69.5;164.75,115.75;286,103.25;361.75,231.25;69,306.5;159.75,221.5;234.75,96.75;311,15.25
24854;55,69.5;160.75,141.5;317.25,75.25;361.75,231.25;62.5,309;129.25,217.25;235.25,96.75;279.5,37.5
29758;50.5,46.75;178.25,180;318.25,74.5;340.75,244.25;61.75,308.75;129.25,217.25;223.25,116;279.5,37.5
42542;50.5,46.75;168.5,178.25;333.25,82;340.75,248;61.75,308.75;91.75,220.75;228,153;264.5,64
20850;50.5,46.75;168.75,177.5;327.5,121;360.5,251.75;53.25,277;91.75,220.75;247,132.25;276.25,23.25
29012;50.5,61.25;207,201.5;327.5,121;360.5,233.75;53.25,277;105.25,261.5;267.75,95.25;276.5,24.25
39236;2.5,46.75;163,228;327.5,121;342.25,224;54.25,278.25;80.25,220.25;267.75,95.25;276.5,24.25
38985;15.25,42.25;164,273.75;327.5,121;333.25,235.25;54.25,278.25;88,189;228.25,73.25;276.5,24.25
2372;13.5,45.5;170.25,302.75;327.5,121;333.25,235.25;52.5,279.75;133.25,178.75;227.75,50;243.25,36.75
20489;8.5,47.25;197,320;327.5,121;333.25,235.25;52,279.5;97.5,153.75;189.25,39.75;228.5,19
17602;7.75,47.25;197,320;316.5,156.75;333.25,235.25;14.75,297.75;58.75,176.25;147.5,48.75;250,38.75
31343;7.75,47.25;197,320;292.5,111;307.75,253.5;34.75,252.5;94.5,221.5;174,8.25;248.75,38
535;7.75,47.25;184.5,270;269.5,103.5;292,206.5;38.75,300.5;97.25,195;174,8.25;263.5,33.25
29311;7.75,47.25;184.5,270;265.25,120;294.75,169.25;34.25,265.5;63,212;174,8.25;288.5,12.75
41510;56.25,57.5;184.5,270;242.75,161.25;277,142.75;45.25,306.25;59.5,207.25;174,8.25;287.75,13
49385;48.25,55.25;184.5,270;224.75,206.25;261,134.25;45.25,306.25;56,207;188.75,37.25;287.75,13
37576;28.75,96.75;163.75,225.25;210,242.75;260.25,135.5;45.25,306.25;56,207;142.75,29.75;306.75,13
17424;28.75,96.75;158.25,213.25;248.75,206.5;278.5,131.5;7.75,280;100.25,202;139.75,20.75;306.75,13
5459;39.5,103.25;158.25,213.25;206.5,202.5;280.5,126.75;31.5,246.25;100.25,202;162,57;351.75,20.25
237;5.5,84.25;144.75,208;185.75,208;280.5,126.75;58.75,271;65.25,221;154.25,92.5;351.75,20.25
23494;5.5,84.25;136,228.25;152,224.25;271.25,134;60.25,272.75;97.25,220.5;192.25,96.25;351.75,20.25
14908;5.75,81.5;106.25,257;192.5,239.25;246.5,93.25;19.25,294.25;62.25,247.5;192.25,96.25;351.75,20.25
19669;35.75,66.25;106.25,257;176,209.75;236.5,66.25;58,310.25;63.5,249.25;192.25,96.25;357,4.5
23845;35.75,66.25;118.5,214;179,208;222.25,62.75;15,310.5;73.25,215.5;227.25,89;357,4.5
42879;35.75,66.25;85.75,240.5;166.75,241.25;221,66;15,310.5;73.25,215.5;222,133;313,3.75
28245;43.75,43.25;92,234.25;167.25,243.25;202,42.5;18.5,307.5;73.25,215.5;182.5,163.5;313,3.75
49730;16,31.25;112,201.25;166.75,243.25;183,37.75;44,318;73.25,215.5;172,169.5;313,3.75
48420;3,79.5;137.25,223.25;166.75,243.25;184.25,76.75;44,318;73.25,215.5;157,202;327,43.5
46984;3,79.5;156.75,194.25;166.75,243.25;185.25,112.25;44.75,294.5;73.25,215.5;129,224.5;327,44
45617;3,79.5;156.75,194.25;166.75,243.25;171,146;77.75,273.75;79.5,189.5;125.25,237.25;327,44
41443;23.25,63.75;137.5,228;156.75,194.25;171.5,89.5;77.75,273.75;79.5,189.5;160.25,221.25;342,83
13640;13.75,28.25;160,247.5;175.5,222;213.25,81.75;77.75,273.75;96.5,152.75;152,221.75;342,83
43007;41.25,77.5;160.5,246;175.5,222;254.25,109.25;78.25,277;132.75,129.75;152,221.75;350.25,79.75
22373;75,59.75;160.5,246;175.5,222;253.25,108;77.25,277;141.5,173.25;152.5,236.75;350.25,79.75
20889;84,90.25;158.25,194.75;167.5,187;217,105.75;102.5,316.75;141.5,173.25;152.5,236.75;350.25,79.75
44701;115.75,126.25;144,244.5;166.5,187.25;207,73.5;102.5,316.75;122.75,198.5;197.5,256;350.25,79.75
19041;88.75,103;144,244.5;165,150;230.5,68.25;102.5,316.75;123,200.75;236.25,257.25;305.75,86.75
43751;88.75,103;125.5,202;184,124.75;210,81;102.5,316.75;123,200.75;201.75,276;294.75,86.5
39501;59.5,113.75;125.5,202;156.25,86.75;242.5,42.5;102.5,316.75;104.75,201;202.5,277.25;291.25,100.75
37217;39.75,134.25;115,203.25;118.5,69.25;270.5,25.75;102.5,316.75;135.75,176;202.5,277.25;291.25,100.75
617;21,120.25;115,203.25;121.75,70.5;302.5,53.75;102.5,316.75;111.75,224.5;208.75,271.75;313.25,85.5
15613;68.75,99;110.5,239.5;124.75,89;317.25,54.75;102.5,316.75;111.75,224.5;208.75,271.75;270.75,106
2682;62,135;92.5,256.75;153.75,61.25;317.25,54.75;99.5,318.5;149.5,225.25;208.75,271.75;313.75,86.25
34105;73.5,161.75;92.5,257.25;186,36.5;310.75,55.5;99.5,318.5;121.25,197.5;208.75,271.75;346.25,60
46161;89.5,119;92.5,257.25;190,77.25;270.25,72.5;110,316;121.25,197.5;208.75,271.75;322.25,31.75
15355;62,131.5;92.5,257.25;221.25,61.25;268,110.5;110,316;151.5,223;197.5,236.75;322,31.25
9115;64,158.75;92.5,257.25;221.25,61.25;297.25,153.75;141.25,299.75;180.25,197.5;196.5,258.75;351.75,22.25
48431;81,141.75;107.75,283.25;221.25,61.25;288.5,166.5;174.5,308.5;180.25,198.25;196.5,258.75;351.75,22.25
14905;114.75,110;122.25,287.5;221.25,61.25;288.5,166.5;138.75,267.25;159.5,201.75;243.75,279;351.75,26.25
42414;72.75,87.5;122.25,287.5;243,39.5;285.5,166.5;119,294;159.5,201.75;247.75,308.5;311.25,12.75
41847;78.75,47;87,309.25;242,40.5;271.75,165.5;73.25,286.5;159.5,201.75;265.75,320.75;311.25,12.75
49190;67,86;87,309.25;241.5,40.5;271.75,165.5;43.5,321;135.75,237;240.5,274.5;311.25,12.75
28407;40,95.25;118.5,301.75;242,40.5;271.75,165.5;6,307.75;138.5,240.5;258.5,309.75;311.25,12.75
9493;15.5,74.75;88.5,303.25;242,40.5;278.25,132;12,303.75;106.5,262.75;258.5,309.75;281.5,23
24002;31,30.5;88.5,303.25;217.75,83.5;313.25,127.25;22.75,288.5;106.5,262.75;256,310.5;314.5,25
41345;20.5,62.25;51.75,295;204.75,64.25;358.5,128;22.75,288.5;84,220.25;256,310.5;291.5,42
37438;20.5,64.5;84.5,263.25;204.75,64.25;358.5,128;54.5,297;73.5,223;257,293.75;335,40.75
5591;20.5,64.5;113.5,304.25;216.5,22.25;342.25,80.5;38,311.25;94,268.5;257,293.75;328.25,60
15160;33,54.25;113.25,304;216.5,22.25;293.75,73.5;25,284.5;94,268.5;212.75,296.75;337.5,20.75
43190;48.25,57.25;118,307.5;229.25,46.25;293.75,73.5;39.75,318.5;94,268.5;178,267.25;324.75,53.75
40960;55.75,75.75;129.5,292;193.25,53.75;293.75,73.5;39.75,318.5;141.75,272.5;194.5,276.5;348.75,78
41391;55.75,75.75;146,262;185.5,18.25;293.75,73.5;40.25,323;141.25,301.5;194.5,276.5;323.25,59.5
450;36.25,112.25;112.25,236.25;166,22;293.75,73.5;40.25,323.5;135.75,256;154.5,254;323.25,59.5
27008;54.25,98.25;124,204.5;157.25,29.75;293.75,73.5;40.25,323.5;115.25,252.25;128.75,273.25;323.25,59.5
3896;65.75,83;124.25,203.25;138.5,58.5;323.5,94.5;40.25,323.5;115.25,252.25;137,279.5;323.25,59.5
30704;61.25,56.5;96.75,188;138.5,58.5;323.5,94.5;82.25,319.75;86.25,211.5;136.75,280;339,78.25
45847;35.75,24;57.25,193.5;138.5,58.5;322.75,94;77.25,297.25;82.25,231;94.75,268.25;339,78.25
40891;37,31;57.25,193.5;136.5,58.75;315.75,80.25;73,306.25;80.5,234.75;99.5,318.5;339,78.25
22002;37,31;48.5,227.25;130.75,33;262.25,95.25;72.75,308.5;107.5,194.5;120,275.75;339,78.25
37748;9,6.75;48.25,224.75;103.25,12.25;265.25,92;76.5,265.25;107.5,194.5;148.5,318.75;339,78.25
20383;9,6.75;9,233.5;111.25,15.25;300.75,116;53.5,273.75;107.5,194.5;115.5,307.75;340,73
20321;3.25,8.25;9,233.5;127.25,33;295.5,139.5;83.25,286.25;101.75,220.25;115.5,307.75;340,73.5
42596;3.25,8.25;44,253;65.75,30.25;271.5,166.5;82.25,287.75;101.75,220.25;130.25,297.25;348,50.25
5250;3.25,8.25;12.25,263.25;51.5,45.75;273,173;62.75,268.25;100,222.5;126.25,324;348,50.25
1171;2.25,23.75;20.5,241;55.75,57;264.5,153.25;62.75,268.25;100,222.5;126.25,324;304,26.5
31031;2.25,23.75;17.5,176.75;50.5,61.25;246.25,134.25;89,269.5;94.25,230.75;126.25,324;303.5,24.75
15482;2.25,23.75;9,140.75;50.5,61.25;269.5,167.25;115.75,245;122.25,198;144.5,285.75;277,34.75
28663;2.25,23.75;55.75,177.5;83,19.5;244.75,202.75;90.5,222.25;91.25,245;144.5,285.75;302.5,23.5
42289;2.25,23.75;39.25,117.75;52.5,45.25;262.75,244.75;90.5,222.25;91.25,245;176.5,301.25;359,43.25
12698;12.25,6.75;39.5,114.75;52,65.5;234.75,260.25;74.75,204;90.25,222.25;176.5,301.25;359,43.25
23355;12.25,6.75;39.5,114.75;49.25,47.75;234.75,260.25;31.75,217;89,222.5;201,321.75;354,47
10544;14,35.75;26.5,120.25;86.5,64.75;246,288;49.75,248;89,222.5;201,321.75;354,47
20833;6.25,53;43,98.25;82,80;246.5,287.75;49.75,248;87.25,221.25;201,321.75;355.25,83
32746;34.75,60.25;43,98.25;62.75,57.75;246.5,287.75;21.5,231.25;114.5,237.25;235.25,283.25;325.25,50.5
1585;34.75,60.25;62.25,118.25;89,57.75;260,254.75;44.75,247;149,222;227.5,318.5;325.25,50.5
3765;52,62.25;62.5,119.25;84.75,91.25;260,254.75;30,213.5;146,252.75;227.5,318.5;319.25,45
23728;12,62.75;62.5,119.25;84.75,91.25;260,254.75;43.25,178.75;125.75,224.25;251.75,315;306,3.25
6440;7.75,113;13.5,118.25;60.25,75.75;287.75,262;23.75,189;125.75,224.25;251.75,315;304.75,5
35527;12.5,163;13.5,79.25;52,45.25;301,290.25;37,177.5;125.75,224.25;251.75,315;304.75,4.25
15841;12.5,163;52.25,58;72.75,26.75;264,294.75;16.75,202.75;125.75,224.25;240,292.25;289.25,35.75
11720;38,144.25;47.5,30.5;52.25,60.75;264,294.75;19.75,251.75;125.75,224.25;241,293.75;280.25,21.75
27847;22.75,99.75;34.75,62.25;38,91.75;262.75,294;78,238.75;133.25,194.5;241,293.75;280.25,21.75
5661;19,63.25;20.5,63.25;23,100.25;236.5,259;55.75,274;101.5,170.5;241,293.75;280.25,21.75
38028;39.75,19.25;56.75,95.75;64.25,103;236.5,259;55.75,274;105,137.75;223,278.25;282.5,21.5
17074;7,62.25;56.75,95.75;104.5,72.5;214.5,246.75;4,297.25;105,137.75;258.25,267.25;311.25,29.25
42589;6.75,64.5;56.75,95.75;129.25,87.25;217.75,259.5;4,297.25;123.75,116.5;258.25,267.25;308.25,31.75
8290;24.75,63.75;70.75,58.25;162,75.5;179.25,259.5;4,297.25;123.75,116.5;260.25,269.25;308.25,32.25
17208;28.5,99.75;30,57.5;195.25,71.75;217.75,242.25;46,293;123.75,116.5;260.25,269.25;308.25,32.25
41859;28.5,99.75;44.5,50.25;210.75,32.25;264,225.25;33.25,250.75;128.25,92.5;260.25,269.25;308.25,32.25
5780;29.75,78.5;62.75,57.75;173.25,18.5;241.25,201.25;18,232.25;128.25,92.5;260.25,269.25;308.25,32.25
41854;30.25,79;66.75,9;173.25,18.5;241.25,201.25;18,232.25;151,108.25;256.25,236.25;310.25,75.5
31326;14.5,42.25;83,25;173.25,18.5;276,221.25;19.25,226.75;151,108.25;256,235.25;302,99.5
48;50.25,55.5;104.5,50.25;173.25,18.5;297.25,230.5;19.25,226.75;141.75,106.75;255.5,235.25;294.75,87.5
43820;50.25,55.5;96.5,59;165.75,22.5;276.5,248.25;63.75,215.75;168.5,151;256,235.25;294.75,87.5
8890;50.25,55.5;139.25,77.5;165.75,22.5;240,278;36.5,177.5;142.75,160.25;255.5,235.25;334.5,51
42471;84.75,44.5;107.5,109;165.75,22.5;239.5,278.25;9.5,135.25;188,175.25;226.75,251.75;334.5,51
2801;79.5,37.25;92.25,140.5;199.25,61.5;264.75,294;9.5,135.25;195.25,174.75;226.75,251.75;335.5,48
33928;75.5,6.25;81,141.25;220.5,17;262.75,294;22.25,108;195.25,174.75;226.75,251.75;336,48.25
29510;75.5,5.25;115,179;220.5,17;257.5,302.5;20.25,108.5;195.25,174.75;238.5,266.75;286.5,19.25
29181;61.25,56.5;122.25,145;250.5,11.25;257.5,303.5;21.5,71;195.25,174.75;238.5,266.75;290.25,3
18739;61.25,56.5;146.5,124.75;252.5,17.75;283.25,318.25;21.5,71;209.75,172.75;263.75,272.25;291.75,4.25
49227;43.5,65.75;147.75,119.25;244.25,19.75;286,321.75;21.5,71;209.75,172.75;236.5,249;291.75,4.25
3331;43.5,65.75;187.75,114;210.25,10.5;286.25,317.5;38.5,76.75;209.75,172.75;237.5,248;291.75,4.25
20315;16,41.75;167.25,150.5;216.25,57;294.75,318.75;45,54.25;209.75,172.75;237.5,248;310.5,2.25
38910;16,41.75;170.25,152.75;224.25,42.5;317.75,318.5;90.75,64;209.75,172.75;253,268.75;311.25,4.25
24478;43.75,9.5;170.25,152.75;249.5,22;316.25,318.5;74.5,34.25;209.75,172.75;253,268.75;296.25,35
38230;43.25,48.25;155.25,129.5;249.5,22;316.25,318.5;113.5,58;173,198;236.75,254.75;296.25,35
30748;73.25,27;148.75,90.25;249.5,22;316.25,318.5;121.25,16.75;170.25,221.25;236.75,254.75;273.75,63
34688;114.25,19.5;190,77.25;304,13.5;351.75,307;121.25,16.75;170.25,221.25;275.5,228.75;301.75,83.5
10343;97.5,59;190,79.75;262.25,31;331.75,290.75;121.25,16.75;170.25,221.25;309.5,234;315.75,87.75
37881;92.25,63.25;163.75,109.5;286.25,55.25;330.25,294.75;121.25,16.75;170.25,221.25;266.5,221.25;340.25,79.25
31425;73.25,103;179.25,144.5;274.5,17.5;335.5,314.5;121.25,16.75;170.25,221.25;269.5,222.5;324.75,59.25
19851;68.75,110;193.75,101.5;309,18.25;354.5,273;121.25,16.75;170.25,221.25;238,213.5;324.75,59.25
6983;88.25,91.25;193.75,101.5;333.5,29;349.25,273;119.25,17.25;161.25,195;248,225.25;324.75,59.25
21555;136.75,76.5;193.75,101.5;333.5,29;349.25,273;71,21;150.75,225.25;214.25,193;305.5,86.75
47623;142.5,124.75;186.5,88.25;333.75,26;349.25,273;32.25,13.75;179,230.5;214.25,193;305.5,86.75
38298;111,85;206,46.25;284.25,38.25;363.75,276;32.25,13.75;207.5,190.25;234.75,220.25;305.5,86.75
50362;111,84;216.25,3.75;284.25,38.25;363.25,321.5;32.25,13.75;207.5,190.25;233.5,210;321.5,109
49089;82,134.75;246,3.25;340.75,18.25;363.25,321.5;32.25,13.75;201.5,218.5;233,210.25;321.5,109
12400;73,147.75;272,23.75;321.75,15.5;363.25,321.5;87.75,13;201.5,218.5;233,210.25;292.5,149
26426;95.25,165.25;272,23.75;321.75,15.5;363.25,321.5;55.25,41.75;175.75,241.5;231.25,188.25;306.75,171.5
31711;94,188;273.25,47.5;347.25,30.5;363.25,321.5;53.25,42.75;175.75,241.5;245.5,235.5;309.75,162.5
38478;105.25,231;273.25,47.5;347.75,31.25;363.25,321.5;30,53;171,197.5;230.75,191.25;309.75,199.5
15915;139.5,240.25;270.5,57.5;348,30.75;363.25,321.5;27,61.5;181,165;201.5,183.5;309.75,199.5
25388;165.5,223.25;270.5,57.5;348,30.75;363.25,321.5;3.25,54.25;164,202.75;166.5,162.5;318.75,162.25
21797;145,190.25;226.25,50.75;348,30.75;362.5,288.75;50.25,61.25;145.25,182;166.5,162.5;318.75,162.25
1228;175.25,162;225.75,50.75;348,30.75;362.5,288.75;91.25,65;138.25,195;167.5,161.75;355.75,171
46294;178.25,158.75;212.25,15.25;297.5,45;344.5,317.75;91.25,65;102.5,196.5;160.25,160.5;355.75,171
44827;178.25,158.75;212.25,15.25;311.5,80.75;316.75,302.5;95,26.25;102.5,196.5;160.25,160.5;333,139.75
42736;175.75,184.25;211.5,15.5;278,106.25;290.25,317.25;48.5,7.25;102.5,196.5;160.25,160.5;333,139.75
1984;182.75,151.75;239.5,23;273.5,130.75;290.25,317.25;47.75,8.25;102.5,196.5;168,146.5;356,171.75
33291;182.75,151.75;206.5,47.25;244.5,165.25;331.75,318.5;65.75,11.25;122.75,207;166.75,146.5;356,171.75
50606;183,133.5;223,0.5;223.25,127;331.75,318.5;65.75,11.25;72.25,216;188.5,102;356,171.75
11079;183,133.5;185,1.75;223,127;334.75,318.5;87.75,62.5;95.25,183.5;151.75,83.5;356,171.75
33210;182.5,137.75;215.25,4.25;273.75,98.75;330,281;87.75,62.5;97.75,177;189.5,37.25;356,171.75
43995;159,158.5;215.25,4.25;281.25,73.25;311.25,247.5;93,19.5;116.75,194.25;150.5,4.75;356,171.75
43632;130.75,168;215.25,5.25;254.75,99;346.5,240.5;93,19.5;137.75,194.25;150.5,4.75;347.25,143.25
44708;130.75,168;195.5,12.25;261.5,111.25;348.25,210;93,19.5;138,192;150.5,4.75;350.25,156.5
47293;116,150;221,54.75;295.5,139;341.5,166.5;62.25,65.5;138.5,192;150.5,4.75;350.25,156.5
22645;134.25,127;178,49;284.5,106.5;342,166.5;59.5,94;125.75,194.25;150.5,4.75;350.25,156.5
41594;134.25,127;178,49;271.5,72.75;295.25,164.25;34.5,132.75;129.75,216.25;152,7.25;325.5,204.25
6013;87.5,118.5;178,49;255.25,93;289,188;33,134;129.75,216.25;164.75,29.25;308.5,195.75
21553;71,96.75;195.25,72.75;255.25,93;261,182.75;33,134;100.5,220.25;156.25,14.75;310.25,221.5
22728;54.25,56;171.5,87.5;255.25,93;298.25,168.5;33,134;117.25,194.25;120.25,16.5;310.25,221.5
32289;15.25,42.75;202.25,62.5;245,78;298.25,168.5;27,127.75;98.25,196;120.25,16.5;310.75,221.5
27394;53.75,55.75;194,17.75;267.25,84;324.75,151;27,129.25;98.25,196;120.25,16.5;301.25,226.5
32207;53.75,55.75;192.25,17;294.75,104.75;353.75,169.5;21.5,159.5;80.75,220.5;97.5,47.5;301.25,226.5
16278;50.5,30;212.75,1.25;294.75,104.75;350.25,172;9.25,172;55,247;97.5,47.5;313.25,195.75
14781;70,17;217.75,4.5;269.75,102.25;350.25,172;20.5,201.75;87.5,267.75;97.5,47.5;272.75,166.25
68;39.5,31;243,39.5;297.25,120.5;350.25,172;19.25,204;72,296.75;97.5,47.5;308.5,194.5
1809;78.75,44.5;243,39.5;325.25,120.5;371.25,150;19.25,204;71,306.75;97.5,47.5;282.75,173
39651;97.75,32.5;242.5,66.5;306.5,157.25;371.25,150;19.25,204;71,306.75;117,71.75;328.75,199
748;70,35.25;274.25,66.5;307,157.25;371.25,150;23.75,189;71,306.75;83.75,31.5;340.25,149
18986;71,36;307.75,111.5;312,120.25;370.75,122.75;23.75,189;74.5,310;83.75,31.5;350.25,140.25
28234;60.75,9;306.25,120.5;314.5,111.25;334.25,135;55.5,176.75;74.5,310;83.75,31.5;350.25,140.25
18098;60.75,9;268.75,104.25;329.25,59;336.25,151.5;55.5,176.75;103.25,268.25;103.75,66.5;355.5,141
19501;60.75,9;250.5,135.5;284.5,75.75;351.5,198.75;55.5,176.75;69.75,252;143.75,48.25;355.5,141
46378;60.75,9;280.25,167.75;281.5,74;353.5,199.75;55.5,176.75;62,247;116,91;321.75,130.25
30760;61.5,62.5;280.25,167.75;296.25,101.25;353.5,199;45.25,146.5;96.75,283.25;116,91;298.5,85.75
42110;61.5,62.5;244.75,129.75;296.25,101.25;353.5,199;45.25,146.5;103.5,267.5;118.75,136.25;308.25,38
27831;61.5,62.5;236.5,111.5;268.25,103.75;353.5,199;45.25,146;83.5,302;135.25,129.5;330.75,59.25
7666;45.75,44.25;224.75,129.5;276.25,138.25;353.5,199;45.25,146;85.5,255.25;108.25,102.75;330.75,59.25
44962;37.5,78.75;224.75,129.5;279.25,182.5;353.5,199;19.5,125.25;79.75,216.75;139.25,106.75;330.75,59.25
7590;26.25,82;186,153.5;279.25,182.5;353.5,199;19.5,125.25;69,176.5;118.75,104.75;354,56.25
30648;26.25,82;201.5,185.25;242.75,159.25;353.5,199.75;19.5,125.25;47.75,196.5;141,120.25;323.25,57
14724;38.75,127.25;200.75,185.25;252.75,119.5;342,197.75;19.5,125.25;47.75,196.5;118.5,116;365.5,82
44279;9.25,146.25;200.75,185.25;256.25,157.75;367,188.75;19.5,125.25;93,190;125.75,107.25;365.5,82
38157;16,174.75;200.75,185.25;289.5,137.5;367,188.75;6.5,109.5;74.5,210.5;135.25,129.5;365.5,82
1112;34.5,162.5;187.25,152.25;317,139.25;367,188.75;24.75,105.25;113,196.75;153.5,87.5;365.5,82
16086;36,148.5;187.25,152.25;290.25,110.75;351.5,217.75;22.5,105;112,229;162.5,50.25;365.5,82
20966;36,148.5;196.25,169.75;264.25,122.75;327.25,213;56.75,78.75;110.5,229.75;139.25,21;365.5,82
13879;73,142.25;196.25,169.75;299,110.5;330,266.25;55,81.25;90.25,195.5;126,45;365.5,82
14936;86,148;196.25,169.75;266.5,114.5;356.75,294.25;49.25,75.75;98.5,221.75;126,45;336.75,62.25
13234;105.75,120.75;196.25,169.75;269.5,117.25;355.5,296;21,68.5;49.75,221.5;139,57.5;336.75,62.25
16859;105.75,120.75;196.25,169.75;256.75,144;363.5,296.5;22.75,107.75;35.5,192.5;158,87.5;290.5,42.75
36588;108.25,127.5;171.25,163.25;225.5,152.75;328.5,267;22.75,107.75;35.5,192.5;158,87.5;250.25,76.5
40300;136,90.25;152.25,127.25;226,150.25;336.5,284.25;21,127.75;70.5,191.25;158,87.5;250.25,76.5
8092;136,90.25;191.75,145.75;264,153.75;361.75,304.5;24,176;70.5,191.25;161.25,84.75;227.75,115.75
11577;88,116.75;199.75,168.5;267.75,135.25;317.5,319.25;24,176;70.5,191.25;161.25,84.75;242.75,169
22377;52.5,145.5;188.5,207.25;267.75,135.25;298.75,303.75;7.25,189.25;73,188.75;145.25,87.75;242.75,169
25984;14.5,142.25;198.75,237.25;268.5,135.5;298.75,303.75;18,203.25;74.75,222.5;145.25,87.75;262,203
471;52.5,153.75;216.5,277;268.5,135.5;299.75,321.75;10,156.25;74.75,222.5;145.25,115.5;262,203
30202;89,155.25;243.25,310;270.5,167;299.75,321.75;10,156.25;77.5,227.75;178.75,126.25;302.75,196
10538;67.25,145.25;243.5,310.5;273.25,120.5;299.75,321.75;32.25,118.25;77.5,227.75;146.5,88.75;295,194.75
44597;35.25,117.75;232.5,277.5;269.5,101.5;299.75,321.75;14.75,69.25;77.5,227.75;146.5,88.75;321.5,159.75
42524;1.5,149;232.5,277.5;239.75,127.5;282.75,318;19.75,45;77.5,227.75;146.5,88.75;319.25,161
31287;1.5,149;209.5,311.25;239.75,127.5;282.75,318;5.5,14.75;57,207.5;142.25,106.5;329.5,130.5
47233;47.25,125;161.5,278.75;281,168;282.75,318;6.5,15;27.5,216;142.25,106.5;329.5,130.5
8677;47.25,125;175.75,236.75;289,164.75;306.5,302.25;6.5,15;22.25,254.5;195,96.5;329.5,130.5
28023;47.25,125;133.25,243;272.5,168.25;305.75,254.5;6.5,15;13.75,302.75;142,92.5;329.5,130.5
6649;32.25,81.5;123.25,231.25;272.5,168.25;286.75,261.5;6.5,12.5;14.5,310.75;142,92.5;350,161
45326;5.5,89.75;89.5,230.25;226.5,186.5;264,254.75;6.5,12.5;14.5,310.75;162.5,78.5;314,160
25977;12,143.25;41.5,241.25;226.5,186.5;256.25,270.75;6.5,12.5;14.5,310.75;126,43.75;331.5,197.5
5923;6,90.75;41.5,241.25;226.5,186.5;242,289.75;8.75,11.5;15.25,314.5;91.75,64.75;340.75,205.25
43211;33,74;41.5,241.25;226.5,186.5;242.5,289.75;7,3.75;15.25,314.5;94.25,47.25;348,180.5
46297;36.5,56.75;46.75,277;231,183;262.5,237.25;5.5,8;9.75,279.5;94.25,47.25;348,180.5
25565;44.5,49.75;91.5,267.75;209.25,198;262.5,237.25;5.5,8;29.75,243.75;43.25,61;348,180.5
33057;44.5,49.75;98.25,256;180.25,239.25;287.25,263.25;5.5,8;20,273;43.75,61;355.25,165.5
48591;44.5,49.75;98.25,256;189.25,263.25;270.5,230.25;5.5,8;11.75,269;43.75,61;347,138.75
1162;44.5,49.75;96.75,256.5;190,253;270.5,229;20,18;39,295;83.75,32;347,138.75
44905;14.25,29.75;96.75,256.5;190,251.75;272.25,267.5;36,26;39,295;118.25,16;347,138.75
33006;47.25,46.75;115.5,212.5;210,260.5;279,230.75;33.5,43;39,295;74.75,40.5;347,138.75
15354;63,74.25;76.5,228;223,267;306.75,262.75;33.5,43;41.25,301.25;77,21.5;347,138.75
20570;43,46.25;82.75,249.25;223,267;342.25,229.5;33.5,43.5;46.5,269.75;77,21.5;333.5,115
19502;66.75,89.5;121.5,251.75;223,267;345.25,181.75;42.5,77.25;72.5,221.25;78.25,21.75;333.5,115
41495;66.75,89.5;91.75,233;223,267;345.25,181.75;30,87.25;75.75,216.75;89.25,65.75;336.5,131.5
39371;66.75,89.5;100.25,252.5;238.75,258;333.25,218.5;41.25,89.5;84,171.25;89.25,65.75;338,178
37905;98.5,114;100.25,252.5;193.25,259;333.5,218;41.25,89.5;51,140;104.25,36;337.25,132.5
38854;122,140.5;130,272;194.75,244.5;361,208;39.5,89.25;88.5,153.25;104.25,36;337.25,132.5
35164;115.75,120.25;154.5,267.25;221,218.75;361,208;34.75,75.25;88.5,153.25;117.5,72.75;350.75,166.5
21335;95,114;154.5,267.25;220.25,219;352.25,213.75;34.75,75.25;81.25,160;111.75,81.5;319,163.25
48955;93.75,92.5;154.5,267.25;186,212.5;327.75,242.25;34.75,75.25;89.75,131;111.75,81.5;301.75,123
50204;112.5,114.5;146.75,262.5;166.75,217.25;327.75,242.25;27,62.25;89.75,131;132.25,91.5;301.5,126.5
9113;112.5,114.5;140.25,227;160.25,206.25;289.5,243.5;26.5,61.5;89.75,131;150.5,52.5;281.75,141.75
17135;91.5,86.5;140.25,227;160.25,206.75;301.75,281;49.75,30.75;62,174.75;161.75,52.75;281.75,141.75
31970;106.75,60.25;140.25,227;160.25,206.75;301.75,281;42.5,1.75;63.75,173.75;130.75,40.75;273,140
43246;69.5,74.75;140.25,227;160.25,206.75;253.5,292.5;42.5,1.75;87.25,214.75;168,36;223.75,154.25
30208;47.5,75.75;160.25,206.75;165.25,251;254,292.5;22.5,34;87.25,214.75;168,36;210,202.75
33624;32,86.75;149.75,191.5;157.5,276.25;256.75,287.25;13.5,18.75;87.25,214.75;168,36;210,202.75
8162;38.5,93.75;125.25,212.5;172.75,278.75;257.25,287.25;19.75,36.25;63.75,215.75;168,36;210,202.75
12778;36,95.25;125.25,212.5;199.5,280.5;287,287.25;32.75,81;63.75,215.75;150.25,11.5;195.25,247.5
8443;13.25,79;131,215.75;239.75,293.75;301.75,302.5;32.75,81;63.75,215.75;150.25,11.5;186.5,214.5
24460;13.25,79;164.25,248.25;239.25,293.25;326.25,283.25;7,91.5;51.75,257.75;121.25,18.5;186.5,214.5
9386;11.25,47.75;192.25,229;239.25,293.25;356.5,294;7,91.5;51.75,257.75;88.75,30.5;162,221.75
32409;14.5,77.75;143,261.5;239.25,292.75;310,268.75;7,91.5;84.5,222.25;88.75,30.5;148,259.25
25204;51.75,57.75;154.75,224.25;239.25,293.25;327.25,241.25;7,91.5;74.75,203;88.75,30.5;134,264
46914;51.75,57.75;157.75,256.5;239.25,293.25;312,239;7,91.5;62,174.75;88.75,30.5;134,265
35784;17,79.5;163,223.25;259.25,254.75;336.25,270;7.25,93.75;16,171.5;88.75,30.5;134,265
15043;53.75,56.5;157.25,225.25;277,246.5;330.5,307.5;7.25,93.75;16,171.5;108,51.25;134,265
35388;38.25,65.25;164.75,217.25;280.75,218.75;308.75,322;7.25,93.75;16,171.5;108,51.25;120.5,283.5
46085;65.25,57.75;212,230.75;237,194.75;308.75,322;6.5,93.75;53.75,189;108,51.25;111.5,261.5
47575;62.25,62;197.5,283.25;251.5,218.75;308.75,322;7.25,93.75;29,212.5;76.75,12;111.5,261.5
36702;62.25,62;174.5,320.75;225.75,251.5;299.25,322.75;7.25,93.75;28.25,206.75;80,20;111.5,261.5
36573;29.25,22.75;174.5,320.75;244.5,223.75;299.25,322.75;7.25,93.75;10.5,232.25;49.75,54.5;113.5,223.25
9267;29.25,22.75;190,260.25;281.75,254.75;299.25,322.75;7.25,93.75;11.25,280;46,79.75;166.25,256.25
47417;57,33.75;230,277.5;281.75,254.75;299.25,322.75;6,71.5;11.25,280;31.25,122.75;164.5,255.75
45406;55.75,55.25;184,266.25;281.75,254.75;299.25,322.75;1.75,51;11.25,280;41.75,163;187.75,274.75
10610;55.75,55.25;161.25,296.75;281.75,254.75;290,320.5;1.25,50.75;21.25,262.25;39.5,112.5;236.75,268.25
32157;51.25,54.75;187.75,310;281.75,254.75;290,320.5;14.5,56;22.25,201.75;39.5,138;237.5,267.75
14214;51.25,54.75;187.75,310;275.5,284.75;306.25,303.75;30.25,108.5;57,153.5;74.25,134.5;192.5,306.75
32807;51.25,54.75;225.25,302.75;267,255.25;345.75,314.25;15,144.5;21.5,154.5;74.25,134.5;171,303.5
26797;51.25,54.75;224.75,303;267,255.25;354.25,289;13.25,143;37.75,156.5;59,173.75;219.25,296
28553;51.25,54.75;221.75,294.25;267,255.25;354.25,289;2.75,137.75;21.5,145;53.25,132;248.75,292.75
21910;17.75,35.25;198.75,269;275.5,284.75;366.75,312.25;2.75,137.75;21.5,145;53.25,132;277,251.75
29660;36.25,9.5;172.25,299.25;291.25,310;363,284;2.75,137.75;21.5,145;77.25,125.5;294,234
48481;33.5,39;159,304.75;291.25,310;336.5,300.25;2.75,137.75;23,173.25;77.25,125.5;277.5,223.5
30792;11.75,6.25;122.5,285;300.5,319.5;336.5,300.25;13.5,137.5;21.75,174.5;77.25,125.5;233,255.25
28652;14.75,63.25;87.5,303.75;310.75,320.5;336.5,300.25;13.5,137.5;43.75,156;88.25,108.25;235.75,254.25
49155;4,102.75;87.5,303.75;316.25,321.75;353.75,313.75;13.5,137.5;43.75,156;64.75,109.25;235.75,254.25
13202;4,102.75;64.75,304;289.25,299.25;342.75,256.5;13.5,137.5;75.25,118.25;82,81.75;223,316.75
49822;33.25,124.75;64.75,304;288.75,261.5;315.25,221;13.5,137.5;73.25,114.25;82,81.75;212.25,275.5
36566;66,84.5;86.5,316;289,258.5;330.75,209.75;13.5,137.5;61,152;74.5,41.5;212.25,275.5
43928;47,61.75;82.5,303.75;246.75,261.25;359.75,177.5;13.5,137.5;44.25,163;74.5,41.5;212.25,275.5
2536;22,43.25;54.25,280.75;246.75,261.25;342.25,167;13.5,137.5;46.5,165;96,36;184.75,290.25
50424;35.5,89.5;36.75,296.25;222.75,259;364.25,143.25;13.5,137.5;46.5,165;96,36;145.5,299.5
14270;4.5,42.75;8,283.25;208.75,261;335.75,150.25;13.5,137.5;46.5,165;106,53.75;124.25,316.75
45233;4.5,42.75;8,283.25;220.5,311;335.75,150.25;26.5,188;31.5,138.5;87.5,107;99,282.25
21468;3.25,42.75;4.5,284.5;204,310.25;292.5,112.5;3.5,244.5;30.25,119.75;87.5,107;99,282.25
12520;3.25,42.75;54.75,294.75;155.5,306.25;294.25,105.75;3.5,244.5;41.5,89.75;48.75,87.5;111,295
20920;17.75,63.5;54.75,295.75;158.75,257.75;269,71.75;34.75,227;41.5,89.75;48.75,87.5;123,263.75
25201;17.75,63.5;35.25,300;206.25,260;233.5,67.5;34.75,227;40,89.25;56.25,62;118,290.5
14177;45,98.75;45,315.25;140.75,240.25;263.25,111.75;34.75,227;40,89.25;56.25,62;183.5,300.25
31146;45,98.75;93,300.25;96.75,254;279,127;34.75,227;39.5,89.25;81.25,84.75;141.5,318
9491;44.75,99.75;97.25,319.5;100.25,250;298.75,112.25;34.75,227;54.75,129;81.25,84.75;121,274.75
14733;37.5,64.75;98.25,320.5;100.25,250;306.5,91.75;27.25,207.25;51.25,81;79.5,126.25;121,274.75
17226;54.25,97.75;99,320.75;122,260.25;301.75,37.75;25.25,201.75;51.25,81;86,171.25;121,274.75
2816;88.5,90.75;99,320.75;122,263.5;278,32;25.25,201.75;35.75,35.75;47.75,133;121,274.75
22411;132.25,89.75;136,272.5;142.5,317;321,58;25.25,201.75;35.75,35.75;47.75,133;116,251.5
7720;112.75,106.5;121.25,275;141.75,317.25;308.75,56;24,177;35.75,35.75;47.75,133;66.25,222
21521;109.75,77.75;116,285;142.75,317.5;308.75,56;23,227.25;35.5,38.25;47.75,133;53,198.75
18974;109.75,77.75;142.75,317.5;159.75,261.5;356.25,10.25;23,227.25;35.5,38.25;65.75,160;68.25,210.5
11225;84,59.75;142.75,317.5;163.25,291;326.5,28;23,227.25;35.5,38.25;74.5,194.5;104,197.5
16880;84,59.75;105.25,282.75;172.5,322;310.75,55.5;23,227.25;36.75,39;56.5,138.25;123.25,240
46649;84,59.75;122.25,302.25;172.5,322;269.5,59.5;14.5,227.5;37.75,39.5;41,89.75;130,283.5
37022;84,59.75;147.75,259;223.5,303;266.75,104.75;36.5,223;65.25,11;83.75,82;130,283.5
24872;84,59.75;167.5,225.5;248,272;273.5,122.5;50,252;77.75,12.25;83.75,82;149.25,270
48931;90.75,63.75;168,224.25;234.25,280.25;273.5,122.5;51.75,279.75;77.75,12.25;114.25,82.5;117.5,258.75
16446;111.75,106.5;176.5,202.5;250.25,307.25;276.75,134.75;52.5,279.75;77.75,12.25;114.25,82.5;133.75,228.75
9006;135.75,91.5;198.75,170;250.25,307.25;273.75,129.5;52.5,279.75;92.75,8;140.5,74.75;151.5,226.5
12505;135.75,91.5;220.5,155.5;276,275.25;280.75,144.25;28.5,306.5;90,47.75;140.25,66.25;151.5,226.5
24500;135.75,91.5;221,154.25;254.75,298.75;268,178.75;28.5,306.5;87,21.5;133,72.75;170,225.5
8427;108.75,85.75;212.5,132;254,299;268,178.75;7.75,291.5;86.5,21.75;114,106;170,225.5
38705;108.75,85.75;213.75,132.5;229.5,285;237,169.75;43.5,320.75;58.5,10.5;138.25,72.75;170,225.5
32734;109.75,84.75;195.75,130;227.25,271.25;231.25,202.5;46,310.25;58.5,10.5;128,61.75;170,225.5
45060;109.75,84.75;177.75,109.5;228.25,237.5;250,164.25;20.5,309;58.5,10.5;127.75,60.25;170,225.5
25697;140.75,100.5;189.5,104.75;247.25,201.25;271.5,150;3.75,310.75;58.75,12.75;127.75,60.25;170,225.5
36093;140.5,63.25;189.5,101.75;225.25,236;296.75,180;3.75,310.75;58.75,12.75;127.75,74.5;170,225.5
19460;133,22.25;186.25,74.5;236,259.25;274,167;20,286.25;75.25,24.75;127.75,74.5;170,225.5
18314;96.75,12.5;164.75,85.75;236,259.25;289.5,168.75;2.5,309.5;74.75,26.5;153.75,91.25;170,225.5
43947;96.25,10.25;203.75,63;215.25,227.75;258.25,133.75;2.5,309.5;74.75,26.5;124.75,106.25;170,225.5
47898;122,22;181.5,36;215.25,227.75;275.5,131.5;36.75,276;74.75,26.5;115,73;170,225.5
25206;122.5,58.5;181.5,36;217.25,247.25;275,126.75;46.75,301;113.25,39.5;153.25,81.5;170,225.5
27491;122.5,58.5;181.25,1.5;189.25,263.25;275,126.75;67,311.75;113.25,39.5;134.75,106.25;158.25,223.5
13925;94.5,85.25;182,3.5;195,245.75;268.75,122.75;67,311.75;129.25,18.5;134.75,106.25;143.75,203.75
42336;110.75,59.25;179,35;219,242.75;269,125.5;106.25,283.25;129.25,18.5;134.75,106.25;158.25,223.5
3889;74.25,89;175,59.25;211.25,243.25;269,125.5;79,306.5;126,61.75;134.75,106.25;191.25,198
12392;74.25,89;140.75,91.25;211.25,243.25;228.25,129.75;81.25,304.75;91.75,64.5;111,100;204.75,182.75
1682;110,104.5;121.75,72.25;245.25,259.25;264,131.5;46,311.75;91.75,64.5;110.75,99.25;204.75,182.75
24092;82.75,129.5;103.25,74.75;245.25,259.25;257.75,81.5;46,311.75;91.5,97.75;137.25,58.25;218.75,135.25
22541;83.25,130;134,96.25;245.25,259.25;252.25,112.75;20,297.75;127.75,104.25;168.5,51;218.75,135.25
15745;75,161.75;143.75,89.25;245.25,259.25;251.25,112.75;20,297.75;152,88.5;183.25,27.25;240.25,133.75
2083;75,161.75;175.25,112.75;214.25,277.5;278.75,106.5;3.75,307.75;159.5,105.5;183.25,27.25;240.25,134
120;92.5,141.75;175.25,112.75;205.5,309.75;284.5,102.25;3.75,307.75;145.5,91.75;153.5,52;242.25,137.5
42078;127.5,140.5;165.25,105.25;205.5,309.75;269.75,105.25;3.75,307.75;145.5,91.75;156.75,11.5;243,134
30259;104,136.5;128.25,137.25;205.5,309.75;263.25,65.5;3.75,307.75;172.5,52.75;178,9.75;209.5,95.5
4811;100.25,190.25;136.5,125;251.75,302.5;307.25,54.25;3.75,307.75;154,89.5;156.25,29;209.5,95.5
22581;136.75,224.25;185.25,111.75;254.75,306.25;287,25;3.75,307.75;145.5,76.5;159.5,26;209.5,95.5
14701;101.25,205.5;164.5,147;255,306.75;275.75,13;3.75,307.75;124.75,105.75;159.5,26;209.5,95.5
17555;110,237.25;164.5,147;244.25,298.25;275.75,13;56.75,297.75;155,122.75;159.5,26;168.75,82.25
2500;110,237.25;146.75,157.5;223.75,278.75;270.25,30;56.75,289.75;123.75,116;159.5,26;168.75,82.25
46778;158.75,219.25;176,161.25;194.25,259;270.25,30;51.75,308.75;123.75,116;159.5,26;167.75,80.75
26030;156.25,228;176,161.25;197.25,259;269.75,74.5;51.75,308.75;161,116.5;162.25,60.5;176.75,39
48359;156.25,228;186,158.75;197.25,259;269.75,74.5;23.75,308;119.25,106;130.5,92.25;178,30.5
18644;156.25,228;182.5,157;186.25,234.25;269.75,74.5;11.75,287;126.5,129.75;134.75,91;174,37
13459;114,236.5;165.75,105.25;228,251.5;269.75,74.5;1.75,311.5;119.5,162.75;134.75,91;174,37
36482;80,243.5;186.25,112.25;228,251.5;301.5,112.25;38.5,306.25;122.25,196;134.75,91;215.25,35.5
9612;47.25,270.75;231.5,105.25;239,220;301.5,112.25;23.25,309.5;125.25,200.75;134.75,91;215.25,35.5
5615;47.25,270.75;272.5,99.25;286.75,232.25;302.25,113.75;23.25,309.5;130,222.5;152.25,50.5;251.25,17.75
45721;72,248.25;247.25,126.5;288.75,235.75;293.25,147.5;23.25,309.5;133.75,222.25;152.25,50.5;254,32
48875;72,248.25;271.75,106.75;288.75,235.75;293.25,147.5;5,308.75;114,196.75;155.25,12.5;235.25,64.75
12612;117.75,250.75;285.75,53;299.25,206.5;326.25,192.25;18.25,279;114,196.75;155.25,12.5;235.25,64.75
24311;118.75,303.75;230.75,49.75;295.5,256;342.25,225.5;58.5,248;114,196.75;155.25,12.5;205.25,106
47289;123,281;230.75,49.75;283.25,222;342.5,254.25;47.5,263.25;114,196.75;154.75,34.25;205.25,106
41612;114.25,250.25;232,49;250.5,218;319.5,295;74.25,253.5;99.75,191;154.75,34.25;205.25,106
27720;115.25,250.75;203,46.25;287.5,229;319.5,295;109.25,225;115.5,198.25;147.75,49.5;205.25,106
48248;72.5,222;203,46.25;287.5,229;319.5,295;87.5,221.25;122,194.5;162,81;209.5,120.5
37552;101.25,196.75;203,46.25;287.5,229;318.25,294;81.25,189;153,186.25;160.75,80.75;231.75,135.25
45624;119,178.5;198.5,69.25;287.5,229;306.75,304;80.75,191.25;165,199.75;179.75,96;231.75,135.25
50527;118,178.25;180.75,114;283,221.25;294.25,319.5;80.75,191.25;151.25,221.5;171,91.75;231.75,135.25
46148;118.5,178.25;195.75,113.5;261.25,238;313.25,302.5;53.25,222;151.25,221.5;171,91.75;281.25,142.75
18817;118,178.25;195.75,113.5;217.5,235;313.25,302.5;67.75,270.25;145.25,270.5;150.5,122.75;292.25,123.25
23875;129,213.5;195.75,113.5;228.25,205.75;313.25,302.5;76,267.75;96.75,284.25;147.75,75.75;332.25,95.25
22856;129,213.5;185.75,137.75;205.25,202;336,312.75;34.75,251;96.75,284.25;140.75,46.75;328,99.5
31740;129,213.5;185.75,138.25;205.25,202;344,288.5;20.25,206.75;100.25,302.25;137.25,47.75;339.25,62.5
42937;86,221.75;196,128.75;205.25,202;337,256.5;18,232.25;87.5,254.25;136.5,47;339.25,62.5
36707;62.25,264.75;194.25,129.5;205.25,202;299.5,232;29.75,281;71.25,252.5;142.25,57;339.25,62.5
28999;43.25,285.25;194.25,129.5;215.75,240.25;296.5,242;14,306.75;72.25,253.25;115.5,79;339.25,62.5
47227;37.5,263.25;208,167.75;248.5,245.5;325,226.5;22,307.5;72.25,253.25;158.5,89;339.25,62.5
20812;27.25,284.75;245.25,169.75;248.5,245.5;292.5,231.25;26.25,300.25;72.25,253.25;158.5,89;328,24.5
19380;27.25,284.75;245.25,169;250.5,219.75;334.5,252.25;67,306.75;73,266.75;132,98.25;328,24.5
13431;27.25,284.75;245.25,169;250.5,219.75;315,294.5;10.5,310.25;62.75,216.75;85.5,71.75;339.5,77.5
22260;27.25,284.75;245.25,169;251,257.25;315,294.5;43,320.75;90.5,221.25;106.75,54;335.5,123.25
33968;29,305.25;245.25,168.5;254,280.25;305.25,304.25;43,320.75;88.75,190;106.75,54;292.25,105.5
43849;66.5,311.75;245.25,168.5;250,275.75;307.75,320.75;43,320.75;93.5,170.25;106.75,54;249.75,86.75
49134;64,268.75;213.5,199.5;215,311.25;307.75,320.75;43,320.75;94.25,136.75;106.75,55.25;275.75,91.25
29454;53.5,279;213.25,230.25;214,291.25;286,322;43,320.75;53.25,129;106.75,55.25;275.75,91.25
44668;52.5,279.5;179,262.5;199.5,306.75;286,322;12.25,308.5;53.25,129;146,45;275.75,91.25
47691;44,238.25;171.5,304.5;186.75,262;286,322;33,315.75;53.25,129;148.25,46;235.5,76
42497;70.5,256.75;171.5,304.5;186.75,262;308,312.75;33,315.75;39.5,119.75;149.75,32.25;222.25,37
13113;82.5,268;126,299.75;176.5,280.75;315.75,305.75;33,315.75;37.75,76.75;149.75,32.25;222.25,37
37146;48.75,242.5;146.75,280.25;176.5,280.75;355,320.75;28,317.25;42.5,49;149.75,32.25;229.25,37.25
32145;17.25,261.25;146.75,280.25;165.25,266;351,304.75;28,317.25;29.25,88.5;142.25,50.5;229.25,37.25
25921;25.75,272;146.75,280.25;184.25,286.75;335.75,267;13.5,282.25;29.25,88.5;162.75,68.75;227.5,15
40604;15.75,305;117.75,250.75;184.25,320;355.25,242;13.5,282.25;29.25,89.25;162.75,68.75;222,15
671;31.5,261.5;137.25,223.5;220.25,318.75;350.75,242.75;13.5,282.25;29.25,89.25;186.25,70.25;212.5,60.5
6248;32.75,243.25;135.75,225.25;220.25,318.75;350.75,242.75;46.5,269.25;61.25,91.25;184.75,70.5;228,26
24718;32.75,243.25;174.5,236.25;220.25,318.75;348,249.5;46.25,269;59.5,95.25;169.25,87.25;231,8.5
25865;32.75,243.25;174.75,222.75;219.5,271.75;350,249.5;46.25,269;87,72.25;169.25,87.25;247,10
43450;32.75,243.25;131.75,238.75;205.75,265.25;342.25,197;25.25,229.5;81.25,72;125.75,113.25;247,10
40590;62.25,248;137.25,239.25;210.25,228.25;340.5,199.75;10.75,228.5;81.25,72;125.75,113.25;247,10
340;91.25,232;143.75,226;226,253;340.5,199.75;11,243;81.25,72;125.75,113.25;295.75,4
35273;102.25,203.75;119.25,225.75;219.5,270.5;340.5,199.75;27.5,265.5;81.25,72;152.75,89.75;295.75,4
15178;83,222.75;119.25,225.75;219.5,270.5;340.5,199;3.5,240.75;101.25,38.5;152.5,66.75;291,28
4092;86.5,228.25;119.25,225.75;219.5,270.5;340.5,199;14.75,279;99.5,35;187.25,95.25;293.75,59.5
50075;91.5,233.75;105.75,195.25;217.75,271.25;340.5,199;14.75,279;99.5,35;204.75,97;280.25,90.75
34581;82.5,275;117.75,225;252,303.75;340.5,199;2.75,307;64,50;204.75,97;257,75.25
15898;77,255.5;117.75,225;252,303.75;340.5,199;17.75,279;45.5,62.25;210.25,51.75;238,85.25
12316;77,255.5;117.5,184.5;252,303.75;340.5,199;22.75,307;71,33;179,44.25;216,56
36331;77,255.5;130.25,170.5;273.25,288;340.5,199.75;61.75,290.25;71,33;170.5,29.5;208,85.5
50127;85.5,222.5;168.25,161.5;284.5,286.75;367,166.75;61.75,290.25;98.25,59.5;163.75,48;208,85.5
49830;113.75,225.5;168.25,161.5;282.5,283.25;367,166.75;74,269;98.25,55.25;163.75,48;207.25,57.25
42393;113.75,225.5;132.75,167.25;282.5,283.25;362.5,123.25;51,269.25;113.5,35.25;149.75,88.5;207.25,57.25
29162;154,223.25;169,154.5;282.5,283.25;362.5,123.25;23.25,280;85.5,17;135.75,106;207.75,56.5
49894;124.75,213;169,154.5;252.25,298;344.5,86.25;40.75,321;85.5,17;125.75,153;207.75,57.5
2518;124.75,213;169,154.5;239.5,258.75;355.5,102.25;2,315.5;77,20;125.75,152.5;202.5,60.5
40140;122,257.75;166,178.75;239.5,258.75;336.5,112;1,315.5;77,20;144.5,172.25;207.75,58.5
46465;122,257.75;166,178.75;262.75,255.75;336.5,112;3.25,310;91.75,25.25;159.75,203;229.5,50.25
65;122,257.75;151,156.75;272.75,254.75;316.5,105.5;38,292;91.75,25.25;133.75,227.75;232.75,52.25
31173;122,263.5;151,156.75;278.5,282.75;293.25,104.25;38,292;98.75,18.75;137,246.5;239.25,87.75
9779;119.25,227.5;162.75,128.75;278.5,282.75;293.25,104.25;22.75,289;99.75,19;165.25,223.5;247.25,92.75
25144;118.75,260.25;167,112.75;278.5,282.75;307.5,113.75;9.25,314.5;87.75,16.25;165.25,223.5;211.5,100
25551;119,301.75;167,112.75;274.5,282.75;289.5,114.75;2.75,298.5;53,42;198.75,226.75;211.5,100
33599;120.5,304;217,105;285.75,321.5;306.75,112.25;2.75,298.5;55.5,92.25;161.5,221.25;211.5,100
548;122,304;191.5,143.75;278.25,276;301.75,114.25;2.75,298.5;57,101.75;161.5,221.25;165,95
42642;122,304;166,161.5;244.25,272.25;332.25,120.5;2.75,298.5;57,101.75;142.75,203.75;155,48.5
6299;122,304;184,202.25;239.75,310;325.5,94.5;2.75,298.5;73.5,58.5;143.25,204;164.75,26
40952;114,302;179,222;207.5,299.25;325.5,94.5;43.25,307.75;104.25,49.25;152,223.25;164.75,26
18818;86.75,298.25;179.5,220.25;213,318.5;317,113.5;56.5,310.75;104.25,49.25;116.5,242.25;164.75,26
17373;86.75,298.25;179.5,220.25;213,318.5;310.75,93.25;11.5,307.25;132.75,20.5;150,256.25;175,9.75
43108;122.5,301.75;154,225.75;211.25,318.75;305.75,115.5;33.25,304;132.75,20.5;171.5,301.25;175,9.75
35862;80,298.75;160.5,236.75;211.25,318.75;305.75,115.5;63.5,260.25;133.5,23;141.25,318;183.25,26.75
37447;65,295.5;171,231.75;211.25,318.75;316,60.5;45.5,295;123.25,17.75;131.5,319.75;183.25,26.75
22877;18,309;168,278.5;201.5,309.5;316.75,60.25;45.5,295;80.25,25;133.25,323.5;183.25,26.75
16398;31.25,270;123.5,286;201.5,309.5;316,58.75;45.5,295;63.5,14;117,320;139.75,30.25
19455;61.5,230.75;123.5,286;191.25,278.75;314.75,38;49.75,246.75;96.25,39.25;116,318;139.75,30.25
41997;93.5,203.5;95.75,299.25;194.25,280.75;313.75,39;49.75,246.75;96.25,39.25;123.5,278;139.75,30.25
49008;54.75,171.5;95.75,299.25;194.25,280.75;313.75,38;87.5,255.25;93.25,33.75;129,323.75;139.75,30.25
18777;93.75,168.5;114.5,291.5;192.5,281;295.75,53.5;87.5,255.25;93.25,33.75;129,323.75;151.25,92.75
32015;76,176.75;145,303.25;147.75,266.75;287.5,101.5;71.75,260;116,60.25;129,323.75;151.25,92.75
8718;73.5,146.5;145,303.25;146,237.25;281.75,143.75;106.5,273.25;109.5,56.5;130,313.75;151.25,92.75
25335;62.5,182;125.5,269.75;126,200;314,112;71,295.25;109.5,56.5;132.25,323.5;151.25,92.75
16327;62.5,182;87.5,303.75;126,200;359,121.25;70.5,295.25;73.75,51.75;95,315.75;155.5,95
15364;36.5,165.75;52.25,322.75;126,200;359,121.25;45.25,309.75;88.75,67;124.25,294.75;155.5,95
23369;36.5,165.75;52.25,322.75;121.5,212.5;366.75,146;66.5,307.5;80.5,91.5;130.5,316.75;155.5,95
31304;13,154.25;52.25,322.75;122.5,224;368.5,186;84.75,319.25;87.5,72.75;130.5,316.75;157.5,100.25
23971;13,154.25;58.25,294.5;94.75,191.75;365,184.75;87.25,319;120.25,98.5;130.5,316.75;202,96.5
42532;28.25,198.25;68.25,247.75;94.75,191.75;365,184.75;56.5,309.75;82.5,126.5;130.5,316.75;203.75,93.75
11392;19.25,169.75;66.5,255.25;94.75,191.75;332.25,193.5;56.5,309.75;90.5,109.75;143.5,298.5;224.75,128.75
34907;44.5,181.25;56.5,227.75;94.25,165.25;361.5,227.75;78.5,297.25;94,87.25;143.5,298.5;224.75,128.75
11104;41.25,184;56.5,227.75;95,163;318.5,252.5;55.5,298;94,87.25;108.75,310.5;268.25,147.25
47254;46.25,182;56.5,227.75;91.25,165;318.5,252.5;12.5,307;67,101.75;108.75,310.5;281.75,141.75
18544;35.75,182;44.5,240.75;89.5,181.5;318.5,252.5;13,304;67,101.75;73.75,305.5;286.5,93.5
2355;34.75,183.25;53.75,280.75;79.75,174.75;318.5,252.5;26.5,292;64,57.25;73.75,305.5;265.75,121.5
83;7.75,144.75;46.5,303.5;108.25,167.75;342.25,239;26.5,292;64,57.25;82,267.75;248.25,128.5
46128;7.75,144.75;46,302.75;153,157.75;346,224.5;43.75,307.75;67,92.75;78.75,248.75;248.25,128.5
39962;16.25,170.75;41.5,297.25;142.25,125.25;317,260.5;43.75,307.75;67,92.75;80.75,249.5;256.5,76.5
27650;1,202.75;54,273.25;138.5,125.5;282,243;43.75,307.75;78.5,56.25;80.75,249.5;257,77.75
21917;5.25,153.25;54,273.25;166.25,91.5;282,243;10.5,303.75;55.5,90.25;66.5,248;257,77.75
25140;5.25,153.25;82,299.5;166.25,91.5;248.5,219.5;37.5,320.25;70.75,115.5;76,210.5;257,77.75
47578;11.5,153.75;73.75,300.5;147.75,111.25;249,248.5;37.5,320.25;70.75,115.5;83.5,190.5;257,77.75
462;11.5,153.75;73.75,300.5;134,126.25;275.25,248;36.5,311.25;67.5,113.5;97.5,191;253,42
30554;11.5,153.75;67,296.75;128.25,124.25;261,254.75;36.5,311.25;69.5,79;81.25,160.5;231.25,17
470;11.5,153.75;62.75,280.5;158.25,143.5;276.5,219.5;36.5,311.25;92.75,103.25;115.5,140.5;232.25,11.5
50524;11.5,153.75;62.75,280.5;158.25,143.5;241.5,192.25;36.5,311.25;70.5,140.75;81.25,160.5;227,20
8520;11.5,153.75;64,280.75;158.25,143.5;254,223.5;40.5,293.5;70.5,128;101,135.75;205.25,55.25
7085;8.25,139.75;64,280.75;178.75,111.25;291.75,210;29,309.25;50.25,146.25;101,135.75;234.75,50.5
6035;6.5,135.25;40.5,241.25;178.75,111.25;317.75,239;29,309.25;76.25,147.25;124.75,113.25;228,66.75
29106;38.5,137.5;40.5,241.25;178.75,111.25;329,282;28,317.25;87.25,100.25;101.75,143.75;226.75,66
33082;38,135.75;40.5,241.25;178.75,111.25;360.75,294.25;28,284.5;88,95;104.25,129.5;247.5,32
42077;16.5,171;40.5,241.25;142.75,90.25;315,293.75;27.5,284.5;88,95;140.5,121.25;229.75,15.5
17581;22.5,190.75;64.5,208.75;142.75,90.25;314.5,294.75;19.75,265.25;109,53.25;144,151.5;229.75,15.5
48321;65.5,189;67.25,170.75;147.25,90.25;289.5,320.25;19.75,265.25;109,53.25;131.25,126.75;229.75,15.5
9608;62.75,171.25;80.25,142.75;177.75,112.25;277.75,286.75;19.75,265.25;109,53.25;156.75,95.5;229.75,15.5
41978;62.75,171.25;70.75,110;141.5,126;277.75,286.75;48.75,273;109,53.25;154.5,87.75;217.25,36.5
41513;62.75,171.25;70.75,110;141.5,126;316.25,301.5;47.25,257.75;106.75,55.25;188.75,99.25;231.25,16
37511;63,172.5;70.75,110;141.5,126;355.25,317.75;44,275;106.75,55.25;163.5,83;245.75,37.25
40190;63,172.5;75.5,119.75;172,135.5;355.25,317.75;6.75,307.75;119.25,12;162.25,83.75;225.25,46.5
48574;89.75,214.5;113.25,105.5;172,135.5;327.5,283;40.5,294;119.25,12;142.75,92;253,70.75
241;98.25,247.5;117.25,112.25;197.75,114;310.25,245.5;40.5,294;84.75,24.25;104.75,77.75;253,70.75
38384;135.5,226.25;153.5,127.25;197.75,114;309.75,245;49.75,263.25;102.75,66;144,89;253,70.75
1972;103.5,204;138.5,147.5;167.5,89.75;309.75,245;49.75,263.25;76,89.25;144,89;246.75,117.25
14669;52.5,202.75;135.75,157.25;146.5,126.75;292.25,208;49.75,263.25;104.25,97.75;144,89;246.75,117.25
37056;50.75,200.25;139,113;141.25,111.75;298.75,238.75;49.75,263.25;122.25,104.75;144,89;261.75,141
10402;50.75,200.25;136,77.25;138.5,113.75;337,199.25;19.75,309;122.25,104.75;154,90.75;241.75,163.75
25499;15.75,241.5;138.5,113.75;140.75,74.75;359.25,168;19.75,309;82.25,109.5;154,90.75;250.75,128.25
32344;1.5,223.75;111.25,123.75;155,43.5;318.5,152.75;22.25,309.25;82.25,109.5;185.75,99.5;250.75,128.25
14926;16,262.25;72.25,134.25;150.25,82.75;318.5,152.75;22.25,309.25;103.5,112.75;214,120.5;251.25,134
20866;15.5,228.25;72.75,133.75;113.25,107.5;318.5,152.75;22.25,309.25;139,122.75;221.25,108.5;266.25,166.25
18219;15.5,228.25;69.25,98;125.5,149.25;288,186.75;22.25,309.25;161.25,92.5;201.5,100.25;310,180.75
42482;8.75,262.75;69.25,98;87.5,176.75;287.5,188.25;22.25,309.25;126.5,74.75;229.25,85.5;356.5,171
34034;8.75,262.75;67,135.75;87.5,173.25;279,180.75;2.75,310.75;102.75,50;226.75,90.5;356.5,171
22554;25,274;88,90.5;134.75,157.25;232.75,201;32.75,279;102.75,50;226.75,90.5;356.5,171
18536;5.25,271.25;88,90.5;141,157.75;249.5,165;62,283.25;121.75,19.75;249.75,121.25;356.5,171
3824;27.5,233.75;110.75,77.75;141,157.75;248.75,164.5;19,294;149,11.75;286,151;356.5,171
14602;50.75,250;131.25,40.75;141,154.75;280,143;19,294;144.75,4.75;303.75,113.5;356.5,171
601;50.75,250;140.25,92.75;141,154.75;328.5,126.5;7,309;117.5,5.25;303.75,113.5;358.5,145.75
48667;50.75,250;141.75,149.25;149,107.5;326,119.25;7,309;148.25,42.5;318.75,65.25;358.5,145.75
38749;33.75,239.5;154.25,157.75;187.25,113.5;326,119.25;23,293;148.75,42.5;318.75,65.25;352.75,157.5
50095;43.5,240.75;154.25,157.75;161,80.75;326.5,113.5;23,293;95.25,64.75;300.5,99.5;359.75,195
15126;57.5,242.5;104,140.75;157,44.5;316.25,115;23,293;95.25,64.75;302.75,99;359.5,150.25
45271;95,233.5;104,140.75;173.5,18.75;290,131.75;23,293;95.25,65;300.5,101;359.5,150.25
29141;100,232.75;114.25,108.5;173.5,18.75;336.5,142;4.5,279.75;90.75,64.25;337.5,80.25;359.5,150.25
47756;60.75,242.25;132,100.75;143,44.25;324.5,143.25;1.5,279.75;90.75,64.25;337.5,80.25;359.5,150.25
50620;52.5,226.5;138.5,125;141.75,21.5;324.5,143.25;1.5,279.75;124.75,19.75;333.5,82;359.5,150.25
28783;110,234.5;111.75,110.5;146.75,78.25;324.5,143.25;2.25,309.75;145.25,31.75;332.75,82.75;359.5,150.25
24104;100.25,248;138.75,58.75;139.75,112;315,113.5;2.25,309.75;151,89;332.75,82.75;360.5,172.25
17031;108.75,295.5;137.5,63.25;181.5,105.25;315,113.5;2.25,309.75;183.75,99.75;303.25,85.25;312,145
35460;109,296;179.5,36.75;181.5,105.25;272,74.5;2.25,309.75;144,76.5;350.5,79.5;358.25,163.5
16611;109,296;179.5,36.75;181.5,105.25;272,31.5;10.75,283.75;99.75,66.75;358.5,79;360.25,153.5
35349;74.25,299;147,33.75;184.25,112;272,31.5;40.25,264.75;67,107.5;354.75,73.5;360.25,153.5
33348;74.25,299;152.25,31;176,162.25;268.5,60.5;40,266;67,107.5;320.5,51.5;350.25,163.25
11235;91.5,281.5;159.5,59.75;185.75,180;271.25,74;40,266;67,107.5;317.25,13.25;351.5,182.25
21958;109.5,312.5;133,48.75;157.25,141.5;281.25,70.5;40,266;67,107.5;317.25,13.25;347.75,218.25
26516;98,284;107.75,15.75;158.25,149.5;256.25,69;17.75,219.5;69,56.5;317.25,13.25;347.75,218.25
7500;98,284.75;107.75,15.75;137.5,124.25;255.25,69;17,233;38,33.5;308.75,13.25;347.75,218.25
11410;100,295.5;108.25,14.75;137.5,124.25;213.25,81.25;17,233;90.75,67.75;294,34.5;358.5,232.25
14416;103.5,247.5;112,59.5;125,180.5;181.5,49.5;61.75,221;90.75,67.75;294,34.5;358,232.25
8974;103.5,247.5;128.25,30;130,187.75;181.5,49.5;22.25,220.5;46.25,78.5;260.75,15.25;358,232.75
47206;120.5,287;128.25,30;138,224.75;181.5,49.5;35.5,206.75;45.5,77.5;260.75,15.25;348.75,276.25
23964;112.5,308.5;128.25,30;138,224.75;181.5,49.5;52.5,247.5;87.5,101.75;271.75,30;355,294.75
47814;112.5,308.5;128.75,59.25;158.25,266.5;221.5,54.75;52.5,249.25;87.5,101.75;267.25,42.5;355,294.75
35350;109,308;145.75,20.25;158.25,266.5;217,54.75;30,281.5;106.5,136.25;302.75,36.75;355,294.75
10368;85,286.5;94,12.25;167.5,278.25;179.25,18.5;29.5,283;106.5,136.25;291.5,42.25;355,294.75
12156;54.75,303.5;116,46.5;125.5,254;179.25,18.5;47,246.75;76.25,146.25;294,47.25;355,294.75
25740;54.75,303.5;61.5,75.75;91,274.25;163,48.75;26.25,231;47.75,130;294,47.25;355,294.75
21690;54.75,303.5;87,84.5;90.5,274;139.5,97.25;20.75,265.75;89.75,151.75;290.25,3.5;355,294.75
18596;57.5,238;87,84.5;137.25,266.75;139.5,97.25;20.5,265.25;58.25,168.25;229,18;327.5,283.5
50040;55.75,240.75;85.25,79.25;137.25,266.75;139.5,97.25;17.75,269;71.5,224.25;229,18;313.75,254.75
42048;61,248.5;86.5,89.75;137.25,266.75;141.5,44.75;29.5,309;33.25,251.25;229,18;330,314.5
8607;48.5,234.5;86.5,89.75;136,228;179.5,46.75;11.25,318.5;34.25,248;195.75,40;330,314.5
9381;34.25,240;86.5,89.75;169.5,241.25;180.25,43.5;11.25,318.5;61.5,248.5;152.5,49.5;337.5,287
39722;9.5,265;86.5,89.75;170.75,223.5;173.75,60.5;11.25,318.5;56.5,240;132.5,73.5;354.25,296.25
50099;43.75,242.5;65.75,74.75;146.75,264.25;172.5,52.5;11.25,318.5;52.5,270.75;139.75,107.5;354.25,296.25
10422;38,205.75;66,76.5;106.75,239.25;220.5,32.75;11.25,318.5;52.5,270.75;151.75,81;362.75,267.75
35577;38,205.75;66,76.5;98.75,213;221.5,33;11.25,318.5;20.75,269;150,90.5;365.25,264.75
14169;34.5,171;53.5,67.5;107.75,212.5;247.25,2.75;11.25,318.5;20.5,265.25;155.25,51.75;365.25,264.75
30028;17.5,141.75;38.25,30.25;60.75,242.25;247.5,3.75;11.25,318.5;20.5,265.25;156.75,67;365.25,264.75
5824;36.25,112.25;38.25,30.25;55.5,235;247.5,3.75;5.75,279.5;54,234.5;188,29;365.25,264.75
26960;9,100.75;10.5,30.75;58,229;246.75,2.5;5.75,279.5;54.5,195.75;230.75,4.75;365.25,264.75
22121;9,100.75;24.5,63.25;103.75,257;294,24;5.75,279.5;92,242.75;227.75,55.25;325.5,279.75
3533;9,100.75;52,50.75;110.25,284.5;287.5,25.5;5.75,279.5;92.75,243.75;250,17;323.25,320
28608;23,127;64,8.75;119.25,274;250.25,35;5.75,279.5;92.75,243.75;216.75,40.5;323.25,320
6110;7.5,144.25;64,8.75;150.5,259.25;250.25,35;32.25,251.75;92.75,243.75;193.25,4.5;311,312
48075;32.5,189.75;48.25,53.25;167.5,279.25;250.75,35.25;32.25,251.75;113,217.25;191.75,41.5;311,312
1827;30.75,192.75;64.25,68.75;164.75,282.75;264.75,64.5;36.75,274.25;129.75,222.75;191.75,41.5;311,312
7112;30.75,192.75;44,45.75;164.75,282.75;312.5,71;36.75,274.25;104.25,235.75;210.75,46.25;327.5,314.5
10339;26.75,189.75;46.25,30.75;164.75,282.75;327.5,30.5;37.75,275.5;104.25,235.75;210.75,45.75;321.25,314.25
37545;3,174;17.5,62.75;169.75,286;343.75,22.5;37.75,251;104.25,235.75;224.5,85;321.25,314.25
920;3,174;17.75,64.5;174.5,306.75;359.5,37.25;23.75,229.5;122,196.5;218.25,62;321.25,314.25
16896;5.25,152.75;40.75,99.75;161.25,322;358.5,36.5;18.75,246.5;102.5,171;218.25,62;321.25,314.25
22629;5.25,152.75;62.75,74.25;201.75,295;312.25,56.5;23.25,292.5;65.5,149.75;253.75,83.5;321.25,314.25
30743;11,141.75;63.25,76.5;205.5,311.5;316,58.75;14.25,297.75;74,120.5;253.75,83.5;321.25,314.25
9701;9.25,142.25;90,84.25;208.75,260.75;333.5,34.5;14.25,297.75;100.25,136.25;253.75,83.5;321.25,314.25
35941;9.25,142.25;120.5,53.75;215,217.75;329.25,67;14.25,297.75;100.75,138;277.25,117.5;343,319.5
30246;9.25,142.25;120.75,54.25;249,219;301.75,53.5;14.25,297.75;109.75,126.25;262.25,79.5;344.75,322
47128;22.75,110.5;120.75,54.25;272.5,222.25;301.75,53.5;51,286.25;109.75,126.25;290.5,101.5;323,312.75
23843;62.5,122.25;120.75,54.25;269.25,249;297.75,14.25;88.5,304;109.75,126.25;267.5,98.5;323,312.75
3809;56.25,139;85.75,65.5;268.5,248.75;297.75,14.25;74.75,265.75;141.25,98.5;248,81.25;323,312.75
12715;56.25,139;98,59.25;231.5,237.5;330.75,41.25;108.5,293;143.25,98.5;266.75,95.5;323,312.75
40546;56.25,139;89.75,65;184.25,235.75;330.75,41.25;127.5,274.25;175.25,72;266,97.25;278.75,294.75
49635;29.75,145.75;89.75,65;157,265.75;330.75,41.25;157.25,249.25;162,90.5;265.5,97.25;278.75,294.75
40939;29.75,145.75;78,68;187.25,231.5;330.75,41.25;154,203.25;187.75,84.5;239.25,76;328.25,282.75
41277;34,147.25;111,60.25;187.25,231.5;330.75,41.25;154.25,204;207.75,93.25;220.75,122;323.5,289
32381;64.75,182.5;103.75,47.5;190.25,235.75;298.75,52.25;145.5,249;207.75,93.25;211.5,139.5;323.5,289
15614;16.75,190.25;90.5,93.5;224,261;289.75,73.25;140.25,222.75;207.75,93.25;230.5,115.25;323.5,289
24293;39,209.25;120.5,55.25;206.5,284.5;294,53.25;148.25,226.5;207.75,93.25;230.5,115.25;336.25,313.5
42985;85.25,207;120,54.75;223.25,278.75;294,53.25;148.25,226.5;207.75,93.25;255.5,133.75;336.25,261.75
37587;113.5,208.75;114.75,86.25;237.25,273.75;294,53.25;148.25,226.5;229.5,59.75;256.75,134;334.25,271.75
41897;113.5,208.75;115.75,86;261.5,298.25;335.25,30;150,224;229.5,59.75;239.5,174.5;333.75,272.25
27842;111.5,200.25;152.25,61.25;301.5,321;316.5,20.25;144,224.5;229.5,59.75;239.5,174.5;333.75,272.25
46452;111.5,199.25;187,38.25;281.75,319.25;292.25,35.5;113.75,224.5;229.5,59.75;239.5,174.5;312,309
29005;98.75,168.75;156.5,88.75;281.75,319.25;294.25,73.5;100,281.25;227.5,59;239.5,174.5;313.25,314.5
17352;99.75,164.25;143.5,126.25;281.75,319.25;294.25,73.5;82.75,305;217.25,98;242.75,179;285,286.75
19847;99.75,161.75;143.5,126.25;251.75,298.75;293.25,101.5;82.75,305;221,78.25;242.75,179;299,264.25
4499;115.5,149.25;143.5,126.25;251.75,298.75;338.25,79.5;127.25,276.25;203.25,41.25;242.75,179;321.5,219.5
13539;110,111;116.25,150.25;216.5,301.5;338.25,79.5;166,299.75;203.25,41.25;242.75,179;296.25,199.25
17311;77.5,146.25;114.75,169.75;210.5,310.75;319.5,115.25;166,299.75;177.25,31.75;242.75,179;312.25,196.5
40003;83.25,177;114.75,169.75;175.75,310.5;326,142.25;166,299.75;176,30.25;240.5,187.5;281.25,178.25
41676;78.5,161.75;114.75,169.75;175.75,310;278.25,148.5;166,299.75;168.75,79.75;213,210.25;234.25,184
6328;78.5,161.75;151.5,206.5;169,312;286.75,103.5;166,299.75;191.75,40.5;245.75,225.75;282.75,184.75
44707;103,137.5;151.75,207.5;201.5,285.25;285.5,73.5;166,299.75;191.75,40.5;270.5,247;300.75,203.5
13762;103,137.5;151.75,207.5;201.5,285.25;281.25,73.25;194.5,310.5;208.75,35.5;250.5,222.5;312.5,236.5
50002;94.25,174.75;152.5,207.75;188.5,269.75;281.25,73.25;196,310.5;208.75,35.5;262.25,258.25;310.5,233.5
29940;80.5,166.25;129.25,212.5;161.25,280.75;281.25,73.25;196,310;208.75,35.5;240.5,229.5;303.25,241
13814;80.5,166.25;129.25,212.5;180.25,260;269.5,30.5;196,310;213,6.25;266.75,241.25;292,277.75
36658;66.25,202.75;129.25,212.5;177,222.5;276.5,19;170,302.25;171.5,8.25;274,248;292,277.75
35797;16.5,223;116.5,185.25;159.75,260.75;267.25,19;133.25,264;171.5,8.25;274,248;332,288.75
45479;40.75,240;103.75,197.5;159.75,260.75;293.25,55;154.5,236.75;171.5,8.25;288.25,288.25;332,288.75
11586;40.75,240;74.75,182.5;154,301;265.5,19.5;129,198;133.25,21;288.25,288.5;332,288.75
5015;40.75,240;94,202;160.5,276.25;266,19.75;129,198;133.5,23;282.25,260.75;353,266.75
47318;40.75,240;108.75,165.75;160.5,276.25;266,19.75;112,194;173.75,34.5;282.25,260.75;360,266.75
50181;31,242.5;137.25,177.5;171.25,280;255,53.25;136.5,180.25;173.75,34.5;282.25,260.75;360,266.75
29651;54,215.75;137.25,177.5;200.75,287.75;237,67;173,187;173.75,34.5;285.5,261;337.25,309.5
17244;41,179.5;161.25,164;173.5,317.25;237.5,66;163.25,161;173.75,34.5;285.5,261;337.25,309.5
13807;41,179.5;158.25,156.75;173.5,317.25;225.5,22.5;187.75,177;225,50.75;285.5,261;311.75,311
17529;41,179.5;135.75,127.25;173.5,317.25;225.5,22.5;154.5,169.5;255.75,12.75;273.25,284.25;318,301.5
26143;41,179.5;135.75,127.25;173.5,317.25;235.75,48.75;125.75,157;240.5,29.25;285.25,282;346.5,269.25
34755;41,179.5;135.5,128.75;200,311.5;211.5,46.5;103.5,152.25;262.5,15.5;285.25,282;347,269
26529;80.75,165.5;135.5,128.75;147.75,299;214.25,16.75;81,168;262.5,15.5;282.5,281.25;313,249
28033;71.75,147.25;119.25,120.5;120.25,283.5;223.5,56.5;77.25,195.5;256.5,55.5;282.5,281.25;313,249
19284;71.75,147.25;118.5,73;120.25,283.5;260.25,19;120.5,194;250,71.75;320.5,314.25;346.25,277.75
14422;71.75,147.25;118.5,73;131.25,288;295,21.5;149.25,223;202.75,108.5;292,318.5;322,313
47759;112.25,123.75;118,73.75;130.5,287.5;295,21.5;166.25,189.5;202.75,108.5;252,309.75;341.5,290.5
9233;112.25,123.75;118,73.75;156,297.5;296.5,21.25;184.75,173.75;221.5,84.5;232.5,274.5;341.5,290.5
14078;112.25,123.75;118,73.25;156,297.5;294.25,53.75;152,222.75;185,99;185.75,287.5;294,310.5
36788;112.25,123.75;118,73.75;172,312.5;333.25,91.25;173.5,213.5;185,99;238.5,300.25;253.5,278
45250;112.25,123.75;117.5,88.75;171.75,313.25;357.25,118.75;136.75,199;199.5,85.5;238.5,300.25;265.75,263.5
670;112.25,123.75;118.25,88.75;163.75,307.75;330.75,143;102.5,183.5;194,97.25;238.5,300.25;277.25,286.25
34928;74,84;112.25,123.75;188.5,316.25;369,189.25;99.25,185.25;194,97.25;194.25,322.75;290,288.25
12813;56.25,98.25;79,135;161.5,305;369,189.25;99.25,185.25;190.25,92.5;226.5,300.25;281,286.75
33587;48.25,112.75;57,171.25;156.25,259.25;369,189.25;123,163.75;190.25,93;226.5,300.25;255,287.75
43212;26.75,116.75;57,171.25;140.5,241.25;369,189.25;139,192;165.5,105.5;188.5,251;239.25,267.5
43068;26.75,116.75;57,171.25;125.5,239.75;369,189.25;122.25,234.5;160.5,89.75;179.5,197;219,314.25
13751;45.5,109;57,171.25;101.5,207.5;365.5,191;89,284.25;117,126.75;179.5,197;218,313.25
31583;45.75,107.75;91.5,158.25;101.5,207.5;365.5,191;72.5,289.25;151.75,116.75;193.75,173;235.25,283.75
47345;3.5,103.75;133.75,160.25;136.5,227;365.5,191;30,309;151.25,116.25;193.75,173;235.25,283.75
34557;34.25,122.75;112.25,122.25;125.5,254;364.5,209.5;36.25,274.25;151.5,115.25;193.75,173;235.25,283.75
24360;65.75,87.5;115.5,140.5;155.5,216.75;364.5,209.5;27.75,241;151.5,115.25;172.25,163;235.25,283.75
27328;65.75,87.5;144,126.25;155.5,216.75;322.5,191.5;2.25,280;151.25,115.75;197.25,176.75;257.5,315.5
27381;84.25,85.5;144,126.25;165.25,216.25;293.25,185;1.5,279.75;166,161.25;175.25,164;257.5,315.5
45396;84.25,85.5;133.75,157.25;210.5,198.5;294,185.25;1.5,279.75;131.75,153;183.5,198;272.5,286.25
18089;55.25,76.25;99.25,189.5;247.75,170.75;289.5,153.75;1.5,279.75;160.5,155;183.5,198;295,278
18279;55,76.5;90.5,188;247.75,170.75;302.5,113;24.25,300.25;148.75,188.5;185.75,175.25;295,278
9796;55,76.5;114,167.25;287,188.5;312.25,80.25;24.25,300.25;139.25,198;185.75,175.25;270.75,248.5
49977;55,76.5;153,169.75;249,195.25;289.25,113.5;24.25,300.25;142.25,197.25;187,173.25;272.5,248.75
30101;6.25,76.25;124.75,200.25;262.5,153.75;289.25,113.5;24.25,300.25;122,195.75;188,175.5;234,267
37350;17.75,33.75;133,240.5;262.75,169.75;268.75,72.5;24.25,300.25;122,195.75;201.25,178;235.5,267.75
42940;17.75,33.75;104.5,230;269,148.5;295.5,57;3.5,299.25;122,195.75;202,181.5;210,260.5
27019;14.25,25.25;104,230.25;263,134.75;295.5,57;3.5,299.25;138.75,156.25;167.5,163;186.75,248.5
43914;14.25,25.25;104,230.25;270.25,167;295.5,57;22.75,284.25;162.25,166;178,214.25;204.75,209.5
38571;14.25,25.25;104,230.25;270.25,167;322.5,53.75;45,320;151.25,163.25;184.75,197;185.5,181.5
13111;14.25,25.25;48,228.5;270.25,167;293.25,8.5;45,320;156,145.5;201.25,162.75;202.25,224
19676;30.25,31.25;48,228.5;271.75,164.5;293.25,8.5;10.25,310.75;191.5,107;201.75,163.25;202.5,222.5
9971;30.5,33.75;76,177.75;271.75,164.5;273.5,63.5;10.25,310.75;156,66.75;164.5,199.75;241.5,239.25
50024;30.5,33.75;53,145;271.75,164.5;286.5,54.5;46.5,311.75;132.25,72.5;195.5,178;235.75,254.75
35818;32.25,43.75;34,123.25;258.75,134.75;296,102.75;85.25,320.75;132.25,72.5;195.5,178;235.75,254.25
47208;7,8.25;26.75,168.25;227,126.5;296,102.75;85.25,320.75;159.75,74.25;195.5,178;196.75,259
6135;7,8.25;8.5,191;179.75,111.25;282.5,57;105,276;160.75,80.75;195.5,178;219.25,248.5
49913;31.75,36.25;48.75,177.5;156.25,108.5;282.5,57;105,276;152,81.75;219.5,203.5;223.5,252.25
12021;4,6.75;15,178.25;156.25,108.5;268.75,19.25;105,276;141.5,79.25;223.5,252.25;239,232
32171;6.75,52;15,178.25;149,109.25;219.5,8.25;138.25,270;141.5,79.25;173,233;200.75,276
22755;6.5,53.5;8.5,145.75;171.5,85.5;220.25,9.5;138.25,270;148,83.5;169.75,222.75;200.75,276
14736;6.5,53.5;47,137.25;130.25,89.75;226,34.75;139.75,268.25;148,83.5;171.5,215;200.75,276
16339;5.25,52.75;47,137.25;85.25,66.5;221.75,39.25;105.5,235.25;148,83.5;181,163.5;224,273.5
11990;5.25,52.75;47,137.25;53.75,74.25;182,42;70.75,212;143.75,91.25;186,155.5;224,273.5
31934;5.25,52.75;47,137.25;53.75,74.25;192.75,58.75;87,169.5;142,91.75;179.25,163.5;211.5,276.5
20013;3.25,26.75;4,111;53.75,74.25;193.25,60.25;94.5,188.75;131.25,107.5;188,173.75;211.5,276.5
47521;5.75,6.25;12,143.25;21.75,100;193.25,60.25;81,236.5;99,107.5;188,173.75;210.75,277.25
47081;6.25,46.5;12,143.25;37.75,57.25;193.25,60.25;64,269.75;110.25,124.5;149.25,177.5;210.75,277.25
10889;5.75,48;12,143.25;59.25,56;230.5,68.25;64,269.75;78,118.25;125.25,158;163.25,285.5
16191;5.75,48;36.5,137.5;83,27.5;230.5,68.25;64,269.75;113.75,113.25;129.75,132.75;183,290.25
40670;5.75,48;36.5,137.5;83.5,27.25;262,53.25;88.75,258.5;99,152.25;99,152.75;145.25,299.75
8971;5.75,48;36.5,137.5;108,68.75;311.25,55.75;35,273.5;94,100.75;119.25,204.75;145.25,299.75
1340;27.5,68;80,141.75;86.25,99.5;292.25,37.25;15.25,311;94,100.75;119.25,204.75;167.5,314
35411;34.75,71.75;55.25,97.25;80,141.75;270.75,35;15.25,311;82.5,57;138,169.5;166.5,314.75
50481;28.5,95.75;55.25,97.25;116.75,178.75;314,15.5;15.25,311;36,24;101.75,202;166,314.75
6995;28.5,95.75;45.5,91;142.25,183.25;330.5,50.5;39.5,292.5;44.5,7.5;101.75,202;166,314.75
45941;9.25,141.25;21.75,62.75;142.25,183.25;357.75,13.25;38,307.75;44.5,7.5;101.75,202;141.75,302.25
35843;1.75,180.25;54,33.25;141.25,186.5;357.75,13.25;21.75,265.75;83.75,13;101.75,202;140.25,268.25
21364;1.75,180.25;25.75,80.25;154.75,215.25;357.75,13.25;21.25,266;102.5,57;111.75,150.25;187,249.5
34504;1.75,180.25;2.75,81.5;134.25,213;367,55;20.5,265.25;118.75,39.5;120.75,163;187,249.5
27958;1.75,180.25;4,67.75;123.25,184.5;367,55;54.75,224.25;112,69.25;123,161.25;189.25,276.75
19901;1.75,180.25;3.5,68.25;158.75,147.5;354.25,30.5;38.5,221;112,69.25;120.5,163.75;225,247.5
28941;1.75,180.25;3.5,68.25;154.25,204.5;354.25,30.5;60,207.5;76.75,21;133.5,214.5;181.75,288.5
1473;0.5,216.25;3.5,68.25;200.25,175.25;329.5,61;71,253.75;76.75,21;112.5,244.75;181.75,288.5
45833;0.5,216.25;10.5,104.75;180.25,206.75;330.25,61.25;74.75,224.5;76.75,21;112.5,244.75;224.75,247.5
15332;0.5,216.25;28.5,71;168.25,219.25;330.25,61.25;34.25,206.75;76.75,21;101.5,235.25;229,256.5
8727;0.5,216.25;21.75,75.25;124.75,181.5;352.25,98.25;34.25,206.75;81.25,45.25;114.75,274.5;255.25,291
28339;18.5,177.25;22.5,75.5;124.75,181.5;329,92.75;32.25,217;81,44.25;114.75,274.5;263,320.75
20410;18.5,177.25;53.25,56.25;99.5,226.75;331,62.5;69.75,184;81,44.25;114.75,274.5;227.5,311.25
30680;3.25,147.5;53.25,56.25;99.5,226.75;331,62.5;20.5,192.75;51.75,84.75;121,229.5;224.5,272.25
13352;16.25,144.75;56,34.75;99.5,225.75;326.75,19.75;36,233;61.75,50.5;121,229.5;224.5,272.25
29845;37,129.25;66.5,75.75;99.5,225.75;362.25,35.75;36,233;36.75,36.25;123.5,230.5;224.5,272.25
42208;66.5,75.75;80.75,119.5;99.5,225.75;362.25,35.75;36,233;51.25,75.75;122.25,274.75;223.5,247.75
29946;28.75,67.75;65.5,74.25;99.5,225.75;362,35.25;36,233;51.25,75.75;126.25,276.5;228.25,202.5
6497;3.25,91;50.75,57.75;99.5,225.75;357.75,15.25;36,233;96.25,66.5;126.25,276.5;256,168.75
15286;2.75,46.25;58,68.75;117.75,208.75;357.5,21;36,233;114.5,78.5;148.75,273;256,168.75
8386;8.75,23.25;58,68.75;117.75,208.75;357.5,21;69,209;114,96.75;138.75,235.25;248.5,163.75
2620;40.25,33.25;57.75,69.25;117.75,208.75;314,21.25;58.75,249;130.75,106;186,226.75;248.5,163.75
11069;9,41.75;34.75,57.75;117.75,208.75;330.25,25.75;58.75,249;164.25,96;186.25,224.25;274.25,206.75
49888;9,41.75;56.25,5.75;73.5,176.25;330.25,25.75;58.75,249;129,94.25;193.75,174;283.75,225
38975;2.25,62.25;56.25,5.75;73.5,176.25;330.25,25.75;92.25,225.5;141.5,91.75;186.25,175.25;293.5,266.5
48182;4,102.75;63.75,27.25;93.75,177;330.25,25.75;92.25,225.5;141.5,91.75;190,165.75;299.25,304.75
24969;23,80;63.75,27.25;93.75,177;330.25,25.75;51,248.5;119.75,107;231.5,132.25;330,314.25
40990;0.25,85;63.25,26.75;113,160.75;297.75,3;51,248.5;119.75,107;269.5,137.5;301.5,305
33271;11.5,106.25;63.25,26.75;144.75,184;249.5,12.75;51,248.5;161,116.5;269.5,137.5;326.5,288.5
22251;11.5,106.25;63.25,26.75;186.75,200.75;249.5,12.75;71.25,259;172.5,140.5;299.25,123.25;313.75,309.5
41155;11.5,106.25;61,76.25;163.5,224.5;212,45.75;71.25,259;172.75,141.75;290.25,84;319.25,301
15731;10.5,106.25;14.5,85.75;157.5,195.5;247.25,82.75;71.25,259;172.75,141.75;306,92.25;319.25,301
32568;1,108.75;6,110;157.5,195.5;247.25,82.75;104.75,230.75;189.25,181;331.75,76.75;332,313.75
13953;1.5,102.75;6,110;176,191.75;239.5,113;148.75,269.75;215.75,156;272,91.25;332,313.75
46701;1.5,102.75;38.5,96.75;176,191.75;219,157;140,245.25;210.75,154.25;259,75.5;332,313.75
50103;7,108.5;52.25,74.5;199,179;219,157;139.5,245.5;210.5,153.75;257,77.5;332,313.75
20721;7,108.5;71,87.5;244,219;244.5,175.25;103,268.5;212.75,120.5;257,77.5;323.5,309.5
15487;16,143.25;81.5,63;243.25,174.5;244,219;50,275;173,107;203.75,72;323.5,309.5
37606;16,143.25;67.5,74.25;235.5,129.5;240.25,257.25;49.75,276.5;194.75,96;206.25,105.25;323.5,309.5
1647;34,163.75;72.25,32.25;221.25,131.75;236.75,277;68.5,289.75;194.75,96;206.25,105.25;345.25,278.25
38036;3.25,173.25;72.75,32.5;227.25,126.5;236.75,277;103,310.25;193.5,97.5;206.25,105.25;353,267.75
26769;3.25,173.25;77.75,35.25;250,102;269.75,287.25;105.75,309.75;193.5,97.5;221.75,65.75;345.25,268.25
9297;6,176;61.25,6;198,84.25;276,238.25;105.75,309.75;193.5,97.5;232.75,67.5;345.25,268.25
48153;6,176;91.5,26.25;229.5,32.5;315.25,229;105.75,309.75;212.5,125.5;232.75,67.5;354,296.25
40307;6,176;142,33.75;269,5.5;291,213;142.75,300.5;209.75,173.5;231.5,68;354,296.25
29925;6,176;169,50.5;269,19.5;278.25,200;142.75,300.5;209.75,181.25;239.5,77;318.5,312.25
40587;6,176;174.5,33;234.25,56;281.5,231.5;109,275;209.75,181.25;233,80.75;312.75,311.5
27414;6,176;174.5,33;247.25,33.25;280.75,236;70.25,260;188.75,174.5;227.25,124;312,315.75
47005;6,176;174.5,33;247.25,33.25;305.75,242.25;72,306.75;171,165.25;182.25,106.5;312,315.75
2640;2.25,200.5;221.5,34.5;266,2.75;363.25,241.25;72,306.75;171,165.25;239,114.5;304.75,291.25
26975;42.5,181.25;190,38;266,2.75;347.25,215.5;36.25,306.25;175,164.5;242.5,77.5;304.75,291.25
12356;25,178;172,18;312.5,13.5;349,228.25;29,310.5;175,164.5;242.5,77.5;304.75,291.25
13495;42,122.5;172,18;318,54.5;340,178.5;84.5,305.25;171,165.5;242.5,77.5;255.5,291
42489;64,126;142.5,35;318.25,55.5;359,165.5;36.75,309.75;171,165.5;243.25,77.75;255.5,291
2334;75.5,134.5;142.5,35;318.25,55.5;353.75,180.5;13,308.5;202.75,177.5;221,85.5;237.5,316.5
37741;67.25,89;141,35.25;287.25,54;356.5,130;13,308.5;151,148.75;191,108;237.5,316.5
15700;52,66;156.5,7.75;287.25,54;356.5,130;13,304;184.75,134.5;224.25,116.25;229.5,302
38535;51,76.25;165.5,33;255.5,53.25;353,88.75;13,304;184.75,134.5;212.75,72.25;266.25,259.75
50276;51,76.25;175.25,17.25;277,17.25;357.5,95.75;13,304;184.75,134.5;237.5,110.75;247.5,247.25
43809;51,76.25;171.5,16;278.25,23.25;357.5,95.75;13,304;164.25,117.25;226,133.5;255.5,216.5
36202;77.75,113.5;144.5,33.5;284.25,38.25;329.75,56.75;13,304;164.25,117.25;226,133.5;266.75,170.75
19708;109.75,127.5;144.5,33.5;284.25,38.25;330.75,57.25;48.75,291;187,99.75;217.25,161;255.25,175
42281;109.75,127.5;141,34.25;284.25,38.25;326.5,89.75;52,290.25;163.25,90.25;224.25,117;301.5,186.5
14713;108.5,110.5;141,34.25;318.75,18.25;326.5,89.75;22.25,311.5;166.5,91.25;243.75,86.75;301.5,186.5
13853;97,159.75;97.25,11.5;279.5,32;319.5,113.75;22.25,311.5;146.25,92.25;243.75,86.75;269,172.75
6526;62.5,171.75;96.25,10.25;266,0.5;305.75,158;22.25,311.5;148.75,79.25;243.75,86.75;316.25,195.75
31603;62.5,171.75;96.25,10.25;266,0.5;356.5,164.25;47,308.75;186.5,99.5;261.5,82;275.75,217.5
21585;62.5,171.75;97,10.25;285,25.5;363.5,185;47,308.75;226.5,106.25;263,78.75;267,231.75
6003;61,179;129.25,23.75;296,36;363.5,185;47,308.75;247.75,128.25;286.75,123.5;310.5,210.75
28293;51,193.75;129.25,23.75;331.5,7.25;363.5,185;75.75,278.25;221.25,135;285.75,123.5;292.25,178.25
11732;51,193.75;128.75,26;325,31;363.5,185;82.75,231.5;189,161;248.75,120.75;283.5,196
21646;72,175.25;128.75,26;325,31;363.5,185;88,220.75;186.25,176.5;260.75,163.75;297.75,220
36689;68.5,172.5;119.5,55.75;274.25,24;349.25,228.25;59.25,203.25;178.75,146.5;260.75,163.75;297.75,220
29441;103,161.5;147.75,75.75;274.25,24;368,208.75;23.25,213.75;179.25,146;260.75,163.75;303.25,243
25646;118.75,143;158.75,83.25;259,11;355,242.5;23.25,213.75;179.25,146;232,159.5;303.25,243
1488;65.75,153.75;169,134.5;259,11;359,215.75;23.5,229;179.25,146;257.25,162;303.25,243
38265;24,154.25;169,134.5;289.25,44.75;324.25,225.75;15.25,220;192.5,174.75;220.5,187.25;303.25,243
29856;11,163;168,161.25;270.75,0.75;323.75,225.25;9.25,202.75;192.5,174.75;220.5,187.25;280.75,201.5
7920;11,163;133.25,202;297.75,8.5;358.5,231.25;19.75,244.75;185.75,132.5;235.25,191;280.75,201.5
42282;11,163;160.5,224.25;255.75,39.25;338,225;7.25,229;185.75,132.5;220.5,166.75;279.75,203.75
1297;11,163;160.5,224.25;256,38.75;318,232.75;20.5,186.5;159.75,92;220,162.5;302.5,194.5
43440;1,170.5;116.25,205.75;219,70.25;332.5,256.5;13.25,136.75;159.75,92;219.25,162.75;302.5,194.5
32166;1.75,183.75;100.25,250.5;179.5,61.5;355,255.25;13.25,136.75;159.75,92;167,162.5;302.5,194.5
44399;58.25,176.5;87.5,273.5;179.5,61.5;303.75,264;32.75,146.5;159.75,92;167,162.5;249,173.75
15526;57,145;82,275;199.25,63.5;276.5,255.25;29.75,107.75;144,49.75;167,162.5;249,173.75
29702;57.25,145.5;82,275;156.75,84.75;290.5,210.5;55.25,138.25;144,49.75;187,175.5;250.25,132.75
15770;57.25,145.5;82,275;152.75,46;313.25,195;38.25,104.75;151.75,51.5;187,175.5;224.25,116.5
29598;38.5,127.5;67.5,248.75;115.25,23;357.5,214.25;38.25,104.75;148.25,45.5;194.75,178;224.25,116.5
24974;55.75,95.75;67.5,248.75;99.75,33.5;317.75,226.5;38.25,104.75;148.25,45.5;204.5,177.5;245.5,117.75
17540;4.5,95.75;58.75,234.75;117.75,42.25;344.25,231;38.25,104.75;166.5,14.75;204.5,177.5;245.5,117.75
20584;5,110;29.75,216.5;113.25,50.25;344.25,231;38.25,104.75;142.75,49.75;204.5,181.25;234.25,91
3206;28.5,80.75;60,229.5;109,105;340.25,217;38.25,104.75;142.75,49.75;204.5,181.25;234.75,92
25099;52.5,74.25;60,229.5;141,117.75;339.25,218;38.25,104.75;158,89.75;162.75,201.75;234.25,115.75
24852;10.25,57.75;60,229.5;140.5,118;327.5,254.5;71.25,118.25;134.25,106.25;187,196.5;234.25,115.75
38495;10.25,57.75;72,257;140.5,118;332,283.25;78.5,150.75;138.75,74.5;169.5,187.25;212.5,127.25
32943;5.75,18.75;30.5,264.5;124.75,122.25;332,284.25;108,153.75;138.75,74.5;205.25,177.25;212.5,127.25
25866;11.25,8.75;30.5,264.5;112.75,169.75;332,284.75;111,143.25;116.25,51.75;187.75,174.25;212.5,127.25
25480;11.25,8.75;45.75,264;75,161.75;332,284.75;76,134.25;97.75,79;187.75,174.25;228.5,127
37615;11.25,8.75;60.5,275.25;84.75,171.25;281.75,277;58.75,135;97.75,79;174.5,166;186.25,130.5
19521;53.5,33.25;58.5,275;91.75,188;304.75,243.75;69,129.5;146.75,91.25;174.5,166;186.25,130.5
23107;53.5,33.25;61,240.25;93.5,150;302,210.5;93.25,153.25;138.75,73.75;186.25,130.5;218.25,171.5
46597;7.5,6.75;61,240.25;93.5,150;302,210.5;78.5,125.25;90.75,77;159.5,103;268,180.5
6517;7.5,6.75;63.5,187;136.25,177.75;296.75,169.25;90.75,77;113.5,116.75;160.75,103;293.5,216.75
48484;7.5,6.75;66.25,170.75;136.25,177.75;296.75,169.25;68,41.5;113.5,114;150.5,109.75;256.25,246.25
48273;7.5,6.75;56.25,170.75;136.25,177.75;296.75,169.25;30,29;114,100.25;176,96;257.5,246
42931;7.5,6.75;27.5,181.25;136.25,177.75;296.75,169.25;27.25,70.5;131,91.75;171.5,70.75;257.5,246
33048;7.5,6.75;27.5,181.25;97.75,159.5;296.5,125;43.5,105.5;95.25,67.25;173.75,70.5;300.5,233.5
6385;7.5,6.75;56.75,208.75;124,200;308.25,142.75;46.25,109.5;95.25,67.25;146.25,48.5;311,199.25
46535;7.5,6.75;27.75,232;135.25,227;303,152.25;59,91.25;95.25,67.25;146.25,48.5;302.75,206.25
12221;7.5,6.75;7.75,219;125.5,272.5;303,152.25;60.75,40.5;101.75,109;148.25,46;318.5,161
24993;7.5,6.75;7.75,219;167.5,297.75;303,152.25;64.5,81;139.25,107;162.5,53;301,150.5
30094;7.5,6.75;52.5,182.25;216,291.25;267,134.25;18.25,91.75;139.25,107;187.5,24;352.5,169
45064;7.5,6.75;57,209.25;253,293.75;300.5,113.5;15,92.25;119,74.75;221.5,19;352.5,169
14689;7.5,6.75;33.75,188.5;236.25,258.5;307,136.75;15,92.25;143.75,51.5;221.5,19;340.25,150
15008;7.5,6.75;73,178;256.75,273.5;298,114.5;19,129.25;139,50.5;221.5,19;336,131
7037;7.5,6.75;73,178;271.5,248.25;312.75,147.5;61,108.5;137,50.5;221,14.5;339.75,173.5
8579;7.5,6.75;85.75,206;302.25,264;320.25,160.5;61,108.5;134,72.75;213.5,35.5;357.5,158.75
19821;7.5,6.75;98.25,255;299.5,264.5;331.75,113.5;69,56.5;115,72.25;248,32.25;357.5,158.75
41962;7.5,6.75;73.5,281;277.5,229.75;293.5,134.5;89.75,73.25;124.75,116;270,17.5;357.5,158.75
27794;7.5,6.75;83.75,312;267,228.5;279.5,103.5;75,100.75;124.5,114;289.75,25.5;357.5,158.75
12207;7.5,6.75;83.75,312;298.5,242.5;308.75,112;77.5,101;162.5,103.75;271.25,2.5;347,206
36988;7.5,6.75;101,314;281.75,245;301.75,114.25;77.5,102;182.5,102;264.25,50;347,206
18154;7.5,6.75;82.5,315.5;290.75,243.5;301.75,114.25;104.75,144.5;176.75,102.25;239.25,46;311,180.25
41877;9,53.5;125.25,294;290.75,243.5;332,136;104.25,144.75;214.75,108;216.25,20.5;311,180.25
5741;8.5,59.5;125.25,294;282.25,287;301.75,135.75;103.5,144;246.25,76;255,28.75;311,180.25
32584;5.25,33;149.75,286;290.5,319.5;301.25,136.75;103.5,152.75;246.25,76;255.25,28.25;311,180.25
27582;5.25,33;149.75,286;290.5,319.5;332,113.25;91.75,189;200.5,90.25;283,11.25;341.25,210.25
19095;5.25,33;149.75,286;283.75,320.5;311.25,95.25;82.75,216.25;221.5,94.5;245.5,47.5;302,187.25
12044;5.25,33;149.75,286;254.5,280;329.5,138;83.75,215.75;246.25,88.75;294.5,58.25;329.5,159
49212;5.25,33;149.75,286;272.5,263;293,132.75;83.75,215.75;203.5,96.75;310.25,30.25;333.75,124.25
9169;37,44.25;126.25,264.5;272.5,263;293,132.75;53.25,223.25;203.75,100.5;311.75,30.25;314.25,128.5
23074;37,44.25;126.25,264.5;301,302.5;316.25,123.5;17.75,227;157.75,117.25;311.75,30.25;314.75,181.25
7418;47.75,34.5;169.75,271.75;301,302.5;301.75,111.25;17.75,227;129,93.25;311.75,30.25;333,178.75
24325;47.75,34.5;169.25,273.75;286.25,321.75;298,112;19.5,193;129,93.25;255.75,27.75;332.5,179
18597;94.25,33.5;170.75,220.25;286.25,321.75;294.5,102.75;54,172.75;129,93.25;255.75,26.75;327.25,225.75
23009;51.75,57.25;144.75,196.5;286.5,319;294.5,102.75;74.75,204.5;129,93.25;283,60.25;327.5,223.75
10077;39.25,103.75;106.75,196.75;286.5,319;311.25,112.75;74.75,204.5;127.75,118;281.5,59.75;327.75,224.75
23406;36.25,131;106.75,196.75;291.75,319.75;316.25,68.75;74.75,204.5;160.5,89.5;281.5,59.75;300.5,186.75
49548;35.75,131.5;83.5,160;243.25,301.75;358.75,91.75;74.75,204.5;160.5,89.5;300.5,58.25;300.5,186.75
20509;35.75,131.5;48.25,172.25;214.25,260.25;358.75,91.75;68.25,221;203.75,96;300.5,58.25;319.25,178.75
25339;31.25,140;44.25,168.5;214.25,261.25;340,81.25;68.25,221;203.75,96;287.25,38;359.25,188.25
1716;26.5,121.25;44.25,168.5;196.25,286.75;300.5,55.75;73.75,248.25;203.75,96;331.25,21.25;349.5,169
4448;26.5,121.25;45,200.75;154.75,254.75;269.75,30;73.5,249.5;203.75,96;284,24.25;320.25,158.75
5546;26.5,121.25;52,229;155.75,255;269.75,30;72,249.5;234.25,94.75;268,53.75;350.5,176
14557;14.5,128.5;52,229;136.75,240.5;257.25,37.25;75.5,273.5;244.25,115.75;266.25,55.75;350.5,176
22942;36.25,103.25;52,229;133.5,246.75;256.75,36.75;46,290;204.25,99.5;261.5,15.75;350.5,176
32896;37.25,139;52,229;132,244.5;256.75,36.75;13,311.5;248.25,84.75;264,17.75;350.5,176
467;56.75,97.25;94,201.75;133,285;258.25,36;6.75,280;210,95.75;264,17.75;350.5,176
35865;78,111;114.5,204.75;133,285;252.5,45.25;52.25,273;185.75,97;264,17.75;313,162.75
18107;104,138.75;114.5,204.75;133,285;252.5,45.25;10.5,268.5;189.5,108;237.5,3;355,165.75
25029;103,136.5;139.25,184.25;172,260.25;288.75,24.75;10.5,268.5;189.5,108;220.75,50;352.5,167.75
10237;103,136.5;139.25,184.25;172,260.25;243.5,23;48.75,253.75;186.75,99;223,99.5;336.25,148.25
38444;81,139.75;139.75,186.5;172,260.25;220,50;48.75,253.75;180.25,96.5;260.25,102.75;348,154.5
33878;71,171.25;139.75,186.5;172,260.25;220,50;75,263.5;221.25,108.5;237.5,83.25;298.75,153.25
45602;49.75,191.25;115,166.25;152.75,280.25;221.25,49.5;77.25,279;221.25,108.5;237.5,83.25;298.75,153.25
49051;74,176.5;115,166.25;152.75,280.25;220.75,78;77.25,279;192,96;243.75,80.75;295.75,197.5
18040;98.5,202;132.75,174.5;157.5,304.75;219.75,78.5;84,234.5;190.25,92.5;243.75,80.75;295.75,197.5
50239;58,228;132.75,174.5;194.25,294.25;219.75,78.5;36.5,232.75;155.25,91.5;243.75,80.75;306,233
7182;58,228;117.25,200.25;197.5,287.5;214.25,34.75;15.75,212.25;119.5,72.75;243.75,80.75;275.5,252.75
10656;40.75,240;147.25,227.5;176.25,278.25;215.25,30.75;29.25,172.5;119.5,72.75;243.75,80.75;275.75,253.5
45559;40.75,240;156.5,225.75;176.25,278.25;240.75,30.25;19,159;78.5,79.75;243.75,80.75;275.75,253.5
1367;40.75,240;143.75,260.25;217,267;249.25,31.25;19,159;73.5,77.5;220.25,49.75;287.75,246.5
47308;4.25,215.5;143.75,260.25;217.5,260;226,68.25;29.5,198.25;73.5,77.5;221.25,52;322.25,267
33947;4.25,215.5;120.5,257.75;197,246.75;237,70.75;29.75,197.75;70,89.25;221.25,52;309.5,254
36458;41.75,226.5;83,222.75;197,246.75;237.5,71.25;31.5,228.5;70,89.25;221.25,52;324.25,243
30757;54,229.25;81.5,230;177.5,216.5;237.5,71.25;25,245;70,89.25;221.25,52;338.5,292
26222;48,238.75;63.25,247.5;144,224;245.25,42.5;25,245;31.75,88;221.25,52;338.5,292
23954;40,181.25;63.25,247.5;116.25,205.25;280.25,63;11,272.5;32.25,89.25;192,104;338.5,292
10681;27.5,194.75;75.25,247.75;116.25,205.25;312.25,96.75;11,272.5;32.25,89.25;154.25,92;352.75,307.25
16640;8,174;88.75,298.25;116.25,205.25;297.5,133;29.75,245;32.25,89.25;109.75,112.25;357.5,265.75
29163;8,174;67.75,243.25;132.75,169;294.75,188;31.25,253.75;57.5,107.5;109.75,112.25;355.5,260.5
10398;8,174;15,237.25;132.75,169;262.5,153.75;15.5,282.5;38.75,75.25;147.5,76;355.5,260.5
11507;13,175;33,243;158,198;262.5,153.75;15.5,282.5;47.25,78.75;99.25,51.25;354.5,259.5
35248;2.75,202;56,216.75;179.75,228.75;295.25,151;29.5,266;43,31;99.25,51.25;354.5,259.5
27905;2.75,202;67,256.5;145.5,265.75;307,138.25;31.75,215.5;83.75,45.75;116.25,78.25;354.5,259.5
23239;2.75,203.25;83,231.75;171.25,296.25;314,149.5;31.75,215.5;64.25,10.25;116.25,78.25;354.5,259.5
27338;5.5,158.75;67.75,187.5;170.25,295.75;271.25,151.75;58,248;64.25,10.25;141.75,91;354.5,259.5
3449;1.5,141;67.75,187.5;170.25,295.75;278,164.75;24.25,206.75;114.25,11;141.75,65.75;354.5,259.5
27982;19,153.25;52,228.75;146,263.5;278,164.75;40.25,197;114.75,10.75;141.75,65.75;313,242.75
11995;44.25,182;52,228.75;136.5,227.25;252.5,157.75;40.25,197;115.25,10.75;170.25,88;275.25,206.25
34758;44.25,182;52,228.75;136.5,227.25;250.75,159.75;55.75,221.75;104,35.5;201.25,119.75;261.5,240.25
49881;44.25,182;52,228.75;147.25,195.25;270.25,138.25;24.5,206.25;65.75,9.25;221.25,108.5;261,241.5
49295;20.75,170.75;26.5,241;158.25,158;260.5,178;24.5,206.25;65.75,9.25;234.75,155.5;261,241.5
49458;20.75,170.75;29,295.25;208,174.75;261.75,154;24.5,206.25;61.5,12.75;213.25,161.75;280.25,287.25
24496;16,175;54.75,279;208,174.75;297.5,159;32.75,231.75;62.25,12.75;166,161.5;280.25,287.25
4867;16,175;36.25,242.5;244.75,180.5;308,133.75;24.5,251.5;62.25,12.75;138.75,194.75;280.25,287.25
46413;16,175;62.25,265.25;209.5,186;308,133.75;39.25,301.25;62.25,12.75;138,192;307,305.75
7013;16,175;50,279.5;209.75,200;272.75,169.25;20,310.5;62.25,12.75;138,192;314.75,311.25
33457;1.25,227.25;50,279.5;212,204.5;303.25,167;20.25,310;78,50;91,189.5;314.75,311.25
2637;23,241.5;36,319.25;248,194.25;303.25,167;4.5,308.25;72.75,20.75;76,209;314.75,311.25
33303;28,241.5;69.25,305.5;206.75,196;277.75,167.25;45.25,307.25;72.75,20.75;76,190.5;314.75,311.25
4185;65.25,256.75;87.5,271.75;206.5,186;245.75,168.5;45.25,307.25;72.75,21.75;76,190.5;323,287.25
36949;45,284;102.25,284.5;195,174.5;263,181;45.25,307.25;72.75,21.75;99.5,228.25;323,300
24214;69.25,294.5;102.5,284;195,174.5;242,217.25;46,311.25;72.75,21.75;116.25,273.25;320.25,314.25
18;69.25,294.5;101.75,284.75;215.5,230.75;236,199.75;17.5,272.5;85.5,16.5;160.25,277.75;320.25,314.25
49312;96,299.25;133,291;177.25,239.25;236,199.75;17.5,272.5;85.5,16.5;151.75,298.75;288,301
46215;96,299.25;133,291;193,280;215.5,202.5;42.5,293.5;83.75,17;150.25,255;308.5,249
7892;102.25,284.5;133,291;193.25,311.75;194,221.5;42.5,293.5;81,21.25;186.25,288.75;358.25,242.25
8356;82,298;95.5,299.75;191.75,311.5;194,221.5;42.5,293.5;81,21.75;140.5,317.5;343,206
14052;82,298;94.75,296;146.5,305.5;154.25,227.25;42.5,293.5;98.25,39.75;143.5,319;311.25,197.5
37791;23,314.5;94.75,296;179.25,268;183.25,260.25;42.5,293.5;98.25,39.75;99.5,284.25;294,247.75
38377;25,267.75;57,273.25;143.25,238.25;144.25,264.25;33,284.75;98.25,39.75;99.5,284.25;255.5,247.75
35967;33.5,242.25;57,273.25;160.75,243.75;160.75,289;82.75,285.25;98.25,39.75;110.5,252.5;254.5,247
23692;42.25,226;57.25,272;160.75,243.75;205.5,311.25;36.25,310.25;46,41;110.5,252.5;277,287.25
22821;32.75,242.75;57.25,272;160.75,243.75;223.5,278;2,307.75;57.25,8;155.5,238.75;272,323.25
29480;50.5,280;72.75,299;121.5,213;215.25,230.5;2,307.75;57.25,8;155.75,239.25;295,278
8755;51.5,278.75;127.75,283.5;176,229;186.5,270.75;45,291.5;57.25,8;155.75,239.25;263.5,320.75
9516;50.25,278.5;127.75,283.5;176,229;226.75,252;56,248.5;77,15.5;209,255.25;220.25,283.75
44762;86.25,308.25;127.75,283.5;206.25,196;226.75,252;65,248.5;77,15.5;193.5,248;207.75,231.75
15699;86.25,308.25;97.75,252;200.25,175;238.75,224;65,248.5;81.5,20.5;225.75,215.5;231.25,284.25
17623;85.5,309.25;144,224.5;195,129.25;209.5,200.5;65,248.5;81.5,20.5;240,217.5;257.75,249.25
26155;105.75,283.75;144,224.5;195,129.25;209.5,200.5;78.75,220.25;90,31.5;219.25,248;274.25,213.25
17592;94.25,308.5;105,223.5;195.25,128.5;210,195.5;79.5,184.25;90,31.5;219.25,248;304.5,237.5
1864;99.75,282.25;104.5,223.75;146,129.75;210,195.5;61,189.75;136.5,49;188.75,277.75;304.5,237.5
15843;122,260.25;137.25,212.5;146,129.75;181,230;107.5,202.5;115.25,77.75;188.5,282;304.5,237.5
40757;122,260.25;138.25,212.5;146,129.75;181,230;140,248;141.5,92.75;244,293.5;303.75,197.25
24122;122,260.25;149,156.5;151.75,86.75;171.5,222.5;138.75,247.75;141.5,92.75;206,276.5;310,161
6423;69.25,243.25;174,189;175,60.25;203,221.5;125.75,246.75;141.5,92.75;206,276.5;310,161
22860;75.75,209.25;174,189;214.75,37.25;221.25,226.75;124.25,246.5;141.5,92.75;170.75,303.75;304.25,171.5
6223;75.75,209.25;149.25,201.25;187,78.25;226,275.5;125.25,275.75;128.75,44.75;170.75,303.75;300.5,174.75
19947;75.75,209.25;136.75,183;187,78.25;260.75,302;126.75,274.75;128.25,44;187.25,272.25;267,148
5083;60,235;129.5,202.25;187,78.25;263.75,273;126.75,274.75;129.25,43.5;193.5,249.5;309.75,163.5
1518;54.5,284;143.5,223.25;160.25,77.25;263.75,273;124.25,278;128.5,43;228,212;309.75,163.5
47053;54.5,284;141.25,182.75;160.25,77.25;238,276.5;110.75,291;129.25,43.5;267.25,192.5;318,138.75
26471;54.5,284;155.5,169.75;160.25,77.25;238,276.5;70.75,274.5;122.25,21;260.75,195.25;296.25,143.25
31733;53.75,282.5;153.75,158.25;176,48;234.75,253;27.5,293;122.25,21;260,197;296.25,143.25
27581;42,319.25;153.75,158.25;202.75,64.25;262,240.25;16.75,279;155.5,52.75;260.75,198;296.25,143.25
48904;42,319.25;129.25,121.75;203.25,99.25;252,218.75;16.75,279;142.5,92.75;260.75,198;318.5,123.5
41875;43.5,319;129.25,121.75;203.25,99.25;286.5,231.5;43.75,311.75;142.5,92.75;278.25,243.75;305,109.75
12318;44,318.75;152.5,144.75;229,135.75;313.75,262.75;43.75,311.75;120.5,71.75;278.25,243.75;322.75,107
47443;44.5,318.75;152.5,144.75;229,135.75;313.75,262.75;5.25,307.5;90.75,90.75;275.75,207.5;342.25,80.5
35893;25.5,277;116.25,159.25;230.5,136.5;310.75,216.25;5.25,307.5;98,136.5;296,197.25;342.25,80.5
36316;31.25,259.25;86,176.75;230.5,136.5;310.75,216.25;5.25,307.5;78.5,152.5;292.25,218.75;348,50.5
50304;11.5,240.5;130.25,200;230.5,136.5;326,211.25;56.5,309.75;78.5,152.5;260.25,202.5;348,50.5
17286;24.25,198;115.5,181.5;225,92.5;280.5,229.75;70.75,265.75;89.5,153.25;260.25,202.5;348,50.5
43004;1.75,173.25;119,181;233.75,87.25;280.5,229.75;87.75,220.25;89.5,153.25;260,203;348,50.5
23274;1.75,173.25;131.25,175.25;233.25,86.75;277.5,241.25;60,201.5;98.75,135.75;262.25,228.5;348,50.5
41311;1.75,173.25;164.25,152.75;204,72.5;279,237;53.75,223.25;104.75,137.75;231,222;348,50.5
10557;4.25,152.75;167,154.75;204,72.5;271.5,232;52.75,227.75;78.75,120.5;206.5,202.25;348,50.5
37218;31,127.75;123,150.5;204,72.5;271.5,232;93.75,222.25;106.75,129.75;179.5,164.5;345.25,78
16088;30.5,127.5;90.25,142.5;204,72.5;247.5,203.25;93.75,222.25;115.75,171;148,171.25;322.5,73.25
6677;30.5,127.5;73.25,118.25;190.5,48.25;244,172.75;58,209;115.75,171;148,171.25;289,50.5
7921;31.75,86;104.5,138;211.5,54.5;282,194.5;56,207;95.25,181;148,171.25;289,50.5
18617;31.75,86;87.25,177.75;213,54.5;262.25,171.25;51.25,190.25;77.25,144;136.5,180.25;289,50.5
23380;31.25,41;78.25,142;184.25,53.75;227,170.25;51.25,190.25;90,170.75;164,164.25;289,50.5
42574;32,59;125.25,140;140.75,77.25;227,170.25;55.25,198.75;90,170.75;209.5,175.75;289,50.5
15849;72.75,87.5;125.25,140;132.75,88.75;252.5,131.5;28.25,202.75;90,170.75;231.25,206;291.75,52.5
28086;61.25,57.5;110.25,127.5;132.75,88.75;280.25,164;4.75,171.5;133.25,188.5;231.25,206;290,100.5
28705;61.25,57.5;132.75,88.75;134,127;280.25,164;14,144.5;172.25,161.75;256.25,204.5;271,113.75
41056;52.25,75;132.75,88.75;134,127;280.25,164;3,154.75;204,161.5;257,175;271.5,104.25
17137;17.75,34;132.75,88.75;152.5,112.25;280.25,164;35,142;189,180.75;252.25,180.5;281.25,88.25
37724;11.75,5.25;132.75,88.75;179.25,109.75;280.25,164;35,143.75;168.25,225.75;249,173.75;281.75,118.5
44110;11.75,5.25;90.75,89.75;163.5,141;292.75,153.75;72.75,138.25;193,267.25;215,154;281.75,118.5
33486;11.75,5.25;90.75,132.75;138,101.25;296.25,167.75;72.75,138.25;177.5,305.25;211.5,201.25;247.25,92.25
34720;11.75,5.25;41.5,146.5;138,101.25;290.25,169.25;37.25,119.25;176,310;209.75,252.5;247.25,93.25
11338;11.75,5.25;19.25,141.75;155.25,109.5;272.25,167.25;57,89.5;169.25,300.75;209.75,252.5;294.5,103.25
12687;11.75,5.25;19.25,141.75;123.25,143;272.25,167.25;36.25,119.75;161.25,272.5;178.25,235.75;342,100.75
49014;11.75,5.25;19.25,141.75;141,155.75;272.25,167.25;19.5,102.5;132,314.75;147.75,243.5;353.75,62
28001;11.75,5.25;19.25,141.75;125.5,147.5;291.5,146.75;17.5,102.25;130,317.75;159.75,202;333.5,39.25
50504;11.75,5.25;17.75,146.25;125.5,147.5;291.5,146.75;17.5,102.25;161.5,298.5;167.5,160.75;312.5,24.25
11570;11.75,5.25;18.75,127.75;137.75,129;311,111.5;20.25,152.5;161.5,298.5;192.25,174.25;335.25,58.75
22868;11.75,5.25;19.25,128.5;137.75,129;276.5,70.75;42.75,145.75;159.75,303;174.5,161.5;305.25,17.75
13899;11.75,5.25;19.25,128.5;137.75,129;280.75,70.75;90.5,136.75;148.25,252.75;194.5,174.75;336.75,59.75
43235;11.75,5.25;64.25,146.5;137.75,129;280.75,70.75;81,127;168.75,224.75;172.75,198;312.75,51.25
48434;11.75,5.25;64.5,186;137.75,129;317.5,60.25;33,123.5;171.75,232.5;217.75,185.75;312.75,51.25
30547;11.75,5.25;50.5,214.25;169.5,135.5;350.5,17.75;24.5,128;135.75,255;217.75,185.75;311.25,52.5
28175;11.75,5.25;73,210.25;156.75,150.5;350.5,17.75;67,151.5;116.25,215;256,206.25;357,55.75
3816;7,42.25;104.25,204;138.5,158.25;350,17.25;67,151.5;116.25,215;254,238.75;363.25,82
46886;27.5,30.5;104.25,204;152.75,111.5;350,17.25;59.75,168.25;89,189.5;254,238.75;346.25,82.25
9834;28.75,28.25;151,206.25;185.25,119.75;311.75,25.5;59.75,168.25;59.75,215.25;280.75,244.25;346.25,82.25
5594;28.75,28.25;187.75,239.25;206.25,81.75;273.5,17.5;18.75,186.75;89.25,177;280.75,244.25;346.25,82.25
41192;15.75,43.25;160,227.5;205.75,79.5;273.5,17.5;16.75,187.5;84,168.25;247,219.5;346.25,82.25
12470;15.75,43.25;171.75,278.25;205.75,79.5;273.5,17.5;29,203.25;51.75,137.75;271.75,251.25;328,131
47717;44,32.75;147.25,265.5;226.75,35.75;273.5,17.5;17.25,214.25;88.75,152.25;263,288.25;328,131
23726;64,5;147.25,265.5;214.75,32.75;299,54.25;14.25,212.25;52,158.75;229.5,274.25;328,131
34466;64,5;147.25,265.5;222,62.25;272.75,71.25;4.75,230;50.5,159.25;255,294;314.25,101.5
19285;64,5;147.25,265.5;222,62.25;297.5,86.5;3.5,193;71.25,125.75;257.25,290.5;280,90
25944;64,5;129,291;267.25,64.5;291.5,135.5;4.5,192.5;58.5,112.5;257.25,290.5;302.25,113.5
8760;64,5;160,324;268.5,71.5;280.5,167.25;5,192.5;42.75,104.25;274,273.75;302.25,113.5
27146;73.25,27.5;160,324;277,59.5;280,171.5;12,172.25;42.75,104.25;273,312;339,78
29294;108.75,14.75;160,324;279.75,71.5;291.75,116;16.25,215.75;49.5,75.25;273,313;339,78
43596;108.25,14.75;160,324;284.5,86;297.25,92.75;16.25,215.75;55.5,28;326.5,313.5;339,78
42964;108.25,14.75;158.5,309.25;277.5,87.25;297.5,89.75;53.5,175.75;73.25,31.75;326.5,313.5;354.25,82
48319;108.25,14.75;179.75,318.25;278,55.5;309.5,77;53.5,175.75;91.75,64.25;353.25,302.75;354.25,82
39771;66.25,1.5;221.75,313.75;278,55.5;324,88.25;86.25,211;137.5,71.75;352.75,313.25;354.25,82
45655;66.25,1.5;221.75,313.75;264.5,13;324,88.25;114.5,198;116.25,119.5;352.75,313.25;353.75,55.5
48872;127.75,3.5;223.5,244.75;263.75,12.5;327.5,66.25;114.5,198;122.75,105.5;323.5,311;353.75,55.5
43399;166,23.25;221,184.5;263.75,12.5;348,83.5;97.5,189;98.25,66.5;323.5,311;353.75,55.5
41614;186.5,20.25;207,199.5;263.75,12.5;334.75,56.75;109.5,137.75;118.25,77;323.5,311;353.75,55.5
28232;193.25,18;207.75,167;295,21.5;329,8.25;91.25,160.5;125.25,76.75;323.5,311;353.75,55.5
10335;160,71.5;207.75,167;276.75,74;298.5,35.75;117.25,140.75;125.5,79.5;331.25,311;353.75,55.5
43392;160,71.5;168.5,188;270.5,105.75;275.25,59;117.75,137.75;125.5,79.5;293,316;353.75,55.5
48963;160,71.5;187,228.75;247,118.5;276.5,103.5;117.75,137.75;125.5,78.75;266.75,321.75;316.5,87
30779;196.5,38.25;225,242.25;247,118.5;293,127.75;116,113.25;118,73;266.75,321.75;317,85.75
28916;189,49.5;225,242.25;257,133.75;330.5,119.75;105.75,120.75;132.75,124.25;266.75,321.75;318,86
47592;189,49.5;225,242.25;299.25,138.25;335.5,154.75;86.75,131.5;132.75,124.25;289,316;324.75,60.75
29127;189,49.5;231.5,237;310.75,96.25;315.75,195;106.75,136.25;133.25,123.25;292.25,319;324.75,60.75
39691;153.75,53.5;245.5,216.5;270.25,103.25;339.75,228;89.25,97.25;133.25,123.25;292.25,319;324.75,60.75
26655;119,56.25;272.25,213.5;277.25,105;339.75,228;76.25,125;153.75,89.5;292.25,319;324.75,60.75
43489;120,57;251,245.5;317,119.75;318.75,208;63.25,166;153.75,89.5;292.25,319;350.5,79.5
1106;120.5,57.75;251,245.5;290.5,115.5;327.25,241;115.75,171;145.5,51;250,308.75;350.5,79.5
25641;94,59.75;218.5,247.75;260.75,110.25;350.5,229.5;115.75,171;145.5,51;256.5,315;348.25,77.5
39852;94,59.75;168.75,232;275.75,62;314.25,208.5;133,174;145.5,51;258,315.25;329.75,67.5
31088;94,59.75;184.75,235.75;275.75,62;297.75,235.25;92,152.25;145.75,90.75;257,292.75;283,58.75
42162;57.25,75.25;153.25,228.25;267,101.75;297.75,235.75;67,175.75;145.75,90.75;237.5,316.5;283,58.75
47816;57.25,75.25;153.25,228.25;269.25,122.25;287.75,232.5;65.25,165;145.75,90.75;197.5,320.25;298.25,87
38129;16.25,78;141.75,201.75;255,134.75;288.75,236.25;65.25,165;145.75,90.75;176.25,319.5;282.25,125.5
29669;15.5,79.25;135.25,200.25;255,134.75;275,255.25;65.25,165;151.75,65.75;192.75,319.75;312,160.5
46975;15.5,79.25;130.25,171.5;255,134.75;283.25,203.75;65.25,165;104,93.75;142,302.75;321.25,197.25
44341;15.5,79.25;130.25,171.5;270.5,101.75;276.5,250.25;65.25,165;114,115.25;143.75,270;316,222.25
7017;27,67;132.75,175.25;258,61.25;293.5,248.5;65.25,165;90.75,137.25;143.75,270;316.75,221
15353;27,67;117.75,206.75;258,55.25;294,248;65.25,165;121.25,105.75;172,239;320.5,195
46528;27,67;111.5,203.75;296,35.75;296.75,237;81.5,206.75;116.5,79;172,239;320.75,191.5
6764;20,62.75;111.5,203.75;258.75,36.5;315.75,243.75;74,223;116.5,79;132.5,229.5;320,192.25
46331;20.5,64.5;106.25,214.25;258.75,18.5;315.75,243.75;74,223;126.75,46;165.75,222.5;320.75,180.75
26879;58.25,74.25;89.5,230;219.5,16;285.25,232.5;63.75,247.5;126.75,46;165.75,222.5;320.75,180.75
12954;59.25,58.5;95,233.5;219.5,16;319.5,201.5;59.5,242.5;127.75,45.25;165.75,222.5;329.5,177.5
43987;59.25,58.5;59.5,237.75;221.25,56.5;341.5,224.5;100.75,231.75;127.75,45.25;165.75,222.5;293.5,170.5
40344;55.75,32;58,209.25;221.25,56.5;340.5,254.25;105.25,268.25;134,72.75;183.75,231.25;293.5,170.5
19016;52.25,31.25;58,209.25;187,37.75;363.5,260.5;104.25,269.5;123.75,116.5;197,255.5;293.5,170.5
44936;52.25,31.25;58,209.25;230.25,55.25;363.5,260.5;86.25,253.5;169,110.25;174.75,288;293.5,170.5
3294;33,37.5;34.25,193;229.5,55.25;363,294.5;86.25,253.5;163,91.25;174.75,288;332,149.25
8723;24,63.75;34.25,193;229.5,55.25;350.25,288.5;88.5,280.75;171.5,91.75;174.75,288;347.5,158.5
679;24,63.75;53.5,209.25;229.5,55.25;365.25,243.5;88.5,280.75;163.25,88.25;176.5,239;347,184.25
45800;23.25,64.5;38.25,223;214.25,29.5;351.5,217.75;88.5,280.75;163.25,88.25;183,288.25;347,184.25
44655;23.25,64.5;38.25,223;230.5,55;351.5,217.75;88.5,280.75;126.75,115;148.5,289.25;360.25,146.5
47510;23.25,64.5;38.25,223;230.5,55;344.5,225.5;120.5,273.5;126.75,115;154,301.5;336.5,171.5
7063;56.5,68.5;73,186;230.25,54.5;290.25,246.75;88,283.75;126.75,115;154,301.5;358.75,156
30137;71.25,17.25;92.25,142.5;229.5,55.25;255.5,276.75;62.75,295.75;126.75,115;143.25,301.5;358.75,156
43997;71.75,19.75;92.25,142.5;214.75,32.75;223.5,302.75;67,258.75;124.5,114;169.5,268.5;358.75,156
28299;16,31.25;117.5,168;214.25,13.5;214.5,302;17.5,262.25;124.5,114;169.5,268.5;358.75,156
36673;3.25,32;112.75,153.75;186,47.75;211,309.75;17.5,262.25;129.75,104.75;169.5,268.5;327,158.5
866;14.5,63.25;74.5,187;171.5,87.5;225.75,292;20.5,265.25;129.75,104.75;179,230.5;327,158.5
25360;12,49;53.5,172.25;170.25,44.25;221.75,291.25;20.5,265.25;171.25,88.75;179,230.5;327,158.5
2353;11.25,48.25;26,201;161.75,5;183.75,259;32.25,253.25;171.25,88.75;187.25,221;327,158.5
48828;11.25,49.25;58.25,178;161.75,5;230.5,244.75;32.25,253.25;171.25,88.75;179,236.75;281.25,185.5
26445;46.75,46.25;75.5,188;160.25,1.5;225.75,206.25;32.25,253.25;160.75,74.25;179,236.75;266.5,174.25
50433;57,74.75;77,221.25;132,3.25;222.75,201;62.25,247;160.75,74.25;179,236.75;241.5,185.5
5147;56.75,70.75;77,221.25;116.25,8;226.5,230.5;60.5,224.5;145.25,30;179,236.75;231.25,209.25
10991;56.75,70.75;95.75,175.75;127,24.5;272.5,256.75;68.5,268.75;145.25,30;206.5,207.25;281,233.25
31798;56.75,71.25;87.5,165.25;127,24.5;259.5,229;41.5,295;121.25,17.5;177.5,214.5;281,233.25
48077;56.75,70.75;87.5,178;157.75,30.5;259.5,229;43.25,307.25;142.75,29;177.5,214.5;281,233.25
19667;56.75,71.25;84.25,213.75;119.75,4.25;302.25,209;78,306.25;142.75,29;189,165;281,233.25
35104;56.75,71.25;61,237.75;142.75,1.75;341.75,224;119.75,308.5;142.75,29;213.75,142.75;281,233.25
7032;49.5,45.75;71,255;142.75,1.75;343,239;119.75,308.5;171.5,29;217.5,152.25;239.75,258.25
13604;70.25,58.5;71,255;142,2;338.25,197;111,318;171.5,29;217,152.5;235.75,268.25
47192;43,46.25;89.5,282.75;110,32.75;338.25,197;111,318;172.5,30.25;216.5,153.5;282.25,295
22848;43,46.25;133,291;146.5,34;335.5,217.75;131.25,282.25;172.5,30.25;216.5,153.5;251.25,293
48206;43,46.25;133,291;146.5,34;330.5,251.75;157.75,318.5;171,48.75;225.25,188.75;284,283
23860;30.25,17.75;133,291;145.5,76.75;354.5,241;146.75,299.5;163.75,82.75;225.25,188.75;281.75,281.25
49147;42.5,44.75;130.5,287.5;148.25,116.75;352.25,289.5;146.75,299.5;181.75,57;225.25,188.75;288,287.75
30100;51.75,56.25;130.5,287.5;150.5,139.75;349.75,274.75;123,323.25;181,57;225.25,188.75;288,287.75
20758;52.25,98.75;130.5,287.5;150.5,139.75;341.75,298.75;123,323.25;149.75,90.25;217.75,142.5;276.75,305
49653;46.75,66.25;103.5,248.5;150.5,139.75;298.75,303.25;116.5,293;149.75,90.25;217.75,142.5;244.5,317
29740;42.25,45.25;137.25,223;150.5,139.75;282.25,301;84,302.5;167.25,92.75;217.75,142.5;238,320
23479;45.25,50.25;151.25,264.25;164,109.75;291.5,303;84,302.5;167.25,92.75;211,172.75;269.5,273.5
34545;66,38.75;140.5,227.5;156.5,156.75;289.5,303.25;84,302.5;121.75,104.25;211,172.75;252.5,228.25
24919;79.75,86;150,204.5;162.5,126.25;289.5,303.25;84,302.5;121.75,104.25;219.75,173;300.5,233.5
25655;113.75,67.5;150,204.5;154.25,87;289.5,303.25;83.25,273.75;139.25,107;219.75,173;340.25,212.75
48805;113.75,67;122.25,242.5;154.25,87;289.5,303.25;127.25,252.75;139.25,107;187,173;304.25,226
36686;83,23.25;106.25,214.25;131.5,31.25;263.75,292;127.25,252.75;141.75,92;187,173;322.25,192.25
12395;79.5,71;93.75,168.75;131.5,31.25;304,308.5;141.5,242;163,88.25;210.75,202.25;322.25,192.25
37655;79.5,71;93.5,140.25;134.75,22;307.75,317.75;113.5,241.25;184.5,106;210.75,202.25;321.5,192.25
18086;42.75,64.25;93.5,140.25;141.5,21.25;301.5,320.5;79.25,212;184.5,106;211.25,201.25;356,172
38033;53.25,55.5;66,111.25;124.25,12.75;301.5,320.5;82,208;184.5,106;246.75,233.75;355.5,164
4684;53.25,55.5;66,111.25;132.5,21;301.5,320.5;98.5,267.75;138.75,71.25;232.25,251.75;311,198
25816;54.75,68.5;66.75,110.25;132.5,21;282.5,283.5;71,253.75;138.75,71.25;242.5,292.5;300.25,222
4998;54.75,68.5;66.75,110.25;132.5,21;330,274.75;30.75,276.25;93.75,49.75;199.25,267.25;310.5,233.5
29841;53.25,68.25;76.25,130.25;132.25,26;324.75,266.75;31,321;93.75,49.75;199.25,267.25;354,232.25
11845;53.25,68.25;93.5,142.75;132.25,26;324.75,266.75;40.5,283.5;48.5,56.25;223.75,257.75;337.25,279
45455;88.5,93.5;93.5,142.75;132.25,26;324.5,267.25;63,258.25;66.25,11.75;223.75,257.75;314,309
75;84,58.75;93.5,142.75;177.5,50.5;334.5,271.25;33.25,300.75;62.25,12.75;202.25,209.25;314,309
42292;92,58.25;93.5,142.75;179,85.25;365.5,251;16,303.25;74.25,24.75;202.5,211.5;314,309
15474;126.5,59.5;135.25,156.25;226.5,76.75;353.5,307.5;53,321.5;74.25,24.75;206,174.25;314,309
12168;93.5,85.25;135.25,156.25;263.25,67;338.5,258.75;51.5,321.75;94,24;172.75,138.75;314,309
12793;93.5,85.25;136,187.75;249,116;340.75,229.25;51,321.75;89,35.5;165,164.5;314,309
36206;93.5,85.25;132.25,168.25;212.25,135.75;367,192.75;2,306.75;110.5,10.5;165.5,162.25;314,309
44064;93.5,85.25;132.25,168.25;210.75,131.75;331,199.75;13.25,280;93.75,21;165.5,162.25;334.5,319.5
42065;93.25,79.75;121.75,202;257,133.75;349.5,240.75;13.25,280;93.75,21;206.5,129;360.25,276
13399;66.25,70;121.75,202;291.5,115;317.5,201;13.25,280;100.25,20.25;174.75,103.25;356.25,313
18013;66.25,70;87.5,175;283.75,101.75;334.25,225;13.25,280;100.25,20.25;213.5,95.75;327.5,280.75
8381;37.5,59;85.75,214.5;241.75,94;334.25,225;13.25,280;99.75,20.25;189.5,92.75;355.5,266.25
22236;12.75,34.5;103.25,237;215,56.75;291.5,213.5;13.25,280;97,46.75;169.25,88.75;355.5,266.25
43027;54.25,56.5;130,237.25;172,53.5;291.5,213.5;13.25,280;122.75,20.25;205.25,55.25;355.5,260.5
39608;7.75,35.75;130,237.25;208.25,77.25;291.5,213.5;51.75,311.5;151.25,12.5;205,56.25;311.5,272.5
4310;7.75,35.75;130,237.25;209.25,79.5;277,229.5;25.75,300;174.75,7.5;205,56.25;293.5,294
6339;9.5,38.75;154.25,210.25;202.75,70.25;240.5,215.25;25.75,300;174.25,2.25;205.25,85.25;293.5,294
44401;9.5,38.75;154.25,210.25;202.75,70.25;228.75,204;22,307.75;174.25,2.25;232.5,67.75;257.25,292
36953;9.5,38.75;152.75,209;202.75,70.25;221,191;43.25,260.5;174.25,2.25;239.25,97.5;251.25,293
10624;9.5,38.75;167.25,204.25;202.75,70.25;229,191.25;52.25,282.25;174.25,2.25;185.75,110.5;251.5,287.25
49593;3.75,7.25;179.5,219.5;187.25,42.25;272,222.25;23.5,226.5;174.25,2.25;188.5,100.25;251.5,287.25
10910;3.75,7.25;170.25,219;225.75,49.5;321.75,242.25;23.5,226.5;176,32.5;203.75,95.25;250.75,288
43478;3.75,7.25;170.25,219;182.5,36.5;327.25,270.25;8.5,244;176,32.5;203.25,108;227.25,280.25
30343;51,6;170.25,219;212.5,8.5;353,318;11,246.5;155.25,51.5;176,113.75;227.25,280.25
46955;104.5,14.75;136.5,226.25;212.25,9;347,290;11,246.5;174,2.75;176,113.75;227.25,280.25
29060;100.75,18.75;181.25,201.5;186.5,37.75;365.25,240;11,246.5;167.5,53.25;187.5,172.75;227.25,280.25
26341;100.75,18.75;181.25,201.5;211.75,30.75;365.25,240;5.5,228.25;141.75,81.5;206.75,207.25;246.5,276.75
44915;132,6.5;166.75,186.5;210.75,30;365.25,240;30.75,251.5;152.25,52.75;214,207.75;246.5,276.75
40019;78,6.25;166.5,186;259.25,28.25;365.25,240;27.25,202.25;127.5,93.75;228,157;246.5,276.75
37357;77.5,5.25;201.75,178.25;261.5,59.25;365.25,240;56,207;119.5,116.5;239.75,194.75;246.5,276.75
37807;59.75,5.5;200,179.25;261,64;361,279.25;47.25,165.25;119.5,116.5;225.75,187.75;246.5,276.75
1953;46.5,38.5;224.5,218.5;272.25,34;361,279.25;48,164.75;119.5,116.5;191,163.75;284.75,305
36866;50.75,35;231.5,248.75;272.25,34;360.75,255;48,164.75;119.5,116.5;180,134.5;319,311
16745;70.25,43.75;231.5,248.75;269.25,18.5;360.75,265.5;48,164.75;91.25,98.25;180,135.5;319.5,287.5
29657;43,45.75;195.25,246;269.25,18.5;352,231.25;48,164.75;85.75,131;180,135.5;323,289.25
26376;55.75,63.25;161.25,252.25;237,28.75;352,231.25;81,182.75;86,169.75;181.75,140.75;323,289.25
43745;55.75,62.75;161.25,252.25;237,28.75;352,231.25;56,207.5;99.75,137.75;212.5,155.75;311,236.75
13921;53.75,51.75;161.25,252.25;235.75,29.25;343.25,242.25;66.75,215.75;112,98;220.5,182.75;311,236.75
28589;25.5,63.25;136,227.5;233.25,35.75;353.25,239.75;29.5,220.5;106.75,77;220.5,182.75;311,236.75
43777;31.25,77.75;136,227.5;231.5,35.75;333.75,213.75;29.5,220.5;133.75,105.5;222.5,135.25;326,218.25
29663;31.75,122.75;165.5,240.75;224.25,68.25;333.75,213.75;44.75,247.5;154.5,87.25;222.5,135.25;324.25,221.5
51;31.75,122.75;188.5,255.25;272.5,73.25;354.5,241;44.75,247.5;147.25,81.25;216.75,122;325.25,221.75
42082;30,126.5;214.5,245.75;233.75,54.75;354.5,241;22.75,227;163.25,88.25;216.75,122;310.5,188.25
32469;30,126.5;214.5,245.75;258.75,96.75;354.5,241;28.25,226.5;160,103.5;223.5,135.25;339.25,150.25
19117;30,126.5;195,253.25;263.75,143.5;350.75,213.5;23,179.25;142.75,145.5;223.5,135.25;356.5,157.25
16499;30.5,127.5;213.5,279;229,181;350.75,213.5;22.25,191;173.25,183.75;246.5,101.75;356.5,157.25
42016;41.5,144.25;168.25,279.25;229,181;346.25,229.5;22.25,191;173.25,183.75;230.5,69.25;351.5,191.5
20426;47.25,191.25;144.25,314.75;208.25,170;363.25,275;22.25,191;150.25,224.5;230.5,69.25;351.5,191.5
23504;26,197;170,305.5;237.5,128.75;327.5,278.25;67.5,185.75;150.25,224.5;199.75,67.25;351.5,191.5
2207;34.25,221.75;155.75,309.75;268.5,130.5;326.5,277.5;67.5,185.75;161.25,224.25;201.5,95.5;351.5,191.5
14975;35,222.75;175.25,317.5;252,154.75;342.25,270;76.5,207.75;193,223.75;201.5,95.5;351.5,191.5
29255;48,229.75;175.25,317.5;252,154.75;342.25,270;120.25,195.75;171,268;232.5,67;354.5,212.25
19971;89.25,247.75;175.25,317.5;273.25,164;343.5,288;107.75,168;171,268;235,33.75;318.5,199.5
39763;89.25,247.75;156.25,302.25;270.5,169.5;343.25,290.25;102.25,140.75;199.75,256.5;220,61.5;318.5,199.5
12963;89,283.25;156.5,257.5;273.5,144.75;307.75,263.5;69.25,163.25;199.75,256.5;220.75,61.25;318.5,199.5
22764;89.75,284;150.75,259;293,106.75;316.25,268.25;97.5,170.25;199.75,256.5;220.75,61.25;282.5,201.75
45005;114.25,311.5;161.5,232.75;293,106.75;308.25,297;120.25,158;206.75,297;220.75,61.25;283.25,201.25
11984;80.5,303.25;186.75,246;272.75,73;308.25,297;125,194.5;158.5,301.5;220.75,61.25;283.25,201.25
14292;119.25,291;185.5,247.75;294.75,56.25;308.25,297;154,203.75;158.5,301.5;220.75,61.25;271,201.5
29125;102,250.5;226.75,237;280.25,34;308.25,297;135.5,185.5;173.75,303.75;220.75,61.25;271,201.5
8223;136,224.5;226.75,237;292,53;308.5,294.75;165.5,226.5;173.75,303.75;212.25,91.75;321.5,198.25
8319;168.75,233.5;222,236.75;292,53;323.25,280;148.5,223;171.75,308.5;207.5,126.25;321.5,198.25
16157;151.5,206.5;209.75,260;309.25,41.25;343,272.75;148.5,223;171.5,309;209,98;321.5,198.25
48239;151.5,206.5;238.75,259;309.25,41.25;364.75,253.75;129.75,223.75;171.75,308.5;209,98;359.25,191
1561;151.5,206.5;266,269.75;326.25,37.25;349,215.25;129.75,223.75;171.75,308.5;227.5,64.25;322,181.75
47174;151.5,206.5;266,269.75;321.75,18.75;345,225.5;154.5,203.75;198.5,318.25;250.25,88.75;322,181.75
39159;151.75,207.5;266,269.75;321.75,18.75;370,191.75;154.25,204;219,304;274.5,60.5;320,144.75
28881;170,191.25;302,289.5;337.5,56.25;365.25,236.5;154.25,204;219,304;274.5,60.5;333.5,115
22474;161.25,150.5;301.75,243;337,57;351.75,225.5;148.25,222.5;219,304;247.25,85.75;333.5,115
42284;161.25,150.5;301.75,243;337.5,57.25;351.75,225.5;144,221;200.75,276.5;220.5,68.25;311.75,87.75
17253;161.25,150.5;320.75,198;337.5,57.25;345.25,241.25;144,221;201.5,231.75;219.75,113.75;312.5,84.75
32726;162,105.75;320.75,198;346,11.75;363.5,229.25;156,217.25;201.5,231.75;261.75,114;337.25,60.25
34407;113.75,106.5;282.25,217.75;346,11.75;363.5,229.25;160.25,221.75;213.5,275;222,144.25;309.75,12.5
48010;113.75,106.5;325.25,197.25;345.5,11.75;363.5,229.25;120.25,259;244,292.25;257.5,146.75;309.75,12.5
16348;115.5,45.75;279,164;333.25,49;363.5,229.25;120.25,259;234.25,290.75;302.25,187.25;358.75,48.5
4076;142,13;267.75,135.25;298.75,53;357.25,225.5;120.25,259;234.25,290.75;273.75,217;359,77.75
19992;111,54.25;268.5,135.5;332.5,47.25;366,192.75;165.25,278.75;234.25,290.75;293.25,199.75;359,77.75
12227;142.25,20.25;247.75,102.25;334.5,49.25;369.75,149.25;169.75,278.75;234.25,290.75;276.25,225.75;359,77.75
47518;142.25,20.25;247.75,102.25;333.25,37.25;369.75,149.25;201.5,276.5;261.75,277;265.75,262.5;358,82.25
10980;171.5,60.25;247.75,102.25;330.75,7;369.75,149.25;228.25,279.5;248,226.25;310.75,262.75;337.25,58.75
43862;136.5,90.25;285.5,53.5;330.75,7;341.25,142;228.25,279.5;247.75,227;279.25,223.75;337.25,58.75
41690;107.75,86.5;292,53.25;330.75,7;357,138.5;228.25,279.5;247.75,227;300.5,195.5;349.5,21
13387;132,78.5;298.5,93.75;299.5,52.5;357,138.5;238,293.75;247.75,227;347,222.75;349.5,21
40513;141.25,96.75;278,105.25;295.75,70.25;332.25,179.25;238,293.75;247.75,227;347,222.75;349,20.75
29722;141.25,96.75;293.25,104.5;314.25,99;342.75,198.5;239.5,291;247.75,227;347,222.75;348.5,79.5
28630;163.5,97.75;293.25,104.5;310.75,99.25;341.75,209;239.5,291;247.75,227;324.5,178.5;341.5,80.5
15251;200.75,64;294,125.75;327.75,141.75;343.25,210.25;239.5,291;274.75,209;322,218.25;341.5,80.5
50507;240,34.75;294,125.75;318,149.75;343.25,210.25;243,261.5;257.25,202.5;320.75,210.25;341.5,80.5
37252;241.75,71.5;304.5,95.25;308.5,142.25;343.25,210.25;193.75,253.5;257.25,202.5;320.75,210.25;354.5,81.5
20231;246.75,79.25;275.25,57;301.25,142.25;329.75,237.25;213,211.5;237.5,226.75;320.75,210.25;354.5,81.5
22471;216,47.5;275.25,57;278.5,130;298.25,272.75;193.5,178;238,226.5;310,229;354.5,81.5
11852;203.75,63.75;260.25,18.5;277.5,180.75;298.25,272.75;213.25,143;238,226.5;310,229;349.25,77.75
22128;203.75,63.75;210,7;224.25,205.75;285.5,287.25;194.75,174.25;238,226.5;310,229;341.75,46.5
17368;180.5,48;210,7;237,210.75;335.75,266.5;165.5,225;238,226.5;310,229;345,62.5
43839;171.25,44.75;210.25,8.25;251,218.5;360.75,265.5;165.5,225;238,226.5;309.5,222;345,62.5
37889;193.5,69.25;210.25,8.25;273.25,201.25;340.25,240.75;144.5,221;224.5,246.25;309.5,222;351.75,17.5
42161;172,59.75;209.75,8.25;268.5,180.25;360.75,249;117,240;224.5,246.25;273.25,219.75;351.75,17.5
19541;172,56.75;209.75,8.25;243,219.5;360.75,249;137.5,248.75;253.5,281.25;278.75,193.5;351.75,17.5
7860;158.25,27.5;209.75,8.25;220.25,253;360.75,249;109,274.25;242.5,290.5;273.25,231.5;351.75,17.5
563;177,38;189.75,3.25;202,260;362.75,251.25;109,274.25;226,258.25;253.25,223.25;351.75,17.5
8059;148.25,5.25;176.75,41;235,247.25;341.75,266.5;109,274.25;185,305.75;311,244.5;351.75,17.5
16359;148.25,5.25;212.25,1;235,247.25;341.75,267.25;145.25,319;221.25,279.5;319.5,196;357.75,72.5
43899;116,33.5;226,22.5;235,247.25;341.75,267.25;179.5,303.75;204.5,290.5;288.25,186.75;357.75,72.5
24007;119.5,68;219.25,2.25;240,214.75;341.75,267.25;179.5,303.75;204.5,290.5;292,195;354.75,73.5
45341;119.5,68;219.75,2.5;240,214.75;336.25,225;195.25,320.75;204.5,290.5;293.5,143.25;328.75,59.25
45893;119.5,68;219.75,3.5;228,185.5;345.25,277.75;199.75,309.5;236.5,321;328.5,150.25;328.75,59.25
46404;119.5,68;219.75,3.5;272.5,164.75;345.25,277.75;199.75,309.5;288,315.75;352.75,190;358.75,40.75
12903;91,116.25;202.5,7.5;330.25,156.75;345.25,225;171,311.75;337.75,310;352.75,190;358.75,40.75
44398;92,58.75;202.5,7.5;346.5,160;370,192.25;199.5,311.5;347.5,259;353.75,139.25;358.75,40.75
37007;91.5,26.25;208.25,61;317.5,115.25;370,192.25;228.5,246.5;356.75,212;358.25,187;358.75,40.75
40408;117,36.25;208.25,61;262.25,95.25;370,192.25;222.5,296.25;317,258.75;330.75,147;358.5,36
47267;146.5,7;181.5,69.75;240.25,60.5;370,192.25;222.5,296.25;294,266.5;310,158.75;358.5,36
4266;146.5,7;175,48.75;258.25,42.25;331.25,217.25;222.5,296.25;276,262.75;306.25,150.75;358.5,36
5713;146.5,7;172.5,53;262.5,95;322,229.75;222.5,296.25;284.5,281.75;313,162.5;358.5,36
33729;146.5,7;194.25,103;293,106.75;322,229.75;252,308.75;266.75,305.5;317.5,199;358.5,36
29551;177,37.75;237.5,68.5;269.25,64.75;344.5,240.25;252,308.75;282.25,311;317.5,199;358.5,36.75
39184;174,60.25;252,47.5;302,111;339,217.75;252,308.75;290.5,286.25;317.5,199;358.5,36
49598;147.75,118.75;278,75.5;290.75,147.5;323.25,161;252,308.75;290.5,286.25;317.5,199;358.5,36.75
30744;191.75,113.25;260.75,114;295.25,167;314,157.75;252,308.75;290.5,286.25;334.25,198.5;358.5,36.75
6820;168.25,124.75;239,136.25;299.25,166.5;314,157.75;251.5,287.25;261.75,294;334.25,198.5;358.5,36
24731;137,97.25;266.25,135.25;278,133.25;368.5,191.5;251.5,287.25;261.75,294;298,169.75;315.75,24.75
47686;130.5,50.5;240.25,126.5;250.75,174.25;368.5,191.5;251.5,287.25;261.75,294;272.75,188;328.25,53.75
47475;130.5,50.5;239.5,129.25;279.25,192.25;368.5,191.5;240.25,245.25;262.5,292.5;272.75,188;329,68.25
31899;161.5,71.5;239.5,129.25;269.75,167.25;350,227.75;205.25,221.25;237.75,317.75;260.75,174;329,68.25
25279;161.5,71.5;229,102.75;292,147.25;332.5,217;203,182.5;228.5,273.5;302,187.75;329,68.25
42822;161.5,71.5;229,102.75;290,151;353,242.75;233.75,156;264.25,275.5;303,196.75;328.75,67.5
23676;160.75,77.25;216.75,60.75;298.75,112.75;364,195.75;248,201.25;264.25,275.5;303,196.75;337.5,19.75
20755;104.75,55;216.75,60.75;322,123.5;364,195.75;222.75,170;266.25,277.5;314.75,160.25;330.25,59
18362;103.5,54.5;216.75,60.75;290,114;364,195.75;235.25,204.25;266.25,277.5;338.75,147.75;349.5,43.75
9617;103.5,54.5;220.25,21.75;290,114;364,195.75;266,166.5;272,237.5;355.25,173.5;358.5,77.75
15289;103.75,81.25;175,37.25;249,70.25;324.5,209.75;249,177;272,237.5;355.25,173.5;358.5,77.75
43937;109,78.5;146.75,27.5;269.75,71.25;324.5,209.75;261.75,164.75;291.5,219;338.75,147;358.5,77.75
32061;57.25,74.75;146.75,27.5;264.75,88;334.5,154.75;281,110;291.5,219;332,118;354.75,73.5
44805;57.75,76.5;167.5,22.5;253.75,99.25;334.5,154.75;252.75,76.5;313.75,239.25;332,118;354.75,73.5
14154;39.25,86.5;156.75,49.5;302.25,115.75;309,112;209.25,85.25;313.75,239.25;332,118;354.75,73.5
41251;39.25,86.5;104.75,47.5;302.25,115.75;316,120.25;252.25,77.5;313.75,239.25;321.25,138.75;351.75,48.5
42214;1,101.25;104.75,47.5;262.25,94.75;353.25,99.25;251.5,77.75;297,276;321.25,138.75;338.25,21.25
30904;1,101.25;104.25,48.75;261,55.25;350.25,104.25;268.5,93.5;280.75,293.25;324.25,178.25;338.25,21.25
8805;33.25,133;131.5,76.25;272,103.75;297.5,110.5;242.75,76;319.5,310.25;324.25,178.25;338.25,21.25
37522;43.5,163.25;134,27;268.25,104.25;274,144;191.75,96.5;319.5,310.25;323.5,178.25;338.25,21.25
35477;0.5,193.75;133,26;235.75,118;266.25,110.25;191.75,96.5;319.5,310.25;334.75,133.5;335.75,8.75
44693;0.5,218.25;133,26;262,155.75;293.25,115.75;158,63.5;319.5,310.25;329,115.75;335.75,8.75
23869;4.25,219;102.5,10.75;247.5,126.5;282,168.5;202.75,41;319.5,310.25;330.25,115.5;335.75,8.75
22241;4.25,219;102.5,10.75;235,102.75;279.5,166;234.25,91.5;271.5,286.75;320.5,124.75;335.75,8.75
35292;4.25,219;126.5,52;180.5,84;296.75,188.75;180.25,127.25;319,251.5;320.5,124.75;327.5,30.75
39169;26.25,204.25;162,83.5;218,54.75;274.5,179;180.25,127.25;319,251.5;320.5,124;327.25,53.25
379;59.5,249.5;185.5,84;197,49.75;294,164;180.25,127.25;293.75,299.5;319.75,124.75;327.25,53.25
46625;59.5,249.5;139,78;224.5,57;294,164;186.25,130;293.75,299.5;314.25,169.5;349,81
18755;58.5,294;180,67.5;225,57.25;290,207.5;211.5,96;293.75,299.5;314.25,169.5;318.75,63
24663;59.5,248;225,57.25;252,92.25;290,207.5;244.25,73;293.75,299.5;333,139.75;339.5,79
20624;50.25,279;225.5,74.25;284,106.75;290,207.5;261,82;293.75,299.5;332.75,137.5;340.25,45
49087;27,284.25;225.5,74.25;281.25,73.25;334,217.5;261,82;279.25,254.5;332.75,137.5;355,83
47165;63,248.5;225.25,75;281.25,73.25;333.5,218;261,82;273.5,233.5;348.5,139.75;357.75,57.5
43315;47.25,205;225.25,75;257,33.5;350.5,229;261,82;303.75,202.25;320.75,132;357.75,57.5
14110;37,207.5;173,88;286,24.5;350.5,229;232.25,73;303.75,202.25;320.75,136.75;338.25,81.25
5073;28.5,178;173,88;326.75,22.5;364,249.5;213.25,35.75;303.75,202.25;320,137.5;346.25,82.75
22716;67,146.25;173,88;326.75,22.5;364,249.5;221.75,89.5;273.5,170;313.75,136.25;363.25,81
13632;67,146.25;138.5,127.5;279.25,32.5;363.5,251.25;217.5,128.5;299.75,198;327,128.5;363.25,81
1734;67,146.25;164,108.25;232.5,56.5;353.25,272.25;217.5,128.5;294.5,170;295.5,150;325.25,52.5
8750;67,146.25;152.75,127.5;188.5,36.5;353.25,272.25;240.5,117.75;292.25,171.75;293,172;363.75,39.25
47907;69.75,190.5;145.5,128.25;207.75,80.75;310.75,269.5;211.25,97.5;292.25,171.75;293,172;352.75,7.25
39407;98.75,213.5;145.25,126.5;206.5,79.5;343.5,288.5;211.25,97.5;261.25,141;293,172;356.75,7.5
49675;130.25,173.25;162,145.5;188,41.5;343.25,290.25;211.25,97.5;245,175;293,172;356.75,7.5
25876;101.75,223.25;120.5,150;188,41.5;343.25,290.25;226.5,107.5;266,126;293,172;313.75,51.75
32761;101.75,223.25;120.5,150;212.25,37;343.25,290.25;205.75,62;262,75.5;272.25,127.25;281.75,23.5
25472;89.25,213.75;120.5,149.5;212.25,37;356,259.25;220.25,105;243,41;272.25,127.25;282.25,24.5
23804;89.25,213.75;120.5,149.5;178,50.5;337,271;225.75,84.25;249.75,11.25;272.25,127.25;282.25,24.5
37793;60,238;108.75,164.25;125.5,54.5;355,239.5;225.75,84.25;249.75,11.25;272.25,126.25;282.25,24.5
45611;47.25,203;108.75,164.25;125.5,54.5;342.75,198.5;205.75,85.25;249.75,11.25;249.75,175;273.75,31.5
35393;39,242.5;108.75,164.25;125.5,55.5;329.75,156.75;150.75,90.5;220.5,19;249.75,175;307.75,13.75
23818;2.25,277.75;108.75,164.25;125,55.75;294.25,115.5;127.75,107.25;191,31.75;250,120.5;307.75,13.75
50431;23.75,309;108.75,164.25;125,55.75;294.25,115.5;142.5,81.75;182.25,62.5;266.5,114;307.75,13.75
46960;7.25,302.5;101.5,207.5;131,63.75;294.25,115.5;108.75,77;182.75,62.25;267,114.25;307.75,13.75
965;24,312;92.75,188.5;130.25,61.75;294.25,115.5;143.75,88.75;161.75,28.75;299.5,83.75;307.75,13.75
44040;37.75,308;92.75,188.5;130.25,64.25;268.5,73;141.25,107;161.75,28.75;325,64.5;356.5,8.5
27441;64.25,295;92.75,188.5;146.25,27.5;224.5,88.5;141.25,107;185,2.25;312.75,100;353.25,1.5
461;28.75,296.75;54.5,228.75;179.5,35.25;224.5,88.5;131.5,98.75;222.25,17;339.5,147.25;353.25,1.5
10694;26,274.5;48.75,238.25;212.75,7.25;250.25,97.75;119.5,111.75;222.25,17;339.5,147.25;353.25,1.5
19462;53.25,294.5;96.75,231.75;212.75,7.25;292.5,111.75;121.25,103;240.75,14.25;339.5,147.25;353.25,1.5
50471;7.75,303;96.75,231.75;212,6;292.5,111.75;144,89.25;270.75,3.25;328,123.75;353.25,1.5
4975;36,253;96.75,231.75;223.25,62.25;330,99.5;93.25,68;270.75,3.25;274,133.75;353.25,1.5
8734;34,241.5;96.75,231.75;239.25,14.25;331.5,99;134.75,106;242.75,17.25;252.25,94.25;353.25,1.5
28915;29.25,212.75;142.75,239;257.5,18.5;343,141.25;134.75,106;244.25,71.5;244.5,128.25;353.25,1.5
488;29.75,212.5;116.25,263.75;271.75,24.5;354,112.75;165,79;209.75,64.75;244.5,128.25;353.25,1.5
49360;29.75,212.5;116.25,263.75;270.25,30.5;349.75,104.75;167.75,50.5;209.75,64.75;244.5,128.25;356,3.5
41936;8.5,227.25;87.5,300.5;298.5,36.75;359.5,136.5;163.5,87.75;209.75,64.75;244.5,128.25;356,3.5
6787;16,240.5;81.25,271.25;283.5,15.75;359.5,136.5;155.25,32;209,64;244.5,128.25;352,56.75
8666;13.5,236.25;31.75,299;231.5,54.25;353.75,184;155.25,32;161.5,88;244.5,128.25;365.25,79.5
18047;13.5,236.25;76.75,311.75;284.25,57.25;353.75,184;151.75,89.5;154.5,107.25;219.25,107.25;365.25,79.5
31116;13.5,236.25;73.75,310.25;269.25,33;353.75,184;119,72;197,97.5;214.75,59.5;365.25,79.5
28100;2.25,192;58,295.5;269.25,33;356.5,224.5;121.25,98.5;178.75,115.25;210.75,46.25;365.25,79.5
37572;2.25,192;57.5,295.75;267.25,19.5;356.5,224.5;129.75,131.75;168.75,78.75;187.75,40;340.25,60.5
4586;49,179.5;72,249.25;267.25,19.5;356.5,224.5;89,116.75;167.5,48.5;186.75,30.25;317,101.5
29615;6.5,177.25;86.5,265.75;290.5,57;357.25,224.5;52.25,111.25;167.5,48.5;208.75,58.25;317,101.5
10380;13.5,171;47.5,267;290.5,57;317,195.5;86.25,106.25;167.75,91.25;231,48.75;317,101.5
31004;10.5,171;41,253;259.25,42.5;317,195.5;87.75,63;193.75,95.5;253.75,83.25;317,101.5
10048;10.5,171;84.5,263.25;260.75,29;352.25,216.75;98.25,41.25;209.25,55.75;253.75,83.25;314,107
29177;47.5,137.25;64.25,267.5;257.5,34;352.25,216.75;126.75,34.75;230.5,68.5;253.75,83.25;314.5,107.5
49216;14.5,178.25;47.5,224.5;291,57.25;352.25,216.75;93.75,66;230.5,68.5;285.75,115.75;338.5,82.75
7783;14.5,178.25;47.5,224.5;263.25,67.5;352.25,216.75;127.25,71.25;239.25,114.75;315.5,132.5;331,118
8185;14.5,178.25;47.5,224.5;238.5,42.75;352.25,216.75;144.25,116.5;235,159.5;289.25,174.75;317,147.75
50427;14.5,178.25;63,230;238.5,42.75;352.25,216.75;144.25,116.5;237,168.25;290,138;321.75,123.75
36748;10.5,175.5;81.5,201.5;246,70.25;352.25,216.75;184,98;237,168.25;269.5,138.5;325.5,150.5
38887;10.5,175.5;67.5,223;277.5,75.75;332,249.5;218.25,94.5;237,168.25;265.25,147.5;355.75,147
13510;10.5,175.5;65.5,223.5;284,101.25;313,253.75;185,107;255.5,200.75;299.25,172.25;355.75,147
26179;10.5,175.5;70.5,248.25;284,101.25;285,229.5;199.75,65;282,224.5;299.25,169;319.25,111.75
48700;61,170.75;117.25,271.75;311.25,93.25;326.25,205.5;199.75,65;282,224.5;299.25,169;302.5,84.75
1311;61,170.75;103.5,254.5;260.25,94.5;299,168;154.5,51.5;282,224.5;298,169;315,52
36612;74.5,175.5;120.5,253.25;252.25,122.75;299,168;154.5,51.5;279,233.25;298,169;331.75,61
34715;110.75,161.25;139,225.75;252.75,116;332,198.75;154.5,51.5;279,233.25;298,169;325.25,32.75
45581;138.25,184.25;158.25,193.25;252.75,116;332,198.75;152,32.25;279,233.25;309.75,196;349.5,53.5
30158;146.75,146.25;175,201.5;294,114.5;326.5,160.25;152,32.25;290,233;309.75,196;361,45.25
1027;149.25,140.25;175,204.75;294,114.5;344.5,156;146,12.25;290,233;352.5,199.25;353.5,83
48495;149.25,140.25;175,206.25;297,120.25;357.75,121.25;154.75,53;287.5,194;352.5,199.25;353.5,83
15634;111.25,154.75;175,204.75;295.25,70.25;318.5,124;155.25,55;287.5,194;352.5,199.25;354.25,50.5
9833;64.75,146.25;162.75,213.25;301.5,56;309,142.25;137.5,50.5;319.25,158.5;352.5,199.25;354.25,50.5
15824;64.75,146.25;162.75,213.25;252,55.25;356.25,154.75;127.5,74.25;292.5,149.75;319.25,186.25;354.75,50
15683;105.25,124.75;145.75,190.5;253,55.25;354,155.5;110.25,112.75;292.5,149.75;329,206.25;354.75,50
24727;105.25,124.75;147,189.75;217.25,54.25;368.25,147;67,101.25;299.75,123;352,173;354.75,50
28922;108.25,85.75;140.75,226.5;189,50.5;325.25,113;18,68.5;245,99.25;352,173;354.75,50
23483;89.75,85.75;140.75,226.5;191,36.5;316,110.5;20.75,91.75;229.75,72;352,173;359,79
8407;110.5,106.5;163,250.75;207.25,77.25;358.75,90;15,92.25;256.75,82;352,173;359,79
2968;136.5,89.75;174.75,267.5;207.25,77.25;332.5,133.5;14.5,92.25;269,56.25;352,173;365,81.5
23260;114.25,118.25;159.5,304.75;207.25,77.25;371.5,121.25;42.25,61.5;270.75,57.5;330.25,161.75;365,81.5
43537;64.75,133;160.5,305.5;205.75,91.75;342.5,112.25;42.25,61.5;252,10.75;290.25,132;365,81.5
15682;56.25,171.75;155.5,303.5;164,96.25;333,101.5;19.25,72;252,10.75;302.75,148.75;365,81.5
37608;56.25,171.75;147.5,264.75;154.5,42;334.25,78;22,128.25;212.5,35.75;302.75,148.75;331.25,60.25
43505;56.25,171.75;130.75,245.5;154.75,41.25;333.5,75.75;47.5,132.5;212.5,35.75;252,131.75;343.25,49
46394;57.5,172.5;142,240.75;173.5,18.75;333.5,75.75;19,156.25;212.5,35.75;252,131.75;352.75,11
38391;57.5,172.5;102,255;127.5,17.5;352.75,39.75;12.5,148.75;216,41.25;224.25,114.5;352.75,11
34526;57.5,172.5;102,255;102.25,40.75;337,30.5;55.25,170.25;251,77.5;271.25,105.75;352.75,11
11433;63.25,157;102,255;116.5,48.75;337,30.5;78,153.5;249,77.5;311.25,102.5;324.75,5.75
45546;45.25,138;75,249.25;118.25,79;303.5,35.5;78,153.5;250.75,48.5;311.25,102.5;324.75,5.75
31585;26.25,121.75;77.25,205.5;109,46.5;303.5,35.5;93.75,135.75;250.5,48;311.25,102.5;323.25,22.75
37073;17,144.25;95,229.5;109.75,46;296.25,8;97,109;250.5,48;270.5,129.75;323.25,22.75
38619;17,144.25;69.75,193;146,48.75;340.5,6.25;97,109;263.5,5.25;269.75,130.5;314.75,19.75
22010;21,126.75;69.75,193;174.75,58.5;353.5,40.25;97,109;251,17.75;269.75,130.5;314.5,2.5
7631;6.75,87;69.75,193;217.75,56.25;353,40.25;90.75,64.25;228,16.5;283,115.5;314.5,2.5
48150;6.75,87;25.75,197.75;217.75,56.25;313.5,14;94,89.75;221,16;234.25,124;314.5,2.5
36625;9.75,87;47.5,238.5;209,92.5;319,25;102.75,109.5;221,16;263,139.5;314.5,2.5
47798;14.5,31.25;47.5,238.5;173.75,135.75;319,25;103.25,136.75;221,16;298.25,110.5;314,3.25
12705;4.25,6.75;47.5,238.5;173.5,87.75;360,28.75;73.5,121.75;221,16;296.75,111.25;317.5,2.25
1254;4.25,6.75;32,237.75;173.5,87.75;369,51.5;46.25,111.75;206.5,27.75;301.5,115.5;317.75,4.25
12405;4.25,6.75;56.25,274;153.25,126.25;367.25,52.75;46.25,108.5;206.5,27.75;341.75,83;348.25,22.5
42914;6.25,63.75;17.75,287;194.25,144;367.25,52.75;46.25,108.5;206.5,27.75;324.5,114.25;354.25,24.5
16020;6.25,63.75;17.75,287;190.25,158.75;301.75,52.25;46.25,108.5;223.5,83.5;350.75,152;356,11
44914;2,104.75;34.75,272.5;170,196.75;301.75,52.25;46.25,109.5;224.75,128.75;328.5,139.75;356,11
36848;6,63.75;33.5,272;202,175.75;301.75,52.25;97,110;208.75,86.25;331.25,180.75;356,11
15935;15.75,28.25;31.5,242.75;200,179.25;301.75,52.25;74.25,124.75;257.75,77;317,199;356,11
43069;15.75,28.25;58,201.25;200,179.25;271,104.75;91.5,157.5;252,121.5;301.75,150.75;356,11
24920;14.25,25.25;80.25,176.25;224.5,186;258.75,110.25;90.25,156.25;221,108.5;301.75,150.75;356,11
4664;14.25,25.25;58.5,145.75;232,148.5;257.25,109;66,170.5;184.25,97.75;301.75,150.75;355.25,56.5
45313;14.25,25.25;43.5,165.25;232,148.5;232.25,113;56.25,156.5;184.25,97.75;298.75,122;353.25,61.5
45972;11.25,47.75;43,165;232,148.5;243,75.5;56.25,156.5;210.25,125.5;298.75,122;346,79
18121;11.25,49.25;43,165;271.25,168;287.5,54.75;81,169.25;210.25,125.5;328.5,158.5;341,99.75
42327;3.5,42.25;35,181.25;254,188.75;287.5,54.75;90,137.75;210.75,124.75;328.5,158.5;341,99.75
9583;3.25,42.25;47.25,151.75;268,177.5;287.5,54.75;79.75,148.75;217.25,171.5;308.25,142.5;341,99.75
30092;3.25,42.25;75.75,190.5;231.75,208.25;279.75,105.5;74.25,127.25;217.25,171.5;328.5,160.75;341,99.75
44479;10.5,81.5;75.75,190.5;231.75,208.25;316.5,112.75;74.25,127.25;237.5,213;305.75,170.5;322,136.5
27432;10.5,81.5;75.75,190.5;241,218.75;319,106;91.5,109.75;236.75,212.25;350.75,161.75;351,160.5
24899;24,43.25;80.75,195.75;281.5,229;316.75,69.5;116.5,113.25;238,186.25;350.75,161.75;351,160.5
19705;28,43.25;80.75,195.75;281.5,229;332.25,110.25;125.75,71.25;229.25,200.25;318.25,139.75;327.75,161.5
35486;66.75,74.75;89,247.75;281.5,229;332.25,109.5;122.75,104.25;271.75,232;318.25,139.75;342,207.25
39108;71.75,88;126.5,272.25;254.75,191.75;314.75,138.75;122.75,104.25;295.25,257.5;318.25,139.75;342,207.25
19770;65.75,58.5;114.75,292;254.25,190.75;356,138.25;122.75,104.25;295.25,257.5;345.5,145.75;360.75,234.25
30400;55,96;123.75,269.5;212,198.5;356,138.25;122.75,104.25;296.25,259.5;326.5,133;360.75,231.75
32745;64.5,121.75;123.75,269.5;212,198.5;356,138.25;138.5,74.75;278.75,294.25;304,152;354.5,263.25
29364;64,121.75;138.25,225;212,198.5;341.75,143.5;158.25,88;299,259;320.5,196.5;354.5,263.25
37949;40,118.25;107.75,213;212,198.5;295.5,165;158.25,88;311.25,236.5;320.75,191.5;347.25,277
30290;17,74.75;124.75,250.25;193.25,178.25;259,180.5;204.5,95;285,219.25;320.75,191.5;347.25,277
37923;50.5,62.25;124,247.25;193.25,178.25;278.25,149.75;188.25,98;264.5,192;320.25,161;347.25,277
47344;51,61.25;162.25,265.5;193.25,178.25;294,114.25;194.5,99.75;227.75,200.5;320.25,161;347.25,277
27424;32.5,56;153.75,243;194.5,139.25;257,97.75;194.5,99.75;227.75,200.5;324.75,139.75;347.25,277
17395;75,57.75;167.5,273.75;194.5,139.25;259.25,109;194.5,99.75;253,202.75;292.75,170.75;317.75,241.25
25038;49.5,91;196,254.75;212,136;295.25,105.75;194.5,99.75;274,235.75;292.75,170.75;317.75,241.25
358;49,91.25;190.25,236.25;204.5,177.5;300.5,57.5;178.5,148.5;253,199;292.75,170.75;317.75,241.25
26950;80,92.5;190.25,235.75;204.5,177.5;296,74.25;204.25,176;211.5,183.5;292.75,170.75;316.25,237.25
5881;112,74.25;190.25,235.75;244,215.75;268.25,61;205.5,176.25;218.5,165.25;242,143.5;316.25,237.25
4416;111,72.75;162,226;246,219;286,57;205.5,176.25;218.5,165.25;290,143.75;335.75,235.5
14910;111,72.75;137.25,188.5;212.25,200;286.25,70.75;183.75,188.75;218.5,165.25;290,143.75;314.75,206
29738;90.25,103;104.25,212.25;235.75,195.25;292.75,70.5;175,154.25;251.25,175.5;290,143.75;314.75,206
21085;90.25,103;104.25,212.25;235.75,195.25;334.5,46.75;179.5,125.75;244,200.25;280.75,104.5;332.75,228.75
36442;88.5,68;103,256.5;235.75,195.25;313.25,6.25;165.75,151;244,200.25;257.25,77.5;332.75,229.5
24631;59.25,95.75;96,300.75;235.75,195.25;312,14.5;152.5,145.75;224.25,166.25;257.25,77.5;282.25,244.5
22307;49.75,57;50.75,307.75;253,220;330.75,2;152.5,145.75;224.25,166.25;257.25,77.5;304.75,237.75
39658;9.5,40.75;31.75,260.25;234.75,259.25;331.25,2.25;152.5,145.75;228.5,154.5;257.25,53;304.75,237.75
7719;9.5,40.75;55.5,229.25;259,228.25;332.5,3;156.75,184.5;221.5,135.25;257.25,53;314.75,226.25
10208;9.5,40.75;28,204.25;259,228.25;332.5,3;145.75,182;185.25,134.5;255.75,77;282.25,259.25
37695;12.75,79.5;83.5,196.5;256.5,199.25;332.5,3;106.5,152.75;186.75,98;255.75,77;282.25,259.25
4900;12.75,79.5;53.5,230.25;246.75,159.5;332.5,3;106.5,152.75;187.25,96.25;234.25,115.25;251.75,281.75
22800;12.75,79.5;90.25,227.75;273,168.5;332.5,3;72.75,119.75;199.75,100;202.25,88;251.75,281.75
38501;12.75,79.5;90.25,227.75;261.75,112;332.5,3;80.25,124.75;159,90.75;235.75,94.5;279.75,286.75
43670;12.75,79.5;88,267.5;284.5,89;328.5,34;80.25,124.75;191.75,107.5;217.5,73;279.75,286.75
18270;33.25,58;88,267.5;309.75,100.25;337.25,13;92.75,115.75;203.5,120.5;230.75,30.5;279.75,286.75
37166;50.75,43.75;88.25,268;336.75,64.75;337.25,13;112.75,104.75;203.5,120.5;223.5,6;323.25,314.5
4356;50.75,43.75;52,238;291.75,54.5;337.5,12.5;125.25,74;216.25,167;246.5,47.5;323.25,314.5
16035;31.75,43.75;62.25,202.5;291.75,54.5;351,12.75;121,73.25;216.75,169.5;265.25,88.75;323.25,314.5
28659;33.25,96.5;46.5,182.25;270,23.75;351,12.75;150.5,53.25;215.25,167.5;235.75,75.5;323.25,314.5
31035;11.5,110.75;46.5,182.25;278,74.25;330.75,7;159.5,91.25;246.5,193.5;268.25,109.75;323.25,314.5
44508;45.75,125.5;53.25,149.75;268.5,71.5;330.75,5.5;119.75,102.25;246.5,193.5;249.5,71;323.25,314.5
42694;36.5,95.25;63,119.25;223.75,75.5;330.5,5;119.75,102.25;225.5,199;242.75,17.75;323.25,314.5
43706;37,95.25;63,119.25;181.75,76.75;292.25,35.25;87.25,98.25;225.5,199;242.75,17.75;321.25,320.5
10140;37,95.25;56.5,145;181.75,76.75;292.25,35.25;48.75,78.5;190.5,184.75;264,32.75;320.25,310.5
23001;36.75,96.5;64,171.25;216.25,62.25;292.25,35.25;29.75,38;156.25,218;264,32.75;317.75,301.5
50386;36.75,96.5;64,171.25;216.25,62.25;277.25,25.75;44.75,90.25;194.5,252;217.5,41.25;317.75,301.5
27622;36.75,96.5;100.5,205.25;231.75,67.25;265,62.25;42.25,141.25;160,290;174,10.25;317.75,301.5
33350;2.5,103.75;95.25,227.75;226.5,53.75;290,72.25;59.5,176.75;160,290;174,10.25;317.75,301.5
3847;2.5,103.75;95.25,227.75;187,36.5;290,72.25;74.5,174.5;118.5,291;126.75,18;294,316
44281;21.5,84.25;88.75,196.25;187,36.5;235.5,70;55.25,122;124.25,260;126.75,18;294,316
33738;30.75,76;82.75,208.25;187,36.5;272,72.25;100.75,109.5;122,275.75;126.75,18;293.5,313.5
28734;30.75,76;78,161.25;221.5,61.75;298.5,112.75;54.25,92.25;93,268.5;126.75,18;293.5,313
23725;30.75,76;91.75,187;191.5,71.25;294.5,153.75;41,88.25;102.25,304.25;110.25,14.25;293.5,313
27077;52.25,44.75;63.75,187.5;191.5,71.25;309,140.75;22.5,94.75;69.5,318.75;110.25,14.25;293.5,313.5
22695;6.5,62.75;63.75,187.5;184.75,112.25;309,140.75;3.25,137.25;23.75,306;109.25,12.5;281.75,295.5
1101;5.75,57.5;74,148.25;186.75,156.25;309,140.75;32.75,122.75;49.75,263.25;109.25,12.5;281.75,295.5
11693;6.5,55.75;74,148.25;175.25,109;274.75,102.25;32.75,122.75;60.25,248;152,32;266.25,276
48414;6.5,55.75;74,148.25;141,66.75;274.75,102.75;26.25,69.75;96.5,220.25;174.25,40.5;229,302
19704;45,49.25;95.5,164.5;160.75,78.5;310.75,119.5;26.25,69.75;96.5,220.25;201.5,60;244.75,268.75
6222;12.75,35;94.25,163;160.75,78.5;269.25,105;70,86.25;70.5,255.25;207.75,86.75;244.75,268.75
3748;6.5,6.75;94.25,163;146,47.25;280,74.5;42.5,51.75;70.5,255.25;207.75,86.75;231.5,255.5
25195;6.5,6.75;94.25,163;175.25,16;273.5,99;23,45;107,234.25;210.5,59.5;231.5,255.5
42343;42,20.75;94.25,163;164.5,46.5;267.5,105.5;72.5,41;107,234.25;210,59.5;269.5,288.25
16687;46,46.75;101.75,208.25;164.5,46.5;291.25,102.75;81,79.75;107,234.25;210,59.5;299.25,257.5
50511;77.5,13.5;127,240.25;164.5,46.5;291.25,102.75;88,100.75;129.25,217.75;211,59.5;279.25,267
3162;51,46.75;127,240.25;165,47.5;292.5,127;49.5,100.5;165.5,241.5;184.25,65;279.25,267
41332;84,23;126,237.25;200.75,69.25;334.25,132.5;76.5,101;165.5,241.5;208.5,99.75;279.25,267
20549;124.5,3.25;151.25,264.75;200.75,69.25;337.75,132.5;34.25,108;159.75,240.25;208.5,99.75;267.75,305
45348;98.75,33.5;191.25,278;200.75,69.25;307,98.75;49.75,131;176,232.25;208.5,99.75;222.5,315.25
15002;98.75,33.5;188.5,316.75;233.75,56;270.25,99;17.25,140.75;179,190.25;208.5,99.75;239.25,308.75
5385;98.75,33.5;163.25,303.75;230.75,22.25;236,127;23.5,127.5;176,162.5;208.5,99.75;239.5,310.5
49910;98.75,33.5;175.5,317.75;230.25,22;236,127;58,107;189.5,196.5;235.25,149.5;239.5,310.5
34222;100,57.75;175.5,317.75;230.25,22;270.25,101.5;31.75,85.5;172.5,164;211,176.75;217.75,290.75
11500;142.25,78.75;174.25,301.75;229.5,22.75;274.5,94.5;27.5,104.5;132,140.5;211,176.75;217.75,290.75
19775;166,92.25;206,260.75;230.5,22.5;274.5,94.5;27.5,102.25;98.25,135.75;173.75,161.75;217.75,290.75
39471;162,124.75;222.75,237;231,22.75;274.5,94.5;22.25,119.75;108.25,111.75;173.75,161.75;218.25,296.5
10268;171,163;219.5,259.5;231,22.75;290.5,129.5;22.25,119.75;151,92.5;173.75,161.75;264.75,276.5
27997;199,176;219.75,261.25;243.75,5;282,168.25;5,94.5;151,92.5;173.75,161.75;244,292.5
46640;162.5,193.5;212.25,242.25;249.75,13.25;322.25,187.25;14.5,72;151,92.5;173.75,161.75;224.5,280.25
23198;129.25,216;199.25,265.25;231.25,22.25;361,198.25;33.5,47.75;151,92.5;179.75,154.5;224.5,280.25
22179;99,191;199.25,265.25;231.25,22.25;361,198.25;8.25,61.5;154.25,43.75;162.5,186.25;234.75,308.25
6729;79,140.25;199.25,265.25;231,22.75;342.25,229.5;8.25,61.5;195.5,5.25;217.25,176.75;276.5,295.5
28638;49.25,138;167.5,262.5;231,22.75;327.75,274.75;44.25,24.25;195.5,5.25;205.75,215.75;276.5,295.5
45325;49.25,138;138.5,266.25;231,22.75;358,275.25;23.5,28;195.5,5.25;220.5,165.75;237.75,317.25
37666;69.5,113;147.5,240.75;231,22.75;358,275.25;23.5,28;163,31.25;184,160.75;201,322.75
23620;52.5,75.25;152,237.25;249,19.5;360.75,259.5;13.75,17.5;150,30;184,160.75;201,322.75
35447;52.5,75.25;162,274.75;249.5,19.75;324.25,260.5;13.75,17.5;162.75,60.25;212.25,175;241,291.75
3175;29.5,56.25;162.25,273.75;249.5,19.75;348.25,215;10,7.75;141.5,87.75;212.25,175;241,291.75
21673;36,65.75;162.25,276.25;274.25,61;349.25,199;10,7.75;162,92.75;240,219;241,291.75
25708;52.25,54.25;169.25,227.5;293.5,14;359.25,175.5;21,30;202,98.25;240,219;241,291.75
48528;93.5,57.5;174.25,278.25;263.5,24.25;368.25,147;21,30;239,61;240,219;241,291.75
45649;93.5,57.5;174,289;289.25,72.5;368.5,146.75;14.25,39;236.75,80.75;240,219;288.5,288.25
10254;73.75,44.5;172.5,289.75;292,111.75;368.5,146.75;29.5,34.25;202.75,107.5;240,219;251,276.25
20419;38.75,64.25;170.5,306.25;249.5,102.25;357.5,101.25;77.25,34;202.75,107.5;219.25,247.5;251,276.25
36684;38.75,64.25;203.5,310.75;249.5,102.25;357.5,101.25;83,72.75;168.25,104.75;246,261.5;290,279
5641;38.75,64.25;202,307.5;250,101.5;328,89.75;53.5,79.75;168.25,89.25;246,261.5;278,269.75
6060;42.5,107.25;204,311.75;275,102.25;328,89.75;82.25,110;189.5,54.25;245,256.75;278,269.75
22177;35.25,78;200.75,315.75;279.5,74.25;357,102.75;82.25,110;200.5,15;245,256.75;278,269.75
15343;70,96.75;220.25,267.75;324.25,62.5;357,102.75;119.75,102.25;199.25,14.75;212.25,276;278,269.75
41570;70,96.75;240.25,257.75;332.75,14.75;366.25,71.75;119.75,102.25;199.25,14.75;218.5,297;283,267.75
7630;65.25,75.75;259.25,229.5;317.25,32;366.25,71.75;87.5,105.75;142.75,29.5;219,297.25;283,267.75
33356;94.5,102.75;308,218;311.25,67.5;354.5,97.25;87.5,105.75;142.75,29.5;237,254;305.75,295.5
34009;135.75,126.5;292.25,245.5;335.25,77.25;354.5,97.25;54.25,129;187,24;235.75,254.25;305.75,295.5
44081;178.75,138.5;291.75,245.75;322.5,58.25;352.75,98.75;54.25,129;187,24;253.25,248.75;305.75,295.5
15225;186,144.25;330.5,216.25;345.5,18.5;352.75,98.75;55.75,171.25;187.5,19.75;225.5,199.5;305.75,295.5
48674;193.75,101.5;338.75,197.25;339,44.75;360.5,135.75;55.75,171.25;187.5,19.75;233.75,156.5;305.75,295.5
45966;248.25,72.75;338.75,197.25;346.75,32.25;363.5,121.25;55.75,171.25;158.25,30.75;281.75,143.25;346,291.5
922;278.25,33.5;293.75,211;324.75,37;363.5,121.25;58.5,166;147,92.5;281.75,143.25;343,289.25
4905;260.5,59.25;295.75,264;301.5,52.25;363.5,121.25;58.5,166;147,92.5;300.25,170.5;322.75,320.5
29371;248.25,20.75;251,260.25;328,66.25;363.5,121.25;78,120.5;150.5,52.5;286.25,133.75;322.75,320.5
8736;248.25,20.75;275.25,249;328.25,66.75;352.25,160.75;26.25,104.25;155,88.25;301.5,187.75;322.75,320.5
4748;214.25,21.75;300,213;321.5,104;345.25,165;26.25,104.25;167.75,50.5;301.5,187.75;322.75,320.5
5627;224.5,53;300,213;357.5,98.75;359,135;27.5,101.75;167.75,50.5;260,216;288,300.25
49719;225,55.25;298.75,164.25;357.5,98.75;359,135;62.5,91.75;167.75,50.5;245.25,189.5;255,288.25
44250;225,55.25;298.75,164.25;332,89.25;359,135;81.25,125.25;152.25,28.75;282,175;282.25,259.25
23545;225,55.25;290.75,114;293.75,104.5;324,125.25;54.5,115.75;152.25,28.75;282,175;282,255.75
7753;228.5,30.25;279.25,103.5;292.5,113.25;315.5,111.5;102.75,108;152.25,28.75;282,175;282,255.75
17081;194.25,58.25;279.25,103.5;293.5,134.5;296.25,165.75;102.75,108;196,65.5;232.5,193.25;282,255.75
22026;193.25,58.25;257.25,82;283.5,102.25;296.25,165.75;79,131.75;193.25,20.75;232.5,193.25;255.25,288.5
23990;166,48;282,56;285.5,73.5;296.25,165.75;84.25,140.25;193.25,20.75;228.25,230.75;253.75,288
34667;165.25,46.75;272,57.5;278,74;296.25,165.75;84.25,140.25;215.75,63.25;227.75,189.75;299,316.25
11588;174,35.25;270.5,23.25;273.25,73.5;301.75,164.5;84.25,140.25;217.25,41.75;227.75,189.75;314.75,314.25
17451;174,35.25;271.5,19.75;309.75,57.25;315.5,150;60,198.75;164,30;227.75,189.75;312,315.75
44002;123.5,17;271.5,19.75;283.5,101.5;285,105.25;15.75,173.75;164,30;249.75,174.75;312,315.75
30579;107,67.5;244,18.25;269.5,101.75;285,105.25;15.75,173.75;164.25,49.5;266,180;315,309.75
24258;107,68.5;221,62.25;266.25,134.25;285,105.25;67.75,186;210,48.25;234.25,156.5;315,309.75
41639;103.75,81.25;254.75,85.75;261.5,111.25;267.5,79.25;67.75,186;209.25,47;234.25,156.5;315,309.75
6344;120,42.25;228.25,130.25;235,146.25;277,34;67.75,186;198.25,86.25;234.25,156.5;315,309.75
18575;119.5,42.5;224.75,136.25;241.5,168;277,34;69.25,168.75;183,43.75;261,184;315,309.75
2463;86.25,84.25;243.75,173.25;252.5,153.25;277,34;69.25,168.75;141.75,7.75;208.75,175.25;347.25,320
7375;72.5,140.75;211.5,203.5;252.5,153.25;277,34;95.5,137.25;140.25,5.25;266.5,192.25;356.5,287.75
27823;57,171.25;252,217.75;273.75,150.25;277,34;65.75,97.25;140.25,5.25;266.5,192.25;348.25,277.25
20439;26.25,156.5;240.75,251.25;273.75,150.25;276,39.25;66.5,95.25;140.25,5.25;275,236;348.25,277.25
13481;51,172.25;226,253;273.75,150.25;276,39.25;48.75,52.5;140.25,5.25;276.25,235.25;339.5,314.5
2452;36.25,189;225,248.75;273.75,150.25;317,58.75;74.25,28;166,35.5;275.25,235;339.5,314.5
29297;41,181.25;225,248.75;273.75,150.25;295.25,74.75;91.5,5;144,12.75;275.25,235;353.25,276.5
43989;64.75,202.75;189.5,253;266.75,105.75;290.5,127;103.25,7.75;144,12.75;275.25,235;353.25,276.5
28906;64.75,202.75;152.25,226;293.25,72.25;295.5,136;86.5,25.25;156.5,29.75;276.25,235.25;353.25,276.5
45393;96.25,212.25;167.25,240.75;293.25,72.25;336,151.25;100,34.25;156.5,29.75;276.25,235.25;326.75,312.25
44278;96.25,212.25;167.25,240.75;282,54.75;302.25,156.25;71,32.5;127.25,41.25;276.25,235.25;307,306.75
11537;96.25,212.25;162.25,220.5;249.25,36.25;311.75,154.5;100.5,15.25;161,50.25;275.25,235;307,306.75
48452;102,256.5;136.25,200.25;270.25,2.75;357.25,166.75;81.5,25.75;161,50.25;275.25,235;307,306.75
39462;68.5,209.25;139,224.75;270.25,2.75;317.5,149.75;81.5,25.75;144,44.75;303,195.75;332.5,265.75
25337;68.5,209.25;142.25,184.75;216.75,15.25;274.5,129.5;77.5,56.5;144,44.75;305,238;323.25,264
15483;25.25,203.75;160.5,170.75;217.25,13.25;274.5,129.5;87.75,26.25;144,44.75;304.75,204.25;334.75,294
6027;25.25,203.75;160.5,170.75;217.25,13.25;254,92.5;116,46;132.5,72.75;264.25,225.25;326.75,312
38569;42.75,243.25;163.5,183.75;209.5,63.5;285.25,55.5;116,46;132.5,72.75;272.25,183.75;326.75,312
46170;42.75,243.25;207.25,169.75;209.5,63.5;269,24.75;90,30.5;129.75,78.75;242.25,163.25;326.75,312
40717;66.75,243;207.25,169.75;213.25,34.25;263,26;42,68;170.25,50.5;252.5,133.75;326.75,312
2841;87,256.5;226.5,183.5;246.75,19.25;269.75,18;10,99.75;170.25,50.5;252.5,133.75;326.75,312
6900;87.5,300.75;226.5,183.5;257,53.25;270.5,13.75;51.25,80;170.25,50.5;214.75,106;278.25,287.25
1805;117.5,283;256.75,154.25;257,53.25;296.75,36.5;51,77.5;170.25,50.5;226,150.5;238,320.5
13468;117.5,283;265.75,173.25;271.5,103;308.5,52;94.75,65.25;137.75,12.5;224,151.25;238,320.5
40709;171.25,262.5;265.75,173.25;271.5,103;326.75,39;120,74.5;140.75,20.75;213,189.25;237.25,318.75
1012;171.25,262.5;276.75,149.75;277.75,144;303.75,56.5;119,78.75;140.75,20.75;222.75,214.5;233.5,274
29935;172.75,226.5;276.75,149.75;325,152.75;344.25,22.75;140.25,71.75;140.75,20.75;223.25,214.25;262,254.25
25435;139.25,240.5;276.75,149.75;325,152.75;344.25,22.75;145.5,76;176.75,39;192.5,176.5;265,214.25
33555;160.5,223.25;277.25,142.25;325,152.75;360.75,35;145.5,76;204.75,68;221.75,140.25;259,215
25119;160.5,223.25;270.5,132;296.5,131.5;324.25,62.5;145.5,76;220.25,55.5;239.75,128.25;259,215
33659;160.5,223.25;270.5,132;283.5,105;323.5,60.5;184.25,69.25;247.5,88.25;282.25,111.25;301.25,224
11206;153.5,222.75;246,167.75;255.25,120.5;272.75,70.5;197,85.5;247.5,88.25;280.5,111;301.25,224
29132;153.5,222.75;203,168.25;256.75,144.5;306.75,111.25;161.25,87.25;249.25,77;280.5,111;301.25,224
48269;144.25,265.25;203,168.25;306,163;330.5,135.5;130.75,107.5;249.25,77;272.25,157.75;301.25,224
22418;144.25,265.25;218.25,202;305.75,163.5;364,170;151,92;249.25,77;260.25,201.5;275.5,194.5
13636;124,282;218.25,202;338.25,150.5;364.5,169.5;135.5,97.75;248.5,133.75;249,226;275.5,194.5
33580;124,282;161.5,194;317,141.25;360.5,120.5;128.5,124.25;248.5,133.75;270.25,180.25;312.75,194.75
10514;109.5,310;148,226.5;317,141.25;360.5,120.5;114,140.5;261,121;270.25,178.25;322.25,162.25
45444;109.5,310;126.25,246.5;317,141.25;355.5,122.75;109,162.5;261,121;286,195.75;318,139.25
43452;109.5,310;138.5,223.25;301.25,119.5;337.5,103.5;114.75,161;261,121.5;286,195.75;358,167
42742;114.75,314.5;157.5,194;301.25,119.5;337.5,103.5;89.75,152;261,121.5;272.25,194.75;334.75,204.75
45943;115.25,308;204,186;277.75,159.25;337.5,103.5;89.75,154;215.5,142.5;289.5,185.5;334.75,204.75
8030;96.5,314.25;180,211.75;262.25,133.25;334.75,80.5;89.75,154;180.75,169.5;289.5,185.5;334.75,204.75
36122;113.75,304.5;175.5,161;272,103;324.5,94.5;89.75,154;173.5,198;289.5,185.5;359.75,227.5
7132;77.5,286.5;192.5,152.5;274.5,149.5;298.25,115.5;125,127.25;173.5,198;289.5,185.5;360.25,227.25
35049;38.25,285.25;230.75,169.75;269.5,113.5;274.5,149.5;125,127.25;143.75,223;282.5,173;360.25,227.25
33316;57.75,281;265.75,173.75;276.75,75.25;281,180.5;125,127.25;143.75,223;270.25,218.25;330,191
43445;87.25,286.25;265.75,173.75;276.75,75.25;284.75,182.5;125,127.25;144.75,193.75;254.25,251.5;338.75,199
24986;96.75,248.5;265.75,173.75;274.25,65;279.5,232;88,107.25;133.5,198.5;254.25,251.5;321.75,162.75
13155;123,254.25;226,183;242,70.25;310,255;88,107.25;150.25,202.25;253.5,249.25;321.75,162.75
46213;89.25,228;196,215.5;242,70.25;309.75,255.5;68,80.5;150.25,202.25;279.25,264.75;321.5,124.25
15456;49,243;204.75,261;242,70.25;311,255.5;34.5,85;147,202.25;279.25,264.75;315.5,101.5
28760;49,243;237,270;271.5,33.5;300,207;35.5,81.25;150.75,174.75;280.75,262.75;315.5,101.5
3134;49,243;231,236.75;263,33;300,207;55.75,41.75;160.25,132.5;275.75,306;333.25,60.5
44606;49,243;231,236.75;239,22.5;336.5,178.25;60,6.5;186.25,97.25;275.75,306;342.25,80.5
38663;49,243;215.75,252;259,19;295.75,164.25;59.25,6.75;186.25,97.25;327.5,312.5;346.5,80.75
33445;49,243;216.25,252;257.75,19.75;270.25,125.25;70.5,28.5;152.25,81;327.5,312.5;366.25,82
950;64,229.5;225,248.75;262.75,61.75;267,102.25;90.5,54;202.75,95.75;327.5,312.5;366.25,82
20182;43.5,182.75;225,248.75;229,30.5;294.5,71.25;83.75,81.75;241.5,132.25;325.25,321.25;366.25,82
42207;1.25,182.25;225,248.75;229,30.5;275.25,61;60.25,95.75;279.5,142.75;295.5,294;365.75,81.25
43664;25.75,183;224.25,235.5;229,30.5;248.5,82;60.25,95.75;279.5,142.75;292.25,296.75;348.5,23.75
32623;51,216;224.75,206.75;259.25,71.75;265,110.25;59.5,95.25;279.5,142.75;292.25,296.75;320.75,52.75
47020;89.5,238;224.75,206.75;266.25,94;294.75,114.25;79.5,80.75;238,144;292.25,296.75;300.5,61.25
48392;89.5,238;220.5,218.75;266.25,94;301,115;37.5,48.75;238.5,91.25;249.25,291.25;312.75,18.75
43071;49,249;197.5,230;295,54.25;301,115;67.5,42;237.25,90.25;249.25,291.25;269.75,12.75
3137;49,249;198.75,236;295,54.25;296.25,89.75;49.75,4;237.25,90.25;244,294;253,11.5
40542;85,221.75;153.25,226.75;271.25,74;296.5,71.75;3.25,13.25;243.5,72;244,294;253,11.5
45447;62.25,249.5;152,230;246,75.5;250.25,80.75;8.75,33.25;243.5,72;244,288.75;253,11.5
36761;41.5,206.5;152,230;248.75,74.25;250.25,80.75;44.25,24.25;243.5,72;267.75,252.5;301.5,46.25
16457;47.25,241;152,230;231.5,90;248.75,74.25;31.5,15.5;249.75,102;267.75,252.5;337.5,80.5
20063;28.75,229.25;181.25,205.5;231.5,90;237.5,34.5;31.5,15.5;215.5,118.25;247,219.5;309.25,76.5
48100;28.75,229.25;156.75,240.75;232.75,127.5;270.5,32.5;37.25,40.5;215.5,118.25;247,219.5;286,98.5
13332;35.5,237.75;156.75,240.75;269.75,129.75;301.5,53;37.75,39.5;225.75,79.5;247,219.5;266.75,76.5
28466;59.5,238.5;144,224.25;321.75,123;332.75,31.5;37.75,39.5;198.5,85.5;247,219.5;262.5,80
45211;59.5,238.5;144,224.25;288,142.5;356.75,8.25;36.75,39;164.75,96;291.5,220;301.5,109.75
31989;40.75,239.25;140.5,227.75;292.75,110.5;332.75,3.75;36.75,39;155.75,117.75;291.5,220;301.5,109.75
41283;11.25,241.5;140.5,227.75;282,138.5;341.25,23;36.75,39;155,117.25;291.5,220;291.75,105
46313;16.25,265;140.5,227.75;282,138.5;357.75,7.75;36.75,39;127.25,77.75;291.5,220;300.75,62.5
15087;15.25,267.25;140.5,227.75;282,138.5;358.25,7.75;11.75,3.75;93.75,64.5;274.25,195;278.5,56
13107;44.75,297;149.75,184;275.25,120.25;348,12.25;11.75,3.75;144.75,87.75;262.25,226.75;278.5,56
39740;51.75,286.25;160.75,186.75;264.25,97.25;316.25,30.5;48.5,4.75;144.75,87.75;239.25,264.25;278.5,56
50120;51.75,286.25;160.75,186.75;300.75,112.25;331.5,17.5;67.5,3.25;141.25,82.5;219.5,249;273.5,20.25
4807;35,284;161.5,186.5;300.75,112.25;332.25,31.5;67.5,3.25;167.75,89;214,255.25;245,29.25
10164;35,284;122.5,214;300.75,112.25;332.25,31.5;93.5,21;161.75,68.25;184,271.75;280.25,49.25
2501;34.75,286;90.75,214.5;255.5,108.5;332.25,31.5;77.25,31;179.75,95;184,271.75;232.5,42
27254;48,240.75;90.75,214.5;268.25,74.75;332,48.5;77.5,26.5;162.5,88.25;184,271.75;244,5.75
45039;45.25,215.5;90.75,214.5;311.75,52;324,94.5;33,31;163.25,84.75;184.5,251;244,5.75
32187;45.25,215.5;136.75,240.5;297.75,71.25;325.75,136.75;2.5,71.75;163.25,84.75;220.5,271;244,5.75
30790;22.5,176.75;136.75,240.5;283.75,54.5;290.5,161;15.75,44;163.25,84.75;213.25,296.25;244,5.75
28526;15.25,152.75;153.5,227.25;247.75,20.75;286.5,184.5;16.25,44;162.25,85.75;213.25,296.25;244,5.75
41122;34.5,188.75;156.25,254;277,34.5;318.75,208.75;16.25,44;162.25,85.75;169.5,303.75;244,5.75
598;41.5,229.75;155.75,255;264.75,18.5;299,210.5;7,70.25;162.25,85.75;184.25,302.75;244,5.75
8888;44.5,243;134,245.75;290.75,2.5;299,210.5;19.5,69.75;160.75,100;184.25,302.75;230.75,30.5
17703;44.5,243;182.75,238.25;290.75,2.5;307.5,211.75;8,112.25;162.5,100.25;171.5,303.75;194.5,5.75
37939;56,217.25;182.75,238.25;248,43;289.75,240.25;21.75,143.75;163,100.25;188.25,249;194.5,5.75
11242;56,217.25;146,238.5;248,43;289.25,253.5;5.5,171.5;163,100.25;191,239;230,4.75
497;25.5,181.5;120,257.75;277,2.75;289.25,253.5;20,155.75;162.5,100.25;186,226.75;230,4.75
29360;25.5,181.5;157.25,243.75;226.75,22.25;303,289.25;20,155.75;154.75,51.25;183.5,196.5;242.25,15.75
666;23,176.75;150.25,204;240.25,61.25;264.75,304.5;48,168.75;154.75,51.25;183.5,196.5;239.5,11.5
45331;25.75,155.5;133,191.25;240.25,61.25;280.75,296.5;58.5,163;184.25,41.25;195.75,176;239.5,11.5
11625;7.5,174;131.75,189.75;235.25,75.75;302.75,322.25;58.5,163;195.75,13.25;195.75,176;238.75,10.75
22544;8.25,145.75;132.5,189.75;229.25,41.75;285.75,319.25;58.5,163;149,7.75;195.75,176;213.5,6.5
15458;52.5,138.25;92.5,159.75;271.25,25.5;285.75,319.25;58.5,163;161.75,51.25;182.5,189.75;211.75,5.75
49931;49,189.5;133.75,156.25;271.25,25.5;285.75,319.25;58.5,166;166,104.75;169.75,185.5;211,6.5
224;49,189.5;145.75,146.25;271.25,25.5;281.5,322.5;87.75,179.5;139.25,121.5;167.75,187.75;253,24.5
19774;49,189.5;142,128.75;223.75,23;302.75,317.75;77,162.75;138.5,121.5;167.75,187.75;243.25,48.5
11563;63,170.5;160,177.5;185.75,19.25;298.5,318;78,197;138.5,121.5;167.75,187.75;243.25,48.5
40482;89.25,187;140,150;152.25,27.75;281.25,317.25;78,197;107.25,113.75;187,177.75;243.25,48.5
41139;45.25,198;133.75,128;184.5,48.75;249,312.5;78,197;121.5,111.75;187,177.75;243,48
45220;60,229.5;133.75,128;184.5,48.75;249,312.5;95.25,235.75;119.75,60.5;174,165.75;224.75,49.25
12701;12.75,240.5;132.75,166.75;217,4.25;250.75,313;59,202.5;122,40.25;174,165.75;224.75,49.25
44724;11.25,241;132.75,166.75;179.5,36.75;250.75,313;35.25,217.5;119,62.5;200.25,156;211.75,48.75
33970;34.5,239.5;177.5,149.25;179.5,36.75;273.25,322.25;23,179.75;132.75,107;200.75,155.75;211.75,48.75
12048;40.5,296.5;167.25,98.75;179.5,36.75;298.25,321;60.75,203.25;100.75,66.5;200.75,155.75;211.75,48.75
37553;40.25,297.25;152.25,52.75;211.5,51.75;334.5,282.25;60.75,203.25;84.25,81.75;200.75,155.75;251.25,11
40357;52.25,321.75;152,33.25;216.25,77;335.25,282.5;55.5,174.75;87.25,72;200.75,155.75;251.25,11
4071;18.75,308.5;152,33.25;242,118.75;287,277.5;70.75,169.5;81.25,72;214.25,191;251.25,11
43940;22,308.5;145.5,19.5;235.5,127.5;282,320.5;70.75,169.5;108.75,78.25;214.25,191;251.25,11
28290;42,281;144.5,17.25;272.75,133.75;307.75,318.75;70.75,169.5;111.75,76.75;214.25,191;248.5,16.5
4111;42,281;144.5,16;290.25,147.5;309.5,321.25;86.25,189.25;111.75,76.75;221.25,172.5;245,28.25
7378;42,281;144.5,16;267.5,105.75;309.5,321.25;119.75,228;144.5,110.75;210,144.25;255.5,17.25
8172;42,281;184.25,22;248.25,117.25;309.5,321.25;95.75,231.75;169.5,104.5;210,143.5;271,34.5
37774;42.5,281;181.5,5.75;267.25,84;309,294.5;95.75,231.75;169.5,104.5;252.75,145.5;273.5,17.5
39028;18,285;181.75,6.25;267.25,84;318.25,250;95.75,231.75;145.75,91.25;244.25,131.75;282.5,11
23176;32,239.75;135.25,22.25;264.25,134.25;321.75,262.75;95.75,231.75;145.75,91.25;207.75,117.5;281.25,12
23337;32,239.75;116.25,16.75;264.25,88;292.25,240.25;116.5,252.5;145.75,91.25;215.5,142.5;281.25,11.5
23067;56,227.75;141.75,22;291,55.25;292.25,240.25;116.5,252.5;146.25,39.25;240.75,132.25;281.25,11.5
24634;56,227.75;104.75,5;291,55.25;292.25,240.25;90.5,281.25;96.25,33.5;253.5,132.25;254,41
33786;94.25,233;104.75,5;291,55.25;291.25,240;48.25,300.75;78.25,89.25;262,75.5;267.5,71
37926;81.5,228;104.75,5;267.25,55;338,267.25;11.75,270;78.25,88.75;267.5,71;297,114.5
2791;81.5,228;104.75,5;285.5,57.25;338,267.25;42.25,251;61.25,93.25;283.25,93.5;287.25,150.75
24376;61.25,209.75;116.5,25;303.5,78.75;334.25,301;42.25,251;84.25,137.25;284.75,96.75;287.25,150.75
223;34.75,238;120,22;294.25,114.75;334.25,301;55.75,290.25;111,144.5;270,76;287.25,150.75
13283;40.5,204.25;120,22;315,114;347.25,306;20,295.75;99.5,151.75;270.5,75.75;287.25,150.75
28647;40.5,204.25;120,22;285.25,74.25;347.25,306;43,310.25;89.25,189;226,95.25;325,138.75
2674;41.75,204;79.5,9.75;285.25,74.25;347.25,306;12,285;47.75,198.25;191,108;313.75,147.25
28053;2.5,177.5;109.75,12.75;273.5,122.5;344.5,320.25;12,285;48.5,198.25;191,108;351.5,142.75
46604;2.5,177.5;108.25,14.75;263.5,114.5;302,302;28,286;49,196.25;191,108;355.5,162.25
19713;3.25,178.75;108.25,14.75;263.5,114.5;302,302;36.75,310.25;49,196.25;202.75,108.25;341,210.75
1482;3.25,178.75;83,25.5;263.5,114.5;314.25,305.25;14,311.25;49,196.25;248,69.25;313,244.5
44922;26.75,195.75;82.75,26.5;263.5,114.5;315.25,306.25;14,311.25;22.75,228.75;225.75,48.75;358.5,232.25
29347;26.75,195.75;82.75,26.5;276.25,144.25;315.25,306.25;15.25,319;24.25,264.5;215.75,60.5;312,241
34830;4.25,207.25;114.25,68;270.25,133.75;315.25,306.25;24.25,266;42.5,308.25;171,48.75;312,241
46630;3.25,207.25;88.5,114.25;241,163;282.75,295;12.25,310.25;14,309;171,48.75;312,241
2176;3.25,207.25;91.25,148.25;220,132;270.25,244;12.25,310.25;46,284.75;142.25,81;269,274.25
47620;3.25,207.25;91.25,148.25;220.5,131.75;272.75,193.5;10.25,272.5;93,281.75;142.25,81;249.25,292.25
42575;3.25,207.25;105.5,136.75;229.25,109;279,169.5;10.25,272.5;93,281.75;143.75,48;231.25,284.25
26043;3.25,207.25;110.25,128;229.25,109;280,171.5;25.25,292.5;104.25,282.25;140.25,29.25;231.25,284.25
48068;16.5,178;133.75,125.75;224.75,147.75;280,171.5;18,271;104.25,282.25;164.75,25;241,275
15520;16.5,178;141.25,136.75;203,168;279.5,171.5;20,309.5;79.25,318.25;164.75,25;203.25,262.75
12267;57.5,171.5;141.25,136.75;182.5,176;304,163;49.25,317;92.5,284;186.75,6.5;203.25,262.75
43361;95.25,189.75;146.75,126.75;181.5,181.75;286.75,141.75;40.25,293;92.5,284;186.75,6.5;204.25,258.25
12617;101.75,207.5;165.5,136;181.5,181.75;241,169.75;12.75,317.5;100.25,264.25;186.75,6.5;204.25,257.75
21055;80,178.25;178.25,110.25;193.25,169.75;248.5,191.5;12.75,317.5;100.25,264.25;186.75,6.5;208.5,255.25
39273;80,178.25;178.25,110.25;193.25,169.75;249,191.5;46.5,309.75;127,224.5;171.5,52.75;237.75,217.25
37208;80,178.25;168.25,102.25;176.25,205;214,200.5;39.25,280.75;139.75,188;171.5,52.75;237.25,215.75
49111;80,178.25;168.25,102.25;176.25,205;228.5,244.75;26.75,248;139.25,190.25;185,44;286,227.75
11901;80,178.25;184.25,139.5;201.5,175.75;228.5,244.75;30.75,221.75;160,223.5;194,90.25;284,228
36853;80,178.25;184.25,139.5;201.5,175.75;222.25,294.25;29.5,183.75;188.25,251.5;205.5,91.5;299.5,246
36435;98.75,189;144.75,129;201.5,175.75;251.75,293.75;29.5,183.75;195.5,218;203.75,91.75;330.25,228.25
8400;69,230.5;180.5,141.75;201.5,175.75;251.75,293.75;33.5,124.25;185,175.75;203.75,91.75;300.75,196
9636;53.5,230;180.5,141.75;204.75,186.25;236.75,290.75;17.75,141.75;179.5,141.75;203.75,91.75;300.75,196
2776;35.25,217;180.75,114;204.75,186.25;255.75,293.5;17.75,141.75;156.5,171.5;203.75,91.75;347.5,175
31522;57.25,191.25;204.75,92;205.25,186.5;244.75,309.25;17.75,141.75;156.5,171.5;246.75,76.5;310.75,194.5
9244;29.75,229.25;155.25,91.5;208.25,166.25;244.75,309.25;6,143.75;155.5,172.25;246.75,76.5;303.75,237
5331;15.25,263.5;190,72.25;207,175;244.75,309.25;33.5,147.5;155.5,172.25;246.75,76.5;317.75,202.75
264;20.5,283.25;190,72.25;209.25,180.75;244.75,309.25;33,176.75;155.5,172.25;278.5,59.75;309.75,198
31016;69.25,293.5;149.75,58;250,183;256.75,304.5;33,176.75;147.5,168;272,17;309.75,198
28889;79.75,291;152.25,10;250,183;257,305;33,176.75;148,168;223.25,20;351.5,181.75
19203;43.75,267.25;125.25,33.5;250,183;301.25,321;20.5,128.5;148,168;224.25,67.5;352.75,185.75
22907;75.75,300;103.75,5;253,200.75;302.25,318;11.25,108.25;148,168;224.25,67.5;352.75,185.75
42196;63.25,313;70.75,34;247,167.5;302.25,318;27.5,98.75;108.75,189.25;224.25,67.5;352.75,185.75
50260;47.5,307;116.5,43.25;247.25,131.25;284,320.5;27.5,98.75;108.75,189.25;224.25,67.5;332.5,211.25
37039;27.5,298.75;102.5,87.5;262.25,135.25;284,320.5;26.75,99.25;122,198.75;257.5,85;332.5,211.25
46157;27.5,298.75;118.5,85;280.5,167.5;284,320.5;26.75,99.25;76,202.75;212,86;320,196.5
3339;28,298.75;112.25,71;280.5,167.5;322.75,305;25.25,69;76,202.75;219,123;317,217.75
8725;71,323.25;84.75,96.5;280.5,167.5;322.75,305;73.5,59.75;95.25,190.5;217.75,124.75;327,204.75
22058;37.25,305.25;74.5,141.5;284.25,192.5;322.75,305;60,10.5;94.5,191.25;217.75,124.75;290,170.5
18993;10,311.5;51.75,175.25;282.25,164;351.5,289.25;60,10.5;94.5,191.25;217.75,124.75;320.25,163.75
11724;12.75,302;51.75,175.25;265.75,172.25;351.5,289.25;45.75,49;94.5,191.25;183.25,161;319.5,219
23746;45,309;51.75,175.25;265.75,172.25;355.5,313;26.75,78.75;94.5,191.25;187,173.5;319,221.5
45371;45,307.25;51.75,175.25;265.75,172.25;345.25,277.75;47.75,75.25;94.5,191.25;182.25,164;343,187.25
22106;45,307.25;45.75,194;265.75,172.25;361.75,279.75;89.25,71.75;138.25,174.75;187,161.25;343,187.25
1667;45,307.25;57.75,238.75;235.75,203.75;355,317.75;93.75,49;137.75,174.75;182,105;343,187.25
49340;6.5,287;19.75,241.5;268,180.75;355,317.75;93.75,49;111.25,144.5;155,92.25;339.5,191.5
42758;6.5,287;19.75,241.5;257.75,238;355,317.75;72,41.5;109.5,144;204.5,95;295.75,233.25
49537;6.5,287;19.75,241.5;290.75,206.5;355,317.75;71.5,72.5;113,105.75;161,88.75;292,286.25
3219;6.5,287;19.75,241.5;290.75,206.5;336.75,266.25;60.25,40.25;87.5,108.5;141.75,43;239.5,292
2876;32.75,276.75;51.5,230.5;258,220;338,266.5;60.25,40.25;87.5,108.5;160.25,26;228.75,264.25
31811;29.75,273;53,202.75;222.25,199.5;337.25,267.25;27.25,57;87.5,108.5;160.25,26;225.5,255.5
21972;7,287;100.25,197.5;222.25,199.5;315.75,301.5;30,58.75;141.5,88.5;160.25,26;237,275.25
516;14.75,300.5;85.75,170.75;222.25,199.5;316,294.75;44.5,45.25;141.5,88.5;163.25,53;280,287.5
34381;16,300.5;33.25,158.75;226.25,202;317,319.25;86.25,16.75;163.25,53;164.5,82.5;280,287.5
14578;16,300.5;33.25,158.75;247.5,248.5;350,320;111.5,57.25;147.25,76.75;162.75,48.5;280,288.5
31537;16,300.5;33.25,158.75;247.5,248.5;346.5,288;149.5,80;150.5,50.25;160.75,96.5;336.5,288
26057;16,300.5;35,157.5;247.5,248.5;353.25,263.25;147.75,58.25;150.5,43.75;160.75,96.5;339.75,312.5
35687;16,303;41.75,145.25;247.5,248.5;344.75,230;107.75,105.5;120.75,47.5;130.75,46;339.75,312.5
32572;16,287;41.75,145.25;212.5,240.75;344.75,230;107.75,104.75;170.75,9;177.5,28;310.25,298
8139;16.75,286.5;91.75,139.5;155.5,227.5;344.75,230;95.25,64.5;156.75,34.75;199.75,65.5;310.25,298
37860;26,241;91.75,139.5;143.5,226.25;326.75,205.5;61,43;137.5,47.25;198.75,84;310.25,298
45330;52,229.25;86.25,107.5;142.25,184.75;326.75,205.5;61,43;154.5,62;204.75,99.75;311.5,297.75
47476;52,229.25;67,75.75;139.25,184.25;343.25,209.5;64,42.25;153,87.5;186,62.5;311.5,297.75
36314;52,229.25;75.5,103.25;139.25,184.25;344,209.5;55.75,78.5;116,115.25;151,48.25;352,313.25
11400;40.75,207.75;84,84.75;137.25,225.5;365.75,210;55.75,78.5;116,115.25;152.25,7.75;352,313.25
5693;2.75,226.25;128,45.5;137.25,225.5;364.5,246;55,81.25;81,110.5;144.75,29;352,313.25
12666;2.75,226.25;128,45.5;188.5,207.75;364.5,246;33.5,133.25;91.75,160.5;158.75,32.25;353.25,265.25
4345;2.75,226.25;129.75,44.25;188.75,208.25;351.5,289.25;19,118.75;97.25,183.5;158.75,32.25;343.25,260
38644;2.75,226.25;90.75,65.25;169.25,229.5;320.25,301;21.5,142;76,148.75;160.75,74.25;343.25,260
9586;11.75,190.75;90.75,65.25;154.5,235.25;301.5,270;20.25,143;76,148.75;169.25,53.5;347.25,292
39981;15.25,170.75;69,67.25;187.25,249.25;278.5,284.25;20.25,143;106.75,162.25;169.25,53.5;347.25,292
39557;3.75,158.75;40.5,76;158,214.75;279.75,310.5;20.25,143;81,203.5;170,28;347.25,292
44364;3.75,151.5;74.75,86;158,214.75;279.75,310.5;21,118.25;83,212;169.75,30.25;325.25,274
33910;3.75,151.5;108.5,108.5;154.75,247.25;279.75,310.5;22.75,124;64.75,177.5;182.75,40;325.25,274
36716;3.75,151.5;108.5,108.5;156.25,226.25;281,322;37,77.25;67,149.75;182.75,40;342.25,277.25
23271;2,193.25;153.75,126;156.25,226.25;281.75,322.25;8.25,39;48.25,121.5;181.25,40.75;342.25,277.25
49441;39.5,181.5;109.25,123.25;162.5,187.75;281.75,322.25;11.5,18.5;48.25,121.5;181.25,41.75;342.25,277.25
16223;69,171.25;109.25,123.25;188.5,229.25;305.25,303.5;15.25,20.75;48.25,121.5;167.75,52.5;346.25,276.5
13658;69,171.25;130,96.25;239.5,216.5;311.25,319.25;15.25,20.75;48.25,121.5;154.75,51;353.25,287.25
8067;68.5,172.5;88.75,107.5;277.5,248;311.25,319.25;12.75,3.25;50.75,135.75;204.75,41;353.25,287.25
49883;68.5,172.5;87,115.75;272.5,261.5;291.5,320.25;12.75,3.25;50.75,135.75;185.5,70.75;353.25,287.25
1542;68.5,172.5;135.5,149;299.75,318.75;319.75,303.75;12.75,3.25;51.25,137.25;146.75,51.25;364.75,264.75
31672;100.5,191.75;135.5,149;273.5,294;355.25,289;13.5,12.5;90.5,153.75;153.25,6.5;364.75,264.75
16791;54.5,217.5;93.25,178;273.5,294;340.5,313;6.25,5;89.75,154;106.75,10.75;364.75,264.75
50335;86.25,187;101,241;297.25,302.25;340.5,313;57.25,40.25;84,196.75;117.5,71.5;364.75,264.75
16786;53.25,153.75;106.75,246.5;283.5,261.75;340.5,313;47,87.5;104,197.5;117.5,71.5;354.25,290.25
21699;79.75,130.25;113.75,223.5;288,259;356.25,304.5;14.5,71.5;104,197.5;108,112.75;354.25,290.25
2752;74.25,96;152.25,205.25;280.25,284;336.75,311.25;14.5,71.5;87,163.75;108,114;354.25,290.25
124;74.25,96;150.75,204.5;303.25,264;341,270.25;14.5,112.25;94.75,189;108,114;320.75,261
37203;108.5,59.5;177.75,171.75;298.5,251.5;365.75,309.75;14.5,112.25;94.75,189;108,114;304,279.75
38861;109,59.5;177.75,171.75;257,267.5;352.25,275.5;18.75,158.75;113.5,198.5;154.25,91.75;304,279.75
14104;129.5,28;205.75,174.5;280.75,295;356.75,231.25;18.75,158.75;117.25,201.5;149.75,88.75;304,279.75
10555;108.5,25;221.25,158.5;280.75,295;356.75,231.25;3.5,128;118.25,201.75;186.25,87.5;323.75,264.5
26719;143,21;220.5,158.5;267.75,301;356.75,231.25;3.5,128;154.5,202.75;171,98.75;324.75,265
35230;143,21;207.75,185;269.25,273;356.5,230.25;3.5,128;154.25,204;156.25,82;338.25,230.25
33597;149.25,55.5;208.25,185.25;221.75,259;311.5,229.75;3.5,128;120.25,194.5;139.25,107;338.25,230.25
15880;184.5,61.25;208.25,185.25;241,225.25;311.5,229.75;30.75,146;145.25,226;167.25,147.25;353,179.75
23415;184.5,61.25;203.25,232.75;225.5,183;310.25,229.25;30.75,146;150.25,251.75;185,173;321.5,136.75
23850;195,107.25;200.75,232.75;225.5,183;355.5,255.25;83,155;127.25,228.75;185,173;316.25,138.75
43970;163.5,124.25;200.75,232.75;226.75,156.5;355.5,255.25;47.25,166;127.25,228.75;213.25,173.5;316.25,181.25
16226;130.25,89.75;172.5,234.25;228.25,153.75;355.5,255.25;64.5,210.5;127.25,228.75;172.25,161.5;268.25,188
29058;139.5,90.25;172.5,234.25;238.75,145;360.25,245.5;57.5,211.5;161.75,226;172.25,161.5;247,219
20076;139.5,90.25;146.75,224;194,137.25;361,208.5;56,213.25;140.25,195.5;188.5,197.75;247,219
5737;139.5,90.25;146.75,224;193,140;357.5,213.75;82.5,167.75;116.5,214.75;166.5,225.5;247,268.75
28885;139.5,90.25;182.25,254;204.75,168.75;357.5,213.75;82.75,163.25;133.25,198.75;142.25,248.75;208.75,277
23463;123.75,122;148,224.5;160.5,164;326,259;91.75,131;133.25,198.75;152.75,273;208.75,277
26634;92.75,176;104.5,248.5;174.75,220.25;325.75,241.5;70.5,118.75;133.25,198.75;152.75,273;211.25,276.5
17903;60.5,161;104.5,248.5;139.75,227;359.5,277.75;57.5,92.25;140.25,195.5;152.75,273;229,255.5
9159;35.5,197.25;86.75,227.25;139.75,227;361.5,277;44,139.25;141.25,197;185,241.75;229,255.5
4435;37,207.5;86.75,227.25;177.25,240.75;364,290;44,139.75;125.25,194;185,241.75;262.75,241
7881;67,230.75;96.25,193.25;161.5,240.75;364,290;54.5,130.5;125.25,194;194.25,247.5;247.25,237.25
10292;19,232;86.25,212.75;133.75,245;327.5,278.25;54.5,130.5;125.25,194;194.25,247.5;256.75,188
44051;19,232;70.5,177.75;158.25,267;310.5,263.75;76.5,170.5;125.25,194;194.5,244.5;278.25,186
32141;19,232;33,189.25;126.5,291.5;286.25,273.5;73.75,173.75;125.25,194;161.25,224.5;266.5,221.5
6874;19,232;25.5,166.75;127.5,287;307.5,318.75;95,151.75;125.25,194;204.75,250.75;260.25,222.5
43409;34.75,234.75;56.25,153.75;97.75,248.5;307.5,318.75;95,151.75;125.25,194;176.25,239;232,257.25
5153;61.5,249.75;85,184.25;96.75,247;285.25,320.5;111.75,122.75;125.25,194;176.25,239;232,264.25
16331;15,222;125,202.5;140.75,264.75;285.25,320.5;108.75,67.25;125.25,194;194.25,239.75;236.75,230.75
2515;58.5,245.5;125,202.5;176.5,228.5;307.75,319.25;71.5,46.25;151,189;194.25,239.75;237,231.75
12276;24.75,227.25;128.5,208;176.5,228.5;307.75,319.25;69.75,46.5;187.5,226.75;229,274;240,214.5
19414;2.75,195;133,214;167.5,226;307.75,319.25;71.5,48;157,221;235,309.75;240,214.5
25320;30.5,208.75;137.25,184.75;162.75,213.25;362.25,315;117.5,61.25;157,221;235,309.75;238.25,216.25
21608;42.5,188.75;105.25,196.5;152.5,227.25;356.75,274.25;94.5,20;157,221;235,309.75;237.25,215.75
50118;54.5,170.25;104.5,197;152.5,227.25;356.75,274.25;94.5,20;127.25,259;186.5,305.25;224.25,166.25
25872;54.75,172.5;96.5,230;172.75,234;356.75,274.25;94.5,20;138.75,235.25;166,303;186.5,197.5
24253;27,178.25;119.75,265.75;151.75,227.25;342.5,251.75;94.5,20;139.5,235.25;166,303;218.25,217.75
49480;73.5,188;118.75,266.25;136.5,227;349.25,277;94.5,20;119.5,274.75;144.25,270.25;218.25,217.75
47516;71.5,176.25;137.75,316.25;170.25,202.75;349.25,277;94.5,20;103,307.75;106.5,273.25;220,217.75
13485;97,188;175,316.25;176.25,212.75;349.25,277;77,3.75;106.5,273.25;151.25,319.25;219,217.25
26144;86.5,223.5;160.25,278.25;176.25,212.75;360,261.75;77,3.75;90.5,319.25;141.75,272.25;220,217.75
45835;86.5,223.5;158.75,276.25;176.25,212.75;360,261.75;86.25,31;109.5,317.5;186.75,236.25;187.25,175.5
49606;86.5,223.5;116.25,314.5;155.25,226.25;360,261.75;78,80.25;109.5,317.5;148.25,261.75;175.25,172.75
49210;85.5,182;116.25,314.5;160.5,180.75;360,261.75;35.75,105.25;90.5,281.5;148.25,261.75;163,162.5
13015;85.5,182;116.25,314.5;203.25,168.25;344,279;3.5,68.75;103,282.25;148.25,258.75;158.25,145.5
43006;66,208.75;80.75,321.5;194.5,135.25;344,279;3.5,68.75;103,282.25;152,303.25;158.25,145
40534;35.25,243.25;81.75,320.75;180,87.5;363.75,316.25;19.75,36;103,282.25;152,303.25;174.25,160.75
25956;35.25,243.25;81.75,320.75;132.75,77.25;363.75,316.25;10.5,54;138.25,287.25;154,319.25;174.5,162.75
32170;32,240.25;80.5,320.5;87,93.5;362.5,289.75;20.25,19.5;110.25,294.5;154,319.25;174.5,162.75
38482;81,263.25;85.5,303.25;138.75,89;362.5,289.75;22.75,15.25;111.5,261.25;154,319.25;182.75,165.5
45069;90.5,303.25;102,315.5;138.75,89;364.75,247.75;22.75,15.25;122.25,280.75;195.25,322.25;210.75,182.5
8852;90.5,303.25;151.75,296;154,108.25;364.75,247.75;3.25,5.25;122.75,281.5;156.75,318.75;211.5,183
29120;90.5,303.25;151.75,296;152.25,50.5;364.75,247.75;19,44;76.75,249;121.5,273.25;225.75,184
43515;75,275.5;151.75,295;200,56.25;364.75,247.75;7,52.25;75.5,249.5;121.5,273.25;245,174.5
5101;85.25,320.25;151.75,295;178,19;333.5,256.5;18.25,10;87.5,249.25;112.75,224.5;245,174.5
4251;94.75,300.25;118.25,292;220,56;305.75,304.25;18.25,10;86.75,248.5;112.75,224.5;230.25,184.5
44244;141.5,309.75;149.25,271.25;181.5,35.5;305.75,304.25;18.25,10;86.75,248.5;120.25,185.25;230.25,184.5
4718;141.75,309.25;173.75,229;174.5,69.5;302.5,307;19.25,16.5;104.5,273.5;120.25,185.25;230.25,184.5
48406;141.75,309.25;173.75,229;174.5,69.5;245.75,301;19.25,16.5;115.25,227.75;116,214.75;216.5,184.5
14232;166,299.75;173.75,229;174.5,69.5;200.25,288;3.5,2.75;110,276.75;118,210.5;212.25,186.5
17394;118,273;154.5,259.5;174.5,69.5;212.5,278.75;3.5,0.75;76,268.5;91.25,220.25;212.25,186.5
49286;86.75,248.25;154.5,259.5;206,40.5;209.5,309.5;3.5,0.75;86.75,301.25;91.25,220.25;231.5,152
3568;86.75,248.25;163.25,240.75;196.5,38.5;251,287.75;3.5,0.75;73.75,296.5;107.75,264.25;231.5,152
14877;100.25,250.5;177.5,218.5;182.5,47.5;251.25,289.5;3.5,0.75;73.75,296.5;146,254.25;255.25,132.75
305;127,243.75;177.5,218.5;182.5,47.5;282.75,295;3.5,0.75;109.25,292.5;184.75,252;220.25,152.5
25634;130.75,213;168.75,226.5;182.5,47.5;261.75,273;3.5,0.75;113.75,276.75;184.75,252;202.75,108.5
21491;153.75,231.75;154.25,213.25;192.5,37.75;221,301.5;3.5,0.75;138.75,286.5;184.75,252;202.75,108.5
38946;153.75,231.75;158.75,157.25;173.5,19.25;221,301.5;3.5,0.75;107,237.25;207.75,264.75;244.25,69.25
15315;168,212.75;171,162;216.25,21.75;251.25,279;3.5,0.75;107,237.25;242,229;244.25,69.25
13840;200.5,169.25;209.25,202;255.25,63.75;256.25,263.75;3.5,0.75;107.75,243.25;222.5,275;244.25,69.25
40543;207.25,185;226,236.25;264.25,97.75;289.5,318;3.5,0.75;116,215.75;222.5,275;244.25,69.25
20141;240.25,191;256.75,194.25;293.5,53.5;293.75,320.25;3.5,0.75;168.25,195.75;222.5,275;244.25,69.25
46199;231.25,208.75;291.5,206;293.5,53.5;319.25,300;3.5,0.75;193.5,177.25;219.5,246.5;244.25,69.25
41264;231.25,208.75;305,167.5;331,17;334,248.5;3.5,0.75;172.5,151;219.5,246.5;265,104.25
41292;238.25,259.75;305,167.5;324,10.5;364.75,230.75;3.5,0.75;217.25,161;219.5,246.5;265,104.25
8037;224.25,207.75;273,143.5;284.25,52.75;364.75,230.75;3.5,0.75;200.75,178;266,247.75;266.25,104.5
45491;221,246.75;269.5,106.75;283.25,54.5;359,278;12.75,2.75;153.75,179.75;266,247.75;266.25,104.5
45442;235,252.5;242.5,92.25;289.25,89.25;364,256;12.75,2.75;142.25,225;266,247.75;266.75,104.5
31315;221.25,229.75;257.25,84;266.75,134.25;315.5,258.75;12.75,2.75;168.25,196.75;266,247.75;266.75,104.5
8203;168,226.25;251,54.25;271.5,181;341.75,228.5;12.75,2.75;223.25,188.25;266,247.75;266.75,104.5
38532;143.25,195;226.25,40.25;269.5,168.75;321.75,264;12.75,2.75;223.25,188.25;265,245.75;290.25,84.5
101;134,213.5;226.75,40;290.75,164;352.5,230.25;12.75,2.75;223.25,188.25;284.75,219;289,79.75
11285;113.5,199.75;245.25,2.75;290.75,164;352.5,230.25;13.25,10.25;270,202.5;298.75,266.75;299.75,85.75
9906;95.75,176.25;277.5,26;303,113.75;353.75,255.5;13.25,10.25;217.75,184.25;299.5,265.75;299.75,85.75
2325;103.75,228.75;282,56.25;325.75,135.75;326,209.25;13.25,10.25;191.5,165.25;299.5,265.75;299.75,85.75
39931;103.75,228.75;286,55.5;319,115;348.75,198;51.25,7.5;206.25,159;268.75,240.25;299.75,85.75
39511;104.25,226.25;283.75,53.5;319,115;321.25,165.25;89.5,20.5;197.25,174.75;242.25,260.5;299.75,85.75
6782;104.25,226.25;310.75,37.5;313.25,130;334.75,132.5;113.5,10;189,175.25;242.25,260.5;299.75,85.75
34125;103,226.5;277.25,71.5;313.25,123;334.75,132.5;135.25,40.75;172.5,165.5;207.25,296.25;299.75,85.75
32433;56.5,241.75;243.5,77;273.25,143;334.75,132.5;144.75,29;154,174.5;207.75,297.25;299.75,85.75
47638;35,259.25;243.5,77;277.75,142;297.75,111;120.5,39.25;149.25,154.5;207.75,297.25;264.5,98
16221;29.75,213.75;267,111.75;271.5,105;278.25,65;120.5,39.25;148.25,153.75;207.75,297.25;264.5,98
26697;30.25,199.5;232.5,135.5;245.75,134.75;266.75,18;120.5,39.25;148.25,153.75;218,290.5;238.5,80.25
34422;16,176.75;232,136.5;271.5,169.5;282.75,26.25;120.5,39.25;162,202.25;225.5,290.5;238.5,80.25
10838;21,127.25;198.75,113.5;242,218.25;282.75,26.25;161.75,30.25;184,175.75;225.5,290.5;248.5,80.25
40734;19.25,126;150.75,90.25;225.25,237;312.25,25.75;161.75,30.25;174.25,142.75;225.5,290.5;299,57.25
40806;62.25,132;151.25,91.5;216.75,246.25;331.5,47.75;161.75,30.25;175.5,163.75;225.5,290.5;335,62.5
14959;62.25,132;113.25,120.25;181.25,234;359.5,40;161.75,30.25;212,172.75;236.75,283.25;340.25,79.5
20473;63.25,132;115.25,120.25;229.25,205.75;347.25,25;161.75,30.25;212,172.75;282.25,294;314.75,114.25
16076;78.75,126.75;163,97.75;244,216.75;301.75,53;161.75,30.25;197.5,218;271.5,271;314.75,114.25
23995;46.5,138.25;202.5,70;291.25,209.5;315.25,16.75;161.75,30.25;218.5,201;271.5,271;299,138.5
11463;46.5,138.25;202.5,70;275,201.25;344.75,20.5;147.25,4.75;248.75,221.5;254.5,268.75;299.5,138
38519;58.75,149.75;223.5,55.75;261.5,241.25;344.75,20.5;147.25,4.75;248,268.75;265.25,277.5;327,162
30762;58,149;253.5,92.5;261.5,241.25;297,34.25;147.25,4.75;226.5,316.25;313.75,312.75;360.5,156.75
23120;118.75,149;252.5,93.5;261.5,241.25;295,56;176.5,32.5;200,275.5;354,303.75;360.5,156.75
43637;143.5,129;219.25,86;263.5,295.75;295,56;176.5,32.5;199.75,277.25;304,315.75;360.5,156.75
40077;143.5,129;219.25,86;281,286.5;311.75,95.75;154.75,51;199.75,277.25;285,282.75;316,142.75
2309;143.5,129;185.75,58.5;248.25,299.5;290.5,113.75;158.25,45.5;199.75,277.25;300.75,243.5;315,160
25049;134,127.75;160.5,99.75;248.5,300;290.5,113.75;111,51;199.75,277.25;300,198.5;336,173.5
47324;110.25,120.75;160.5,99.75;248.5,300;290.5,113.75;109.25,67.25;199.75,277.25;317.5,211.75;359.25,187.25
16444;145.25,128.5;148.5,91.5;248.5,300;290.5,113.75;94.75,94;199.75,277.25;329,205.25;359,170.25
42052;142.25,89.75;145.25,128.5;248.5,300;267,103.75;94.75,94;183.75,304.75;292.75,185.75;321.25,160.75
42210;142.25,89.75;145.25,128.5;248.5,300;293.25,120.5;77.75,86.75;183.75,304.75;284.75,217;358.5,147.75
6791;118.5,67;123.25,124.5;287,287.25;326.75,113;26.75,69.5;189,306.25;284.75,217;358.5,147.75
7447;80.25,62.75;144.25,137.25;287,286.5;363.25,121;17,91.75;189,306.25;284.75,217;358.5,147.75
27099;90.5,64;144.25,137.25;291.75,300.75;357,128.5;29.75,120.25;189.5,306.25;284.75,217;334,147.5
4972;55,99;123,144.5;291.75,300.75;357,128.5;37.25,68.5;171,303.25;266.75,241.25;335.5,160.5
11828;27.5,126;121.5,142.5;291.75,300.75;337.75,143;66.25,41.25;171,303.25;278.75,262.25;291.75,171.75
3821;68.5,120.25;121.5,142.5;249,310.75;337.75,143;106.75,38.25;172.75,308.5;251.75,255.5;301,149.5
45358;112.25,86.5;121.5,142.5;286.5,277.5;330.5,136.5;164,39;172.75,308.5;227.75,226.75;301,149.5
6427;110.5,109.5;121.5,142.5;285,277.75;330.5,136.5;139.25,32.25;189.25,303.5;231.75,183.5;314.5,115.5
7974;74.75,121.25;121.5,142.5;307,268.25;360.5,130.25;139.25,32.25;148.75,319;234.75,183;272.25,113.5
44664;74.75,121.25;121.5,142.5;318.5,250.75;329,150.25;158.25,62.5;183.75,300.25;196.25,180.25;225.5,108.5
21939;63.25,148;121.5,142.5;321.25,211.75;329,150.25;119.75,47.5;148.25,272.5;231.25,181;260,140
38463;63.25,148;137.25,126.5;319.75,241.75;336.25,113.25;93.25,65.75;148.25,272.5;244.5,196;259.5,136.5
49685;63.25,148;108.5,113.5;319.75,241.75;337.75,113.5;93.25,25.75;172.75,272;267.25,166.75;292.5,138.25
36511;25.25,128.25;81.25,90.75;322.5,214.25;362,128.5;113.25,38.25;172.75,272;267.25,166.75;313,127.25
48209;25.25,128.25;81.25,90.75;322.5,214.25;357.25,121;83.5,53.75;166.25,238.5;268.75,168.5;336,132.5
14964;25.25,128.25;104.5,68;322.5,214.25;332.5,84;83,53.5;131.5,217;287.25,187.25;311.25,162.5
1148;5.5,104.75;104.5,69;322.5,214.25;332.5,84;83,53.5;139,228.5;315.75,205.75;355.25,175.5
30282;30.25,76;101,27;322.5,214.25;333.25,84;110,82;139.25,269.25;327,192;355.25,175.5
20985;29.75,74.75;118,33.25;322.5,214.25;356.75,38.75;138,98.75;139.25,269.25;350.5,221.75;358.75,195.75
38722;18,85.25;118,33.25;340.25,266.5;349.75,28;87.25,115.25;141.75,223.25;353.25,222.75;358.75,195.75
26540;29.5,118.25;118,33.25;320.25,306.25;349.25,26;104.5,111.75;141.75,223.25;316.5,197.25;358.75,150.75
6113;11.75,154.25;122.75,31.75;286.25,313.5;314,13.5;104.5,111.75;122.75,199.5;308.25,196.25;358.75,150.75
4340;11.75,154.25;123.5,31.75;238.25,287.5;277.5,13;72.75,116;115.75,244.5;308.25,196.25;356,146.75
13052;11.75,154.25;95.5,27;207,310.75;277.5,13;93.75,125.75;128.75,194.5;308.75,189.5;337.25,97.25
40343;2.75,141;66,7.25;207,310.75;302,57.25;93.75,125.75;159.75,221.75;262.25,197;339.5,97.75
45901;6,175;116.25,6.5;200.75,315.75;297.75,45.75;97.25,132;159.75,221.75;214.25,182.5;339.5,97.75
42006;30.5,205.5;116.25,6.5;217,319;296.75,44.75;60.75,133;175.75,239;211.25,181.75;339.5,97.75
45965;62.5,170.25;97.25,12;217,319;313.75,37;60.75,133;180.5,188.75;188,163.5;339.5,97.75
50416;89.75,195.75;97,10.25;191.25,280.25;313.75,37;38.25,163;187.5,177.5;214.75,122.5;339.5,97.75
1103;40.25,223.75;81,59.75;191.25,280.25;313.75,39;32.75,124.75;211.25,177.25;214.75,122.5;353,151.5
13755;51.75,240;103.75,84.25;188.25,254.75;313.75,39;40,80.25;214.5,211.75;216.25,103.25;353,151.5
33564;87.75,229.75;90.25,91.5;181.25,254.5;313.75,39;72.25,111.25;214.5,211.75;224,74.5;353,151.5
38256;87.75,229.75;90.25,91.5;180.25,255.75;325.75,32.5;33.25,125;241.5,175.5;275.25,88.75;338.5,147.25
17124;51.25,241.25;70,49.25;186,271;344.75,17.75;33.25,125;241.5,175.5;281.75,101.5;331,130.5
6090;65.25,186.5;69.75,51.75;186,271;363.25,27.75;64.25,97.75;265.75,173;291.75,114.75;331,130.5
50564;65.25,186.5;69.75,51.75;198,310;370.5,54.5;89,136.75;265.75,173;291.75,114.75;306.75,149.25
43506;59.5,171.25;62.25,9;198,310;323.25,70;89,136.75;265.75,173;300.75,84;312.25,162.25
10383;59.5,171.25;62.25,9;198,310;303.75,32;103.25,129.5;228.5,154.5;301.5,112.75;320.25,162.25
18011;11,167;54.75,58;179,319;278.75,52;114.75,93.75;187,174.75;301.5,112.75;320.25,162.25
39149;38.5,210.25;54.75,58;198,321;269,74;114.75,93.75;162.75,165.25;284.5,151;300.25,111.25
3495;39.5,182.25;54.75,58;215.25,279;304,100.25;144.5,115.75;162.75,165.25;262.25,130.25;302.25,87.25
31179;0.5,195.25;80.75,69;213.75,279.25;271.25,138.25;129.5,77.5;162.75,165.25;260.5,115.5;302.25,87.25
38267;27.75,203.75;48,93.75;214.25,279.25;260.25,157.25;129.5,77.5;162.75,165.25;249.5,77;257.75,98.5
27320;27,204.5;54,99;212.5,319;260.25,157.25;116.5,91.5;162.75,165.25;263.5,52.5;286.25,95
36147;49.75,240.75;85.5,65.75;212.5,319;260.25,157.25;79,87.5;150.5,176.25;270,94.75;297.25,92.75
18522;70.5,231.25;109.5,70.25;228.5,275;274,179.25;92.25,65.5;150.5,176.25;270,94.75;294.75,87.5
46379;97.25,195.25;108.25,21.5;202,261;274,179.25;104.25,67.75;126.75,152.25;270,94.75;293.25,86.5
2076;97.25,197;144.25,11.5;195,251.25;237,156.5;94.25,77.5;126.75,152.25;270,94.75;293.25,86.5
31619;97.25,197;144.25,11.5;195,251.25;201.5,131.5;104.75,125.25;172.25,163.5;269.25,53.75;302,51.5
35871;96.75,197;115.75,22.5;156.75,225.75;201.5,131.5;119.75,115.25;140.5,168;269.25,53.75;345.25,63.75
31761;66.25,157;143,2;156.75,225.75;193.25,169.5;125.5,93.75;140.75,169.5;270.25,15.5;345.25,63.75
45147;40,202.5;98,26.25;138.25,226;193.25,169.5;119.5,91;184.5,174.25;245.75,48.5;345.25,63.75
22597;50,179.5;82.75,45;181.5,256.25;193.25,169.5;119.5,91;196.5,173.75;245.75,48.5;353.25,21.75
41325;83.75,197.75;103,13.5;165.75,206.75;172.75,117.25;152.75,91.5;208.75,187.75;245.75,48.5;353.25,21.75
37824;57.5,176.75;79.5,9.25;162.75,254.75;172.75,117.25;159,49.5;236.25,159;245.75,48.5;320.5,50.75
37427;63,135;79.5,9.25;204,254.75;218.25,135.5;160.75,49;236.25,159;252,36.25;291.25,13.25
2753;81.25,139.5;114.25,36.25;194,261;221.5,128.5;158.75,50.5;236.25,159;251.5,35.75;291.25,13.25
48800;76.75,132.5;108.75,54.75;154.75,256;221.5,128.5;199.75,65.5;243.5,198.25;251.5,35.75;279,35
7121;69.25,126.75;135.5,56;135.5,226.5;234.25,128.5;219.75,106;243.5,198.25;251.5,35.75;290,50.75
39468;36,106.5;115.25,23;135.5,226.5;233.5,129.25;194.75,86.25;243.5,198.25;250.5,83.25;264.75,44
47439;82.75,119.25;115.25,23;148,237.25;233.5,129.25;194.75,86.25;208.75,183.75;224.5,102.25;257.25,10
28241;72,70;115.25,23;160,266.25;229.25,169.75;194.75,86.25;208.75,182.25;226.75,115.5;238.25,54.75
30385;16.25,81.75;141,55.25;151.75,300.25;229.25,169.75;186.25,71.5;208.25,183;226.75,115.5;249.25,71.75
37352;14.75,98.75;141,55.25;151.75,299.5;229.25,169.75;169.5,105;169.75,145.25;245.75,131.75;263,58.25
24742;17.25,142.75;112.5,104;134.5,257.75;229.5,170.75;169.5,105;170.75,143.75;245.75,131.75;264.5,57.5
7409;27.5,119.25;87,107.75;88.5,243.5;260.25,171.25;170.75,143.75;186.75,98.75;245.75,131.75;264.5,57.5
49513;21.75,128.25;76.5,145.75;106,225.75;223.25,132.25;170.75,143.75;186.75,98.75;219,148.75;264.5,57.5
16986;1.25,180.25;29.5,137.5;106,225.75;178.75,88;130.75,125.75;211.75,96;219,148.75;247.5,81.25
50509;7.75,226.5;51.25,146.5;69,185;180.75,83.5;123.25,104.25;211.75,96;219.75,148.5;247.5,81.25
4044;9.75,262.25;32.75,169.75;103.75,205.25;180.75,83.5;123.25,104.25;203,143.25;229.75,184;262.75,110
31214;18.5,280.25;32.75,169.75;103.75,205.25;181.5,82.75;92.25,67.25;194,97.5;229.75,227.25;269.25,75.25
12680;47.5,302.25;74.25,166;103.75,205.25;181.5,82.75;88.75,97.25;161.25,120.75;229.75,227.25;295.5,50.75
11765;5.25,302;74.25,166;98.25,249;181.5,82.75;73.5,109;181.75,162.25;190.75,226.75;280.25,49.25
14663;5.5,303;48,178.25;107,227;152,82;46,75.75;181.75,162.25;190.75,226.75;280.75,50.75
16199;37.25,315.75;64,125.5;107,227;114.75,86.75;61.75,57;181.75,162.25;186.5,223.75;280.75,50.75
43005;37.25,315.75;83,115.5;107,227;124.25,30;27.25,71;137.75,159;171.75,237.5;280.75,50.75
24558;37.25,315.75;55,74.5;107,227;139,19.75;62.5,58.25;129.75,129.25;167.5,240.5;280.75,50.75
21383;37.75,315.25;55,74.5;104.5,240.75;156.25,50;80.25,51.25;162,103;167.5,240.5;284,36.75
15258;37.75,315.25;39.25,78;111.5,243;177.5,35.5;102.5,56.25;162,103;165.25,221;323.25,55.25
44743;76.75,291.5;85,111;111.5,243.75;177.5,35.5;86,41.5;162,103;208.75,252;308.75,83.5
17481;76.75,291.5;85,111;111.5,243.75;196,84.75;63,77.5;130.25,105.75;206.75,271;302.25,109
36441;76.75,291.5;85,113.25;135,240.25;202.75,63.25;72,58.75;97.25,131.5;163.25,302.25;302.25,109
6029;76.75,291.5;85,113.25;135,240.25;190.75,113;64.75,12;113.75,113.25;153,319;338.5,79
2849;28.25,300.75;86,119.5;100.25,251.5;165.25,118;61.5,12.75;113.75,113.25;153,319;303.5,91.75
45735;28.25,300.75;62.5,147.75;100.25,251.5;165.25,118;37,46;80.75,81.5;150.25,301.5;274.5,111
22332;28.25,300.75;40.75,127;100.25,251.5;148,159.25;73.25,31.75;89.25,67.25;106.5,320.5;231.5,131.5
5631;27.75,300.75;44,182.25;135.25,264.75;136.5,125.25;73.25,31.75;89.25,67.25;125.75,275.75;241.75,179.25
17281;27.75,300.75;82.25,178.25;96,300.25;136.5,125.25;51,75.5;72,115.75;125.75,275.75;242.25,179.75
44610;13.5,316.75;95.75,188;96,300.25;127.25,145;51,75.5;72,115.75;158.5,254;244.5,173.5
22400;13.5,316.75;67,145.75;96,300.25;163,143;4.5,43;19,119.25;157.5,255.25;197.75,180.25
42703;2,300.25;93.75,177;96,300.25;165.25,97.75;4.5,43;39.75,109.25;204,252.25;233.25,183.5
23749;29.75,271.75;50.25,171.25;96,300.25;140,115;4.5,43;29.25,130.75;198.5,275;237,225.75
29186;39,242;57.75,188.75;96,300.25;120.5,123;4.5,42.25;47.25,138;198.5,275;237,223.25
44448;2.75,222.25;43.5,242;66.25,312.5;150,129;9,93;47.25,138;198.5,275;259.5,168.75
50412;2.75,222.25;51.75,237.75;66.25,312.5;141.75,124.75;9,93;106.75,125.75;184.5,272.75;231.75,116
29040;6.25,222.75;33.5,241.25;66.25,312.5;141.75,124.75;8,93;151,88;177,231.75;247,121.5
47095;38.25,196.75;42,240.25;66.25,312.5;141.75,124.75;6.5,93.75;186.75,132;206.5,270.75;247,121.5
17945;42,240.25;56.25,209.75;70.75,298.5;107.25,125.5;33.75,53;179.75,103.5;185.75,289.75;247,121.5
34812;26.25,190.5;53.5,167.5;70.75,298.5;107.25,125.5;34.5,52;155.25,88.75;208.25,255.5;213,95.5
280;1,194.5;20,190;68,286;74.25,146.25;34.5,52;163.5,87.25;208.25,255.5;228.75,55.5
3368;1,194.5;19.75,190.25;52.5,239.25;78.75,147.75;34.5,52;144.25,53.5;223.25,220;237,86.25
40597;14.5,191;20,178;52.5,239.25;105.5,142.5;34.5,52;126.25,106;222.75,175.75;243.5,70
31349;14.5,191;17.75,145.75;41.75,266.5;85.5,119.5;34.5,52;131.25,124.75;219.25,219;266.5,86.25
18999;14.5,191;26,138.25;41.5,227;79,139.25;34.5,52;126.75,152.25;219.75,218.75;232.25,55.75
3592;16.5,175.5;24,126;41.5,227;96,162;34.5,52;126.75,152.25;204.5,174.25;238.75,15.25
19243;16.5,175.5;24,126;31.5,280.5;87,141.25;49.5,2.5;82,160.25;222.25,173;233.75,35.5
12499;16.5,175.5;37,144.25;71.25,286.75;108.5,104;49.5,2.5;122.25,115.25;162.5,163.5;245.25,17
17379;16.5,175.5;70,132.25;71.5,280.75;146.5,76.25;18.25,20;122.25,115.25;211.25,175.25;288.5,41.25
16152;16.5,175.5;84.25,86;99.25,317.75;134.25,90.75;29.5,58.75;142,89.75;211.25,175.25;282.5,41.25
13517;21,126;71.5,70;99.25,317.75;106.75,128;18.5,50.75;132.25,129.25;211.25,175.25;282.5,41.25
43870;16,110.5;66.75,83.5;80.5,298.5;106.75,128;18.5,50.75;90.25,106.25;191.5,166;282.5,41.25
39404;15.25,127.75;66.75,83.5;80.5,298.5;106.75,128;35,75.25;117.75,150.25;138.5,153.25;263,14.75
26196;52.75,147.5;66.75,83.5;80.5,298.5;162,106.75;35.5,81.25;76.25,118.5;132.5,188.25;314,3.75
45427;18,119.25;66.75,83.5;80.5,298.5;162,106.75;49.75,132;67.25,116;151.5,202.75;303.5,13.25
7052;18,119.25;66.75,83.5;79.5,303.25;143.5,126.75;61.25,91.75;100,143.5;173,165;324.75,60
19071;18,119.25;80.25,65.25;122,271;138.75,125;31.25,118.75;84,158.5;173,165;300.75,83.5
34020;18,139.75;80.25,65.25;116.25,250.25;118.25,143;31.75,120.5;112.5,148.75;173,165;252.5,77
37951;34.25,188.5;52.25,76;98,196;136.5,89.25;31.75,120.5;113.25,144;173,165;252.5,77
11760;53.5,215;92.5,76.5;117.75,208.75;136.5,89.25;67.75,108.25;82.25,174.25;173,165;251.5,77.75
22820;38.75,213.75;103.5,57;117.75,208.75;152.75,90;58.25,130;81.25,135.5;164,201.75;251.5,77.75
35810;60,218.5;115.5,61.5;147.5,227.5;198.25,64;58.25,130;81.25,135.5;164,201.75;286.25,93.75
21165;58,237.75;115.5,61.5;147.5,227.5;198.25,64;84.25,153.5;94.25,107.75;142,181.25;311.5,86.25
12020;59.5,240.75;115.25,62;162,247.75;198.25,64;67.5,150;88.75,102.25;128.5,153.25;311.5,86.25
10540;59.5,240.75;114.75,62.5;165.5,280.5;198.25,64;14.5,142;84.25,53.75;114.75,195.25;269.25,55.75
15802;65.25,264.25;115.25,62.5;169.25,307.75;198.25,64;24.5,156.5;86,21;121.5,194;269.25,55.75
28834;65.25,264.25;70.5,75.75;185.5,320.75;196,38.25;62,165.5;86,21;125.75,158.5;261.25,78.25
34334;65.25,264.25;86.75,71.25;185.5,320.75;247.75,37.25;95,170.5;123.5,23.5;143.25,147;299.5,88.25
48834;66.75,318;67.25,87.5;207.5,309.75;246.75,37.25;95,170.5;125.5,5.25;143,146.5;299.5,88.25
37977;28.75,318.75;114.75,75.75;207.5,309.75;246.75,37.25;40.25,189.25;91.5,31.5;143,146.5;329.75,94.25
45861;69.5,295;115.5,75.75;169,280.5;281.75,70.75;40.25,189.25;55.25,42.25;143,146.5;332.25,60.75
7661;69.5,295;113.75,121.75;163.25,302;253.25,58.75;40.25,189.25;53.25,42.75;105.75,161.75;313,22.5
8722;77.25,300;133.5,96.75;154.75,305.5;283.5,105.25;40.25,178.25;53.25,42.75;105.75,161.75;286.75,42.5
46103;77.25,300;84.25,90.5;119.5,292.5;290.5,111.5;40.25,178.25;42.75,75.5;76.25,163;308.75,3
34524;35.25,299.5;84.25,90.5;119.5,292.5;290.5,111.5;3.75,135.25;41.25,75.25;101.5,171.25;302.25,13
18259;7,287;107.75,53.75;119.5,292.5;264,157.75;26,123.5;29.5,119.75;101.5,171.25;300.75,8.5
45017;44,302;109.5,76.75;115,279;262.5,180.25;26,123.5;59,100.25;101.5,171.25;335.5,8.25
30064;41.25,318;109.25,77.5;156,253;260,175.5;27,128.25;59,100.25;98,137.25;335.5,8.25
20592;9,305.5;56,98.5;99.25,249;240,220;27,128.25;59,100.25;139.25,107;335.5,8.25
14486;0.25,270.25;63.5,85;99.5,243.25;240,220;32.75,76.75;52.25,78.5;144.5,112.25;335.5,8.25
48260;0.25,270.25;95.5,114;99.5,242.75;282.75,219.25;19.25,59.75;52.25,78.5;106.75,126.75;316,16.75
9634;0.25,270.25;68.5,86.5;99.5,242.75;306,214.5;5.75,23.75;52.25,78.5;92.25,177;343.25,50.5
3253;16.75,310;30.25,98.5;136.75,240.5;306,214.5;5.75,23.75;51,77.5;124.25,194.5;361,52.5
42798;2,271;79.5,119;136.75,240.5;307.5,211.75;9.25,4.75;51,77.5;158.75,203.25;361,52.5
14467;2.75,271.5;37.75,145.5;100.75,242;289.5,164.5;2.25,3.25;51,77.5;112.5,198.5;361,52.5
13818;11.75,295.5;28.25,101.5;145.5,223.5;243.75,131.25;2.25,3.25;3,85.25;82,170.75;361,52.5
5245;11.75,295.5;30.5,122.25;156.5,261;306.75,120.5;12.25,17;63.5,93.75;82.25,173.75;361,52.5
31796;11.75,295.5;58,155.5;122.75,304.5;285,106.25;13.5,15;51.75,135.75;75,155.25;361,52.5
7496;10,249.5;81.75,187;122.75,304.5;279.75,141.75;16.25,5.75;18.5,141.5;75,155.25;320,36
50352;10,249.5;81.75,187;155,304.25;279.75,141.75;24,31.25;29.25,171.5;113.5,199;338,78.5
44089;10,249.5;106,221.5;155,304.25;275.25,122.25;11.5,31;28.25,172;136.75,196.25;337.75,131.5
31210;33,267.75;139,226.5;154.75,259.75;275.25,122.25;11.5,31;18.5,155.5;151.75,149;335,115
13395;33,267.75;117.5,212.5;163.75,215.25;227.5,136.5;39.25,41.25;60.25,168.25;151.75,148.5;335,115
46370;33,267.75;98.75,190.25;138,225.5;237.5,135.5;17.25,14;23.25,172.75;151.75,148.5;335,115
20669;33,268.25;114,204.75;143.25,195;242.5,119.25;17.25,14;19.5,159;151.75,148.5;335,115
49602;46.5,245.5;84,243.5;125.5,239.25;258.25,94;17.25,14;54,127.5;141.5,145.75;335,115
8333;14,262.5;90.75,284.25;130,201.75;258.25,94;17,15;54,127.5;139,156.75;329.5,128.5
45403;18.25,229;90.5,284.75;176,195.75;258.25,94;2,4.5;54,127.5;128.5,198;330.25,124
45372;18.25,229;90.5,284.75;162.5,227.75;258.25,94;2,4.5;66.5,101;100.75,202;321.5,136.75
26712;61,217.5;70,255;167.25,241.75;258.25,94;1.75,7.5;33.5,80.25;100.75,202;355.25,155.25
41323;65.25,261.25;70.75,304.5;143.5,209.25;283.5,54.75;1.75,7.5;33.5,80.25;100.75,202;351.5,193
3117;39.5,273.75;68.5,273.5;99.5,235.75;283.5,54.75;1.75,7.5;35.5,81.25;61.75,214.75;351.5,193
40834;54.5,317.75;59.25,240.75;99.5,234;284.5,71;1.75,7.5;34,133.5;61.75,214.75;351.5,193
8415;60.75,278.25;74.75,280;87,176;292.25,54.5;1.5,5.25;34,133.5;108.25,241.5;351.5,193
38332;35.75,308.75;75.25,299.25;84.75,214.5;316.75,59.75;1.5,5.25;34,133.5;148.25,224.25;351.5,193
36240;80.5,300.5;99.5,317.25;116.75,186.75;353.5,43.25;2.75,4.5;76,100.25;148.25,224.25;351.5,193
36827;37.5,285;87.5,320.75;163,171.75;358.25,16.25;2.75,4.5;91.75,95;148.25,224.25;349.25,193.25
18104;0.5,294;119.5,323.25;202.75,193.75;358.25,16.25;1.75,7.5;91.75,95;138.25,241;351.75,228.75
44010;37.75,296.75;159.5,307.25;202.75,193.75;346,18;1.75,7.5;52.25,76.25;124.5,196;352.25,228.75
41608;27,323.5;129.75,281.75;147,187.75;346,18;15.75,20;52.25,76.25;124.5,196;352.25,228.75
43715;68.25,286.75;69,281;147.5,187.75;317.25,3.25;15.75,20;52.25,76.25;182.25,185.5;304,197.75
24288;58,239.75;100,285;147.5,187.75;317.25,3.25;15.25,20.75;30.75,119.75;124,194.25;312.5,236
16908;47.25,240.25;70.75,243.25;158.5,157.5;317.25,3.25;6.5,71;31.75,120.5;83.5,166.75;312.5,236
49868;35,260.25;61.75,202;158.5,157.5;317.75,6.75;6.5,71;24,122.75;83.5,166.75;310.75,234.25
39465;36,238.75;52,229;137.25,129.5;318.25,57;6.5,71;24,122.75;117.25,168.25;310.75,234.25
14584;36,238.75;85.75,240.75;129.75,151.75;295.25,72;6.5,71;57.25,92;136.75,180.75;335,235.5
40753;55.5,241.75;59,238.25;125,150.75;295.25,72;3,69.25;57.25,92;171.5,161.75;305.75,242.5
43480;34.75,241.5;43,243;89.25,171;295.25,72;3,69.25;44.25,79.5;186.25,152;305.75,242.5
5859;28,241.5;43.25,241.5;50.25,170.75;287.25,55;3,69.25;73.25,40.5;218,120;305.75,242.5
24678;28,241.5;43.25,241.5;50.25,170.75;281,85;12.75,22.5;33.25,28;232.5,67.75;332,217.25
23454;28,241.5;81.75,232.25;83.75,196.25;310.75,114;12.75,22.5;59.5,14.5;231,32.75;306.25,241.5
44523;35.75,238.25;48.25,189.75;81.75,232.25;294.25,146.5;8,34.5;59.5,14.5;222.75,19;306.25,241.5
25272;43.5,285.5;48.25,189.75;81.75,232.25;239.25,146.75;7.25,32.75;48.25,8.75;220.5,16;293.25,199.25
49450;24.25,272.5;94.25,158.5;102,250;207,184.75;7.25,32.75;47.75,8.25;220.5,16;293.25,199.25
9968;44,241.5;73,208.75;136.75,213;207,184.75;7.25,32.75;67,3.5;187.25,41.25;295.5,199.25
39373;44,241.5;97.75,212.5;162.75,248.5;248,167.5;6.5,32.75;63.5,3.25;187.25,41.25;313.75,163.75
8220;20.5,283.25;92.5,184.25;167.75,291.75;270,168.5;6.5,32.75;63.5,3.25;143.25,34.75;313.75,163.75
45002;20.5,283.25;126.75,187.5;183.25,249.75;227.75,155.25;15.25,14.25;63.5,3.25;121,40;353,161.5
42769;42.25,284.75;114.5,160.75;183.25,249.75;274,133.5;15.25,14.25;113.5,38;120,72.25;325.5,147
3034;57.75,242.25;130.5,188.25;183.25,249.75;311.5,138;5.75,4.25;106.5,41.25;146.75,51;325.5,147
21814;57.75,242.25;131.75,189.75;225,237.25;341.75,157;21.25,29.5;66,28;113.75,55.25;325.5,147
47389;28.25,233.25;86.75,171.25;196.75,259;356.25,121;21.25,29.5;66,28;113.75,55.25;312.75,160
40581;31.5,263.5;50.5,181.25;212,230;344,145.5;21.25,29.5;66,28;114.5,91.5;311.75,197.75
19450;31.75,264;50.5,181.25;203.75,266.75;344,145.5;26.25,32.25;29.5,34.75;147,120.5;324.25,241.5
27796;31.25,264;92.75,190.75;251,276.75;344,145.5;2,44.5;77.25,12.25;172,113.75;324.25,241.5
31131;26,285;74,177;275.5,232.25;352,128.25;18.25,19.25;77.25,12.25;172,113.75;340.75,225.5
38994;26,285;33.75,196.25;261,241.75;356,128.75;18.25,19.25;76.75,14.5;170.75,113.75;355.25,230.5
47412;14,265;33.75,196.25;301,241.25;304.25,137.75;7.5,69.5;76.75,14.5;174,160.5;359.75,264.75
21529;14,265;51.75,170.75;268.75,249.5;342.5,141.25;66,72.75;76.75,14.5;137.75,168.5;359.75,264.75
45863;43.25,241.75;68.75,130.75;278.5,239;357.5,156.25;41.5,88;76.75,14.5;138,169;359.75,264.75
45389;48,241;68.75,130.75;276,217.75;362.75,120.75;41.5,88;76.75,14.5;91.75,190;359.75,264.75
29128;44.75,221.75;63,145.5;328,226.75;355.5,157.25;39.75,136.75;72.25,49.5;91.75,190;359.75,264.75
30340;13.75,228.25;26,154.25;318,231;367.75,121;39.75,136.75;88.25,65.25;91.75,190;359.75,264.75
4514;13.75,228.25;24,153.75;325,216.25;333.25,92.25;83,154.5;88.25,65.25;108.75,228.75;366.5,210.75
49380;13.75,228.25;24,153.75;365.75,209;366.75,69.25;77.75,160.5;97.5,109.25;110.5,230.5;366.5,210.75
40193;14.25,223;82,116.75;365.75,209;372.5,68.25;69,150.5;88,79;109.75,295.5;366.5,210.75
40697;58,237.75;99.5,161;340.5,242.75;372.5,68.25;69,150.5;88,79;92.5,267.5;326.25,197.5
49457;39.5,243.25;97.25,156.5;340.5,242.75;372.5,68.25;48.75,186;89,76.75;92.5,267.5;322.25,159.75
4339;52,215.75;118.25,203.25;317.75,195;372.5,68.25;48.75,186;109,112.25;149.75,248;331,217.25
44618;77.5,233.25;118.25,203.25;324.5,227;372.5,68.25;14.25,201.75;109,112.25;149.75,248;292.25,218.25
20572;33.25,242.75;110.25,159.25;335.25,235.5;372.5,68.25;28,173.25;87.5,73.25;149.75,248;301.25,241.75
2953;66.5,223;130.75,172;335.25,235.5;372.5,68.25;7,203.25;87.5,73.25;148,254.75;350.75,224.75
6199;65.5,223.5;161.5,129.25;301.25,220.75;353.25,94.75;17.5,233;87.5,73.25;148.5,255.25;350.75,224.75
38007;37.25,196.75;168.25,90.5;301.25,220.75;353.25,94.75;8,192;99.75,66;105,267.5;352.5,225.5
550;26.5,240.5;168.25,90.5;273.25,256.25;370.25,120.5;24.25,205.75;99.75,66;141,239;352,225.5
19121;47.5,230.75;152.5,83.5;263,241.75;370.25,120.5;43.25,176.75;57,92;139.25,227.75;352,225.5
29980;27.25,261;132.25,40;263,241.75;370.25,120.5;19,143.5;42.75,75.75;112.5,195.75;352,225.5
28246;50.75,243.25;133,39.5;289.75,209.5;370.25,120.5;34.5,125.75;42.75,75.75;124,196.25;367.25,211
44868;50.75,243.25;95.25,11.5;314.25,258.25;350.75,100.75;4,136;8.5,32;123,200.75;367.25,211
43624;30,229.5;76.5,7;336.75,246;350.75,100.75;0.5,171.25;10,32.75;123,200.75;367.25,211
23188;30,229.5;76.5,7;311.75,293.5;349.75,104.25;8.5,229.25;65.25,10.25;123,200.75;323.5,163.5
4359;30,229.5;51,4.5;311.5,294.75;349.75,104.25;8,203.75;45.25,42.25;122.75,163;346.5,140.75
40758;49,230.5;68.75,27.75;311.5,294.75;349.75,104.25;7.5,245;45.25,42.25;118.25,140.25;357,162.75
11654;33.75,182;112.75,57.25;322.25,301;349.75,104.25;11,246.5;32.5,81.25;65.25,163;357,162.75
2759;34.75,184;112.75,57.25;316.5,263.25;330.25,145.75;11,246.5;33.5,31.75;61.5,173.75;357.5,154
38335;54.75,175.5;142.75,57;271.5,256;357,127.25;17.25,268.5;35.5,38.25;61.5,173.75;357.5,154
457;47.75,177.5;115.25,17.75;249.5,218.25;357,127.25;3.5,310.75;36.75,39;76,211;357.5,154
4385;73.5,182;115.25,17.75;247,250.25;368.5,167.75;32.25,302.25;37.75,39.5;112.25,228.75;357.5,154
5752;69,134.5;94.75,8;217.75,278.5;364,164.75;32.25,302.25;36.75,39;93.25,190.5;357.5,154
49973;44.75,123;151.25,1.5;258.5,276;364,164.75;43,253.5;88.25,66;94.5,191.25;357.5,154
35790;41.75,126;189.5,9.75;277.25,310;330.75,120.5;43,253.5;88.25,66;94.5,191.25;309,126
34618;41.75,126;189.5,9.25;234.5,313.25;330.75,120.5;43,253.5;88,103.75;91.75,143.75;283.5,93.75
7790;66,89.5;196.25,5.75;234.75,315.75;330.75,120.5;10.75,232;71,125.5;91.75,143.75;283.5,97.75
36900;76.5,113.25;196.25,5.75;284.75,321.75;302.5,115.25;40.75,274.25;63.25,165;71,125.5;283,97.25
44204;76.5,113.25;190,48.75;291,322.25;302.5,115.25;5.75,309.75;65.75,149.75;71,125.5;283,97.25
29820;76.25,115;224.25,22.75;244.5,296.75;302.5,115.25;2,317;31.25,175.25;71,125.5;236,124
48006;76.25,115;224.25,22.75;286,309.75;302.5,115.25;14.5,309.75;15.75,213.25;71,125.5;269.5,138.75
42376;76.25,115;263.75,19.5;292,257.25;302.5,115.25;14.5,309.75;22.25,243.75;50,79.25;236.5,149
2361;137,127.75;220,37.5;292,257.25;318,74;24.75,283.25;34.25,253.25;50,79.25;236.25,149.5
13841;135.75,128.5;219.5,37.25;253.75,273.5;340,79.75;24.75,283.25;34.25,253.25;69,52.5;218.75,170
20045;132.75,168.5;219.25,37.75;253.75,273.5;318,125.25;29,310.75;34.25,253.25;118.5,40.25;197.5,173
44851;132.75,168.5;256.75,38.25;265.75,226;318,125.25;20.5,289;30.75,264.75;118.5,40.25;164.75,164
4632;163.25,213.25;209.5,56.25;265.75,225.25;309,154.75;20.5,289;30.75,264.75;116.5,78;136.75,194.25
13365;136.25,213.5;209.5,56.25;264.75,225;309,154.75;21,319.75;37.75,305.75;131,48.25;166.5,223.5
8602;111.5,230.25;184.5,21.25;264.75,225;282.25,120;23.25,306.75;37.75,305.75;143.75,91;184.25,183.25
40963;153,260;184.5,21.25;264.75,225;271.5,167.5;29,306.75;37.75,305.75;114.25,112.75;154.5,199.25
43710;171.5,297.25;228.75,31;259.25,271;274.5,171.5;29,306.75;37.75,305.75;138,159.5;198,226.75
25263;211.5,276;213.75,77.75;257.25,271.5;261,134.75;29,306.75;37.75,305.75;148,158.75;188.5,182.75
17049;199.75,281.25;224.5,126.5;269.5,249.75;275,105.5;39.5,307.25;63.25,318.5;148,158.75;188.5,182.75
8620;220.5,311;237.75,78.5;269.5,249.75;274,68.25;3,282.5;63.25,318.5;147.5,158.25;200.75,174.25
5362;250.5,281;259.75,85;294,238.75;294.75,104.5;2,283.5;63.25,318.5;147.5,158.25;200.75,174.25
21054;250.5,281;278.25,101.25;294,238.75;342.25,74.5;2,283.5;47,283;93.75,152.75;243.5,195.5
15715;275.5,254.75;278.25,101.25;308.75,230.5;342.75,75.75;1.25,283.5;55,311.75;62,162.5;243.5,195.5
47604;275.5,254.75;278.25,101.25;308.5,229.5;336.5,63.75;35.75,276.5;55,311.75;65.25,162.5;294.5,194.5
50589;255.5,209.25;271,54.5;308.5,229.5;351.5,13.25;14.25,295.25;55,311.75;65.25,162.5;307.75,241.75
49059;216.75,244.25;275.5,13;337,246;351.5,13.25;36.5,238.75;55.25,316.25;102.75,125.75;307.75,241.75
2692;204.75,294.25;227.5,45.75;280.25,246;351.5,13.25;36.5,241.25;58,300.75;134.5,78.5;307.75,241.75
17878;204.75,294.25;227.5,46.25;288.75,256;357.75,20.5;29.75,293;46.25,307.25;106.75,47.75;307.75,241.75
22476;217.25,261;282,56.75;291.75,309.75;357.5,21;46.25,307.25;57.25,248.5;106.75,47.75;316.75,242.5
17659;178.5,263;278.75,102.75;284.75,296.75;364,58;19.75,308.25;57.25,248.5;115.25,54;316.75,242.5
36263;178.5,263;293.25,147.5;297.75,249.75;356.75,13.75;48.25,292;58,249.25;95.75,35.75;316.75,242.5
44594;202.5,245.25;272.75,164;297.75,249.75;333.25,12.25;11.5,248.25;48.25,292;95.75,35.75;277,266.25
4863;202.5,245.25;271.75,164.25;278.75,282.5;333.75,12;37.75,229;57,298;78.5,81.25;277,266.25
49961;202.5,245.25;271.75,164.25;278.75,282.5;354.75,29.75;19.75,232.25;70.75,289.75;75,100.25;247.25,268.75
42202;202.5,245.25;216.75,131;254,284.5;350,10.25;19.75,232.25;22.25,308.25;77.5,102;247.25,268.75
31828;160.75,215.25;184,104.75;289,247.75;346,8.25;15.25,232;22.25,308.25;71.75,110.25;247.25,268.75
44589;113.5,204.75;230.25,129.75;317.5,263.75;346,8.25;15.25,232;22.25,308.25;65.75,160;264.25,275.5
44990;93.5,196.25;292,133.25;323.75,241.75;346,8.25;15.25,232;16.5,279.75;72,192.25;264.25,275.5
49824;93.5,196.25;316.25,123.5;326.75,215;354.75,12.75;15.25,232;16.5,279.75;91,170.25;264.25,275.5
11699;48,170.75;272.75,96.75;333.25,258.75;339,18.75;15.25,232;16.5,279.75;91,170.25;271.25,305.25
16078;96.75,190;257,69.75;280.75,262;338.5,18.75;16.5,279.75;54.5,251.75;85,221.25;271.25,305.25
45788;129.25,200.5;232,105.25;250.75,247.75;338.5,18.75;16.5,279.75;29.25,242.25;74,210.5;271.25,305.25
49578;129.25,200.5;232,105.25;250.75,247.75;333,28.5;7,308;16.25,227;36,228.75;273.75,286.25
2247;151.5,206.5;232,105.25;257.75,297.5;350,15.75;8.5,304;24.25,186;36,228.75;243,260.5
41770;132,200.75;232,105.25;288,301.75;342.5,17.5;8.5,304;12.5,150;36,228.75;243,260.5
30690;163.25,243.75;205.75,91.75;259,302.75;333.25,30.5;8.5,304;49,180.75;62.5,189.5;243,260.5
21039;140.5,227.25;205.75,91.75;241,307.75;368.75,29.25;8.5,304;47.75,147.5;62.5,189.5;240.75,261.5
36571;140.5,227.25;221.75,104.5;241,307.75;368.75,29.25;11,294;56.25,149.75;98,153.75;287,225
3657;138.5,202.5;244.25,136;262.75,313;368.75,29.25;10,309;56.25,149.75;98,154;318.75,178.75
46529;118.75,242.5;271.5,168.75;311.25,321;368.75,29.25;10,309;68.75,176.25;100.75,120.25;318.75,178.75
17670;118.25,242.75;271.5,168.75;302.75,322.5;332.5,33.5;59,296;68.75,176.25;106.25,127;351.75,218.25
34213;118.25,242.75;260,177.25;266.25,293;321.25,37.25;11,307.25;68.75,176.25;118.75,102.25;351.75,218.25
34316;112,295.25;260,177.25;275.75,255.75;338.75,49;11.5,304;80.75,191;118.75,102.25;336.5,262
30995;142.25,265.25;260,177.25;294,229.25;338.75,49;17.75,294.5;95.75,189.5;145.75,92.75;337.5,263
40686;135.5,240;219,200.5;294,229.25;337.5,16.25;17.75,294.5;85.5,169.75;182.25,110.5;309,265.25
8345;132,200.25;245,219.5;294,229.25;366.5,30.5;17.75,294.5;85,164;225.25,105.5;341.75,233
10117;132,200.25;245,219.5;294,229.25;315.75,38.5;5.5,307.5;125,195.5;239.5,121;361,225
8796;140.5,240.25;245,219.5;271.25,249;316,54;5.5,307.5;103.5,184;206.25,159;360.5,226.25
11103;140.5,240.25;245,219.5;297.25,289;311.75,5.75;3,315.5;107.25,170.5;165.5,160.75;360.5,226.25
48849;165.25,219.25;198,254.75;306.75,319;318.5,58.5;3,315.5;119,207.5;165.5,160.75;360.5,226.25
36424;165.25,219.25;250,258.75;297.5,318.25;367.25,51.25;3,315.5;116.5,216.75;165.5,160.75;360.5,226.25
40194;159.5,185;272.75,212.5;280.5,283.25;370,73.75;3,315.5;116.5,216.75;127,126.75;360.5,226.25
19116;206.25,177.5;239.5,217.5;280.5,283.25;370,73.75;51.75,310;124.5,195.25;150.5,176.25;328.5,219
40252;235,135.75;252.5,220;280.5,283.25;370,73.75;19.5,293;160,230.25;188.5,175.75;359.5,171.75
18304;223,89.5;227.5,252;281.5,260.5;341,89;19.5,293;141.25,221;182.5,135;359.5,171.75
47765;213.75,61;266.5,255.25;271.5,243.5;341,89;19.5,293;155.5,203.25;185.75,138.5;334.75,161
13641;213.75,61;259,237.75;309.5,224;340.5,89;19.5,293;154.25,204;204.75,108;317.75,139.25
9043;213,56.5;231,251.5;320,198;340.5,89;46.75,292.5;154.25,204;239.75,87.75;322.25,160.75
20126;222.25,12.75;235.5,251.5;320,198;365.75,68.75;11.75,272.5;154.25,204;227.5,131.5;302.5,195.25
21652;222.25,12.75;268,255.25;280.5,169.25;370.5,37;30,282;154.25,204;227.5,131.5;331.25,161.75
28588;213.75,13.75;264.5,251.75;315.25,135.75;370.5,37;30,282;154.25,204;215,149.25;308.5,198.75
2285;258.25,43.75;264.5,251.75;315.25,135.75;355.25,34.5;53,270.75;188.5,176.5;189.5,197;311.25,199.75
31667;258.75,43;264.5,251.75;296,102.25;348,12.75;90,283.5;189.5,197;237,179.75;356.75,172.5
13424;209.5,64.25;239,215.75;276.25,133.25;348,12.75;90,283.5;144.25,202.75;243.25,240.5;342.5,207.5
46839;203,40.5;214.5,202.5;275,181;304.75,35.5;90,283.5;114.5,197.25;243.25,240.5;321.5,191.5
25477;213,1;217.5,196.5;270,134.25;278.75,47;77.5,253.75;85,170.5;243.25,240.5;321.5,191.5
49308;213,1;247.25,205.75;270,134.25;295,21.5;65,207;91.25,181;243.25,240.5;294.25,184.25
47871;179.5,49.25;247,205.25;284.75,87.75;295,21.5;58,248.5;91.25,181;244,201.25;293.5,130.25
39559;185.25,53.75;247,205.25;284.75,87.75;295,21.5;75.25,278.75;82,169.5;229.75,188.75;295.75,122
10590;158.25,86.75;226.25,251.5;268.75,72.25;283.25,53.75;75,276;78.5,191;229.75,188.75;295.75,122
15637;189.75,117;226.25,251.5;264,94.75;292.5,26.25;110,260.75;113.25,195.25;187.75,177.25;295.75,122
28133;189.75,117;225.25,193.25;274.25,59;330.75,14.5;110,260.75;117.25,201.5;166.25,153.5;309.75,164
17792;189.75,117;260.5,178.25;291.25,52;345.5,24.75;110,275.75;145,237.25;166.25,153.5;340.5,147.25
1437;143.5,128.75;260.5,178.25;306,91.75;345.5,25.25;106,283.25;164.75,258.75;174.25,142.25;340.5,147.25
26016;111.25,120.75;260.5,178.25;289.5,75.5;319.75,22.5;106,283.25;165.5,237.5;174.75,141.25;329.75,161.75
18745;111.25,120.75;253,178;266.25,114.5;290,2.25;88.5,282.25;141.75,222.25;183.25,98;329.75,161.75
5558;73,129.75;226.75,145.5;261.25,77.5;290,2.25;88.5,282.25;135,222.25;219,97.25;300.25,199.5
30478;73,129.75;241.75,117;269.5,112;316.75,37;120.25,251.75;135.5,189.75;218.75,96.25;300.25,199.5
17228;76.75,146.75;255,98.75;296,148.25;316.75,37;120.25,251.75;137.5,217;218.75,96.25;274.25,216.75
3749;30.5,138.25;255,98.75;296,148.25;316.75,37;94,230.25;138.25,265.75;235.25,132.75;275.5,228.25
35491;26.5,177.5;290.75,97.25;296,148.25;366.5,26;96,267.75;138.25,265.75;218.25,166;239.25,233.5
37941;1,185.5;281.25,71;282.25,165.75;350,11.75;96,267.75;138.25,265.75;248.5,164.25;269.75,210
43102;1,185.5;251,107;253,193.25;306.5,13.5;96,267.75;166,301.5;228,133.5;297.5,233.5
34834;1,185.5;249.5,116.5;249.5,171.25;272.25,24;141.5,246;166,301.5;225.25,106;289.5,234
44526;10.5,232.25;233,135.5;249.75,171.25;276.75,31.5;104.5,229.25;166,301.5;274.75,91;289.5,234
3313;10.5,232.25;233.5,136.5;255.75,169.25;276.75,31.5;95.5,198.5;197.5,308;249.25,71.75;264.5,224.25
14112;32.75,191;192.25,114;255.75,169.25;276.25,65.5;73.5,221.5;197.5,308;220.25,37;250,188.75
31550;28.25,231.25;162,96.25;255.75,169.25;293.25,102.75;65.25,223;197.5,307.5;220.25,37;299.75,199.25
49782;68,219.25;176.75,112;272.25,172.5;306,113.75;65.25,223;197.75,306.5;220.25,37;325.5,217.5
33077;82.25,212.75;182.5,89.25;292.5,210;331,98.75;65.25,223;197.75,305.5;220.25,37;327.75,178
25283;81.75,213.5;172.75,53.5;283,189.75;330,97.5;60.5,240.5;170.25,282.5;220.25,37;327.75,178
40922;101.75,206.5;172.75,53.5;276.75,148;330,97.5;60.5,240.5;142.25,259.25;207,48.75;359.75,173
15660;101.75,206.5;138,63.75;290.25,113.5;324.5,115.75;60.5,240.5;125.25,259.5;237,77.5;338,168.5
49669;101.75,206.5;137.25,64.25;290.25,113.5;324.5,115.75;60.75,247;128,259.25;239,115;355,145.75
34877;100.25,191.75;137.25,61.75;294.75,104.75;324.5,115.75;53.5,274.75;128,259.25;222.75,115.25;351.75,174.25
12099;86.75,165.5;153.5,85;272.25,114.5;291.25,111.75;38.5,278.75;128,259.25;222.75,115.25;351.75,174.25
38737;79.25,165;172,49;274.5,117.25;291.25,111.75;19.75,297.75;128,259.25;204.5,98;352.75,205.5
28711;63,170.75;194.25,61.25;295,106.75;301.25,120.5;19.75,297.75;128,259.25;187.75,100.25;352.75,205.5
695;38.5,161.75;193.5,83.25;295,106.75;301.25,120.5;46.75,311.75;134.25,259;162.5,103.75;354.5,189.5
5797;38.25,162.5;194.5,84.25;257,98.25;277.75,167.75;3.5,297.25;162,283;162.5,103.75;354.5,189.5
47168;37.25,135;204.75,134.5;232.5,126.5;277.75,167.75;36.5,277;123.5,323.25;162.5,103.75;354.5,189.5
15377;70,171.75;176.75,111;192,133.5;318,149.5;38.25,277;123.5,323.25;125.5,113.25;354.5,189.5
29801;77.75,165.5;187,103.25;201,151.5;316.5,139.25;14.5,308.25;123.5,323.25;155.25,89.75;354.5,189.5
43639;91.75,139.25;189.75,152.75;198.75,113.75;322.25,145.75;14.5,308.25;141.75,302;155.25,89.75;354.5,189.5
37685;125.5,145.5;155.25,146.5;184.5,157;322.25,145.75;51.5,269.75;141.75,302;186.25,133.5;308,196.5
49892;129.75,191.5;136,151.75;168.75,163.75;322.25,145.75;9.25,296.5;124,259.75;186.25,133.5;314,217.25
36040;129,189.75;136,151.75;168.75,163.75;311.25,115.75;3.75,298;130.75,294.25;148.75,155.5;310.5,218.5
3572;117.75,208.25;125.5,195;151.25,125.75;297.5,155;19.75,310.75;130.75,294.25;148.75,155.5;310.5,218.5
16622;78.5,201.25;125.5,195;142,124.5;297,161.5;19.75,310.75;112.25,245.5;118.75,118.25;310.5,218.5
41793;52,231;117.5,213;120,138.5;306.5,135.75;19.75,310.75;112.25,245.5;118.75,118.25;328.75,199.5
8430;2.75,225.5;113.5,213;120,138.5;329.25,156.75;36.25,311.75;79.25,285.5;147.25,79.25;328.75,199.5
49529;51,240.75;70.5,223;74.5,147;342.5,197.75;47,308.75;79.25,285.5;147.5,50.25;328.75,199.5
32753;51,240.75;67.5,230.5;68.5,154;342.5,197.75;10.25,307;32.75,300.5;151.75,80.5;281.75,225.5
46221;6.75,216;67.5,230.5;68.25,157;335,257.5;10,304;49.5,269.75;151.75,80.5;240.75,260.5
5447;14.5,176.5;31.25,210.5;70.5,176.25;335,257.5;10.75,269.5;46.25,269.5;152,49.5;240.75,260.5
3150;27,199.5;45.5,258.25;59,179.25;280.75,244.75;10.75,269.5;33,285.75;117.25,52.5;240.75,260.5
28275;26.5,199.75;55.5,250.25;69.75,171.75;269.5,251.75;10.75,269.5;16.25,296.5;142.75,87.5;240.75,260.5
41316;26.5,199.75;55.5,250.25;117.75,200.75;272.75,191.75;3,295.25;33.25,246.75;121.75,77.75;214.25,275
43697;34.75,242;63,268.75;108.75,169.75;239.25,166;3,295.25;38.5,230.75;113.5,34.25;214.25,275
31758;54,272.5;65.5,294;129.25,151.25;254.25,195;3,295.25;38.5,230.75;113.5,34.25;225.5,254.75
45218;67.75,294.5;90.5,267.5;130.25,178;254.25,194.5;3,295.25;36,222.75;113.5,34.25;225.5,254.75
4094;67,296.75;127.5,281;130.25,178;239.5,220;45,310.25;58.5,248.5;118.25,19.75;225.5,254.75
15177;17.5,308;127.5,281;129,202.75;245.75,247.25;27.5,310.75;75.25,288.75;118.25,19.75;186.25,288.25
4380;53.5,279.75;119.25,292.5;136.25,187.5;280.25,256.75;4,297.75;69,296.75;118.25,19.75;186.25,288.25
28129;88,256;119.25,292.5;144.25,240.25;243,219.25;37.25,252.5;39.75,307.75;118.25,19.75;187.5,283
36094;66.25,308.5;88,256;166.25,289.25;204,260;37,255.75;39.75,307.75;147,11.75;205.25,275
41368;30,277.75;85.75,259;175.5,318.25;207.5,310;39.75,276.25;39.75,307.75;147,11.75;210.5,275
10825;0.25,276.75;85.75,259.5;233.25,316.25;236.5,259.5;38.25,276;39.75,307.75;147,11.75;183,321.5
14023;18,286.75;99.5,235.75;193.75,290.75;251,268.75;38.25,276;46.5,295;137.75,11.5;183,321.5
18639;8.5,308;73.75,186.5;161.75,317.5;225.25,219.5;18,297;38.25,276;153.25,11.5;183,321.5
45697;11.25,279.75;69.5,210.25;199.75,290.75;275.25,214.75;18,297;76.75,245.25;101.25,38.5;183,321.5
10974;33.5,269.75;81.25,176;243,268.75;275.25,214.75;22.25,300.25;121.75,217.75;123.75,19.75;183,321.5
10764;14.25,291.5;88,176.25;242.5,268.75;275.25,214.75;22.25,301.25;117.25,199.5;133.25,21.25;183,321.5
49736;48.5,295;80.5,227.25;281.25,301;300,245.25;22.25,301.25;117.25,199.5;172.5,48;183,321.5
21017;44.75,285.25;97.25,214.25;310.5,317.25;328,238;37.75,301.5;117.25,199.5;145.75,48.5;183,321.5
28122;82.5,300;110.75,243;310.5,317.25;329.75,238.75;37.75,301.5;122,198.25;154.75,62.75;168.25,302.25
46024;82.5,300;104.5,256;291.75,318.25;295.5,248.5;37.75,301.5;124,205.5;129.75,22.75;184.25,302.75
10240;90,270.5;107,248.25;291.75,318.25;303.75,255.5;21.5,307.75;137.5,162;175.75,5.5;184.25,302.75
21488;80.75,263.25;92.5,201;241,310;303.75,255.5;62.75,284;137.75,161.5;153.75,51;184.25,302.75
24801;77.25,297.25;95.25,177;259.5,300.25;303.75,255.5;62.75,283;104.25,152.75;153.75,51;193.75,318.75
21462;77.25,297.25;95.25,177;259.5,300.25;266.25,242.5;48.5,247.5;90,137.25;170.25,65;186.5,289.5
9347;38.75,279.5;67.5,210.25;222.5,291.25;266.25,242.5;8,232.25;81.5,166.25;170.25,65;240,291.25
2857;37.25,280;99,190.25;206.75,280;231,236;8,232.25;78.75,120.5;151.25,49.25;240,291.25
22758;36.75,280.5;113.75,238;228.75,313.25;257.5,205.5;8,232.25;114.5,86.5;140.75,30.25;240,291.25
29393;66,281;122.25,250.25;228.75,313.25;282.75,208.5;7.25,230.5;74,100.25;171,51;240,291.25
34543;17.25,304.5;122.25,250.25;194.75,294.5;298.25,232.25;7.25,230.5;108.75,122.25;162.5,50;188.75,277.25
3757;13.75,303;123.5,250.75;194.75,294.5;325.5,208.75;16.25,233.75;108.75,122.25;161.75,55;223.5,247.25
21736;62,317.75;115.75,213.5;164.5,319.75;288.5,236.75;20.5,269;108.75,122.25;161,89.25;223.5,247.25
49660;70.25,286.75;100,191.75;160.5,279.75;288.75,235.75;25.25,284.75;108.75,122.25;161,89.25;244.5,267.75
15111;81,318.75;90.75,156.5;121.75,280.5;288.75,236.25;4.75,306;116.25,91.75;161,89.25;244.5,267.75
12473;81,318.75;91.25,191.75;171.25,308.75;280.5,286.25;38.5,296.5;116.25,91.75;162.25,55.75;262.5,243
16761;32.75,302;91.25,191.75;199.5,285.5;281.75,287.25;11,303.75;116.25,91.75;167.5,95.5;265.75,226.75
29709;32.25,301.75;55.5,171.25;190.25,278.75;257.5,286;11,303.75;141.25,98;142.75,117.5;265.75,226.75
12182;44,285.5;55.5,171.25;206.5,265.25;230.5,302.5;11.5,304;124.75,106.25;142.75,117.5;269.25,244.25
34322;16.25,240.5;94.75,159;204.75,316.75;247.75,292.25;11.5,304;124.75,106.25;186.75,110.5;269.25,244.25
43107;47,234.5;94.75,159;201.75,290.75;248.25,292.75;38.5,310.25;124.75,106.25;234,101.75;269,246.75
22677;25.75,206.5;78.5,202.75;214.5,261;251,257.75;38.5,310.25;124.75,106.25;234.75,96.75;269.5,246.25
23827;51,239.5;130.75,200;201.75,236;239.5,259.75;43,319;124.75,106.25;234.75,96.75;269.5,246.25
7477;51,239.5;123.75,182.75;153.75,231.75;193.5,261.25;40.25,323.5;124.75,106.25;263.25,114.5;282.75,240.5
27946;66.5,280.25;85,201.25;125.25,200.75;193.5,261.25;82.25,315;111.25,143.25;263,114;282.75,240.5
17369;66.5,280.25;114.25,169.75;123.5,148.75;145.5,266.75;82.25,315;112.75,102.75;313.5,132.5;314.5,249
26819;47.75,243.25;69.25,153.75;123.5,148.75;145.5,266.75;79.25,313.5;107.75,115.25;312.75,101;346.5,216.75
39900;15.25,271.25;69.25,153.75;132.75,159.25;167.5,301;99.75,280.75;108,114;339.5,118;346.5,216.75
38518;33.5,238;78.75,128;132.75,159.25;168,302.25;54.75,275.75;86,157.25;339.5,118;356,172.5
29910;29,228.5;105.5,139.5;132.75,159.25;168,302.25;54.75,275.75;111,151.75;313,160;316.5,199.25
28076;5.25,208.75;144.5,127.75;159,126.25;168,301.75;59.5,315.75;111,151.75;304.5,197.5;313,160
7311;12,163;144.5,127.75;154.25,127.75;184.5,318.75;77.5,286.75;110.5,140;304.5,197.5;318,154.75
15306;46,197.25;143.5,129;176.25,108.25;184.5,318.75;63.75,248;149,173.75;304.5,197.5;319.75,156.25
36690;28,214.25;141,112.5;175.5,101.75;184.5,318.75;25.5,264.75;158.5,155.25;304.5,197.5;351.75,163.75
28977;29.75,160.25;173.75,136.25;178.5,45.75;184.5,318.75;27.25,205.75;158.5,155.25;266.5,229;310.75,143.5
3084;29.75,160.25;140.25,177.5;157.5,84.25;169,302.25;27.25,205.75;181,132.5;259.5,217.25;310.5,144.25
8893;29.75,160.25;140.25,177.5;162.25,112.25;172.25,302.75;68.25,212;157.75,165.75;259.5,219.25;328,97.25
5967;29.75,160.25;148.25,189;162.25,112.25;172.25,302.75;61.25,196.5;192.75,178;306.25,236.25;332,124.5
17039;29.75,160.25;135.5,241;143,107.5;176.5,316.25;61.25,196.5;208,125.25;289.75,277.75;313.75,88.25
17071;29.75,160.25;118.75,278.5;149.75,158.75;176.5,316.25;115.25,216;156.25,138.75;245,287.75;289.5,38
19809;26.5,177.5;92,243.5;167,135.5;203.25,319;115.25,216;138,98.25;243.25,243.25;289.5,38
29301;26.5,144.75;91.75,231.5;134.75,160.75;201.5,282.5;130.75,199.25;138,98.25;243.25,243.25;289.5,38
43423;26,144.25;91.75,231.5;168.25,131.5;171,290.75;133.75,229.75;138,98.25;244.5,198.75;283,17.25
31557;6,107.5;112.5,199.75;167.75,101.25;205,265.75;133.75,229.75;167,83;244.5,198.75;283.25,17.75
48933;34.75,76.25;140,223.75;160.75,80.75;245.5,269;147,203.75;167,36.5;244.5,198.75;283.25,17.75
48222;75,58.25;140,223.75;159.5,108.5;245.5,269;159,225;180.25,45.75;256.5,169.25;283.25,17.75
22352;70.75,45;98.25,251.5;137.5,102.5;239,218.5;159,225;198.75,84;247.5,131.75;283.25,17.75
39301;47.25,32;98.25,251.5;182.5,91.25;223.25,202.5;159,225;179,113.25;240,175.25;283.25,17.75
41539;50,32.5;98.25,251.5;211.25,72.75;223.25,202.5;167.75,226.25;175,113.25;240,175.25;275.25,61
13079;35.25,59;115.25,303;184.5,47.5;223.25,202.5;111.75,240;173.5,113.25;230.5,131.5;275.25,61
47246;18.5,103.25;108.25,296;184.5,47.5;223.25,202.5;106,199.5;217.75,99.75;222.25,148.75;318.75,64.5
50419;20,123.25;121.75,301;202.25,64;223.25,202.5;85.5,171.25;218.75,99.5;223,161.75;318.75,64.5
21119;20,123.25;120.5,304;224,68.75;250.75,246.25;107.75,170.25;204.75,149.25;220.25,207.75;318.75,64.5
32762;20,123.25;101.5,321.25;224,68.75;250.75,246.25;91.75,136.75;246.75,117.5;266,226.75;331.25,38.25
33050;20.25,99;99.25,322;210.25,39.75;250.75,246.25;99.25,121.75;246.75,117.5;297,202;333.75,9.75
860;20.75,99.5;94,284.5;210.25,39.75;277.5,217.25;95.25,67.25;250.75,71;328.75,163.75;333.75,9.75
3123;20.75,99.5;122,259.75;174,58.75;276.5,217.75;55.5,72.5;207.75,72;295.25,199.25;333.75,9.75
49108;49,123;125,213;215.75,63.75;294.25,176;55.5,72.5;230,41.5;295.25,199.25;333.75,9.75
23736;49,123;125,213;215.75,63.75;273,221.75;51.25,111.75;242.75,15.75;318,217.25;348.25,19.5
24776;93.25,139.25;108.75,163.25;225,74.5;285,232.5;59.25,132;242.75,15.75;277.75,187;348.25,19.5
4710;93.25,139.25;129.25,148.5;225.25,75;301,211.5;40,139.5;242.75,15.75;265,140;354,14
30107;93.25,139.25;129.25,148.5;255.25,31.75;280.5,168;47,141.25;239.5,11.5;289.75,184.75;333,2.25
49396;72,96.25;142.5,129.5;248.5,42.5;261.5,180.25;21,155.25;239.5,11.5;262.25,198.5;333,2.25
28558;51.25,56.25;142.5,129.5;230.25,66;261.5,180.25;0.5,171.75;239.5,11.5;303.25,194.5;355.5,6.5
10506;65.25,22.5;143.25,113;231.25,65.75;248.75,203.25;0.5,171.75;232.5,48;303.25,194.5;324.75,41.25
45361;65.25,22.5;138.75,102;215.25,56.5;229.5,230.5;0.5,171.75;200.75,41.5;303.25,194.5;341,50.25
3361;58.75,57;106.75,122.75;215.25,56.5;229.5,230.5;19.75,213.75;161.5,30.25;289,186;352.25,14
5022;86.25,86.25;105,141.75;220.25,80.75;229.5,231.25;19.75,213.75;161.5,30.25;311.25,198.75;345.5,63.5
11018;42.5,107.75;137,128;204.75,61;280,231.5;19.75,213.75;161.5,30.25;312.5,185.25;345.5,63.5
4440;10.5,103.25;140.75,97;204.75,61;280,231.5;23.75,212.25;144,12.25;266,192;325.75,37.25
633;3.5,105.75;141.75,127.25;204.75,61;309,264.75;23.75,212.25;123.5,5.5;266,192;308.5,43.5
10026;47.25,125;163,145;204.75,61;333.25,235.25;23.75,212.25;136.75,20.25;303.25,197.25;359.25,46.25
13511;51,125;159.25,148.5;239.5,37.75;333.25,235.25;23.75,212.25;110.25,14.25;299,186.5;348.75,81.5
32378;51,125;159.25,148.5;221.75,75;297.5,209;23.75,212.25;65.25,12.25;323,158.75;341.5,81
34403;72.25,166;142.5,126.75;256.25,46.5;332,197.75;23.75,212.25;65.25,12.25;323,158.75;365.75,79
7698;104.75,213;165,143.5;256.25,46;277.5,180.5;23.75,212.25;46.75,45.5;359.75,156;365.75,79
44643;104.75,213;201,138.5;216,43.5;259.5,175.25;23.75,212.25;89.25,20.75;314.5,138.25;365.75,79
18091;58.5,238;187.25,151.75;221.5,88;290.75,208;23.75,212.25;89.25,20.75;283.25,173.75;365.75,79
46894;60.5,241.25;185,149.5;193.75,113.25;298.25,249;5.25,195.25;89.25,20.75;322.5,158.5;365.75,79
26958;39.5,258.75;145,125.5;231.5,98.75;298.25,249;1.75,171.75;84,20;322.5,158.5;332.75,99.25
35740;41,259.25;118.25,123.5;267.25,117.5;298.5,239.75;1.75,171.75;73.75,12;322.5,158.5;357,72.5
36639;41,259.25;123,83.5;242.75,109;308.5,243.25;1.75,171.75;43,32.5;318.25,158.75;357,72.5
12338;41,259.25;123,83.5;200.5,94.5;347.25,267;1.75,171.75;73.5,60;310.25,146.75;354.25,44.5
42676;57.5,216.5;97.75,117;200.5,94.5;346.25,267.25;27,197.5;73.5,60;286.75,107;351.75,16.5
2594;35.5,227.5;79.25,117.75;161,78.5;306.75,253.5;46.25,180;109.5,56.5;286.75,107;351.75,16.5
35148;40.25,240.75;92,70.5;158.75,81.25;355,260.75;46.25,180;147,83.5;329.25,130.5;351.75,16.5
43936;40.25,240.75;102.5,55.75;175.75,60;312,255.5;59.25,173.25;147,83.5;352.75,162;358.25,40.75
42035;57,219.75;148,31.25;201.5,72.5;282.75,242;70,208;147,83.5;352.75,162;354.25,44
47304;89.75,214.5;148,31.25;201.5,72.5;251.25,249.75;124.5,194;185.5,69.25;352.75,162;359.25,1.5
39259;92.75,243;147,20.75;183.5,55.5;251.25,249.75;169.25,186.5;184.25,70.5;329.5,178.25;359.25,1.5
40388;59.75,250.5;142.5,77;202.75,61;239,214.75;169.25,186.5;184.75,70.5;285.5,139.5;359.25,1.5
32067;61,252.5;91.25,92.5;210.25,60.75;264.25,173.75;138.25,215.25;240.5,77.5;285.5,139.5;359.25,1.5
17315;43.75,243;68.75,124;207.75,95.75;264.25,173.75;136.5,214.5;230,121.5;250.5,177;359.25,1.5
2959;43.75,243;67.5,98.75;210.5,94.5;238.25,207;168.75,189;213,107.25;233,208.75;359.25,1.5
47421;43.75,243;71.5,88;210.5,94.5;216.25,252.5;133.75,223;218,131.5;242.75,169.5;359.25,1.5
46761;50,188;71.5,88;210.5,94.5;216.25,252.5;89,220;258.5,127;270.5,131.25;327.75,38.25
1348;14.5,178;113.5,71.5;189.25,113;216.25,252.5;89,220;262.25,127.75;269.75,130.5;279.25,27.5
19745;7.75,142.25;109.5,69.75;178.25,110.25;251.5,271.75;97,221.25;262.25,127.75;269.75,130.5;279.25,27.5
31487;32,144.25;57.25,58.25;157.5,156.75;235,301.75;97,221.25;244.5,174.75;269.75,130.5;279.25,27.5
7460;33.25,190;71.25,30.25;157.5,156.75;192.25,280.25;97,221.25;207.75,183;268.5,94.5;274,45.5
19039;33.25,190;104,18.5;181.75,112.75;192.25,280.25;129.5,194;194.25,172.75;265,93.75;289.5,9
9183;33.75,193.25;131.25,13;158.5,126;198.25,294.25;129.5,194;194.25,172.75;243.25,128.25;289.75,7.5
1451;33.75,193.25;113.25,47.5;184.75,81.25;198.25,294.25;86.75,220.75;166.5,161.75;213,96.75;251.5,11.5
30304;36,167.5;113.25,47.5;184.75,81.25;198.25,294.25;75.25,270.25;140.25,145.75;168,104;241.75,14.5
46349;37,129.5;112.75,47.25;184.75,81.25;225,316.25;72,295.25;122.5,157.25;146.5,77;241.75,14.5
49628;34.25,130.75;133.75,88.75;160.75,108.25;225,316.25;72,295.25;122.5,157.25;150,79.5;238.75,23.25
13339;71.75,132.5;136.75,91;160.5,106.25;178.75,316.25;88,281;122.75,153.75;150,79.5;238.75,23.25
23782;85.5,166.25;136.75,91;160.5,106.25;176,320.75;72.75,296.5;125.5,195.75;168.75,55.5;234.75,25
334;65.75,132.75;168.75,99.75;188.5,82.5;217.25,291.25;72.75,296.5;125.25,200.75;193.5,99.5;234.75,25
27885;50.25,139.5;153.75,50.25;168.75,99.75;248.75,313;47.25,300.25;143.25,239;193.5,99.5;234.75,25
2687;28.25,170.25;118.25,18.25;134,97.75;248.75,313;84.25,301.25;143.5,238;193.5,99.5;234.75,25
28182;30.5,123.25;118.25,18.25;134,97.75;285.75,320;67.25,290.25;93.5,234.25;143.75,89.5;190.5,1.75
34982;29.75,127;76,40;107.75,89;319.75,293.5;17.5,282.75;124.25,251.75;143.75,89.5;190.5,1.75
24124;1.25,79.5;65.75,4.75;90,86.75;318.25,294;47.5,263.25;124.25,251.75;130.5,34.5;190.5,1.75
22256;1.25,79.5;65.75,4.75;90,86.75;356,264;20,269;66,247.5;129,45.25;176.75,45.75
40623;5.25,79.75;65.75,4.75;90,86.75;364,247;19.75,266;74.25,286.75;153.5,90.75;213.5,85.25
4713;5.75,81.5;65.75,4.75;117.75,53.25;357.5,208.75;3.5,244;74.25,286.75;152.5,32;261,57
39790;17,36.25;117.25,12.75;159.75,82.5;338.5,246.75;3.5,244;49.25,254;152.5,32;261,57
1884;62.75,20;120.75,12.25;185,67.5;347.5,242;3.5,244;49.25,254;167,48.5;306.75,52.25
47579;75.5,23.25;114.75,20.5;185,67.5;353.75,272.25;14.5,202.25;49.25,254;167,48.5;286.5,26.5
18949;74.75,22.5;114.75,20.5;183.5,92.25;362.75,279;14.5,202.25;88.5,265;209,55.25;248,17.25
33959;74.75,22.5;119.75,19.5;225,73.25;362.75,279;22,159.5;88.5,265;223.25,19;254.75,47.5
38564;74.75,22.5;161.5,36.5;210.5,106.75;355,294;13,136;88.5,265;223.25,19;269.75,51.75
19175;56.25,57;167,37.25;210.5,106.75;355,294;59,160.5;137.75,284.75;185,5.75;240.75,76
21156;7.75,47.75;202.5,41.5;210.5,106.75;351.75,305.5;58,203.5;128.5,251.5;185.75,6.5;240.75,76
34641;5.75,48;169.25,45.25;249.75,108.75;351.75,305.5;5.75,189.75;113.25,252.75;185.75,6.5;251.75,102.25
5484;13.5,47;169.25,45.25;293.25,101.75;366.25,310;5.75,189.75;80.5,220.75;185.75,6.5;252.75,71
20346;9,41.75;155.25,30.75;307,134.25;349.25,317.5;5.75,189.75;52.75,247.5;185.75,6.5;260.75,49.5
27079;4.75,9.25;114.75,21.5;300.75,120;349.25,317.5;5.75,189.75;8,239.75;185.75,8.75;251.5,48.25
13179;4,9.25;142.75,20.5;287,73.25;349.25,317.5;8,239.75;16.75,214.25;185.75,6.5;250.75,33
48345;66,7.25;189.5,37.75;331.75,101.25;354.5,319.75;8,239.75;16.75,214.25;147.25,7.75;250.5,32
19193;66,7.25;204.5,41;317.75,145.75;339.25,298.75;16.75,214.25;31.75,245.5;133.75,41.25;213.5,35.5
14473;80.5,32.5;204.5,41;317.75,145.75;359.75,289.5;35.75,171.25;66.5,223.5;109.25,47;206.25,45
49923;77.75,30.5;244.25,47.75;285,106.5;345.25,319.75;39.5,119.75;66.5,223.5;96.5,35.25;206.25,45
40924;52.25,8;278.75,60;283.25,109;345.25,319.75;37.25,120.5;66.5,223.5;112.75,39.5;233,35
2691;56.25,8;281.75,73.75;290.5,56.5;353.25,289.5;37.25,120.5;66.5,223.5;124.25,19.25;232.25,34.75
44021;56.25,8;238.5,42.25;296.75,14.25;320.25,280.75;36.5,116.75;66.5,223.5;124.25,19.25;251.25,9.5
30195;76.25,23.75;239,41.5;296.75,14.25;320.5,280.75;27.5,125.75;66.5,223.5;99.75,13;294,2.25
34925;77,23.75;245.5,62.25;259.5,18;288,256.25;27.5,125.75;66.5,223.5;76.25,21;326.25,28.75
12036;77,23.75;275,32.5;276,32;308.25,252.75;27.5,125.75;47.75,180;76.25,21;268.75,33
9633;77,23.75;275,32.5;279.25,23.25;307.75,251.25;3,69;14,127.25;76.25,21;232.25,36.25
9026;106.25,85;213.25,22.5;293.5,56.25;327.25,279.5;3,69;16.75,132.5;76.25,21;249.25,77
8693;138.25,99.5;217,6.5;285,72.5;312,259.5;3,69;16.75,132.5;76.25,21;232.25,113.75
29662;155.5,112.75;216.75,46.5;242,65.5;346.25,240.5;3,69;16.75,132.5;76.25,21;241,102
755;110.5,114;201.75,92;220,61.75;346.25,240.5;3,69;23.25,109;75.5,21.75;225.75,89
11292;167.25,131.75;179.5,104.75;238.75,73.5;362.25,210;11.5,93;36,148;75.5,21.75;225.75,89
10267;146.25,124.75;151.5,127.5;224.5,92.5;334.5,224;11.5,93;43,140.25;75.5,21.75;266.25,83.75
43604;151.5,127.25;165,148;194.5,69.25;334.5,224;14.75,55.25;61.5,102;75.5,21.75;266.25,83.75
785;130.5,91;132.25,173.75;245,67.75;338.75,258.75;14.75,55.25;97.25,66;111.25,67.5;266.25,83.75
46759;130.5,91;132.75,175.25;263.5,31.25;319.5,294;37.5,45.75;109.25,67.25;151.25,43.5;266.25,83.75
35512;130.5,91;132.75,175.25;263,32.25;319.5,294;6.5,69.5;144,52.75;184.25,62.75;228.5,113.75
25553;149,84.25;159,214.75;263,32.25;356.75,297.75;13,58.25;144,52.75;184.25,62.75;267,145.75
32581;200.75,61;201.25,180.25;248,6.5;356.75,297.75;13,58.25;141.5,98.75;187.75,30.75;228.25,113.75
8296;187,79;226.5,185;248,7;315.75,303.75;13,58.25;104.75,67;211,46.5;228.25,113.75
43497;144,77.75;225.5,211.25;252.25,28;315.75,303.75;13,58.25;140.75,31.75;211,46.5;213,85.5
20691;158.25,86.75;233.5,248.75;239.75,36.5;364.75,310.75;13,58.25;156,51.75;211,46.5;213,85.5
47468;158.25,86.75;203.5,266;239.75,36.5;364.75,310.75;34.5,44;165,31;200.5,89;229.75,38.5
12117;158.25,86.75;203.5,266;239.75,36.5;328.25,275.75;53,33.5;162.75,48.25;163.5,58;276.25,28
43988;158.25,86.75;206,310.25;270,23.75;327.25,270.25;72.75,21;121.25,31.25;163.5,58;302.25,37
42563;158.25,86.75;167.25,297.25;270,23.75;354.5,313.5;72.75,21.75;134.25,20.5;153.25,5.75;269.25,40.25
37672;158.75,28.5;168.25,298;302.75,73.75;354.5,313.5;20.25,19;134.25,20.5;152.5,7.25;285.5,95.25
36074;181.75,13.5;213,294.25;302,94.75;350.25,320;20.25,19;134.25,20.5;152.5,7.25;281.75,141.25
21780;182.25,13.5;208.5,259;302,94.75;340.75,321.25;20.25,19;93.75,34.5;143.5,44.5;247.25,128.25
6466;177.5,41.5;218.75,227.75;302,94.75;310.25,318.25;23,21.5;112.75,12.25;143.5,44.5;210,98
45590;197.75,63;219,230.5;291.5,126.5;310.25,318.25;23,21.5;99.25,39;147.75,76.25;224.25,70.25
50521;197.75,63;214.25,260;267.75,102.75;310.25,318.25;14.5,0.75;99.25,39;143.25,52.5;210.25,69.5
45464;242.25,66.75;258.25,238.5;283,122.5;344.25,290;14.5,0.75;99.25,39;143.75,79.5;209.75,68.75
23033;242.25,66.75;257.75,239.5;328.5,112.5;345.75,319;14.5,0.75;116.5,12.75;171.25,87.75;209.75,68.75
20351;227,57;227.25,237.5;353,83.75;355.25,290;14.5,0.75;116.5,12.75;163.5,103.5;195.5,85
13375;226.5,57.25;238,225.25;353,83.75;355.25,290;7.75,51;127.75,21.25;164,95.5;183.5,135.5
16951;183.75,20.75;248.75,170.25;325.5,123.75;359.25,279.25;7.75,51;81.25,11.25;164,95.5;183.5,135.5
6716;183.75,20.75;225.75,204;288.5,141.75;347.25,308;18,16.25;49.5,30.75;164,95.5;185.75,138.5
43533;183.75,20.75;230.25,207.75;279.25,130.25;351.25,288.5;6,61;75,42;164,95.5;185.75,138.5
29751;161.75,38.75;230.25,207.75;279.25,130.25;316.25,282.5;22.5,91.75;90.5,33.75;142.75,91.25;185.75,138.5
36003;162,73.75;230.25,207.75;248.25,116.25;316.25,281.75;22.5,91.75;90.25,35;147.5,80;147.5,162.5
2887;204.25,60.75;264,177.25;283.25,142.75;338.5,258.5;22.5,91.75;123.75,19.75;147.5,80;148,163.25
17252;204.25,60.75;260.75,224;292.25,184.25;302,288;19.25,47.75;120.5,30.25;147.5,80;148,163.25
12017;202.75,70.75;251.5,193.5;296,150.75;312.25,304;19.25,47.75;75.5,32.5;147.5,80;185.75,175.5
43084;202.75,70.75;251,194;323,193.75;352.75,288.5;53,84.75;75.5,32.5;127,132.75;184.5,196.5
36141;202.75,70.75;249.75,194.25;293.5,232.25;352.75,288.5;53.25,93.75;82,21.5;136.5,147;170.75,161.75
13229;184.5,75;283.25,203.75;293.25,212;351,319.25;38.25,132.5;82,21.5;124.25,175;170.75,161.75
15608;210.75,78.25;287.25,203.75;301.5,248;342.25,301;3.25,137.25;82,21.5;123.5,195.25;170.75,161.75
29860;241.75,94;243.25,182;273,220.75;342.25,301;3.25,137.25;81,21.75;125.25,200.75;148.75,150.25
16661;248.25,72.75;298.75,167.5;327.5,238;342.25,301;48.5,163;81,21.75;125.25,200.75;147.25,178.75
3653;243.75,32;299.25,139.75;327.5,238;351,308;46.75,121.5;49.5,8.5;125.5,194.5;147.25,178.75
14806;273.5,72;275.5,179;324.25,241.75;351,308;5.25,146;31.75,58.5;125.5,194.5;144.25,174.75
35847;227.75,36;312,225;330.75,299.25;353.75,320.5;15.25,106.75;19.5,94.75;125.5,194.5;144.25,174.75
28365;214.75,64.25;314.75,229.25;319.25,305.25;353.75,320.5;15.25,106.75;60.5,84.75;144.5,173.75;144.75,225.75
36421;217.25,66.75;291,211;292.5,304.5;311.25,320.25;15.25,106.75;60.5,84.75;144.5,173.75;156.5,225.75
45874;217.25,66.75;279.5,237;281.75,256.75;363.5,308;15.25,106.75;62.75,113.75;144.5,173.75;156.5,225.75
8467;241.5,40;250,257.75;277.75,286;363.5,308;17.5,102.25;100.25,116;139.25,194;156.5,225.75
27812;242,40.5;245,219.75;277.75,286;353.5,306;23.5,104.5;80.75,133.5;116.25,227.75;139.25,194
2867;232.75,44.5;245,219.75;277.75,286;315,309.25;65.5,100;87,109.25;131,259.75;152.25,226
2768;180,46.5;280,189.75;292.75,253;342,290;65.5,100;127.25,93;134.25,259.5;152.25,226
34949;146.75,30.5;248.75,161.25;286.75,230.5;354.75,288;65.5,100;120.5,73;134.25,259.5;192.25,254.75
43353;146.75,30.5;238.25,127;281.5,221.25;349.75,239;65.5,100;120,52.75;134.25,259.5;230.75,248
45730;146.75,30.5;238.25,127;281.5,221.25;349.75,231.25;81.75,132;93,25.75;120.25,275.25;235.75,252.25
35600;196.5,38.25;232.25,136;279,180.75;345.75,230.25;72.5,109;94,26.5;120.25,275.25;235.75,252.25
21443;161.5,59.5;232.75,135.75;295.5,161.5;362.25,277.75;71.5,100.5;94,26.5;160.75,301.75;235.75,252.25
45381;161.5,59.5;248,94.5;259.5,133.25;319.25,304.25;71.5,100.5;78.5,15;127.25,316.25;236.25,254.25
19177;174.25,60;220.25,64.25;252.5,112.5;276,313.5;71.5,100.5;82.25,26.25;101,316.25;236.25,254.25
37773;176,37;271.5,65;284,142.75;288.5,299.25;81.25,115.5;82.25,26.25;101,316.25;236.25,254.25
47045;180.25,60.75;271.5,65;285.5,104.5;340.25,313.75;24,98.75;125,5.25;151.25,302.75;236.25,254.25
33001;180.25,60.75;234,67.5;294.25,52;370.25,318.5;52.25,141.25;124,4.75;151.25,302.75;194.25,239.75
28375;178.5,48.75;207,44;294.25,52;370.25,318.5;42.25,109;124.5,5.25;176.75,279.75;195,239
39720;152.25,30.5;172,36.5;257,61.25;366.25,309.5;42.25,109;124.5,5.25;126.75,294.75;195,239
8801;126.75,4.75;127,33.25;243.75,92.75;342,279.5;69.5,148.75;124.5,5.25;126.75,294.75;195,239
23748;94,9.25;118.25,22.25;200.5,132.25;363,288.5;97.75,189;124.5,5.25;126.75,294.75;195,239
26033;66.25,7.25;120,22;181,145.75;363,288.5;97.75,189;121.5,60.75;148.75,281.75;223,223.25
16173;90.5,19;114.25,51.75;227,127.5;363,288.5;114,194;141.75,106.5;148.25,281;223,223.25
3632;77.25,49.25;114.25,51.75;188.25,112;353.5,273.5;114,194;127.5,131.75;148.25,281;226,274
41849;81.5,21.25;114.25,51.75;185.75,82.75;353.5,273.5;114,194;123,163.25;141,318.5;205.75,297
16560;60.5,64.75;86.75,3.75;185.75,82.75;320.25,307.25;122.25,216.25;126,132.25;141,318.5;191.5,264.25
15162;59.25,57;85,28.75;199.25,57;304.5,300.75;122.5,214.5;132.25,106.5;141,318.5;191.5,264.25
28683;21.5,84.5;50.25,74.25;194.25,59.25;293.25,319;93.75,231.75;132.25,106.5;154.25,299.25;191.5,264.25
9737;6.5,103.75;86.5,116.75;214.25,9;293.25,319;89.25,234;110.75,67.25;162,284.5;191.5,264.25
43726;6.5,103.75;114.25,69.5;176.5,16;285.5,317.5;89.25,234;116.25,78.75;166.5,317.5;169.25,255.25
5828;30.5,129.25;64.25,68.75;176.5,16;285.5,317.5;89.25,236.5;115.25,80.25;145,300;150.25,225
25803;19.25,153.75;45.25,108;176.5,16;285.5,317.5;89.25,236.5;107.75,117.75;111.25,316.75;165.75,240.5
41580;45.25,165;61,71.25;200.25,56;285.5,317.5;100.25,194;108,114;124,308.75;165.75,240.5
16815;20.25,170.25;66.75,39.75;254.75,44.5;285.5,317.5;100.25,194;100.75,116.75;161.75,272.25;204,216.75
36489;62.25,177.25;66.75,40.25;236.75,72.25;310.25,318;72.5,223.25;100.75,116.75;161.75,272.25;198.5,224.25
26570;44.5,204.25;66.75,40.25;236.75,72.25;310.25,318;116,197.5;129.75,127.75;150.75,245.25;187.25,173.75
7574;49,230.5;64.5,7.5;218.75,91.75;299.5,319.25;81.5,180.25;129.75,127.75;150.25,245.5;187.25,173.75
48056;49,230.5;104,18;218.75,91.75;326,282.25;88,168;111.25,111.75;141.25,221.5;187.25,173.75
33693;74.5,187;104,18;217,94.5;360.5,259.25;77,155.25;111.25,111.75;113.25,229.25;181.25,164.5
3815;64.25,209.25;104,18;238,50;360.5,259.25;40.25,142.25;110.75,114;130.25,198.5;198.25,183.75
39807;101.5,206.75;117.75,16.25;224.75,30;360.5,259.25;40.25,142.25;110.75,114;125.5,251.5;223.25,195
7110;101.5,206.75;112.75,17.25;224.75,30;362.75,257.75;39.25,156;99.25,152.25;146.75,279.25;192.25,174.75
30190;80,175.25;110,34.75;224.75,30;352.5,228.75;39.25,156;97.75,190;132.25,228.75;232.75,152.5
46031;55.5,150.5;111.75,15.25;222.75,22;352.5,228.75;39.25,156;97.75,190;130,230.5;275.5,152.25
6384;42.5,181.25;151.25,53.5;222.75,22;315.75,217.75;12.5,135;97.75,190;170.5,268;260.25,112.5
15395;42.5,181.25;191.5,49;203.25,11.75;345.25,224;14,100.75;80.25,163.25;170.5,268;260.5,113
23722;51.75,178.25;207,69.25;221.75,34;345.25,224;14,100.75;97.75,137.25;159,248;260,113.5
25297;51.75,178.25;215.25,22;250.75,23;318.25,262.75;14,100.75;90.25,90.75;208,252.25;260.5,113
49217;32.25,133.25;170.25,21.5;250.75,23;279,255.75;34.25,89.75;84.25,71.5;208,252.25;260.5,113
41706;32,133.75;156.25,41.5;250.75,23;271.75,244.5;40.5,55.5;84.25,71.5;204.75,254.75;270,99.75
49706;32,133.75;127.25,12;257.25,56.75;273.25,256.25;40.5,55.5;84.25,71.5;185.5,251.5;265.5,117.25
14929;9.5,111;132.75,28.25;264.75,84;294.25,232;39,55.75;84.25,71.5;185.5,251.5;226.5,92.75
12471;7,109;132.75,28.25;293.25,101.5;294.25,232;39,55.75;123.5,52.5;153.75,226.25;207.25,59.5
3151;7,109;155.25,50;293.25,101.5;294.75,235.25;67,38.5;94,24.75;157,223;206.25,58.75
47683;7,109;196,70.75;306.75,111.25;340.25,225.5;61.5,80.5;94,24.75;165.75,186;205,73.25
8395;7,109;158,31.25;278.5,103.25;364.5,197;61.5,80.5;116.25,55.25;164.25,187.75;193.5,100
42109;7,109;158,31.25;294.75,112.75;364.5,197;50,56.25;145.25,89.75;148.75,157;193,100.5
36764;7,109;183.5,38.75;275.25,64.5;365.5,251.5;50.25,57;145.25,89.75;183.75,196;206.75,60.25
38817;30.5,126.75;172.75,69.75;250,46.75;365.5,251.5;91.25,47.25;145.25,89.75;205,155.25;207.25,60
43514;51.25,170.25;140.5,78.25;242.25,66.75;348,209;121.75,18.25;145.25,89.75;182.5,132.5;207.25,60
507;41.75,189.5;153.75,124.5;218.5,56.75;348,209;104.75,34.25;146.75,53;182.5,132.5;228.75,53.25
13900;37.5,182.75;153.75,124.5;219,56.5;348,209;93,7;159.75,14.75;202.25,88.5;210,93
4613;17.25,190;147.75,110.5;176.5,50.25;315.75,249.25;93,7;159.75,14.75;193.5,68.75;222,143.5
45029;25.5,168.75;140,159.25;179.5,18.75;330.75,247.75;79,42;159.75,14.75;193.5,68.75;222,143.5
30483;25.5,168.75;169.75,206.75;179.5,18.75;330.75,247.75;51.75,43.25;150.5,51;153.25,67;183.75,99.25
40601;31.75,117.75;169.75,206.75;173.5,45.75;322.5,210.25;70.75,11.75;102.25,40.25;118.75,107.25;183.75,99.25
14708;51.5,62.5;173.75,267.25;183,50;300.75,242.25;83,25.5;109.5,52;118.75,107.25;183.75,99.25
47151;36.25,35.75;184.75,275.75;198.5,50;291.25,248.75;83,26.5;109.5,52;118.75,107.25;183.75,99.25
40819;83,23.25;187.25,275.25;198.25,62.25;344.5,241.25;72.25,12;86,71.75;118.75,107.25;183.75,99.25
4772;91.75,62.75;137.5,292.5;194.25,59.25;319.25,242.25;72.25,12;86,71.75;155,148.5;229.75,72
3994;61.75,57.5;148.25,259;219.5,16.25;319.25,242.25;72.25,12;81.25,71.5;189.5,184.75;221.25,40
25466;61.75,57.5;169,294.75;219,13.75;325.75,195;72.25,12;81.25,71.5;169.5,188.75;255.5,16.75
24866;48.75,53.5;171,300;219,13.75;356,172.25;72.25,12;81.25,71.5;176.75,180.5;233.25,11.25
47163;62,69.5;149.25,304.5;219,12.75;356,172.25;72.25,12;96.75,88;204,200.75;263,15.5
10155;66.5,19.5;185.75,287.25;257,40.5;335,218.5;72.25,12;74,118.75;204,200.75;238.25,53.5
34724;67,19.75;156.5,257.5;257,40.5;330.75,247.25;69.75,31.75;100.25,123;197,174.25;238.25,53.5
32510;67,19.75;162.75,286;257,40.5;337,266.75;78,19.5;130.25,106.75;197,174.25;223.5,19.5
37592;82.5,52.25;162.75,286;278.75,34;337,266.75;94,34.75;167.75,82.25;199,224.25;269.5,32.25
2538;60.25,56.5;118.5,303.75;278.75,34;337,266.75;130.25,40.75;208,100.25;249,232.25;268.75,32.5
40358;45.5,66.75;118.5,303.75;273.75,68;296.5,251.75;165,39.5;208,100.25;271,245.25;280,35.5
2960;79,74.75;118.5,303.75;260.25,92.75;336.5,277.5;126.25,23.25;187.25,67.75;263,254;280,35.5
11035;87.25,90.25;152.75,273.5;253.25,82.25;337,277.25;126.25,23.25;187.25,67.75;247.75,213.25;257.25,14.75
40042;66,111.5;171.5,268;253.25,82.25;359.75,294.75;156,16.75;187.25,67.75;244.25,235.75;296.5,36
6348;38.25,133;157,225.75;227,89.5;333.75,279.5;156,16.75;187.25,67.75;240.5,274.5;296.5,36
35996;39,133;160.5,223.5;231.75,81.5;281.75,277;156,16.75;200.5,97.5;240.5,274.5;316.25,86
47859;36,110.75;172.5,262;241.75,99;281.75,277;156,15.25;211,95;240.5,274.5;348.25,79
45586;36,110.75;149.5,264.5;208.25,80.25;261,232;156,15.25;224.25,105.5;240.5,274.5;355.25,81.25
34473;40.5,159;149.5,264.5;204,41.5;227.25,265.5;169,38;172.75,97.25;272.25,287.25;355.25,81.25
21127;6.5,124;150.75,266;167.25,22;227.25,265.5;169,38;172.75,99;276.25,252;330.25,81.75
46547;6.5,124;119,270;182.25,4;201,294.25;120,30.25;172.75,99;251.25,216;329.75,51.5
19933;29.75,121.75;70.5,255.75;180.25,1;251.75,271.25;120,30.25;201.5,90.25;250.75,216;329.75,51.5
8987;63,119.25;70.5,255.75;147.25,7.5;251,271.75;120,30.25;202,100;234.75,221.75;354,13.5
14538;63.75,119;87.75,229.5;188.5,37.5;253.75,323.5;120,30.25;224,117.5;234.75,221.75;326.25,61
26825;62.5,119.25;63,255.25;188.5,37.5;281.75,322;109.75,49.75;240.25,76;241,174;326.25,61
16711;62.5,119.25;63,255.25;230.75,39;301,319.75;89.5,54;232,110.75;245,132.25;319,40.75
49478;65.5,116.75;80.5,286;255.25,19;273.5,295;67.25,9.5;232,110.75;245,132.25;319.75,41.5
28306;15,109;106.25,240;255.25,19;264.25,313.5;34,48.5;220.75,93.75;245,132.25;320.25,41.5
3264;12.25,81;62.25,262.5;255.25,19;301,300.75;11.75,69;210.25,85.75;245,132.25;320.25,41.5
47843;31.5,40.25;45.75,263.5;257.75,19.75;300.25,303.25;11.75,69;210.25,85.75;259,141.75;321.25,63
11808;32,40;62,219.5;273.25,18;301,263.75;61.75,64.5;210.25,85.75;283.75,185;321.25,63
49301;32,40;103.25,213.25;273.25,18;322.25,293.75;96.75,49;224,108.5;292,196.75;321.25,63
48855;5.75,4.75;125.5,239.25;273.25,18;286.5,319;126.5,45.5;180.25,126.25;293,197.75;321.25,63
7523;8,55.25;74.75,242.5;273.25,18;344,314.5;106.25,53.25;164.75,82.25;249,226.5;321.25,63
39507;8.75,55.75;59.5,217.75;246.75,13.75;306.75,301.75;134.5,72.25;168,52;249,226.5;321.25,63
4005;3.75,4.75;59.5,217.75;246.75,13.75;251,309;125.75,106.5;200.75,96.75;242.5,226.5;338.5,91.75
45713;3.75,4.75;59.5,217.75;246.75,13.75;252,309.5;117.25,149;152,109.75;293,194.5;326.75,57
33164;3.75,4.75;65.5,222.5;233,43.25;291.5,303.25;113.75,194;143.25,79.5;275.75,222;326.75,57
44803;3.75,4.75;65.5,222.5;213.75,16.75;306.5,304.25;87.25,220.75;170.5,95;275.5,222.5;306.75,87.25
9544;3.75,4.75;113.75,243.5;213.75,16.75;313.75,304.25;63.5,177.75;162.75,51.75;254.25,231;298.5,57.75
39569;7.75,6.75;99.25,253;211,13.25;344.25,258;63.5,177.75;162,51.75;254.25,252.5;298.5,57.75
37806;7.75,6.75;99.25,253;211.75,12.5;344.25,258;71.25,153.5;213,45.75;298.25,265.75;299,7.75
49405;20.5,43.25;120.75,270.5;211.75,12.5;364.5,208;60.75,95.25;216.25,79;298.25,265.75;299,7.75
9734;1.75,93.5;120.75,270.5;211.75,12.5;351.75,167.25;106,101.25;265.25,101.75;298.25,265.75;314,17.25
41301;1.75,93.5;120.75,270.5;211.75,12.5;354.5,186.75;148,77;269.25,112.5;292.75,296.75;302.5,4.25
48162;1.75,93.5;120.75,270.5;187.5,48.25;368.5,196;143,50.75;248.5,88.25;285.75,304.5;300,3.25
6663;1.5,91.75;153,298.25;193.75,69.25;349.75,224;143,50.75;200.5,98.25;266.25,283.75;300,3.25
45957;0.75,91.75;114,292;189.5,77.75;349.5,275.5;143,50.75;200.5,98.25;266.25,283.75;338.5,33
17404;0.75,91.75;154.5,265.75;189.5,77.75;354,255.75;173.75,28.75;200.5,98.25;244.5,266.5;363.5,46.75
19752;22.75,64.25;148.75,226.25;189.5,77.75;356,260;162,59.5;183.5,65.5;244.5,266.5;310.75,30.5
13532;44.75,32.5;148.75,226.25;190,79.75;347.5,213.25;117.5,51;144.75,51.5;244.5,266.5;307.5,51.5
47000;16.25,29.75;123.5,200.5;208,80;347.5,213.25;102.25,40.75;118,35.75;244.5,266.5;304.75,53.25
28480;16.75,30;119.75,205.75;202.5,72;361.25,202;102.25,40.75;154.25,11.5;244.5,266.5;295,13.25
14221;16.75,30;138.75,183.5;235.75,83;361.25,202;53.25,41.75;132.75,45.5;208.5,275.5;295.25,14
50393;19,62.75;138.75,183.5;259.25,41.5;361.25,202;53.25,41.75;123,7.5;234.5,274;294.5,14
28180;19,62.75;113.5,203.75;259.25,41.5;365,230.75;11.75,4.25;152.75,48;263.5,319.75;299.25,51.25
19354;36.25,14.75;122.5,256.25;269,73.5;365,230.75;6.75,42;179.75,36.75;263.5,319.75;302.75,34.5
5310;36.25,14.75;122.5,256.25;243.75,92.25;365,230.75;29.75,57.25;188.25,27.25;230.75,284.25;289.25,37.75
43522;36,15.25;81.75,232.75;258.25,109;339.75,229.25;5.5,93;194.25,40.25;230.75,284.25;289.25,37.75
7879;28.75,56;81.75,232.75;257.25,109;339.75,229.25;9.5,139.25;202,21.75;207.75,255.5;262.5,28
31202;6.5,62.25;77,257;289.25,112;296.75,265;9.5,139.25;202,21.75;203.75,304;262.5,27.5
44475;55,97.5;99.75,248.5;286.75,74.75;292.25,211;59.25,168.25;202,21.75;203.75,304;262.5,27.5
43729;34.25,121.75;50,219.25;287.25,54.5;326.25,193.25;112.75,161.25;202,21.75;203.75,304;262.5,27.5
8316;18.25,86;46.75,211.75;287.25,54.5;326.25,193.25;93.25,136.75;216.25,57.5;241.5,291;279.25,23.5
39871;4,63;46.75,211.75;255.5,42.75;272.75,197;93.25,136.75;215.75,57.25;289.5,312;314,37.25
36666;4,63;46.75,211.75;255.5,42.75;291.5,207.5;65.5,116.25;172,51.75;298,276.5;333,4.25
25707;4,64.5;43,238;219.5,22.25;260,176.75;46.75,131;143.75,48.25;298,276.5;333,4.25
7878;3.5,68.25;33,226.25;215.25,63;281.25,165.25;47,76.25;170.75,92.25;298,276.5;333,4.25
31388;3.5,68.25;76.5,223;184.75,76;273.75,168;47,76.25;215,108.5;331.5,310.5;333,4.25
43358;38.75,76;96,188;184.75,76;280.25,168.5;47,76.25;215,108.5;341,293.25;343,51.5
39552;11.75,63.25;96,188;175,67.5;275.5,179.5;11,99.25;215.5,103.25;341,293.25;359,54.75
12446;12.25,64.5;130.25,171.25;138,63.75;246,218.5;49,128.5;215.5,103.25;341,293.25;359,54.75
40025;33,37.5;130.25,171.25;151.25,16.25;280.25,194.25;80.5,163.5;249.5,73;341,293.25;355,17
16573;6.25,9.25;94.25,174.75;151.75,16;251.5,219.25;69.25,215.5;249.5,73;341,293.25;356,9.5
39617;36,50.25;91,173.25;182,5.75;281.5,229.75;106,262.25;199,88.5;341,293.25;356,9.5
38903;81.75,43.75;91,173.25;210,9.5;281.5,229.75;103.25,308.5;239,77.5;344.75,292.75;356,9.5
48898;59.5,7.5;74.5,175.75;210.5,9.25;315.25,229.5;103.25,308.5;239,77.5;354.75,279;356,9.5
31405;37,60.75;48.5,126;210.25,8.25;315.25,229.5;113.25,264;239,77.5;339.25,222;355.25,55.75
21379;2.75,62.75;8.25,140.75;210.25,8.25;315.25,229.5;100.75,270.25;219.5,65;339.25,222;349.25,18.75
7105;18.5,119.25;37.5,183.75;220.5,15.5;315.25,229.5;46.75,309.25;226,107.5;294.5,170.5;349.25,18.75
4471;36.25,170.25;48.25,151.25;220.5,15.5;315.25,229.5;103.5,305;228.5,71;273.25,167.25;302.75,13
24215;36.5,170;48.25,151.25;263,13.75;291.25,206;147.75,319.5;228.5,71;238,174.5;284.5,25.75
41414;33,213.25;92.25,141.25;244.5,11.5;281,192.25;147.75,319.5;228.5,71;256.75,141.75;284.5,25.75
38840;33,213.25;136.5,125.5;219.25,54.25;281,192.25;148.25,272;228.25,71.5;284.75,137.5;304.5,6.25
1313;32,213.5;148.25,140.25;175,70;261.75,238.5;147.5,242;193,44;284.75,137.5;304.5,6.25
33943;63.5,219.25;152.25,159;175,70;261.25,239.5;127.75,217.25;236.5,62;267.5,145.75;304.5,6.25
47343;51.25,248.75;157.75,193.75;180.5,80.5;261.25,239.5;167.25,225.75;236.5,62;250.75,145.5;312.75,3
8555;59.5,219.5;157.75,193.75;185.5,81.25;257.25,241.5;188.25,190;229.25,20.5;237.25,180.25;312.75,3
11443;72.25,185.5;157.75,193.75;186,81;291,264.25;194.5,174;235.75,50.5;237.25,180.25;355,12.5
31894;66.75,171.25;161.5,164;186,81;307,313.25;194.5,174;235.75,50.5;242.75,211.25;358.25,39.5
36515;66.75,171.25;136.75,184.5;223,62.75;308,321.75;148.25,184.75;235.75,50.5;253.75,233.25;350.75,83
29348;65.75,172.5;136.75,184.5;185.5,43.5;291.75,320.25;153.25,221.5;217.75,35.5;235.5,217.25;350.75,83
26059;65.75,172.5;119,198.75;185.5,43.5;305.25,304;150.5,225.25;199.25,87.75;235.75,215.75;364.25,81.25
26762;98.75,188.75;137,240.25;137.75,44.25;310.25,262.5;150.5,225.25;204,87;218.75,195;364.25,81.25
47271;106.25,243;125.5,286;148,27.75;311,259.5;150.5,225.25;184.5,100;250.5,169.25;364.25,81.25
41681;118.75,250.75;125.5,286;198.75,7.75;341.75,229.25;126,229;208,99.75;250.5,169.25;364.25,81.25
40986;148.25,227.75;176,289.5;218.25,55.75;297.25,254;139.75,272.5;208,99.75;274.5,222.25;364.25,81.25
44215;152,230;217,294.25;263,54.25;275.5,256.75;105,275.75;208,99.75;274,222.5;364.25,81.25
26014;152,230;217,294.25;233.75,73;275.5,256.75;121,307.75;254,77.5;266.5,221;345.25,79
11038;177.75,208.5;213.25,319.75;233.25,73.25;243,258.25;83.5,283.75;219,91;266.5,221;345.25,79
5324;162.5,194.75;213.25,319.75;231.5,89.5;245.75,297;83.5,283.75;219.75,91.75;241.25,245;331.75,25.5
27148;164.5,150;214.25,278.75;231.5,89.5;247.75,291.25;127.75,264.75;219.75,91.75;239.5,293.5;331.75,25.5
2496;195,146;214.25,279.25;231.5,89.5;247.75,291.25;110,316;249.25,132.25;249.25,252.5;342.25,24.25
5606;164,106.25;211.5,292.5;221.25,62.75;285.25,318;110,316;240.5,102;249.25,252.5;342.25,24.25
50446;186.5,119.25;211.25,252.5;239.75,31.75;285.25,318;110,316;240.5,102;282.5,235.5;343.25,24.75
42824;207.75,72.5;211.25,252.5;219,39;311.25,321;115.5,292;240.5,102;280.75,186;343.25,24.75
5656;183.75,79.75;239.5,217.75;247.75,79.25;311.25,321;154.25,300.25;240.5,102;319.75,161.5;362.25,77.75
30490;162.5,105.75;239.5,198.25;284.75,70.75;344.75,312.25;142.5,299.25;240.5,102;319.75,161.5;362.25,77.75
49800;136,129;239,199;284.75,70.75;359.25,290;144.25,302;240.5,102;313,199.75;362.25,77.75
3536;158,126.25;225,237.25;276.5,105.75;339.5,298.75;144.25,302;240.5,102;298.75,206.5;362.25,77.75
49281;168.75,161.75;225,237.25;279.75,104.25;339.5,267.25;144.25,302;271.5,79.75;281.75,174.25;362.25,77.75
24541;167,156;222.25,209.5;279.25,74.25;342.75,314.5;119.25,291.5;271.5,36.5;281.75,174.25;362.25,77.75
38288;203.5,170;224.75,208.25;291,54.25;304.75,289;119.25,291.5;273,36.5;281.75,174.25;319.75,63.75
32714;203.5,170;222,188.25;291,54.25;304,245;120.5,287.75;234.5,42;319,159.25;354.25,82
49344;183.25,157.5;222,188.25;267.25,11.5;280.75,300;180.25,287.5;234.75,39.25;319,159.25;346.75,60
9886;141.5,188.5;234.5,152.75;271,26.25;280.75,300;183.5,293.25;247.25,77;335.5,162.5;346.75,60
25973;162,226;234.75,153.25;248.5,75.25;326.75,271;183.5,293.25;247.25,77;312.5,147.5;325.25,50.25
40909;135.5,226.25;234.75,153.25;272.5,34.5;298.75,238.75;183.5,293.25;208,100.5;280.25,172.75;311,22.75
44306;135.5,226.25;235.75,153.5;272.5,34.5;315.75,248.5;185,288.5;226.5,117.5;261.5,139;311,22.75
191;118.25,206.25;241.75,116.5;256.25,64.5;362.5,230;185,288.5;226.5,117.5;284.25,107.25;320,63.5
34969;131.75,170.5;241.75,116.5;256.25,64.5;362.5,230;186.25,290;269.25,94.75;284.75,95.25;308.25,79.5
23329;136.75,192;263.25,67.5;269,66.5;323.25,206.5;156.75,272.25;269.25,94.75;284.75,95.25;326.25,58.25
16544;158.25,144.5;215.25,60.75;279.75,103.75;313,226.75;156.75,272.25;269.25,94.75;284.75,95.25;353.5,55.75
9;131.75,174;257,44.5;304.25,133.25;313.25,225.5;192,238.75;269.25,94.75;284.75,95.25;323.5,35.25
8864;165.5,162.25;265,1.75;304.25,133.25;313.25,225.5;231.5,257.5;241.5,95;284.75,95.25;324,35.25
48620;167.5,143.25;265,1.75;301,114.5;313.25,225.5;197,249.5;244.75,98.75;284.75,95.25;285.5,13.75
17186;167.5,143.25;252,57.25;272.25,166.25;363.5,201;161,222.75;244.75,98.75;282.75,40.5;302.75,36.5
30788;167.5,143.25;286,74.25;289.25,114.75;365.25,248.5;161,222.75;244.5,99.5;282.5,40.75;300.75,6.5
46872;206.75,167.75;286,74.25;289.25,114.75;363.5,251.25;161,222.75;229.5,46.25;240.75,46;337.25,48
44068;223.5,186;322.5,54;336.5,141.75;356,304.5;161,222.75;212.25,64.25;240.75,46;337.25,48
19854;262.5,154.25;270.75,59;330.25,158;356,304.5;161,222.75;208.75,69.5;284,28.25;337.5,47.75
40560;242.5,200.25;271.75,103.75;281.5,142.75;368.75,309.75;174.25,238;205.75,39.5;284,28.25;337.5,47.75
47034;251.25,181.25;271.75,103.75;321.75,142.75;332.25,298.75;138.25,268.75;205.75,39.5;284,28.25;308.75,64.25
50129;251.25,181.25;271.75,103.75;330.5,155.25;332.25,298.75;93,281.25;243.25,32.25;296.5,84.25;309.25,38.5
40633;208.25,201;271.75,103.75;330.5,155.25;331,294;83.25,250;260,85.25;267.25,116;309.75,39
31050;154.25,222.75;271.75,103.75;342,112.25;365,289.5;88.5,255.25;245.25,98.25;267.25,116;364,43.5
35400;177.75,265.25;298.25,120;306,114;365,289.5;37.75,252.25;245.25,98.25;290.5,115.5;357.75,2
34651;183.25,316.75;265.5,154.75;287.25,144;320.75,315;71.75,259.5;247.75,97;290.5,115.5;357.75,2
19557;169.25,278.25;241.5,195.25;246.5,135.5;281.5,318.5;71.75,259.5;254,93;314.5,161;357.75,2
43066;170.25,302.75;223.25,206.25;246.5,135.5;286.5,276.75;74.25,258.25;279.75,63;314.5,161;357.75,2
23464;200,274;206,175.25;224.5,154;291,286.75;75.75,253.25;293.75,51.25;314.5,161;357.75,2
46364;200,274;224.5,154;226.5,181;245.75,310;60,224.25;302,86.75;304.5,198.25;359.25,57.25
751;159.5,318.25;224.5,154;274.5,179.25;283,321.5;15,203.75;255,36.25;311,273;359.25,57.25
42763;160,317.5;224,189.25;274.5,179.25;300,322.5;61.75,215.75;247,9.75;266.25,258.75;359.25,57.25
7545;110,308;225.75,170.75;274.5,172.75;300,322.5;62.75,212;216.25,16.75;328,272.25;359.25,57.25
39428;78.75,291.5;218,129.75;274,172.75;300,322.5;21.25,215.75;251.5,14.5;300,235.75;359.25,57.25
31291;68.5,317.25;214.75,93.75;274.5,172.75;342.5,289.5;30,197.5;251.5,14.5;316.25,236.75;359.25,57.25
44022;70.5,321.75;173.75,88;274,172.75;299.75,320.75;30.75,252.75;251.5,14.5;316.25,236.75;355.75,16.5
12307;50.25,307.5;166.5,136;275.25,137.75;299.75,320.75;13.25,203.75;290.75,25.5;334,288.25;355.75,16.5
43926;30,300.5;114.25,114;275.25,137.75;299.75,320.75;24.75,203.25;290.75,25.5;297.25,299.25;361.5,59.75
31101;64.75,268.75;125,87.75;292.75,173.5;299.75,320.75;75.25,212;249.25,47.75;283.75,282.5;361.5,59.75
3005;54.5,230.75;169.75,88.25;292.75,173.5;299.75,320.75;35.5,187.25;248.5,45.75;253.5,278.25;324.25,57.75
39374;54.5,230.75;169.75,88.25;267.25,126.5;299.75,320.75;15.25,219;237.5,86.25;262.5,291.5;355,82.5
37411;58.25,274;169.75,88.25;252.5,119.25;299.75,320.75;33.5,186.25;279,102;312.5,312.25;331.75,94.25
41140;57.5,249;206.5,92.5;257,114;299.75,320.75;84.75,189;279,102;324.75,300.5;328.75,82.5
5032;32,243;186,74;257,114;299.75,320.75;81.75,231;242,87.25;302,291.25;328.25,82.75
48534;53.5,216.5;187,88;257.25,109;299.75,320.75;74,268.5;245,76.5;302,291.25;347.25,119
20406;53.5,216.5;225.25,75.75;257.25,109;299.75,320.75;43.5,272.75;221.25,74.75;271,311;305,109.25
21108;61,217.5;246.25,97.5;269.25,103;299.75,320.75;27.25,302.25;221.25,74.75;270,311;305.25,152
39434;50.5,249;276.25,57;278.75,73.25;299.75,320.75;29,265.5;264.75,84.75;270,311;305.75,172
17515;104,250.5;245.5,83.25;276.25,57;280.5,283.75;28.75,266;264.75,84.75;280,287.75;318.25,210.75
12069;84.25,266.75;243.25,82.75;264.25,31;300.5,290.25;1.25,283;264.75,84.75;289,249;318.25,210.75
21563;77.75,281;243.25,82.75;264.25,31;300.5,290.25;1.25,283.5;304.75,93.25;312.5,237.25;335.5,198
30989;61,273.25;222,41.5;278.25,67;338.5,257.5;1.25,283.5;288.25,90.75;312.5,237.25;335.5,198
220;95.5,308.75;222,41.5;291.5,110.75;338.5,257.5;28.5,310.75;298.5,113.25;303,281;312.5,199.25
19530;125.5,293.75;187.25,63;308,138.75;338.5,257.5;28.5,310.75;268.5,116;285.75,228.5;318.75,243
30785;160,323.75;238.75,82.5;274.25,167;297,295.75;28.5,310.75;214.75,105.5;285.75,228.5;318.75,243
34622;160,323.75;284.75,106;299,169.5;337.25,265.75;18.5,297.5;213.5,66.5;285.75,228.5;290.75,276.5
46439;160,323.75;244.5,81.5;251.5,156.25;337.25,265.75;71.5,289.75;213.5,66.5;253.25,233.25;292.75,288.25
46883;160,323.75;234,80.5;250.5,158.75;360.75,234;71.5,289.75;202.25,40.25;242.75,233.5;285,286.75
47834;160,323.75;192.75,102.5;250.5,158.75;360.75,234;19,295.5;191.5,1.75;242.5,274.75;302,291.25
36322;160,323.75;165.75,103.75;250.5,158.75;364,192.75;29.5,293;231,15.5;261.5,247.75;352,305.25
46771;160.5,275.75;165.75,103.75;250.5,158.75;309.75,218;44,254.25;249,17.5;261.5,247.75;367.5,278
35563;133.5,243.75;165.75,103.75;276.5,144.5;312,217.5;52.25,248;249,17.5;276.25,214.25;363.25,265.75
40928;172.75,223.5;210.75,91.75;277.75,166;334.5,252;74.25,264.75;249,17.5;276.25,214.25;363.25,265.75
26246;201.25,260.5;223.25,54.5;272.75,191.75;333,248;81.25,220.75;225.25,40;276.25,214.25;363.25,265.75
5800;205,227;220.25,30.25;283.75,190.25;333,248;73.25,177.5;225.25,40;275.75,228.5;364,235.75
28257;202.5,226;209.75,72.5;250.25,175;333,248;84.25,164;240.5,77;275.75,228.5;364,235.75
40361;189.75,184.25;202,92.5;208,175;355.5,274.75;83.5,164;240.5,77;304,195;364,235.75
43443;152.25,157.75;183,89.25;208,175;355.5,274.75;60.75,142.75;218.75,80.5;304,195;348,212.75
33270;152.25,157.75;183,89.25;206,179.25;355.5,274.75;39.25,107.5;237.5,86.25;355,198.25;361,245.5
30979;152.25,157.75;183,89.25;206,179.25;355,255.75;63.5,93.25;274.75,60.25;339.75,232.25;363.5,263.25
28950;116.75,174.25;175,36.5;214,200.5;337.75,209;104.5,94.75;314.25,30.75;339.75,232.25;363.5,263.25
34502;130.25,191;175,36.5;245.75,258.5;315.5,151;104.5,94.75;258.5,52.5;338,196;362.5,211.5
6310;140.5,158.25;156.5,29.75;245.75,258.5;315.5,151;105.75,96.75;265.5,104;340.75,205;352.5,191.25
5793;140.5,158.25;193.5,37.75;246.5,255.25;330,197.75;100.5,46.75;286.75,110.75;313.75,229.75;352.5,191.25
30376;130.25,137.25;193.5,37.75;271,286.25;356.75,201;100.5,46.75;286.75,110;316.5,248.5;341,215.75
40514;130.25,137.25;193.5,37.75;270.5,287.25;356.75,201;146,76;240.5,115.25;297.25,299.75;300,194.75
7907;134.5,129;184.5,23;270.5,287.25;309.75,201.5;133.5,72.5;240.5,115.25;261.75,305.5;300,194.75
39706;161.5,84.25;184.5,23;228,316.25;336.25,235.25;168.25,111.25;240.5,115.25;259.75,305.5;346,187.25
50246;179.5,61;191,49;228,316.25;309.5,242;128.75,105;206.5,154.5;259.75,305.5;346,187.25
21716;179.5,61;191,49;249.25,313;316.25,270;147,92.25;192,165.25;290.75,276.5;335.5,207.5
30507;179.5,61;187.25,43.5;212.75,291.25;357,274.75;147,92.25;217,128.75;264.5,233.25;351.5,173
18890;179.5,61;185.25,16.5;235.25,314.25;332.5,267;147,92.25;197.5,174;287.25,193;355.25,159
36849;178,37.25;178.25,53.75;198.5,310.75;287.5,263;182,110;197.5,174;286.75,201.25;355.25,159
48219;152.5,44.25;178.25,53.75;241.5,290.75;273.75,238.5;172.5,166;183.5,135.5;313.5,210.75;355.25,159
4921;121,4.5;221.75,42;241.5,290.25;273.75,238.5;184,166;188.25,173.5;308.75,196.5;355.25,159
7668;108,47.25;222.75,43;228,253;327,249.5;184,166;232.5,203.75;324.5,217.5;355.25,159
27121;146,20.25;238.5,43.25;243.5,275.75;352.75,216.75;184,166;232.5,203.75;288.25,217.5;358,148.75
43635;177.5,48;224.25,75.5;244.25,275.25;352.75,216.75;184,166;240.5,229.5;260.75,231.5;357,146.25
2279;149.75,47;183.5,80.75;202.75,259.5;356,264.25;184,166;251.25,216;287.25,184.75;357,146.25
23215;116.75,40.75;183.75,80.25;214.5,246.75;360.75,246;184,166;251.25,216;291.25,216.75;329,178
13207;72,34.25;183.75,80.25;196.75,261.5;360.75,246;215.75,157.5;274.5,238.75;283,175.75;312.25,197.25
20488;68.25,58.75;141.75,89.75;175.75,296.5;360.75,246;224.25,152.25;274.5,238.75;276,172.75;341.5,204.25
32358;26.5,84.5;110.75,122.75;175.75,296.5;360.75,246;260.75,174.75;281.75,276.75;293.5,152.5;306.25,238.75
26087;7.25,46.25;110.75,122.75;201.75,259.5;363.5,244.75;216.5,188;269,266.25;276,134.5;306.25,238.75
33538;53.25,58.25;70.5,96.25;169.25,225;362.5,278.75;216.5,188;269,266.25;276,134.5;320,197.75
43822;53.25,58.25;75.75,110.25;168,224.25;355,239.5;205.25,213.75;253.25,310;276,134.5;350,176.25
31032;52.25,64.75;94.5,148.25;197.75,246.5;355,239.5;223.5,231.25;234.75,265.75;276,130.25;350,176.25
46412;52.25,64.75;94.5,148.25;172.75,232;355,239.5;269.25,219.25;275,265.75;276,130.25;353.5,202.5
45914;46.5,9.25;93.25,90.25;172.75,232;359.75,279.75;269.25,219.25;275,265.75;311.75,143.5;324,181.25
42301;46.5,9.25;93.25,90.25;172.75,232;346,319.75;257.25,263.25;257.5,293;268.25,160;337.5,124.5
2610;14.75,28.25;81.5,114.75;161.5,231.75;346,319.75;238,290.75;257.25,263.25;273.25,174;292,141.5
4492;45.25,49.25;81.5,114.75;168.75,274.5;327.25,279.5;216,276;222.75,246;292,141.5;304,195.25
38562;42.25,85.5;46,123;135.5,285.5;307.5,258;216,276;222.75,246;290.25,141;319.5,163.75
1896;20.5,77.75;40.5,145.5;113.25,303.25;282,245.5;216,276;222.75,246;270.5,115.75;356.25,149.75
42056;20.75,78.25;40.5,145.5;116.75,258.75;294,238.75;181.75,233.25;205.5,220.5;308.75,123.5;356.25,149.75
16988;20.75,78.25;40.5,145.5;116.75,258.75;283,262.5;172,233;205.25,208.75;309.75,170;351.5,150.5
1753;20.5,89.5;80.5,124.25;142.75,261.25;283,262.5;172,233;185.75,174.25;339,150.25;359.5,170.25
22306;12.25,47.5;48,99.75;169,265.5;288,259;149.75,222;185.25,175.25;339,150.25;359.5,170.25
2011;59.5,66.5;66.5,74.75;169,265.5;303,302;149.75,222;181.5,175.25;356,155.5;357,165.25
45077;30.75,17.5;66.5,74.75;165.5,266.75;292.5,318.75;149.75,222;196.5,174;351,153;357,154.75
4101;63.75,7.25;104.5,87;119.5,269.75;292.5,318.75;149.75,222;205,181.25;301.75,127.75;359.75,199.5
30811;39.5,11.25;76.75,127.25;97.25,254;261.75,322;149.75,222;205,181.25;301.75,132.5;359.75,199.5
44201;50.5,32.5;91.75,91.75;97.25,254;261.75,322;173,196;217.75,189.75;303.5,194.25;341.5,232
24229;50,32.5;91.75,91.75;104.5,250;241.25,307.25;174.75,197;217.75,189.75;310.75,241;354.75,191.25
37639;57.75,32;91.75,91.75;155.25,266;262.75,255.25;174.75,198.25;203.75,189.75;266.25,236.25;354.75,191.25
7836;41.5,46.25;92,84.75;148.5,260.75;265.25,237.5;174.75,198.25;203.75,189.75;268.75,238.75;354.75,191.25
29372;5,58;110.75,71.5;162.5,224.25;265.25,237.5;190.25,241.75;204.5,188.75;237.5,238.75;354.75,191.25
13996;29.5,78.25;99.5,26.25;118.75,203.25;265.25,237.5;190.25,241.75;197,213.75;237.5,238.25;302.25,184.25
21872;29.5,78.25;103.25,19;162.5,194;256.25,244.5;155.5,252.5;197,213.75;237.5,237.75;274.25,168.75
33864;25.75,74.25;65.75,7;207.75,178.25;252,279;155.5,252.5;197,213.75;214.25,275;274.25,168.75
32513;47.5,104;79.75,44.5;237.5,170.25;252,279;156,253;197.5,214.5;214.25,275;278.25,186
16799;38.5,114.5;78.5,40;236.25,127.5;282.5,322.5;154.25,252.5;164.5,203.75;214.25,275;278.25,186
46423;15.5,74.75;77.75,41.5;241.25,161.75;282.5,322.5;133,252.5;164.5,203.75;186.75,288.25;255.75,141
44062;15.5,74.75;77.75,41.5;241.25,161.75;323.25,319.25;133,252.5;186.25,173.5;193.75,275;255.5,123.5
22109;15.5,74.75;77.75,41.5;207.75,175;323.25,319.25;123.5,285.5;171.75,163;179.75,235.75;285,125.25
44253;33.75,94.5;64.75,5.75;183.25,212.25;289.25,317.75;123.5,285.5;171.75,163;179.75,235.75;277.75,174
27391;9,109;74.5,59;186.75,269.5;289.25,317.75;124.25,285.5;171.75,163;236.75,229.75;247,183
26128;15.75,141.75;79.5,43.75;191.25,246;289.25,317.75;124,285;171.75,163;235.5,275.25;293,199
1104;15.75,141.75;44.5,61.75;164,274;298.5,320.75;124,285;202.75,141;272,267.75;294.5,219.25
3888;44,158.25;80.5,64.5;207,259.5;298.5,320.75;170.75,309.75;182.5,135;272,267.75;297.75,216.5
49329;22.5,170;110,48.5;207,259.5;314.25,293.5;184.5,286.5;186.5,175.75;254.5,309.25;297.75,216.5
2010;67.75,153.75;75.5,58.5;255.75,281.25;278,260.5;184.5,286.5;186.5,175.75;250.25,255.5;287.25,185.25
49575;35.25,189.5;64,75.75;255,281.5;278,260.5;169.25,302.75;182,173.5;250.25,255.5;260,163.75
8339;35.25,189.5;64,75.75;255,281.5;324.5,281.75;117,307.75;192,122.5;263.75,258.25;265.75,173
44431;47.5,181.25;79.25,90.25;240.5,255.25;340.75,257.75;118.75,309.75;192,122.5;221.5,272.5;265.75,173
20308;14.75,153.75;106.25,125.5;215,259.5;295.75,265;118.75,309.75;192,122.5;221.5,272.5;257.5,147.25
12011;14.75,153.75;106.25,125.5;215,259.5;285.5,287.25;82.5,283.75;203.75,120.5;235.25,267.25;267.5,107
22784;46.25,182.5;106.25,125.5;215,259.5;298.5,259;51.75,249;200.25,95.5;248.25,257.25;261,108.25
36247;24.75,202.75;103.25,160.75;215,259.5;319,294;51.75,249;171.75,90.75;245,256.75;281.5,91.5
27750;24,202;109.25,122.25;214.5,291.25;351,307.25;58.25,247;171.75,90.75;229.75,266.5;281.5,91.5
23344;24,202;105.75,120.25;221.75,303;351,307.25;58.25,247;180.25,49.75;261.75,292;299.5,85.75
28595;24,202;89,114.75;246.25,305;353.25,263.25;61.5,268.25;143.5,49.5;261.75,292;299.5,85.75
21985;24,202;110.25,78;246.25,305;360.25,294.75;42.75,309.75;143.5,49.5;282.5,286.25;308,125.75
42747;2.75,215.75;110.25,78;259.75,302;361.75,296;42.75,309.75;143.5,49.5;274.25,295.5;337,150
22371;32.5,240.25;110.25,78;299.5,318.75;361.75,296;3,317;154.75,52;274.25,295.5;358.5,158.5
25324;32.5,240.25;146,128;324.75,266.75;353.75,242.75;3,315.5;129,40.25;263,254.5;358.5,158.5
44514;12,265;146,128;299,286.75;328.25,237.25;38,295;128.75,39.25;263,254.5;319.5,199.25
10835;12,265;185.75,111.75;294,320.25;363,260.5;38,295;144.5,56.75;262.5,254.5;322,191.25
38688;34.75,302.75;185.75,111.75;254.5,303.25;356.25,231;25,284.25;144.5,56.75;264,254.25;319,163.25
13822;17.25,304.5;217,129.25;254.5,303.25;339.25,228;25,284.25;106.5,38;264,253.75;294.75,138
26476;9.75,310.5;217.5,88;224.5,313.25;339.25,228;25,284.25;81.25,12.25;270.5,263.5;290.75,137.5
1450;9.75,310.5;218,88;284.5,319;346.75,270.75;69.5,264.5;81.25,12.25;222,231.75;283.75,93.25
34541;9.75,310.5;185.5,82.25;311.5,294;364.75,267.25;69.5,264.5;80.25,14.5;246.5,200.25;284.75,96.75
30928;55.75,322.25;235.5,76.75;318.75,293.5;364.75,267.25;70.5,255.25;85.5,20.5;246.5,200.25;284.75,96.75
17327;51.25,308.5;275.25,95.25;318.25,294;364.75,267.25;70.5,255.25;94.5,21;223.5,232.25;253.5,133.25
36388;52,308.5;256.25,92.75;285.25,273.5;347.5,252.25;70.5,255.25;74.75,24.25;223.5,232.25;287.5,151
33256;52,308.5;290,70.75;302.5,310;332.75,215;70.5,255.25;101.75,57.75;223.5,232.25;294.5,143.75
37915;34,307.75;301,116;302.5,310;350.5,229.25;65.75,223;105.5,55.75;236.75,217.5;294.5,143.75
3715;33,307;301.75,142.25;302.5,310;347.75,225.5;66.75,248;120.25,23.25;194,218;294.5,143.75
36383;32.25,308;301.75,142.25;341.75,288;364.75,261.75;111.75,228.75;120.25,23.25;188,218;255.5,125
34946;32.25,308;301.25,142.25;348,288;356.5,290;111,224.25;145,11.75;191.5,197;255.5,125
44467;1.75,293.25;339.75,177;348,288;356.5,290;121.75,176;145,11.75;189.5,166;253.75,121.75
18435;2.75,291.5;339.75,177;341.25,300.75;357,290.25;118,144.5;145,11.75;188.75,104.5;258,127
32453;2.75,291.5;272.25,165.25;341.25,300.75;357,290.25;70.25,125.75;152.5,50;202,173.75;258.75,169.5
24748;2.75,291.5;277.25,138.25;341.25,300.75;357,290.25;111.25,140.75;169.25,38;174,162;270.75,210
26759;2.75,291.5;253.75,117;313.25,260.5;357,290.25;111.25,140.75;160.5,92.25;194,213.75;245,175.5
33940;2.75,291.5;271.75,105.5;339,301;355.5,298;111.25,140.75;161.25,78.75;173.25,230.75;270.25,182.25
46713;2.75,291.5;271.75,105.5;302,322.75;355.5,298;86.25,106.25;138.25,73.75;234,229;317.5,196.75
42426;2.75,291.5;243.5,64.5;319.75,275.25;363.75,289;52.75,78.75;138.25,73.75;234,229;340.75,205.5
12527;28.75,296.25;210.75,35.25;319.75,276;352.75,290;37.5,48.75;138.25,73.75;195.75,226.75;340.75,205.5
44106;29.25,296.75;186.75,59;307.5,288.5;354,318.25;43,32.25;172.75,97.25;195.75,226.75;340.75,205.5
12203;60.5,274.75;154.25,81.25;264,255.75;354,318.25;73.25,40.25;171,97.5;221.75,188;340.75,205.5
13905;96.75,249.5;123.5,61.5;239,259.5;353.5,290;73.25,40.25;172.75,99;221.75,188;330.25,163.75
29170;62.25,256.5;99,59.75;239,259.5;354.25,290.25;87.5,24.75;196.75,98.5;221.75,188;319,196.25
50492;64.75,255.25;70,27.25;258,267.5;337.5,254.5;87.5,24.75;196.75,98.5;242.75,210.75;320,163.75
20613;66.75,291.25;70,27.25;225,242.25;365.25,241.5;88.5,26.5;196.75,98.5;234.25,222;308.25,196.5
22772;64.75,291.5;116.75,34.25;186,232;350,231;88.5,26.5;196.75,98.5;278.25,239.25;308.25,196.5
39190;16.25,306;103,32.5;170.5,194.25;350,231;82,80.75;188.5,96;302.25,241.75;308.25,196.5
48550;16,303;103,32.5;212.25,199;350,231;91.5,107.75;162.5,57;324,218.25;328.25,192.5
49579;16,303;115.75,33.5;239.25,224.5;350,231;109.5,97.25;152.25,48.5;276,197.25;328.25,192.5
45580;16,303;80.5,22;211.75,259;323.5,186.75;86.25,106.25;113.75,29.75;276,197.25;328.25,192.5
41856;11.25,287;97,59.75;211.75,259;279.75,167;103.25,126.5;152.5,4.75;276,197.25;328.25,192.5
23094;49.25,308.25;97,59.75;263.5,270.25;279.75,167;79,87;156.75,14.75;270.75,219.5;287,187.75
35060;50,309.5;97,59.75;263.5,270.25;279.75,167;113,93.5;191.5,2.25;227.75,246.25;283.75,187.75
37222;6.5,307.5;150.25,53.5;261,243.5;279.75,167;128.75,93;191.5,2.25;216.5,207.75;303.25,194.5
16135;6.5,307.5;103.25,69.25;251,258.75;272,167.5;128.75,93;211.5,48.25;216.5,187.75;288.75,143.25
15974;30.25,323.75;103,20;243.5,215.75;272,167.5;117.25,126.25;211.5,48.25;252,201.25;329.25,138.75
44186;80,315.5;103,20;198.25,245.5;280.25,138.25;161.25,90.5;196.75,86.25;251.5,201.25;329.25,138.75
19238;80,315.5;103,20;198.25,245.5;276.25,103.25;144.25,49.5;245.25,85.75;246,193.5;323.5,158.75
33746;81.5,315;110.5,42.75;168.75,230.5;303,73;141.25,32;208.25,86.25;246,193.5;323.5,158.75
32456;42.25,317.75;110,41.75;152.75,206;303,73;151,12.25;172.25,98;246,193.5;336.5,192.25
46862;42.25,317.75;118.75,78.25;152.75,206;287.5,24.5;151,12.25;163,85.5;277.5,175.75;315.5,208.5
2688;28,313.75;118.75,78.25;152.75,206;287.5,24.5;171,50.25;201,60.5;272,133.75;280.75,201.5
17305;53.5,322.5;67.75,58.25;153.5,224.5;287.5,24.5;171,50.25;201.25,62.75;315.25,150.5;325.75,230
35654;53.5,322.5;97.75,12;145.25,198.25;294.25,52.5;171,50.25;201.75,63.25;286.75,104.25;310,221
47240;53.5,322.5;131,24;145.25,198.25;249.75,77;155.75,96;201.75,63.25;272.5,111.5;319.25,178
26049;32.75,310;131,24;145.25,198.25;269.25,74.75;114,116.25;242.75,60.75;307.5,115.5;307.75,171
43395;34.75,309.25;141.25,22.25;175.25,220.75;276,43.75;114,116.25;264.75,26.75;304.25,109;307.75,171
16561;12.75,283.25;141.25,22.25;203.5,260.5;327,24.25;113.5,114;259.75,52.25;269.25,75.25;307.75,171
28879;12.75,283.25;173,20.5;208.5,299.25;325.5,23.25;113.5,114;231,18.5;269.25,75.25;275,201.25
42007;16,306;185,38.25;208.5,299.25;290.25,23.25;84.75,89;232.25,55.75;268.75,76;275,201.25
11261;31,305.25;185,38.25;208.5,299.25;292.25,23.25;128.25,93.5;189,31.5;213.5,86.75;234.5,204.25
45627;67.5,295.5;175,45.5;211,310.75;292.25,23.25;80.5,111.25;189,31.5;213.5,86.75;250.5,203.75
28541;70,293.5;145,12.5;211,310.75;334.5,13;90.25,65.5;162,31.25;213.5,86.75;290,185.5
6364;70.5,281;102.5,6.75;182.25,310;335,13.25;107.75,51;162,31.25;213.5,86.75;342,187.25
5515;73.5,306.25;102.5,6.75;184,269.5;357.25,15.75;116.5,91.5;162,31.25;217.25,89;335.25,135
24341;73.5,306.25;105.75,3.75;184,269.5;348,12.75;123.5,62.25;204,69.5;253,70;297.25,92.75
39299;73.5,306.25;105.75,3.75;180.5,229.5;348,12.75;131,97.75;208.5,98.75;246.5,82.25;301,57.75
5237;53,293.5;103.5,40.75;176.5,205.5;348,12.75;105.25,128.5;170,90.25;246.5,82.25;320,52.5
19399;19,307;105.25,12.25;204.75,167.5;348,12.75;123.25,107;170,90.25;290,100.5;317.75,53.25
22576;21.25,306;160,7.75;170.25,183.75;348,12.75;123.25,107;205.25,64.75;266.5,49.5;289.5,101.75
28870;56.75,285.75;173.25,47.5;216.5,200.5;335,49.75;127.5,125.75;205.25,64.75;266.5,49.5;302.5,95
7803;56.75,285.75;176.5,46.25;250,195.25;322,53.5;89.25,137.25;204,64.5;254.5,69.25;302.5,95
7384;42.25,239.25;169.5,58.25;250,195.25;330.25,38.25;89.25,137.25;154,52;268,71;337.75,133
31959;8.25,242;172,56.75;267.25,228.5;362.5,37.5;45.5,112.5;154,52;250.5,55.25;337.75,133
31945;12.75,287;172,56.75;256.25,250;355.5,26.5;45.5,112.5;129.25,78.25;256.75,20;337.75,133
767;25.25,269.75;146,42.25;228.5,279;356.75,26;27.25,92.25;158.75,116.5;256.75,20;337.75,133
5027;25.25,269.75;106.5,74.25;246.25,296.75;356.75,26.5;48,100.5;175.5,164.75;256.75,20;297.5,151
40028;25.25,270.25;120.75,88.25;246.25,296.75;356.75,33.25;48,100.5;189.25,163.5;243.25,17.5;250.25,127
49114;25.25,270.25;121.5,89;214.75,294.25;335.5,47.25;56.5,92.25;180,131;243.25,17.5;250.5,95
3933;25.25,270.25;121.5,89;214.75,294.25;302.25,37;80,109;204.5,92;251,41;254,69.5
37127;25.25,270.25;121.5,89;214.75,294.25;302.25,37;64.75,68;212.25,48.25;234.5,3;239.5,23.75
14531;49.25,239.25;69.5,103.25;248.75,287;290,4;48.5,30.75;192,99;234.5,3;239.5,23.75
3465;34,241.25;87,141.25;220,302;310,22.25;77.25,25.25;192,99;235.75,2.25;239.5,23.75
17668;57.5,243;132.75,159.25;220,278.25;309.5,22;118.25,20.25;155,90.75;235.75,2.25;239.5,23.75
37550;57.5,243;131.25,169.75;189,260.25;270.75,35;118.25,20.25;144,56.25;247.25,5.75;277.5,35.5
38113;86.75,228.25;103.25,212.25;187.25,259;241.25,34.75;91,24.75;144,56.25;247.25,5.75;281.25,46.25
21112;86.75,228.25;107.75,213.5;154.25,302.25;233.5,83.5;91.25,26.5;185.75,39.5;247.25,5.75;288.25,92.25
49407;49.25,190.75;62,218;159.5,265.75;212.25,135.75;51.25,7.5;185.75,39.5;247.25,5.75;288.25,92.25
9959;33,223.5;75.75,209.25;159.5,265.75;175.5,163.5;91.25,19.5;185.75,39.5;242.5,5.75;289.5,104.25
11258;18,258.25;78.5,201;169.5,305.25;172,189;91.25,19.5;142.75,31.25;242.5,5.75;289.75,103.5
43204;25.75,272;78.5,201;138.5,313.25;211.5,195.5;91.25,19.5;142.75,31.25;236,49;289.75,103.5
13877;58.25,248.25;76.75,187.5;101.5,282;211.5,195.5;62.5,15;125,5.25;236,49;289.75,103.5
45714;75,228;100.75,222.25;144,303.5;218.25,242.25;62.5,15;125,5.25;227.75,85.5;289.75,103.5
41474;56,252.5;61,230;144,303.5;237.75,269;62.5,15;124.5,5.25;197.75,69.25;243.25,75.75
8569;56,252.5;61,230;178.75,265.75;227.25,265.5;61.5,12.75;145.25,31;165.5,40;209.5,98.75
36530;30.5,230.5;88,221.25;178.75,265.75;262,315;80.25,11.25;118.75,29.75;171,43.75;209.5,98.75
10056;1.5,182;35.5,242.5;221.25,244.25;300,289.5;80.25,11.25;118.75,29.75;148.75,57.25;209.5,98.75
43643;15.5,144.25;35.5,242.5;202.5,267;258,256.25;77.75,24.75;118.75,29.75;148.75,57.25;203.75,93.75
29996;48.25,109;50.25,242.25;211,309.5;219.75,227.25;77.75,24.75;118.75,29.75;147.5,49.25;203.75,93.75
28016;16,145.75;50.25,242.25;203.5,294.25;219,230.5;29.5,51.5;98.25,41.5;147.5,49.25;223.75,149
31053;16.25,152.75;50.25,242.25;203.5,294.25;219,230.5;74.5,57.5;94.75,67.25;155.25,55;182.5,166
45028;68.25,184.5;71.5,248.75;203.5,294.25;225.75,169.75;71.75,56.75;79.75,109;155.25,55;182.5,166
25368;42,213;66,217.5;145,302.75;276,201.25;71.75,56.75;79.75,109;141.25,34.25;169.75,110.25
24419;42,213;100.75,242;169,278.5;294.5,229.25;71.75,56.75;84.25,100.25;141.75,21;148.5,83.5
14342;51.75,250;57.25,210.25;169,278.5;294.5,229.25;71.75,56.75;90.25,144;152.25,52.5;158.75,29.25
35365;49.5,255.75;89.75,189.5;165.5,279;324.5,254.5;99.75,66.5;121.75,174;152.25,52.5;158.75,29.25
33645;50,255.75;99.25,165.25;182,256;324.5,254.5;78.5,51.25;87.25,153.75;121.5,41;158.75,29.25
21583;49,284;99.25,165.25;159,230.75;324.5,254.5;71,80.5;111.25,137.25;136.75,21;168,52
45192;38.75,258.25;76,210.25;159,230.75;319.25,303.75;112.5,82.25;122.5,163.75;125.75,10.25;168,52
9142;39.75,257;76,210.25;159,230.75;264.75,314;109.75,117.25;111.5,152.75;143.75,29.5;202.75,55.25
31248;39.75,257;62.25,175.75;159,230.75;264.75,314;108.25,100.75;116.25,112.25;126.25,77;164.5,32
3027;18.75,251.5;62.25,175.75;155,225;264.75,314;79.5,118.25;84.25,109;89,116.75;207.25,68.75
25273;7.25,308;51.5,231.25;155.25,227.75;264.75,314;33,148;89,116.75;126.75,73.5;206,70
5326;49.5,308;81.5,208.25;155.25,227.75;264.75,314;23,179.75;80.5,162.5;116.5,71.75;235.25,47.75
47370;34.25,316.25;86.5,165.25;155.25,227.75;276.75,261.25;10,202.25;79,163.25;116.5,71.75;254.25,86.25
23068;47.75,262.5;96.75,155.5;155.25,227.75;281.25,220.25;16.5,227.25;78.25,164;116.5,71.75;231,133
15439;36.75,315.25;82.25,173.25;155.25,227.75;265,183.25;17.75,202.75;99.25,191;116.5,71.75;202.75,178.25
17855;38,317.5;45,161.75;155.25,227.75;265,183.25;51.75,221;95.25,189;116.25,57.75;211,144
25993;36,316.5;44.25,139;161.75,253;316.5,201;51.75,221;95.25,189;98.75,107.75;163,163.5
27649;36,316.5;67.25,147.25;161.75,253;316.5,201;13.75,202.25;56.75,211.5;59,96;124.25,161
42119;37.75,317;67.25,147.25;123.5,280;316.5,201;17.75,214.75;71.5,211;81.5,71.75;129,161
35027;38,317.5;67.25,147.25;117.25,291.5;337,199.25;23,174.75;71.5,211;76.75,21.5;122.25,113.25
42723;38,317.5;73,147.75;117.25,291.5;337,199.25;7,135.75;70.5,191;111.25,57.5;145.25,88.5
10611;8.25,306;73,147.75;117.5,302.25;324.5,231;7,135.75;50.75,223.25;108.25,55.25;193.25,97
38385;8.25,306;73,147.75;117.5,302.25;323.75,231;5.25,142;19.5,255.25;116.5,91;209.75,48.5
8178;7.5,258.25;67.5,146;152.75,261.75;323.5,231.25;5.25,142;48.25,296.5;116.5,91;250,17.75
8271;5.75,293;67.5,146;172.5,294;323.5,231.25;14.75,101.5;71.5,295.75;113,82.75;250,17.75
37625;5.75,293;81.5,122.25;146.75,314.25;303.5,250.25;25.5,123.75;89,300;111.75,80.25;250,17.75
15804;5.75,293;81.5,122.75;141.75,261.75;303.75,249.25;39.25,156;106.25,321;108,53.75;250,17.75
31565;31.75,285.75;109.25,166.25;145,302.25;342.25,231.25;39.25,156;106.25,321;119.75,8;257,12.5
19000;53.5,293.5;114.25,144;144,301.75;297,211;39.25,156;130.5,314.75;159.25,11.5;257,12.5
37483;62.25,254.5;144.5,127.25;149.5,270.5;297,211;47.25,138;130.5,314.75;163.25,50;260.5,15.25
36518;64.75,255.75;138,160.25;164,318.25;297,211;16.75,134.75;145.75,317.25;163.25,50;305.5,17.5
28831;84.25,231.75;144.75,208;164.5,322;297,211;53.5,102;108.75,318.75;145.5,92;305.5,17.5
39483;125.5,207;130,239.25;161.75,318.75;262.5,177.5;53.5,102;108.75,318.75;163.5,96;305.5,17.5
24428;121,209.25;130,239.25;204.5,310.25;265.5,157.25;51.5,101;72,288.75;163.5,96;269,42.75
35481;98.5,192.75;122.5,256.75;251.25,295;273.25,129.5;51.5,101;72,288.75;163.5,96;301.75,35
16412;97.25,197;153.75,231.25;285.25,317.75;294.25,169.5;63.5,93.25;72,288.75;162.5,100.25;301.75,35
45939;70,175.5;153.5,207;238.75,309.25;294.25,169.5;17.25,112.25;58,309.5;162.5,100.25;310.5,50.5
11436;31.75,167;153.5,207;229.5,275;289.75,156;16,154.75;51,281.5;163,100.25;310.5,50.5
50402;47.25,148.25;133.5,239.25;229.5,275;278.25,133.25;61.5,180.25;66,259.75;211.75,105.25;310.5,50.5
2676;85,184.25;86,243.5;266,242.5;276.75,135.5;61.5,180.25;85,253;211.75,105.25;353,68.75
48264;85,184.25;116,229.25;259,296.5;262,134.75;61.5,180.25;110.5,290;213.75,107;353.75,48.5
47904;85,184.25;116,229.75;269,255.25;292.75,120.5;61.5,180.25;142.75,289.25;190.5,111;312,62
46929;85,184.25;148.75,188.75;283.25,263.5;292,120.25;90,168;136.75,243.75;153.25,141.75;312,62
7609;135,200.5;177.5,148.75;268.25,287.25;292,120.25;99.5,136.75;136.75,243.75;142.5,92.75;312,62
967;135,200.5;173.75,142;269,287.25;301.25,132.25;83.75,124.75;110.75,283;142.5,92.75;296.5,27
9535;135,200.5;143.75,129.75;246.75,257.5;334.25,132.5;53.25,112.25;115.5,280.75;142.5,92.75;323.25,55.5
6151;135,200.5;138.5,77.25;245.5,307.75;356,95.75;26.75,69.5;115.5,280.75;158,89.5;323.25,55.5
5164;135,200.5;138.5,77.25;275.25,284;340.5,133.75;34,43;80.5,267.5;198.25,65;317.75,52.5
28185;135,200.5;138.5,77.25;300.75,263.5;324.25,149.25;6.75,20;47,269.75;159,48.25;317.75,52.5
31781;133.25,239.5;146.5,76.25;300.75,263.5;336.75,138;13.75,18;31.25,250.75;151,30.25;317.75,52.5
2316;140.5,224.75;181.5,48.5;283.25,263.5;336.75,138;13.75,18;37.5,221.5;113.5,11.25;292,42.25
7811;136.75,190.5;144,76.75;272.75,215.25;336.75,138;13.75,18;50.75,257.75;115.25,10.75;324,5.25
43470;136.75,190.5;144,76.75;236.25,224.5;311.25,112.75;8,16.25;27.5,240.5;115.25,10.75;324,5.25
20655;162.5,195;165.25,85.75;201,236.75;311.25,112.75;15.5,18.25;26,239.25;115.25,10.75;324,5.25
50359;121,182.25;146.5,57.75;200.75,265.25;285,142.75;2.5,3.75;15.25,291.5;115.25,10.75;324,5.25
29030;102,206.5;144.75,89.75;169.25,293.5;285,142.75;3.5,9;10.75,310.75;115.25,10.75;324,5.25
12080;67,222.25;93.5,76.25;169.25,292.75;285,142.75;19.5,8.25;45.25,283.5;115.25,10.75;324,5.25
23026;67,222.25;71,98.75;162.5,305;285,142.75;9,44.25;51,315.75;115.25,10.75;336.25,40.25
9329;52.25,241.75;64.75,127;133.75,282.75;270.25,128.25;9,44.25;51,315.75;114.75,10.75;340.25,82.25
11594;74.5,255.25;90.75,140.5;113.5,238.75;228.75,136.25;9,44.25;29.5,273;115.5,38.25;340.25,82.25
38936;41.25,241;79.5,141.25;121.5,254.25;228.75,136.25;3.5,71.5;10.5,239.75;145.25,34.75;340.25,82.25
30663;41.25,241;79,136.75;123.5,250.75;272.75,148.75;5,68.5;19.75,293;146.5,59.75;340.25,82.25
28187;62.25,262.25;91.5,84;126.75,236;274.5,123;21,69.5;36.75,251.25;146.5,59.75;340.25,82.25
43282;25.25,285.75;76.5,126.75;126,237.25;269.75,167.5;34.75,45.5;36.75,251.25;107,40.25;340.25,82.25
7548;25.25,285.75;36.75,98.25;85.25,249.25;234.5,191.75;36.5,45.75;36.75,251.25;98,59.25;334.5,99.75
32609;25.25,285.75;25.75,147.75;85.25,249.25;234.25,193;68.5,33;72,221.5;81,20.75;350,80
26157;25.25,285.75;25.75,147.75;82,297.25;234.25,193;15,41.5;99.5,258;122.5,62.75;307.75,43.25
30694;15.25,307.5;45,104.75;87.25,268.5;234.25,193;15,41.5;78.5,235;161.25,53.25;331.5,34.75
20626;15.25,307.5;48,137.25;85.25,227.5;210,241.75;41,77.25;96.75,236.75;161.25,53.25;331.5,33
25669;15.25,307.5;52.75,167.5;75.25,242.25;188.25,262.75;41,77.25;141.75,221;161.75,55;294.5,61.75
33137;15.25,307.5;52.75,167.5;52.75,242.5;186.75,262.5;62,100.75;119,225;178,31.5;298,109.75
11491;15.25,307.5;51,144.75;52.75,242.5;179.25,318.75;26,119.25;119.75,222.25;183,28;298,148.75
33209;2.25,274.25;6.5,176.75;52.75,242.5;180.75,268.25;26,119.25;119.75,222.25;155.5,52.75;292,141.5
15809;2.25,274.25;6.5,176.75;48.25,242.5;209.5,259.5;46.5,166.5;118.5,222.25;126.5,98.25;241.5,131.75
24163;2.25,274.25;24,128.5;37.25,199.25;175.5,280.25;77.25,196.75;113,195;143.75,90.5;241.5,131.75
3061;2.25,274.25;22.75,128.5;52.5,217.75;212,309.75;77.25,196.75;109.25,151.75;126.25,119.5;212,143.5
31944;2.25,274.25;9.5,139.25;78.75,248.25;212,309.75;32.75,212;109.25,168.25;115.75,91.25;212.5,143.75
7922;0.25,275;16.25,140.75;78.75,248.25;239.5,300;32.75,212;102,171.5;116,111.75;182.5,105
46167;0.75,273.25;1.5,107.5;39.25,239.75;286.25,321.25;32.75,212;102,171.5;116,111.75;167.25,147
20469;0.75,273.25;9.5,145.75;31.25,238.25;286.25,321.25;61.75,195.75;80.75,202.25;93.5,105.75;196.25,177.25
45740;0.75,273.25;9.5,145.75;31.25,238.25;282,313.5;58.25,215.5;70.5,162.75;70.75,125.25;148.25,151.75
40212;49.25,248;54,148.5;60,218;282,313.5;21.5,203.25;70.5,162.75;88.75,63.5;123.25,158
24099;49.25,248;54,148.5;60,218;280.5,262.5;71,208.5;75.5,175;80.25,15.75;114.75,197.75
12433;49.25,248;54,148.5;60,218;232.5,242.25;16.75,252;63.75,106.75;65.5,55.75;116.75,197.5
9733;49.25,248;68.75,154.25;81.5,230;232.5,242.25;16.5,251;50.25,54.5;62.75,108;141,201.75
7414;90.5,282.25;95.25,204;114.25,212.5;235,242.25;29.5,293;50.25,54.5;81.5,98.75;141,201.75
44787;52.5,280.5;94.75,189.25;114.25,212.5;225.75,253;3,307.75;50.25,54.5;57,86.75;136.5,246
12333;14.5,247;87,149;146.25,190.5;225.75,253;3,307.75;10,53.25;37.75,88.75;136.5,246.5
41034;11.75,231.5;55.75,170.75;145,190.25;225.75,253;3,307.75;12,3.75;36.5,89.25;154.25,299.75
12401;33.25,210.5;54.75,172.5;163.25,223.75;273.5,262;3,307.75;12,3.75;75.75,86.25;132,316.25
21653;21,177.25;86.5,176;156.75,224.25;273.5,262;3,307.75;29.25,29;78.25,88.75;142.5,301
46687;56,200.5;91.25,141.75;158.25,266.5;281,232;10.75,306.5;29.25,29;78.25,88.75;142.5,301
6528;8.25,190.75;67.75,171.25;116.5,241.25;281,232;10.75,306.5;66.75,11.5;78.25,88.75;146.5,300
45080;8.25,190.75;70.5,170.25;147.5,240.25;308.25,262.5;54.25,298.25;66.75,11.5;77.75,88.75;187.75,277.75
28754;4,158.5;81.25,184.25;144.25,265.25;304.75,303.5;45.25,308.25;66.75,11.5;77.75,88.75;187.75,277.75
13798;4,158.5;79,139.75;144.25,265.25;250,307.75;34.5,282.75;80,24.75;117.75,113.25;183.75,305.25
24571;4,158.5;72.25,97.5;155.25,256.75;245,308.75;33.5,283.5;80,24.75;160,118.5;173.25,322.75
4474;37.75,130.5;72,84.5;161.5,218.75;250.75,308.5;12,294;80,24.75;160,118.5;173.25,322.75
15572;65,89.5;89,59.75;167.75,243.75;235.5,257.5;7,291.5;80,24.75;161,118.25;173.25,322.75
45409;69.25,96.5;89,59.75;167.25,243.25;230,236.75;7,291.5;69.25,11.75;146,89;176.25,301.25
13056;69.25,96.5;126,47.75;184,255.75;230.25,230.5;6.5,291.5;34.5,38;146,89;157,319.5
30132;83.25,84;126,47.75;156.75,225.75;230.25,230.5;10.25,314.5;29.25,29;116,72.5;156.75,319.75
49056;85.5,116.25;126,47.75;133.25,187.5;229.5,231.25;10.25,314.5;11.75,70.5;144.75,91;184.25,301.25
24164;76.75,109.75;117.25,8;132.5,189.75;202.5,191;30.5,282.75;34.5,105.5;144.75,91;184.25,301.25
46153;73,142.25;82.5,35.75;108.25,167.75;157.5,195;31.75,282;34.5,105.5;144.75,91;184.25,301.25
50493;49.25,170.25;65,4.75;107.25,169.25;153.5,195;1,247.25;37.75,146.5;144.75,91;184.25,301.25
7389;24.5,126.5;89.25,12.5;89.75,213.5;149.25,196.25;15,296;59.75,195.75;144.75,91;184.25,301.25
50400;24.5,126.5;89.25,12.5;125.5,254;149.25,196.25;8,282.5;74.25,246.5;168,79;198.5,317.25
35760;53,97.5;62.25,5.5;125.5,254;149.25,196.25;18.25,295;89.25,189.5;187.25,66.75;198.5,317.25
34633;38.75,57.25;63.75,56.75;148.75,224.5;159.25,240.75;18.25,295;89.25,189.5;161.75,48.25;177.75,272
34408;37.75,58.5;44.5,44.25;135.5,202;170.25,217;3.25,306.75;86.5,169.5;161.75,48.25;177.75,272
7180;35,30.5;53.75,75.75;100.75,188.5;165.5,240.75;3.25,306.75;112.75,196.25;161.75,48.25;179.25,271
40453;51.75,57.75;88.25,83.75;97.75,168.75;163,223.75;3.25,306.75;122.5,198.5;175.75,37;179.25,271
22380;73,84;89,79.5;121.75,183;147.25,260;3.25,306.75;97.25,190;175.75,37;179.25,271
15756;35,106.5;51,74.25;95.5,196.75;177.5,268.25;3.25,306.75;113.75,215.5;175.75,37;179.25,271
10272;22.25,62.75;50.5,122.5;95.25,197;210,279.75;3.25,306.75;96.75,220.75;154.5,88;179.25,271
2836;28.5,68;72.25,85.5;92.75,175.75;198,311.25;3.25,306.75;113.25,197;144.5,92.25;179.25,271
6416;14,53.5;93.5,85.75;119.75,149.5;198,311.25;28.5,306;148.5,174.75;168.75,91.75;179.25,271
47829;51,45.75;115.25,110;143.5,147.5;198,311.25;37.5,294;147.75,202.25;168.75,91.75;171,268
16639;75.25,48.5;113,164.75;170,134.5;173.5,316.25;43.5,263.25;147.75,202.25;168.75,91.75;171,268
19310;71.75,97.5;143.75,158.25;161,100.25;164.75,274;43.5,263.25;144,224.5;168.75,91.75;172,269.25
21971;71.75,97.5;115,167.75;161,100.25;165.75,273.75;38.75,292.5;155.5,252.5;158,88.25;200,238.5
43373;64.5,75.75;138,147.5;161,100.25;195.75,245.5;34.25,246.5;155.5,252.5;180.25,114.25;233,255.75
24065;67.25,58.5;115,184;161,100.25;220.25,218.5;35.25,245.25;120,273.25;180.25,114.25;262.75,276
20761;84.5,20.25;124.5,200;161,100.25;220.25,219;68.25,263.5;143.25,301.75;187.25,95;262.75,276
41538;86.75,69.25;121.75,235.5;161,100.25;242.25,260;111.75,241;143.25,301.75;190.25,93;262.5,225.5
20623;86.75,69.25;121.5,237;188.75,112.25;249.75,313;62.75,249;143.25,301.75;243.5,88.25;250.5,260.5
44694;44.75,46.75;78.25,205.5;160.5,124.75;249.75,313;48,251.25;105.25,263.25;243.5,88.25;250.5,260.5
43983;29,16.5;69.75,193;107,130.5;218,278.75;16.5,246.5;105.25,263.25;243.5,88.25;252,260.5
40492;29,16.5;95.25,175;158.75,124.25;190,281;16.5,246.5;91.5,281.25;204.25,107.5;246.5,278.5
25213;28.25,16.5;50,160.5;158.75,124.25;202,309;16.5,246.5;100.75,300.5;188.25,132.5;239.5,244.25
47299;6.25,34.25;50,160.5;153.75,126.25;202.5,311.5;16.5,246.5;101.25,300;202.25,174.5;229,209.25
12552;30.5,67.5;50,160.5;153.75,126.25;203.5,310.25;17,246.5;91.25,255.25;190.25,165;248.75,215.75
44790;45.75,49.75;50,160.5;113.5,163.25;214,279.75;28,206.75;35.75,254.25;190.25,165;248.75,216.75
46731;61.25,57.75;64,187;146.75,183;234.75,272.75;28,206.75;35.75,254.25;190.25,165;248.75,217.25
50101;45.25,43.75;60.5,230.25;138.5,224.75;196.25,285.5;21,198.25;61.5,269.25;190.25,165;248.75,217.25
5236;42.25,12;47.75,197.25;155.25,256.75;196.25,285.5;21.75,214.25;61.5,269.25;171,198;248.75,216.75
4559;42.25,12;48.25,197;160.75,279;223,252.5;36,221.75;99,262.25;171,198;250.75,257.25
36145;22.5,62.25;47,197.25;160.75,279;215.75,294.25;36,221.75;122.75,302;186.5,247;296,276.5
15603;22.5,62.25;28.75,170.25;160.75,279;215.75,294.25;65,249;152.5,302.25;225,246.5;300.5,306
3107;26.75,116.75;67.25,184.5;157.75,311;215.75,294.25;66.25,249.25;181.5,303.25;225,246.5;251.75,309.25
44294;61.75,99;76.5,176;195.25,317.25;208,311.25;66.25,249.25;181.5,303.25;192.5,215;260.25,257.75
8542;7.5,110;130.75,189.5;218,318.5;240,300.5;66.25,249.25;183.5,275.75;192.5,215;260.25,257.75
48468;7.75,141.75;84.75,214.5;161.75,302.25;240,300.5;120,252;141.25,270;192.5,215;261.25,292.5
28201;7.75,141.75;130.25,202.5;161.75,302.25;264.25,313.5;84,236.5;109.75,225;183.25,160.75;306.25,302.75
20112;1.5,103.75;97,230.25;170.75,324.25;261.5,312.5;82.25,236.5;109.75,225;183.25,160.75;333.25,320.5
36099;47.25,125.5;99.5,230.25;170.75,324.25;261.5,313.25;27,221.5;140.75,221.5;183.25,160.75;354,267.75
12026;62.5,172.25;115.75,240.75;170.75,324.25;261.5,312.5;61.5,208.75;121.75,189.25;185.5,177.75;354,267.75
41112;37.75,222.5;116.25,240.25;170.75,324.25;261.5,312.5;61.5,208.75;128.75,194.5;133.5,170.75;327.25,310.5
8066;41.5,261.5;116.25,240.25;170.75,324.25;254,272.5;74.75,210.5;133.5,170.75;134,197;282.75,264.25
41376;41.25,240.75;98.25,281.75;170.75,324.25;253.25,272.75;19.25,202.75;134,197;146.75,165.5;255.75,309.75
47264;30.75,200.5;69.5,286;170.75,324.25;253.25,272.75;19.25,202.75;111.5,153.75;172.25,161.75;280.75,286.75
23165;51.5,176.75;103.25,295.5;170.75,324.25;244,259.75;20.75,197.75;111.5,153.75;210.25,158.25;270.25,254.25
40873;58.75,170.25;104,252.5;162,300;245.5,217;12.5,202.75;111.5,153.75;210.25,158.25;247.5,247.75
34225;58.75,170.25;65.25,263;160.75,298.25;272.5,180.75;12.5,202.75;76,129.25;187,162.75;247.75,293
16259;81.75,201.75;101,239.25;160.75,298.25;272.5,180.75;36,233.25;46.25,132;155.25,172.75;247.75,293
11116;53.5,230;126.25,214;163.25,302;298.75,165.5;5,231.75;46.25,132;155.25,172.75;202.5,276.75
3129;83.5,262.25;122,259.25;164,301;252.75,154;5,231.75;46.25,132;165.25,221.5;172.25,319
29328;83.5,262.25;122,259.25;176,303.25;276.75,143.5;3.75,230.5;16.5,172.75;142.25,250.5;156.5,317.5
23426;53,231;122,259.25;176,316.75;289.75,110.5;3.75,230.5;16.5,172.75;158.75,223.25;159.5,301.25
22679;75.5,221.5;122,259.25;181.5,317.5;284.75,75;3.75,230.5;16.5,172.75;136,180.5;168.5,318.75
35086;86,205.75;100,282.25;160.25,293;278.25,101.75;3,230.5;16.5,172.75;133.25,130.75;168.5,318.75
32379;87.25,213.75;100.5,309.5;215,277;282.75,55;3,230.5;16.5,172.75;141.5,147.75;168.5,318.75
40798;43.5,201.5;100.5,309.5;215,277;303,35;4,282.5;60.5,153.5;166,165.25;168,319
33308;35.75,239.25;52.5,322;215,277;334,29.5;2,283.5;60.5,153.5;126,131.25;130,309.25
46057;35.75,239.25;52.5,322;223.75,316.25;333.25,26.25;41.25,300.25;52,132.5;96.25,152.75;187,304.25
35288;21,283.25;52.5,322;270.75,286;291.75,56.25;41.25,300.25;52,93.75;69.75,163;189.75,305.75
40978;21,283.25;51.75,318.5;279.5,285.75;293.5,54;41.25,300.25;71.5,102;106.5,152.75;174.25,286.5
22869;16.25,308;39.25,273.25;278.75,286.5;293.5,54;20.25,270;94.25,100.25;106.5,152.75;194,302.5
5648;16.25,308;39.75,274.25;249,280.75;287.75,72;20.25,270;80.75,133.5;104.25,200;235.5,291
13366;29.25,296.25;29.75,306;250,281;296.25,103;32.25,247.5;80.75,133.5;121.25,206.25;235.5,291
594;37,284;65.25,268.5;252.75,246.25;263.25,96.25;75,224;80.75,133.5;164.75,203.25;235.5,291
9158;26.75,279.75;81.5,248.75;216.5,260;227.75,118;75,224;80.75,133.5;204.75,183.75;235.5,291
42999;15.75,262.75;81.5,248.75;223.25,228.25;227.75,118;75,224;82.75,118.25;227,215.25;268,255.75
6053;26.5,210;81.5,248.75;205.75,199;220.25,92;75.75,226.25;82.75,118.25;211.75,172.75;259,205.5
43078;41.5,242.5;82.75,231.5;162,183;195,85.25;75.75,226.25;101.5,136.75;211.75,172.75;257.75,205
37088;54,229.5;82.75,231.5;161.5,183;185.5,47.75;36.75,230.5;71.75,133.75;211.75,172.75;229.5,214
33685;54,229.5;82.5,257.25;168.25,162;213.75,22;9.5,193.75;66.5,149.75;211.75,172.75;230.5,213.5
48115;33,202.75;82.5,257.25;168.25,162;189,5.25;9.5,194.25;66.5,149.75;208.5,128.75;218.75,209.25
31885;40.75,239.5;125.75,264.25;175.75,109;220,8.5;9.5,194.25;37.25,132.5;208.5,128.75;218.75,209.25
38143;27.75,233;142.75,259.75;174.5,155;220,8.5;9.5,194.25;64.25,166;208.5,128.75;258,220.5
20766;52.5,217.5;125.75,213.5;174.5,155;214.25,16.25;31,186;32.75,147.75;208.5,128.75;256.25,220
28789;82.25,176;125.75,213.5;174.5,155;195,11.25;24.25,202.25;52.25,169.25;259,131.75;278,264.75
29291;53,179.5;112.5,207.25;154.75,126.75;156.5,27.75;24.25,202.25;52.25,169.25;259,131.75;296.75,301.5
3095;92.75,141.25;121.5,239.5;131,89.5;157,31.25;24.75,204;58.5,194.5;259,131.75;296.75,301.5
36681;92.75,141.25;139.5,266.75;153.75,127.25;160,59.5;24.75,204;43.5,178.25;259,131.75;291.5,300.5
4404;92.75,141.25;120.5,209.25;151,160.25;158,56.75;62,222.75;96,169.5;270,77.5;291.5,300.5
31854;125,178.25;125.5,186.75;133.25,126;158,56.75;62,222.75;77.5,189.5;264.25,116.75;291.5,300.5
34739;125,178.25;136.5,240;183,104.75;184.25,42.75;73.75,254;82.25,203.5;263.75,117.25;291.5,300.5
14254;136.25,178;155,289;184.25,42.75;207.5,81.5;72.25,253.25;142.25,223;263.75,117.25;291.5,300.5
20857;136.25,178;142.75,260.25;165.75,38;244,64.75;92,220.25;142.25,182.25;224.5,106;291.5,300.5
44704;90.5,172.5;139.75,257.75;183,50.5;211.75,77.25;98,234.25;155.25,186.25;224.5,106;291.5,300.5
40430;81,193.75;115.75,259.75;162,45.5;176.75,110.5;98,234.25;161,223.5;224.5,106;291.5,300.5
6120;47.5,227.5;115.75,259.75;173.75,59.5;208.25,93.75;98,234.25;210.5,208.5;245.75,131.75;254,287.75
36997;39.75,239;154.5,242.75;173.75,59.5;187.75,83.75;98,234.25;209.25,208.75;210.25,158.25;273,294
46591;87.25,248.75;108,243.5;173.75,59.5;187.75,83.75;122.25,198.25;191.75,238.25;210.25,158.25;268.25,284.25
49505;87.25,248.75;121.75,204;142.5,43.5;187.75,83.75;114.5,216.25;156.5,203.75;210.25,158.25;240.5,293.25
11868;87.25,248.75;121.75,204;142.25,19.75;217.25,62.25;135.25,192;145,173.5;210.5,158.75;260.75,272.75
40052;108,243.5;121.75,204;142.75,10.5;250.75,80.25;162.25,165.5;188.75,161.5;245,133.75;260.75,272.75
16903;107.25,242.25;131.25,167.75;145.5,13.75;206.25,100.25;162.25,165.5;188.75,161.5;264,139.5;277.5,244.75
41146;107,243;131.25,167.75;145.5,13.75;206.25,100.25;151,203.25;235.25,182;245,164.75;277.75,249.75
42151;107,243;131.25,167.75;145.5,13.75;206.25,100.25;149.25,226.5;188.5,178.25;242.75,213;266.5,227.5
17961;62.25,209.25;139.75,195.5;145.5,13.75;178.75,112;152.25,256.25;155.5,145.5;242.75,213;265.5,214.25
5199;18.75,222;87.25,175;145.5,13.75;145.5,148.5;118.25,290.5;155.5,145.5;278.5,248.5;312.75,211.75
39006;35.75,271.25;55.5,155.5;150.5,16.25;163.75,182.75;126.75,274.25;154.5,145.25;278.5,248.5;312.75,211.75
6555;28.75,307.75;54.75,155.25;118.25,5.75;164.5,147;128.25,224.25;154.5,145.25;278.5,248.5;312.75,211.75
39395;47.5,275.75;54.75,155.25;132.75,20.25;149,192.75;120.25,240;154.5,145.25;316.25,236.5;358,235.75
28191;69.75,281.25;99.25,164.25;117.25,34;149,192.75;91.75,221.5;154.5,145.25;316.25,236.5;355.75,262.75
48428;70,280.75;76.25,129.75;115,89.5;150.25,177.75;142.5,226;179,163.5;316.25,236.5;355.75,262.75
9193;70,280.75;76.25,129.75;115,89.5;153.75,127.75;139.5,290.75;179.25,147.75;310.75,242;354.75,246.5
41660;21.25,305.25;76.25,129.75;115,89.5;148.75,156.5;116,293;180,148;302.25,186.75;362.75,261.75
36078;21,304.25;71,140.25;74.5,112.5;148.75,156.5;90.5,281.5;204,187.5;312,145;362.75,261.75
18407;16.75,262;71,140.25;74,112.5;156.75,195.25;90.5,281.5;197.75,176.25;353,156.5;364.5,265.25
11504;16,263;50.5,188.5;78,59.25;153.5,195;132,314.25;202,181.5;353,156.5;364.5,265.25
29129;52,293.25;66,170.75;87.25,64.5;99.5,208.25;147.25,318;203.5,182.75;353,156.5;364.5,265.25
16891;59,241.25;61,179;123.75,79.5;126.25,246;98.25,318.5;160,203.75;353,156.5;364.5,265.25
44974;42.75,207;61,209.25;79.75,76;125,244.5;98.25,318.5;159.75,204;315.25,144;364.5,265.25
36117;4.5,242;30.75,240.25;132.25,76.5;137,228;98.25,318.5;149.75,169;318.5,191.5;364.5,265.25
3118;34.75,242.75;68.5,275.75;76,64.5;137,228;101.75,298;124,194.75;317.75,191.5;364.5,265.25
35202;43.25,297.25;88.75,311.75;93.25,89.75;154.75,227.25;101.75,298;124,194.75;311.25,142.5;364.5,265.25
46030;43,298.25;91.25,266.25;93.25,89.75;117.75,212.5;71,320;124,194.75;299.5,184.5;364.5,265.25
31100;65,268.75;70.25,297.5;81,139.5;87,177;30,309.75;125.25,200.75;299.5,184.5;364.5,265.25
30759;39.5,242.5;76.5,257.25;81,139.5;150.5,158;18.75,273;124.75,201.25;332.25,137.25;364.5,265.25
12894;41,242.75;76.5,257.25;94.5,90.25;118.5,209.25;32,310.75;139.25,237;347.5,80.5;364.5,265.25
47971;34,284.25;80,270.75;105,110.5;120.5,182;22.75,289;139.25,237;364,57.25;364.5,265.25
45038;6.5,258.25;80,270.75;105,110.5;120.5,182.5;22.75,289;122.25,194.75;344.5,31.5;356.75,262.75
23703;51,217.25;80,270.25;105,110.5;120.5,182.5;20,246;136.5,189.25;309.5,50.5;339.25,312
30003;27.75,278.75;51,217.25;102.25,109;132.25,241;20.25,310.75;76.75,185;293.5,94.5;339.25,312
10086;8,261.25;47.5,217;66.75,119;118.5,287;20.25,310.75;91,152.75;289.75,143.25;339.25,312
12274;7.75,310;50.75,170.25;66.5,118;118.5,287;52.5,269.75;91,152.75;280.5,99.25;354.5,260.5
43368;7.75,310;39.75,134.25;73,120.5;90,286;30.75,301;47,180.75;289.25,121.75;354.5,260.5
23192;11.75,287;48.75,151.25;82.5,58;127,246.25;19.25,270;20.75,123.75;289.25,121.75;354.5,260.5
37936;11.75,287;48.75,151.25;124,30.75;136.5,265.5;35.75,277;52.25,93.75;292.25,121.75;355.5,260.5
13158;11.75,287;48.75,151.25;81,36.75;136.5,265.5;58.5,296.5;75.5,56.5;265.5,142.25;355,279.5
26623;34.5,258;48.75,151.25;51.25,55;116.75,255.25;43,274.75;75.5,56.5;304.25,122.25;352.5,295.75
1565;23.75,229.25;48.75,151.75;78,65.25;119,237;42.25,301.25;75.5,56.5;350.25,138.25;352.5,295.75
43841;23.75,229.25;48.75,151.75;78,65.25;81,221.25;42.25,301.25;100.75,109.5;313,180.75;323.75,311.25
42625;10.75,212.5;54.75,170.5;67.25,32.5;81,221.25;42.25,301.25;60.5,161.5;316.75,179;329.75,313.75
14569;10.75,170.25;54.75,170.5;67.25,32.5;81,221.25;31,317.25;75,223.5;271.75,207.5;320.5,301.5
22443;9,176.75;54.75,170.5;67.75,32.25;109.5,198.75;23.25,311.5;75,223.5;272.5,250.75;321.25,321
32949;9,176.75;47,191;49.75,76.25;109.5,198.75;29.75,283.5;80.5,234;304.5,239;352,298.25
24422;1.5,203.25;27.75,202.75;50.5,69.25;108.5,232.25;38.25,294;117.75,267.25;304.5,239;352,298.25
24090;2,185.5;42,243;50.5,69.25;108.75,231;52.75,317.25;108.25,241.5;260.5,214.5;352,298.25
3625;11,175.5;38.25,297.25;102.5,80.75;108.75,231;6.25,307;93,267.5;260.5,214.5;305,305.75
26045;11,175.5;91.5,303.25;102.5,80.75;108.75,231;29.25,265;138,285.25;242.5,164.75;332,313
17949;11,175.5;91.5,303.25;94.75,62.75;135,204.5;27.5,270.75;168.5,278.25;218.75,145.75;327.25,314
48654;28.5,190;58.75,276.5;94.75,62.75;103.25,239;27.5,270.75;178.5,288;219.75,146.5;320,314
9346;9.75,141.75;41.5,284;47.75,75.75;103.25,239;9.75,295.5;156.5,279.25;219.75,146.5;320,314
35422;39.25,120.75;46.25,258.5;64.75,76.25;103.25,239;9.75,295.5;112.5,242.25;219.75,146.5;276.5,310.5
23803;64.75,89;69,230.75;71,85.5;107,256.75;9.75,295.5;141.25,270.75;261,187;276.5,310.5
19291;35.5,63.75;69,230.75;122.75,77;147.75,239.25;23,287;141.25,270.75;203.75,173.25;275.5,310
12860;43,103.75;69,230.75;113.75,47.5;149.25,205;55.5,252;167.5,238.5;219,181.25;275.5,310
39563;38.75,128.25;107,248.25;109,62.5;163,213.75;54.5,252;167.5,238.5;182,161.5;275.5,310
19383;48,123;67,231.25;109,62.5;163,213.75;74,222.25;135,265.5;164.25,161.5;263.25,305.25
45593;30.25,77;67,231.25;88.75,72.5;174,197.5;67.25,271;134.25,225;171.25,163;263.25,305.25
6279;49.5,91;77,233.25;88,93.5;226.25,203;67.25,271;183.25,210;221.75,170;263.25,305.25
41393;50.5,65;73.75,232.75;88,93.5;226.75,206.75;67.25,271;214.75,189.25;218.5,181.25;286.75,288.25
8830;48.75,57.25;50.5,215;88,93.5;229,181;97.75,302.25;214.75,189.25;226.75,133.5;321.5,321.25
25107;28.25,31.25;50.5,215;65.75,136.25;279.75,168.75;125.75,316.75;216.25,210.5;221.75,152.25;321.5,321.25
32544;28.25,31.25;52,216.5;107.25,122.25;279,164.25;123,266.25;240.75,168.5;268.25,128.5;321.5,321.25
28458;32.5,38.25;36,182.25;120.5,141.5;239.5,153;123,266.25;240.75,168.5;268.25,128.5;337.75,309.5
24470;5.5,63.75;76.75,186.5;83,177.75;223.5,191.25;123,266.25;209.25,178.25;260.75,176.5;337.75,309.5
6150;6.75,64.5;47.25,210.25;65.5,193.25;206.25,169.75;123,266.25;173.75,163;257.25,176;337.75,309.5
32457;6.75,64.5;46.75,209.75;96,201;221.25,193.25;113.75,309;173.75,163;234.25,220.25;304,316
3280;3.25,91;77.75,249.25;144.25,177.5;226.5,190.25;112.25,309.75;173.75,163;271.5,237.25;304,316
21458;16.5,77;77.75,249.25;153.5,226.75;226.5,190.25;112.25,310.5;197.75,173;304.5,196.75;321.5,313
48966;35,118.25;77.75,249.25;153.5,226.75;244.5,224.25;112.25,309.75;204.5,209.25;286.75,218.25;340.25,311
46008;14.75,142.75;77.75,249.25;164.25,212.25;244.5,224.25;144.5,303.25;186.75,240.75;286,224.5;363.5,266.25
3363;1.5,170.5;77.25,243;164.25,212.25;251.75,224.25;148.25,270;176.25,271.75;282.5,266.75;363.5,266.25
14054;16,127.5;77.25,243;158,207;268.75,214.25;122.75,302.75;142.5,303.25;253.25,240.5;363.5,266.25
19420;9.75,91.5;77.25,243;158.75,193.75;277.25,254.75;122.75,302.75;159,318;253.25,240.5;353.75,296.25
49333;9.75,91.5;32.5,265.5;181.25,201;277.25,254.75;139.25,272;180.25,290;253.75,240.5;318.75,312.5
7690;7.75,91.75;12.5,287;143.75,183.5;277.25,254.75;139.25,272;212.75,271;250.75,216.5;328.25,274
46409;7.75,91.75;12.5,287;127.75,146;277.25,254.75;167.5,303.75;190.25,254.75;263.75,175.75;327.75,272.5
15470;7.75,91.75;9.25,308.5;127.75,146;227,248.75;134.75,280.5;190.25,254.75;280.75,193.75;322.25,309
45340;7.75,91.75;50.75,295;69.5,145.25;190.75,290.75;134.75,280.5;190.25,254.75;300.75,153.75;321.75,311.25
20123;21.25,104.75;48,272;69.5,145.25;176.75,268.25;153.5,303;194.75,254.75;301.5,114.5;321.75,311.25
44665;20.75,105;46.75,273.25;77.75,193.5;176.75,268.25;162.75,300.5;218,297;289,101.75;321.75,311.25
36974;25.5,64.25;46.75,273.25;60.5,229.5;143.75,243.75;168,311.25;237.25,320.25;289,101.75;321.75,311.25
13363;25.5,64.25;40.5,243.25;47.5,273.5;148.5,201.75;168.5,311.25;254,291;289,115;321.75,311.25
8342;25.5,64.25;40.5,243.25;47.5,273.5;120,260.25;151.25,319.25;278,323.75;299.25,170.25;329.75,313.5
32411;25.5,64.25;47,273.75;56,239.5;111.5,206.75;122.75,302.75;293.25,286.75;329.75,148.25;329.75,313.5
33748;25.5,64.25;55.5,217.5;91.5,263.25;111.5,208.75;126.25,260;293.25,286.75;312,159.5;352.75,295.25
29183;14,33.5;30.25,268.25;91.5,263.25;99.75,191.25;101.75,230.75;282,276.25;312,159.5;350.25,290.5
8086;13.75,31.25;50.75,234.75;91.5,263.25;134.75,201.75;52,228;312.5,238.75;329,199;350.25,290.5
39649;13.75,31.25;41.25,238.75;60,238.25;119.75,199.75;27.5,205.75;312.5,238.75;326.5,162;350.25,290.5
28871;5.25,85;26.5,209;60,238.25;71.5,176;27.5,205.75;277.75,208;300.5,186.75;321.75,313
3057;3.25,87;3.25,207.75;5,241.5;71.5,176;68,191.75;277.75,208;351.75,155;356,268.25
43260;3.25,87;3.25,207.75;36.25,239.5;71.5,176;15.25,202.25;316.75,152.25;328.25,196;356,268.25
50070;3.25,87;40.25,194;51.75,183.5;90.75,203.75;15.25,202.25;255,132.75;286.75,194.5;356,268.25
14680;3.25,87;26.5,198.75;76.25,166;116.5,182.5;12,232.75;236.5,121;286.75,194.5;356,268.25
29729;3.25,87;68.75,166;80.25,113.5;124.25,141;12,232.75;288.75,150.75;315.25,227.75;339.75,313
29220;31.75,139;35,214;93.5,86.25;166,161.5;10,230.5;288.75,150.75;315,228.25;339.75,313
42731;48.5,170.75;67.25,243;93.5,86.25;186.75,155.75;10,230.5;276,121.5;298.25,171;339.75,313
7368;52,171;85,249.25;93.5,86.25;159.75,180.25;10,230.5;287,126.25;317.75,181.75;339.75,313
19625;61.75,157;73.5,286.5;102,90.5;144,128.5;10,230.5;254,71.5;324.25,222.5;339.75,313
32437;60.25,155.25;73.5,286.5;132,57;144,128.5;35.25,251.75;230.75,48.25;290.25,246.5;305.5,278.75
29282;60.25,155.25;116,303.75;118.5,47.5;144,128.5;21.25,253.25;230.75,48.25;273,287.25;343.25,277.25
39749;60.25,155.25;116,303.75;118.5,47.5;144.5,129.75;11,273.5;233.5,62;287.75,279;362.75,267.75
28933;59.75,155.25;73,287;105,84.25;144.5,129.75;43.25,318;225.5,105.25;238.5,293.5;362.75,267.75
1527;59.75,155.25;73,287;105,84.25;194,146.25;43.25,320;238.25,77;244.5,287.75;312.25,241
3972;25.25,140;73,287;105.5,84.25;244,169.75;80.75,314;238.25,77;244.75,288;303,197.25
27617;25.25,140;40.5,284.25;76.75,114.25;297,164;79.25,313.5;238.25,77;282.5,276.25;326.5,185.25
42677;3,93.75;88,261;112.75,112.5;297,164;79.25,313.5;269.5,63.75;281.75,277.25;283,217.25
21579;3.75,96;69,230.25;112.25,71;308.75,112.75;79.25,313.5;242.75,16.25;271.5,268.5;283,217.25
44011;3.75,96;69,230.25;70,96.75;270.25,105.75;124.5,286.25;229.5,42;241,292.75;283,217.25
19268;3.75,96;49.5,229;70,96.75;296.25,92.75;109,294;182.25,45.75;235.75,310.25;317.75,222.5
34418;4.75,95;51,217.25;70,96.75;309.25,115.25;118,291;141.25,46.75;235.75,310.25;292.5,197.25
22448;4.75,95;51,217.25;54,75.75;308.25,115.5;91.75,314.5;143.75,30.25;206.5,304.25;264.5,218
26754;3.75,96;14.75,230.75;54.25,58;257.25,134.75;119,276.5;143.75,30.25;240,291.25;264.5,218
22049;11.5,109.25;14.75,230.75;27.25,42.25;293,114;121,278.75;141.25,29;240,291.25;241,227.5
13837;11.5,109.25;54,216.75;58.25,70.25;336.5,106.75;121,278.75;134,78.5;199.5,319.75;203.75,176
36946;11.5,109.25;59.25,243.25;104,50.5;355.75,85.25;121,278.75;150,90.25;199.5,319.75;223.75,152.5
27407;36.25,71.5;39.5,241.25;160,58.25;363,120.5;83.75,305.5;150,90.25;163.25,317.5;223.75,152.5
26694;36.25,71.5;74.5,247.75;133.75,75.75;360.5,122;42.25,309.75;150,90.25;203.25,299.5;213.25,143
48748;36.5,71;64.75,204.5;120.5,86;360.5,122;19.75,279;150,90.25;223,320.5;237.25,118.5
8255;37,70.25;81.25,248.75;136.75,127;333.25,106.5;22.5,280.25;150,90.25;199.75,275.75;237.25,118.5
35716;35.5,62.75;63.75,208.75;127.75,123.25;317.5,82.75;27.5,280.25;150,90.25;199.75,275.75;263,142.25
11695;44,48.25;81.5,175;128.25,124.25;292.5,115.5;2.5,307;150,90.25;212.5,284.25;263,142.25
10966;39.5,94.25;81.75,168.5;115,79.5;318.75,155;2.5,307;129,91.25;212.25,295.75;263,142.25
16095;39.25,75.5;80.5,173.25;115.5,114.5;296.75,168;2.5,307;129,91.25;205.75,277;235.75,152
28524;35.25,109.75;61,175.75;115.5,114.5;306.5,141.25;14.25,310;168.25,89;205.25,277.25;235.75,152
5269;35.25,109.75;44.75,213.5;90,91.75;329.75,149.25;12.5,280.25;168.25,89;219.75,248.75;222.75,172.5
9580;3,103.75;38,230;93.5,92.75;354.5,95.25;12.5,280.25;195.25,41.25;219.75,248.75;220.25,120.5
45196;1.5,102.75;27,209.25;137.25,124.5;340.5,72;31.5,306.75;198.25,14.5;219.75,248.75;220.25,120.5
33314;1.5,84.5;27,209.25;135.5,91.75;361,22.5;34.75,247.25;186,43.75;210,251;220.25,120.5
19507;41.25,77.5;61.75,171.25;88,111.5;361,22.5;10.5,239.25;159,56;208.5,204.25;220.25,120.5
11684;63,74.75;77.75,166;88,111.5;361,22.5;8.5,246.5;162.5,79.5;170.5,165.25;267.5,95.25
12646;67,76.25;79,111;137.25,126.5;361,22.5;56.25,249;152.25,89.25;170.5,165.25;247,87.25
14915;49.5,99.75;135,124.75;136.75,125.25;319,19.5;56.25,249;131.25,123.75;132.75,126.75;247,87.25
20223;33.75,94;111.75,126;164.5,118;284.25,52.25;55.25,249.25;131.25,123.75;139,123.5;247,87.25
4119;48,124.5;114.75,141;131.5,102.5;290,92.5;55.25,249.25;131.25,123.75;139,123.5;232,115.5
19700;48,124.5;115,178.25;115.25,126;304,95.25;47.25,279.75;104,96.75;155.75,158.25;232,115.5
1839;69.25,98;92.5,182.5;115.25,126;292.75,113.25;48.25,279.75;119.25,103.25;170.75,184.5;232,115.5
25528;39.75,66.25;92.5,182.5;131.25,102;331.5,143.5;48.25,279.75;155,90.5;164.25,165.25;256,97
24075;39.75,66.25;64.25,210.25;101,90.25;355.5,137.25;46.75,280;103.75,66.75;164.25,165.25;211.5,117.5
32691;40.75,76;64.25,210.25;70.25,58.5;341.75,167;47,306.75;103.75,66.75;144,159.5;214.75,120
15172;37.5,31;117.5,213.5;121.25,79.5;318.5,123;31,309;103.75,66.75;144,159.5;196,98.5
48767;37.5,31;116.25,204.75;121.25,79.5;356,97.25;47.5,294.5;103.75,66.75;193.5,174;201,72.25
24143;1.5,39.5;116.25,204.75;160,35.25;356,97.25;18.25,297.75;104,69.25;164.75,222;168.75,79.25
4174;37.5,58.25;77,176;160,35.25;366.5,121.5;13.5,283;104,69.25;130.75,217.25;168.75,79.25
45042;51.25,48.75;77,176;175.5,48.25;366.5,121.5;45.25,293;104,69.25;133.5,194;175,40
42349;54,6.25;77,176;181,49.5;337.75,104.5;63.75,285;104,69.25;125.25,195.25;181.25,40.75
43843;66.25,31.75;74.25,185.5;181,49.5;358.25,83.75;63.75,285;64.25,95.25;125.25,195.25;176,39.5
49987;63.5,24;74.25,185.5;143.5,34.5;358.25,83.75;22.25,309.75;88.75,124;120,230;176,39.5
31671;40.25,76;43.5,197;182.5,1;358.25,83.75;22.25,309.75;89.75,124.25;125,198;144.5,50.25
20310;6,35.5;55.5,230.25;168.75,20.75;358.25,83.75;19.5,296.25;50.5,133.5;125,198;156.5,56
29384;6,35.5;45,277.5;190,37.25;351.25,95.75;19.5,296.25;54.5,112;167.75,162.5;187.5,102
28300;6,35.5;71,275.5;190,37.25;298.5,93.25;19.75,264.5;24.25,124.75;131,196.25;236.75,106.75
27992;6,35.5;59.5,242.75;190,37.25;294,112.75;25.25,292.5;27,128.25;162,224.5;245.75,133
28897;0.5,84.25;25.5,277.5;169,50.5;287.5,70.75;25.25,292.5;44.25,163.75;144.25,270.5;245.75,133
43148;21.5,103.75;29.75,296.75;147,33.25;287.5,70.75;25.25,292.5;46.5,165;145.5,262;290,131.5
10413;15,140.75;44.75,311.25;147,33.25;294.5,101.25;33,284.75;46.5,165;119,295;253.5,164.25
15073;36.75,105.25;90.5,321.5;185.5,58.75;281.5,73.5;33,284.75;46.75,164;119,295;247,168.75
34714;38.5,118.25;90.5,322.5;185.5,6.5;243.75,102.5;33,284.75;58,170.75;143.25,301.75;247,168.75
18931;85.75,148.75;107,311;171.75,46.75;242.75,102.75;33,284.75;82.25,190;143,318.75;247,168.75
14075;76.5,175;100.25,295.5;171.75,46.75;255,61.25;44.75,319.5;82.25,190;143,319.75;228,156.5
2256;91.5,201.5;114.75,315;171.75,46.75;255,61.25;16.25,283.75;85,158.5;143,319.75;216,143.5
44579;57.75,237.75;61.5,295;218,56;300.25,56.75;16.25,283.75;85,158.5;143,319.75;227,133.25
3885;57.75,237.75;61.5,295;249,45.5;337,23.5;9,236.25;127.5,130.75;143,319.75;247.5,133.75
46108;57.75,237.75;89.5,300.5;210.25,81.75;337,23.5;49,257.75;117,80.75;143,319.75;277,134.5
11634;10.75,232.25;138.75,286.25;181.75,113.25;336.25,23.75;90,220.75;117,80.75;150.5,318;277,134.5
50141;8.75,273.75;125,287;198.25,84;336.25,23.75;52.25,221.25;117,80.75;175,305.75;228.5,116.25
33530;15,229.25;155.25,259.75;198.25,84;336.25,23.75;52.25,221.25;77,89.25;149.25,271.25;233.75,153.5
20273;24,222;161.75,222.75;239,88.5;336.25,23.75;49.5,247.5;77,89.25;149.25,271.25;254.5,131.75
46838;4.25,185.5;137.5,223.25;276.25,71.5;295.75,14.75;49.5,247.5;99.25,107;149.25,271.25;254.5,131.75
28026;5.25,184.25;117.75,255.75;227.75,67.75;295.75,14.75;49.5,247.5;129,77.5;140,226.25;207,152.25
36275;5.25,184.25;150,259.75;227.75,67.75;247.5,18.25;35.75,251.5;129,77.5;176,197;234.75,156.5
17053;20.25,154.25;161.5,275.75;211.5,78;211.75,40;35.75,251.5;98.75,55.75;197.75,174.25;234.75,156.5
41876;66.5,154;169.75,271.25;211.5,78;247.75,4.75;61,208.5;98.75,55.75;230.25,214;260,114.5
3285;78,146;169.75,271.25;211.5,78;246.5,46.25;85.25,196;86.75,25.25;259.5,239.75;260,114
10780;78,146;160.25,280.25;201.25,93.75;250,77.5;85.25,196;103.25,66.75;233.5,226.25;260,114
12391;49.5,125;160.25,280.25;204,94.5;240.25,126;65.75,215.75;103.25,66.75;222.5,271.25;228.5,150
6355;24.25,152.75;160.25,280.25;193.25,84.5;211.25,126.75;18.25,219;81,110.25;222.5,271.25;228,149.5
5759;27,117.25;120.5,250.75;170.75,139;193.25,84.5;18.5,271;90.75,65.25;227.25,226.25;228,149.5
40173;47.5,122;120,241.75;165,142;192.25,84.5;7.25,307.25;90.75,65.25;227.25,226.25;252.75,182.75
17316;71.75,110.25;148.75,228;175.25,110.25;185,92.25;44.75,309.25;101.25,46.75;227.25,226.25;252.75,182.75
16241;71.75,110.25;113.5,201.25;161.25,125.75;231.25,127.5;44.75,309.25;120,39.25;236.25,229.5;252.5,181.5
8452;22.75,110.5;114.5,167.25;161.25,125.75;207.25,81.75;11,272;120,39.25;235.5,230;241.5,168.75
7951;21.75,109;81.5,208.25;161.25,125.75;170,87.5;11,272;111.5,23;252,256.75;271.75,132.75
12941;19,86.75;56.5,240.75;159.5,106.75;170,87.5;41.5,250.75;106.25,38.25;252,256.75;269.75,130.5
837;31,84.25;52,228;141.75,64;209,92.5;41.5,250.75;100.25,66;252,256.75;301.75,135.25
38241;4.5,57.5;45,253;128.5,31.25;191.5,72;41.5,250.75;73.5,32.5;252,256.75;301.75,135.75
17043;4.5,57.5;52.75,238;91.5,65.5;156,81.25;30,214;94.75,24.75;252,256.75;301.75,135.75
13225;3.25,55.75;55,193.25;91.5,65.5;150,129.75;30,214;122.25,18;304.75,237.25;339.5,150
7417;3.25,55.75;55,193.25;71,74.75;123.25,124;59.25,248.5;142.75,49.75;303.75,235.75;339.5,150
24607;3.25,55.75;30.75,241.75;71,74.75;152.75,110.5;82,251.5;157.75,29.25;301.25,241;339.5,150
24058;4.75,54.25;25.25,296.25;71,74.75;152.75,110.5;79.75,234.25;144,51;302.5,249;320,138.75
27551;4.5,89.75;63.5,308.75;68.75,98;155.25,129;79.75,234.25;144,51;300.75,296.75;326,181.25
26920;38.75,63.25;63.5,308.75;64,87.5;145.5,126;60,242.5;144,51;314.75,260.5;359.75,203.5
7653;37,79.5;58,252.5;88,93.5;175.25,162;7,246;120.75,77.75;314.75,260.5;359.75,203.5
44784;35,80.75;48,213;88,93.5;175.25,162;7,246;64.75,63;322.5,313.25;355.5,154.75
1386;11,41.75;57,209.75;101,81.75;175.25,162;7,246;64.75,62;322.25,321;355.5,162.75
25264;39.75,9;57,209.75;70.5,74.75;175.25,162;14,282;49.75,28.25;325.25,322;351,167
32503;39.75,9;52.5,209.75;121,81.25;144,128.5;14,282;80.75,26.25;353.75,301.75;358.5,147
2291;12,7.75;94,193.75;119.75,81;144,128.5;2.25,308.25;45.75,49.5;353.75,301.75;358.25,81
40530;12,7.75;73.25,132;144,128.5;145.5,78.75;3,315.5;45.25,2.75;309.75,250.5;342.5,25.25
28661;12,7.75;90,156.25;130.75,151.75;177.75,113;14.75,306.75;26.5,39.25;278.5,238;342.5,25.25
12805;12,7.75;112,199.25;130.75,151.75;177.75,113;44.25,307.25;76,16.5;266.75,239.25;342.25,31.5
41683;4.5,8.75;112,199.25;132,96.75;138.75,151.75;4.25,309.5;76,16.5;276,286.25;342.25,31.5
20057;4.5,8.75;65.75,210.25;132,96.75;138.75,151.75;19.5,292;120.25,22.75;306.75,244.5;312.5,85.75
31750;4.5,8.75;65.75,210.25;90.5,91.5;135.75,129.5;22.25,301.25;84.75,12.5;296.25,294;355.5,77.5
38209;4.5,8.75;98.75,161.25;105.75,34.5;157.25,140;22.25,301.25;65.75,8;296.25,294;326.5,98.75
45796;4.5,8.75;98.75,161.25;105.75,34.5;203.25,175.75;22.25,302.25;95.5,8.5;285,313.75;333.25,98.25
32104;29.75,67.25;98.75,161.25;105.75,34.5;203.25,175.75;65,315.75;94,51;249.5,290.5;349,78.5
5353;37,35.25;98.5,163;105.75,34.5;203.25,175.75;27,306.75;144.75,49.25;263.75,288.5;319.75,40.5
27072;81.5,43;98.5,163;127.75,22.5;211.75,227.75;52.75,298.25;144.75,49.25;232.25,255.5;319.75,40.5
7029;94.75,8.5;98.5,163;166.25,16.25;211.75,227.75;31.5,306.25;123.25,17.5;255.25,288.5;319.75,40.5
23984;97.25,19.25;114.25,110;166.25,16.25;211.75,227.75;25,317.25;105.75,68;253.75,288;308.75,65
31120;59.25,56;140,116.5;166.25,16.25;211.75,199;25,317.25;73.75,115.5;253.75,288;339.5,44.5
34819;104.75,54.25;131,90.5;166.25,16.25;208,167.25;28.75,300;34.5,125.25;253.75,288;339.5,44.5
11231;93.5,63.5;113.25,84;171,48.5;224.25,128.75;28.75,300;34.5,125.25;253.5,278.75;334.75,63.25
23166;90.5,63.5;113.25,84;170.5,49;227,171.25;11.5,270;27.25,68.5;253.5,278.75;337,81.5
42088;90.5,84.5;109.5,45.5;170.75,48;207,166.5;11.5,270;20.25,36;253.5,278.75;333.5,82
33660;63.25,118.75;109.5,45.5;222.25,30.25;228,150.25;35.75,311.75;39.25,59.75;252,309.75;333.5,82
15971;53.25,98.75;165.25,38.75;232.5,32.75;280.5,164;35.75,311.75;39.25,59.75;252.5,254.75;333.5,82
11912;53.25,98.75;201.5,72.25;218.25,16.75;281,192.75;7.5,280.25;36.5,105.5;252.5,254.75;332.75,82.75
45187;81.25,116.5;201.5,72.25;260.75,24.5;281,192.75;4,246;36.5,105.5;286.5,282;337,52.5
38272;91.75,85.25;153.25,90.5;238.5,26.5;278,168;4,246;21.25,70;289,284.5;337,52.5
47487;91.75,85.25;181.25,73.25;284.25,52.5;322.5,151.75;25,262.5;52.25,75.25;289,284.5;337,52.5
47978;76.5,96.5;181.25,73.25;284.25,52.5;301.25,138.25;40.75,282.75;52.25,75.25;306.75,243.25;354,5.5
44445;29.25,92.75;181.25,73.25;278.25,26.5;293.75,106;40.75,282.75;97.25,65.75;306.75,243.25;354.25,15.5
43749;14.25,62.25;166.25,103.75;261.5,30.75;293.75,106;48.75,251.75;85.25,59;306.75,243.25;349,19.25
14825;32,30.5;166.25,103.75;268.25,56;322,92.25;34.25,216;84,52.75;306.75,243.25;313.5,2.5
41135;32,30.5;175.25,58.5;306.75,14.75;361.25,123.25;77,207.5;83,52.5;292.5,197.75;313.5,2.5
43293;28.75,66.75;221.5,37.25;314.5,25.5;332.5,134;28.5,228.75;83,52.5;292.5,197.75;330.75,31
30169;44.25,48.75;221.75,36.75;314.5,25.5;364,122.5;28.5,228.75;126,47.75;282.25,187.25;285.5,40.75
46246;65,87.5;266.25,60;314.5,25.5;366.75,147.5;28.5,228.75;115.75,11.75;272.25,223.25;301,10.75
50354;65,83;271.25,73.75;308.75,14.25;365,171;23.5,190.5;114.75,10.75;272.25,223.25;301,10.75
34469;91.75,96;241.25,36.25;262.25,24;365,171;15.5,206.75;140.75,32;272.5,223.75;301,10.75
23213;130.25,56.5;269.25,64.75;301.5,57.25;346.5,159;15.5,206.75;125.5,93.75;272.5,223.75;352.75,13.5
28235;107.25,42.25;262.5,14.75;294.25,106;350.25,133.75;15.5,206.75;125.5,93.75;272.5,223.75;310.75,12.5
2383;78.5,7.5;263,15.25;294.25,106;325.75,151.75;15.5,206.75;121,98.75;248.75,175.75;288.75,42
2667;64.75,4.75;234.25,22.25;293.25,74.25;325.75,151.75;14.75,206.75;107.25,112.75;249.75,173.5;288.75,42
31949;64.75,4.75;234.25,54.75;257.25,78.5;325.75,151.75;14.75,206.75;66,86.25;214.25,190.5;253.5,42
31407;64.75,4.75;219.5,16.5;257.25,78.5;336.25,135.5;14.75,206.75;65.5,86.75;217.75,192;239.5,62.5
1598;64.75,4.75;233.75,54;243.25,127.5;318,151;14.75,206.75;113,116.25;213,189.75;277,56.5
9950;64.75,4.75;227,86;274.75,132;314.5,151.75;14.75,206.75;113,116.25;219.5,202.5;283,60.25
2475;64.75,4.75;194.75,69.25;297.5,113.5;312.25,96.75;57,170.75;113,116.25;165.75,199.75;281.5,59.75
19823;63.5,9.25;194.75,69.25;295,89;309.25,120;62,151.25;118.5,118;165.75,199.75;279.75,58
44027;63.5,9.25;194.75,69.25;271,102.5;309.25,120;48.5,173.75;88.25,107.75;164.5,165.75;289.5,35.5
47690;63.5,9.25;194.75,69.25;263.25,113.75;314.5,145.5;86,170.5;104.75,100.25;166.75,164.75;287.75,31.5
33893;63.5,9.25;194.75,69.25;268.25,112.25;315.5,155.25;71,153.25;104.25,98.25;206,178.25;299.75,35.5
32439;63.5,9.25;186.25,87.75;268.25,112.25;336.75,155;56.25,109.25;104.25,98.75;196,175.25;317.5,16.25
6955;63.5,9.25;172.75,53.5;219.75,89.25;309.75,110.75;99.5,135.75;115,112.75;184.75,174.75;317.5,16.25
23016;63.5,9.25;169.5,20.25;220.25,88.75;287.5,75.5;71,171;110.25,127.5;184.75,174.75;277,11.75
12708;81.25,29.5;129.5,27.5;220.25,88.75;266,64.75;64.5,151.5;110.25,127.5;226.75,189.75;247,42
30236;80.75,26.75;116.25,15.25;219.5,88.75;302.25,36.75;84.25,155.25;135.25,128.5;226.75,189.75;247,42
10905;80.75,26.25;116.25,15.25;228.75,67.5;318.25,67;52,141.75;163.5,165.25;234.75,151;247,42
39339;110,45.25;131.25,30;236.25,50.5;318.25,67;52,141.75;175,163.5;195.25,178;249.5,56.75
48833;113.25,15.25;119.25,71.5;235.5,50;309.25,23;50.25,141;157.5,151.5;195.25,178;249.5,56.75
32577;72.25,38.25;119.75,71.5;245,4;284.75,54.75;64.75,178;157.5,151.5;186,174.5;249.5,56.75
48525;72.25,38.25;116.25,35.5;245,4;284.75,54.75;56.25,223;137,143.75;165.25,164.5;258.25,96.5
40677;32.5,36;125.25,31;276.5,29.5;328.25,37.25;60.5,222.5;137,143.75;165.25,164.5;257.5,95.75
31892;57,74.75;129.75,56.5;293.75,56.25;330,92.75;60.5,222.5;112.5,111.75;165.25,164.5;257.5,95.75
6111;57,74.75;169.25,37.25;318.25,21.75;327,89.75;24,244;99.75,66.75;186.25,173.75;257.5,95.75
1235;57.75,76.5;210.75,4;278,36;327,89.75;19.5,295;90.75,104.25;186.25,173.75;257.5,95.75
19640;57.75,76.5;211.25,4.25;263.25,17.5;299.25,52.5;19.5,295;55.25,78.5;145.75,199.75;228.5,116.5
13769;48,30.5;247,4;273.25,49.5;294,13.5;19.5,295;55.25,78.5;185.5,225;246.75,130.5
34115;48,30.5;259.5,37.25;271.5,106.25;326.25,14.25;4.5,280.25;89.25,77.75;186.25,224.25;246.75,130.5
24582;79.5,6;220.25,54.25;282,57.5;326.25,14.25;4.5,280.25;37.75,93.75;153,257;273.25,167.25
23773;114.5,45.75;254.5,60.25;290.75,7;358.25,15.75;12.5,309.25;37.75,93.75;153,257;273.25,167.25
17340;114.5,45.75;261.75,15.75;273.75,15.75;353.5,13.75;24.5,285;37.75,93.75;157.75,197;250.5,117
39781;122,39;263.75,0.75;292.75,55;353.5,13.75;35.75,309.75;54.75,40.25;106.25,185.25;250.5,117
5115;122,39;255.5,60.25;296.25,74;357.25,30.25;11.25,284.25;98.75,59;154,162.5;250.5,117
40622;158.5,29;277.25,69;309.25,120;358.25,81.75;11.25,284.25;78.25,20;181.25,164.5;250.5,117
48478;133,56.5;297.5,75.75;304.25,160.75;330.25,114.75;34.25,250.75;78.25,20;183.25,161.5;250.5,117
8480;150.5,87;277.5,55.5;317.75,160.5;334.25,137;34.25,250.75;78.25,20;183.25,161.5;234,124
45190;118,34.5;256,92.25;317.75,160.5;357.75,82.75;62,247.5;85.75,25;132.5,198;234,124
27466;118,34.5;260,64;317.75,160.5;364.25,122;82,286.75;85.75,26.5;105,234.25;236.25,126.5
28064;154,28.75;260,64;317.75,160.5;365,167.25;46,293.5;85.75,26.5;143.75,225.25;236.25,126.5
21419;154,28.75;292.75,55.25;317.75,159;364,164.75;34.25,247;85.75,26.5;156.25,273;221,107.25
36291;154,28.75;266.5,59.5;317.75,159;352,180.5;23,254.25;85.75,26.5;170.5,250.75;223.5,78.75
11005;140.75,76.25;267,106.75;294.5,189;352,180.5;31.75,243.5;113.75,40.5;170.5,250.75;207.5,64.5
37131;142.75,115;248,77;294.5,189;352,180.5;12.25,287.5;131.5,72.75;145.75,273;169.75,91.75
2301;134,124.25;248,75;300.25,212;322.5,206.75;29.5,309.25;131.5,72.75;145.75,273;158.25,88
9673;144.25,78.75;248,75;281.5,222.5;287.75,189.25;41,317.25;134,73.25;145.75,273;158.25,88
43050;113.25,109.5;248,75;287.25,189.5;292.75,241.25;66.75,277;134,73.25;152.5,243.5;160.25,90.75
47809;80,79.75;269.25,33.5;287.25,189.5;347.5,241.25;66.75,277;118,118.5;150.75,224.75;160.25,90.75
37215;78,58.25;268.5,30;286.75,189.5;335,215.75;66.75,277;87.75,108;150.75,224.75;166.25,89.25
34343;78,58.25;276.25,77.5;287.25,189.5;349.5,241;77.25,254;110.75,145;150.75,224.75;171.25,92.75
21325;74,58.75;264.25,93.25;326,213.25;347.75,208.75;71.5,283;92.5,137;150.75,224.75;171.25,92.75
7190;76.75,64.5;269.75,102.75;300,243.75;339.5,247.5;71.5,283;115.75,168.5;156,255.25;171.25,92.75
13230;62.25,43.5;234.75,79.5;311.5,229.75;344.25,235.75;71.5,283;114.75,197.25;154.25,255.25;171.25,92.75
9699;62.25,42.5;245,34;311.5,229.75;354.25,241.25;56,247;114.75,197.25;153.25,303;157.5,123.75
10547;91,65.5;223.5,22.5;303.75,190.75;354.25,197.25;12,232.25;114.75,197.25;153.25,303;212.75,149
20036;82.75,63.75;225,22.75;317.75,241.75;354.25,197.25;31.75,214.5;146.25,190.5;153.25,303;256.25,141
8224;51.5,30;225,22.75;312,255.5;313.75,226.5;31.75,214.5;134,176;177.25,272;256.25,141
19605;47.25,34;225,22.75;301.75,210;340,224.5;66.5,207.75;131.75,129.25;177.25,272;270.75,101.75
8118;43.5,43.75;225,22.75;301.75,210;327.5,216.25;66.5,207.75;109.75,111.75;133.25,264.5;280,88.5
32595;50,74.75;226.5,41.5;301.75,210;327.5,216.25;60.75,221;110.75,114;122.75,228;262.75,53.75
36048;84.75,94;198.75,69.25;288.25,231.25;327.5,216.25;60.75,221;110.75,114;153,225;307,52.5
47728;84.75,94;207.25,22;251,199.5;298,209.5;54.25,221.5;110.75,114;153,225;304.75,53.25
13941;44.25,126;233.25,49.5;259,180;298,209.5;17.5,227.25;107.75,152.25;140.5,183;304.75,53.25
14313;73.5,89.5;223.25,62.25;255.75,156.25;298.5,255.5;17.5,227.25;107.75,152.25;140.5,183;354,69.25
19558;48.75,74.25;252.25,50.5;255.75,134.25;298.5,255.5;28.25,241.5;117.25,169.75;140.5,183;337.75,77.75
14988;39.25,80;281,73.5;290.5,158;326.25,224.75;28.25,241.5;76.75,185.5;140.25,181.5;337.75,77.75
10061;48,68.75;276.25,75.25;290.5,158;326.25,226;11.25,280;76.75,185.5;150,223.25;361,49.5
43794;48,68.75;276.25,75.25;290.5,158;294.25,230;23,246.25;73.25,199.75;162.5,259.75;339.75,64
42014;48,68.75;267.75,113.75;291.5,128.5;297.25,180;23,246.25;84.5,166.75;163,260.5;324.25,37.5
23829;7.5,63.25;267.75,113.75;294.25,115.75;297.25,180;24.25,246.5;81.75,118.25;162.25,301.5;277.5,56.75
30274;7.5,63.25;283.75,105.75;297.5,160.5;304,154.75;24.75,246.25;81.75,118.25;125,323.25;276.5,56.5
10149;2.5,105.75;275.5,135.25;291,164;304,119.75;20.75,268.5;81.75,118.25;125,323.25;275.25,55.75
45043;2.5,105.75;227.75,152.25;277.75,166;291.75,106.75;20.75,268.5;81.75,118.25;110.5,281.25;275.25,55.75
16251;24,80;227.75,152.25;262.25,167.25;294.75,55;15.25,220.5;81.75,118.25;150.25,299.75;275.25,56.25
44951;70.25,96.5;229.5,184;259,219.75;272,31.5;15.25,220.5;125,98.25;150.25,299.75;275.25,56.25
49454;70.25,96.5;248.5,219.75;259,222.75;262.75,30.5;8.75,231;125,98.25;158,301.75;254.25,71.5
912;43.75,139;248.5,219.75;259,222.75;312.25,41.25;30.5,214;91.75,99.25;198,322.75;254.25,71.5
34087;52,170.5;248.5,219.75;259,222.75;312.75,18.25;27,207.25;91.75,99.25;224.5,320;257.25,75.5
39610;24,154.25;206.5,197.5;274,239;313,32;75.5,211.5;91.75,99.25;224.5,320;257.25,75.5
5026;24,154.25;244,215.75;274.25,239.5;356.75,9.75;48.25,193;91.75,99.25;263,317.25;289.25,34.5
35676;72,175.75;273.5,179.75;297.5,263.25;367.25,40.5;48.25,193;140.25,72.75;263,317.25;289.25,34.5
10138;29.5,144.25;244,210.5;297.5,263.25;358.25,41.75;48.25,193;120.75,21;283.25,286.75;300.75,34.75
11163;28.5,95.75;251.75,261.25;280,230.75;357.75,42.75;39.25,198.25;120.75,21;283.25,286.75;311,15.75
10058;16.75,64.25;251.75,261.25;298.5,255.5;357.75,42.75;21.25,144.75;116,4.75;283.25,286.75;296.75,18.5
40142;47.25,30.75;251.75,261.25;298,255.5;312.25,22.75;11,91.5;85.75,21.5;283.25,286.75;327.25,59.75
44189;47.25,30.75;236.75,273;298,255.5;355.5,31.5;10,93.75;62,10.5;283.25,286.75;339,25
43984;69.5,48;236.75,273;336.75,280.5;337.5,16.25;10,93.75;62,10.5;262.75,264.5;356.5,1.5
14246;114.75,18.25;236.75,273;328.75,293.25;337.5,16.25;10.75,93.75;43.5,45.25;261.5,322.25;317.5,31
25948;76.75,40.25;274.5,263.5;284.75,312.25;343,6;21,145;43,45;261.5,322.25;317.5,31
211;67.75,44.75;238,272.5;284.75,312.25;343.25,7;23,188.25;84.5,88.5;261.5,322.25;350,80.75
31496;113,40;259,239.75;284.75,312.25;366.5,30.5;16.75,215.25;33.5,88.25;260.5,322.75;350,80.75
8322;94,67;258.5,219.75;284.75,312.25;366.5,30.5;24.75,177.75;83.75,89.25;263.25,262;298.5,61.75
24194;94,67;280.5,231.25;300,318.25;366.5,30;5.25,145.5;117.5,51;250.5,308;298.5,61.75
33713;94,67;279.75,256;315,273.75;366.5,30;17.25,118.75;102.25,105.25;250.5,308;332.25,57.5
9860;94,67;270.25,267.5;307,268.75;366.5,30;18.5,123.25;99.25,108.5;244,321;361,51
47339;94,67;270.25,267.5;309.25,268.5;336,20.25;45.25,78.5;79.25,109;244,321;362.75,79.75
23408;94,67;279.5,231.75;296.75,246.25;334.75,19.75;40.25,43.75;94,104.75;195.75,321.75;362.75,79.75
20023;72.75,86;216,244.75;263.75,302.5;321.75,17;38.75,51.5;94,104.75;195.75,321.75;362.75,79.75
17891;72.75,86;212.25,253;227,316.25;355.25,13.75;39.25,51.25;104.5,112.75;199.5,318.25;362.75,79.75
48627;91.5,102.75;180.25,248.5;212.75,303;333,22.25;40.5,51.25;104.5,112.75;159.25,302.25;362.75,79.75
5000;97.5,155.25;186.25,234;212.75,303;333.5,22.5;11,92;107.75,113.75;159.25,302.25;354,46
29933;91,191.75;202.5,191;215,291.25;333.5,22.5;10,93.75;107.75,113.75;127.75,276.25;354,46
23835;107.75,165.75;164.25,187.25;181.25,261.75;358,29.25;4.5,111.5;107.75,113.75;151.5,299.75;354,46
22201;132.25,137;155.25,157;155.75,230.25;358.75,30;4.5,111.5;102.25,99;141.75,272;354,46
10783;88.75,109.75;135.75,125.25;155.75,230.25;358.75,30;23.25,158.75;102.25,99;169.75,226.5;296.5,36
11809;43,106.75;151.25,129.25;155.75,230.25;332.25,57;24,128.75;111.75,92.75;193,228;296.5,36
16818;91.75,97.5;151.25,129.25;155.75,230.25;332.25,57;30.5,100.5;75.25,118.25;156,203.25;257.75,15.5
32566;91.75,97.5;151.25,129.25;175.25,270.75;334.5,29.5;27.5,102.25;84.5,158;172.75,196.5;302,13.25
22503;55.5,74.75;110.5,110;215,242.75;331,17.5;27.5,101.75;53.25,159;172.75,196.5;302,13.25
12848;19,79.25;111.25,89.25;202.5,250.75;287,24;27.5,101.75;94.5,189.25;163.75,165.75;302,13.25
48104;44.25,123;87.5,85.75;205,248.25;259,53.25;2.25,134.75;94.5,189.25;163.75,165.75;302,13.25
27949;47.75,146;87.5,85.75;224.75,260;256.25,71.5;25.5,123.75;58.75,215.75;133.75,196.25;302,13.25
14085;67.5,123;94,58.75;224.75,260;254.75,72;34.5,120.25;54,253;133.75,196.25;304.5,15.5
405;74,89.5;115,58.5;224.75,260;253.25,72.5;12.75,135.75;54,253;144,239.5;269.5,34.25
18873;78.5,58;111.25,34.25;218.5,302.75;253.25,72.5;28.75,104.25;60.5,237.5;144,239.5;269.5,34.25
30096;76.25,24.25;128.25,33;217,319.5;272.5,70.75;28.75,104.25;60.5,237.5;145,239.75;269.5,33.75
41064;76.25,24.25;128.25,33;217,319.5;280,31.5;39.75,57.5;55.75,222;170,225;278,54
45747;59.5,64.25;105.5,79;217,319.5;280,31.5;19.75,56.25;36.75,264.75;184.5,249.5;295,35.5
21131;64.75,87;70,114.25;258.25,291.25;282,56.75;34.5,48;37,266;184.5,249.5;295,35.5
28807;81.75,121.75;91.25,65.25;217,259.5;282,56.75;21.5,38.75;36.25,265.25;184.5,249.5;314.75,26.5
41957;112.25,106;116.75,54.5;212.5,251.5;313.5,80.75;3,42.25;36.25,265.25;184.5,249.5;315.25,26.75
46232;91.75,98;117,66.75;212.5,251.5;302.5,54.25;3,42.25;51.75,310.25;184.5,249.5;353.25,53.5
25843;107.5,111.5;140,97.25;212.5,251.5;272.25,32.5;6.25,4;55.25,304;151.25,244.75;353.25,53.5
12795;93.5,86.25;140,97.25;225,242.75;292.75,14.75;6.25,4;55.25,304;185,273.25;336.25,6.75
39177;80.5,90.75;157.25,149.5;230.25,204.5;289.75,14.75;6.25,4;47,310.75;174.75,237.5;336.25,6.75
17783;29.25,67.75;135.25,184.75;206,197.5;289.75,14.75;0.5,57.75;47,310.75;209.75,202.5;336.25,6.75
11058;27.75,57.75;180.5,207.25;229.75,170.75;309.75,56;0.75,57;6.75,308;209.75,202.5;336.25,6.75
20458;46,68.75;180.5,207.25;273.25,142.5;338.25,15.75;0.75,57;45,318;226.25,219.25;323.75,35.75
34107;46,68.75;180.5,207.25;280.25,143;368.5,53.5;0.75,57;36.75,293;226.25,219.75;299,13.25
48223;46,68.75;210.75,233;264,179.5;368.5,53.5;18.75,36.25;45,309.75;226.75,219.75;299,13.25
30154;46,68.75;173.25,220.75;227.75,178.25;367.25,52.75;18.75,36.25;96.5,297.5;175.75,237.5;327.75,58.25
1686;68.25,36.75;172.5,220.25;230.25,204.5;365.75,27;18.75,36.25;71.75,263.5;124.25,240;327.75,58.25
21572;68.25,36.75;167.5,225.5;230.25,204.5;365.75,27;12.5,4.5;21,270;109.25,196;356,78.5
9128;117,32.75;156,266.25;228.75,206.25;335.5,29.5;4.75,54.5;21,270;82,189.5;356,78.5
48318;74,16.25;130.5,282.5;242.5,217;335.5,29.5;5.5,56;45.75,300.5;66.75,202.75;356,78.5
42027;79.5,5.75;100.75,318.5;238.25,260.25;335.5,29.5;8.25,30.75;48.25,301.25;93.25,226;356,78.5
31339;64.25,1.5;161.75,318.25;206.25,281.25;335.5,29.5;6.5,32.75;48.25,302.25;140.5,221.5;356,78.5
42017;103.5,18;161.75,318.25;252.25,298;335.5,29.5;6.5,32.75;49,316.75;175.75,169.75;303,50.5
20119;103.5,18;112.5,310;281.25,286.25;335.5,29.5;7.25,32.75;54,258.25;133.75,198.5;256.75,12
2204;71.25,19.5;159.75,299.5;330.25,283.5;335.5,29.5;6.5,32.75;54,258.25;143.5,224.75;266.5,5.25
37051;71.25,19.5;159.75,299.5;351.75,265;353,84.25;7.25,32.75;42.5,254.25;125.25,239;287.5,40.75
48662;71.75,19.75;204.75,319;351.75,241.75;353,84.25;7.25,32.75;42.5,254.25;97.75,189.5;325,81.5
22011;11.25,41.75;204.75,319;351.75,241.75;355.25,85.75;76.75,26.25;82,202.75;129,195.5;325.25,82.75
22101;11.25,41.75;183.25,320.75;357.5,214.75;366.25,37.25;67.25,40.25;74.5,222.5;129,195.5;325.25,82.75
632;11.25,41.75;188.5,263;350.25,272.25;366.25,36.75;67.25,40.25;71.75,163;180.25,165;317.5,131.25
2573;11.25,41.75;234.75,287;316.75,260;360.75,21.25;30.5,75.75;66,149.75;177,197;317.5,131.25
3606;12,7.75;198.5,309;263.75,255.25;351.5,24.5;30.5,75.75;66,149.75;177.5,198.25;330.25,160.5
41114;12,7.75;167.75,286;279,255.75;318.25,18.25;36.75,54;86.5,170.75;177.5,198.25;330.25,160.5
14149;12,7.75;168,271;258.25,256.25;282.25,53.5;17.75,106.75;81,174.25;151.75,239.5;330.25,160.5
19042;33.25,36.75;119,272.75;226.5,275;282.25,53.5;32.25,108.5;113.75,196.25;140.25,272.5;330.25,160.5
4505;34.25,36.75;109,281.25;226,275;282.25,53.5;33.75,146;93.75,230.75;138.75,271.75;330.25,160.5
36283;46.5,46.75;109,281.25;226,275;270.5,36.5;33.75,146;113.75,263.75;153.25,239.25;303,148.75
36064;46.5,46.75;118,281;183,272;270.5,36.5;12,143.25;116.75,269.25;192.75,246.5;297.25,109.5
8355;30,41.75;152.25,295.75;188.5,231.25;245.75,39;17,156.25;116.75,269.25;192.75,246.5;297.25,109.5
32111;6.25,6.75;115,318;160,253.5;245.75,39;17,156.25;116.75,269.25;185.75,252;274.25,91
21834;44.5,43.25;115,318;206,258.75;234.5,88.75;18.75,152;128.5,252;178.75,302.25;274.25,91
49007;44.5,43.25;119.5,280;218.5,291.25;219.25,135;21,118.25;128.5,252;221,275.5;274.25,91
40520;76.5,59;120.5,252.25;175,279.5;219.25,136.5;3.75,61.25;115,199.5;221,275.5;274.25,91
23204;76.5,59;102,203.5;187,310.5;211.25,91.75;36.5,45.25;155.5,203.25;215.75,258.5;274.25,91
45716;76.5,59;87,196.5;183.5,270.5;211.25,91.75;36.5,45.75;166.75,199.75;203.75,272.25;263.75,47.5
36164;117.25,35.25;118,232.25;183.5,270.5;198.25,61.25;36.5,45.75;116.5,199;181,290.25;263.75,47.5
45821;115.5,74;118.25,233;193.25,311.25;198.25,61.25;78.25,19.5;116.5,199;218.5,297;254,72.25
20849;115.5,74;117.5,233.75;157,319.25;236,40;78.25,19.5;91.5,190;222.25,296;222.75,115.25
26347;115.5,74;143.75,226;156.5,320;269.75,24;69.25,58;134.75,224;181,288.5;222.75,115.25
47664;118.25,78;143.75,226;156.5,320;307.25,55.25;96.75,64.75;139.75,269;162.25,300;222.75,115.25
22085;124.25,34;133.75,238.25;156.5,320;300.25,55.25;83,16.5;129.25,290;162.25,300;222.75,115.25
47286;108.5,45.5;133.75,238.25;156.5,320;257,40.5;83,16.5;109,275.75;155,318;238,131.75
50306;108.5,45.5;118.25,279.5;196.75,286.25;256.25,40.75;67.75,11.5;109,275.75;129.5,319.25;225.5,100.5
3430;91,90.75;139.25,238.5;190.25,249.75;226.25,84.5;112.75,40.25;128.75,274.25;129.5,319.25;225.5,100.5
35233;66.25,58.25;106.25,294.75;219.75,259;226.25,84.5;103.25,98.25;128.75,274.25;162.25,302;226,100.75
11666;74.75,85;106.25,294.75;219.75,259;242.75,33;68.25,104.5;145.25,300;184.5,301.75;226,100.75
36432;74.75,85;109,310;191.25,275.25;274.25,67;68.25,104.5;142.75,318;166.5,243.5;250.25,71.75
33922;39,85.5;109,308;191.25,275.25;274.25,67;44.5,87.5;113.5,323.25;128.75,228;244.25,116.5
39571;22.5,116.75;89,269;184.5,318.25;274.25,67;39.5,89.25;113.5,323.25;173,238.5;222.75,124.75
1883;3.5,73.25;140.5,267.25;184.5,318.25;270.25,34.5;72.5,101.5;113.5,323.25;151.25,202.75;217.75,108.5
1021;2.5,73.25;140,226.25;184.5,318.25;270.25,34.5;84,72.75;116,320;189.5,173.25;263,108.25
34040;2.5,73.25;176,196.25;184.5,318.25;245.25,74.25;99.75,117.75;118.5,292.5;149,203.25;263,108.25
5034;25.25,103.5;128.5,187.75;140.25,283.25;244,41.25;110.75,143.5;118.5,292.5;149,203.25;263,108.25
11611;65,134.5;162.5,226;170.25,242.75;200.75,19;100,151.75;118.5,292.5;149,203.25;266.75,79.25
36200;66.25,135.25;139,226.75;159.5,236.75;200.75,19;77.25,136.75;118.5,292.5;187,165.5;267,80.25
46658;19.25,144.25;101.5,201.75;187.75,206;200.75,19;51.75,160.25;118.5,292.5;211,208.25;245.5,60.75
48053;61.25,157.5;77.75,168.5;168,228.25;200.75,19;83.5,170.25;88,281.25;211,208.25;254.75,15.75
41489;61.25,157.5;77.75,168.5;172.25,232.5;200.75,19;56.75,172.25;98.75,300.5;156.5,226;216.25,35.5
42753;81.75,177.5;84.75,166;140.75,238.75;200.25,62.75;56.75,172.25;72,274.75;156.5,226;229,19
26725;35,190.25;69.25,202.75;140.75,238.75;208,81.5;13,154.75;72,274.75;157.5,224.5;218.75,63.75
36111;25.75,227.25;69.25,202.75;151.25,261;208,81.5;1.25,151;63,298.5;170.75,186.25;213,106.25
35421;61.5,209.75;65.5,170.25;151.25,261;183.5,55.5;13,112.25;19,294.25;167.75,187.75;213,106.25
1778;61.5,209.75;67,148.25;144.75,310.5;226.75,35.25;13,112.25;22.25,301.25;163.5,160.75;180.25,126.25
26954;42.25,227.75;105,104.5;144.75,310.5;226,80.5;53.25,126;57.75,267.5;180.25,126.25;188.75,183
7674;28,233.75;109.5,114;173,268.5;226,80.5;73.75,109;73.75,302.25;140,168;180.25,126.25
48624;16.5,284;135.75,158.75;181.75,251;211.75,42.75;57,101.75;73.75,302.25;140,168;180.25,126.25
23347;9.5,304.5;135.75,158.75;189.25,249.25;225.75,55.25;60.5,81;79.25,315.5;140,168;211.25,157.5
41988;35.5,311.75;135.75,158.75;224.25,271.25;248.25,36.25;29.25,77.25;77.25,297.25;140,168;211.75,157.25
9320;1.75,293.25;135.75,158.75;253.25,280.75;270,75.5;29.25,77.25;78.25,295.25;151.25,186;208.25,106.25
11800;1.75,293.25;108.75,122.75;210.25,278.5;312.25,57.25;38.25,35;77,295.25;154.25,169;208.25,106.25
13153;1.75,293.25;141,116.25;210.25,278.5;277.5,64.75;71.25,13;77,295.25;180.5,161.5;202,95.75
8756;15.5,309;165.5,143;168.25,272.25;255.25,39.5;71.25,13;77,295.25;180.5,161.5;211.5,59
6796;12.75,302;171.75,162.5;187.5,316.25;260,19.5;71.25,13;77,295.25;180.5,161.5;211.5,58.5
32224;68.75,280.5;164.75,214.25;237.25,283.5;260,19.5;71.25,13;78.25,295.25;180,215.25;237,86.25
9466;30.5,286;164.75,214.25;224,302.25;293.25,54;71.75,40.25;77,295.25;213.75,175.75;237,86.25
24804;30.5,286;136.25,224.25;238.75,309.25;293.25,54;42.5,3;126.75,308.5;184,162.5;240.5,41
13779;33.75,284.75;109,227.5;284.5,317.75;332,41.5;42,3.25;126.75,308.5;202.25,209.25;240.5,41
49968;36.5,267.25;109,227.5;283,284.25;332,41.5;65.75,11;115.25,294;202.25,209.25;231,7.75
12955;55.5,303.5;109,227.5;303.25,256.25;351,7.75;84,21.5;104.75,265;202.25,209.25;230.5,7.75
9461;15.75,301.5;109,227.5;259.75,294.25;351,7.75;90.75,66.25;147.25,245.25;167,164;230.5,7.75
12310;31.25,275.5;110,227.5;299.25,318;351,7.75;103.5,78;108,274.25;167,164;236.75,7.75
16049;31,277.5;145.75,239.25;336.75,312.75;340.5,21.75;103.5,78;108,274.25;181.75,164.5;219.25,17.5
24767;35.75,309.5;145.75,239.25;336.75,312.75;348,15.25;114.5,78;119,284.75;206.5,129;238.5,23.75
4250;35.25,309.75;122.25,266.5;304.5,310;350,7.25;114.5,78;138.75,270.5;208.5,99.75;238.5,23.75
3999;35,310.75;109.75,240.5;309,320.25;350,7.75;114.5,78;120.25,324;208.5,99.75;214.5,6
17692;63.25,294;124,267.75;305,289.25;337.25,66;114.5,78;120.25,324;208.5,99.75;221.75,37
29786;44,284.25;124,267.75;272.5,254.75;324.75,22.25;76.25,52.75;122.25,323.5;208.5,99.75;253,35.5
20922;41.5,239;91.75,283.5;278.5,230;324.75,22.25;84.25,59.5;108,276;208.5,99.75;254,36.25
34857;26.75,217;91.75,283.5;228.75,201.5;334,30;74.75,9.5;138.5,240.5;208.5,99.75;222.75,15
4338;25.75,217;42.25,296.5;206.25,185;295.5,54.5;74.75,9.5;149.25,271.75;186.25,71.5;222.75,15
30524;25.75,217;41.75,296.25;173.75,155;268.5,103;74.75,9.5;112.25,294.5;231,70;242.5,23.75
33792;25.75,217;41.75,296.25;223.75,130;254.75,153.5;64.75,11;151.5,251.5;188.5,56;242.5,23.75
40707;18,253.75;77.75,280.25;182.75,156.25;291.25,113;64.75,11;152,251.75;155.25,87.25;242.5,23.75
2222;2.5,270.5;99.25,315.75;200,185.25;263,133.5;64.75,11;152.25,250.5;160,89.5;242.5,23.75
23127;43.5,240.75;99.25,315.75;200,185.25;281.75,164.75;85,32.25;137,196.5;208,98.75;241.5,62
41773;30.5,229;154,317.75;243.5,203;297.5,116;85,32.25;93,189;208,98.75;241.5,62
37626;30.5,229;154,317.75;243.5,203;316,151.5;82,14.5;88.25,144.25;195.75,98.5;210.75,68
45178;30.5,229;135.5,265.5;200,170;285.5,167.25;65.75,9.25;88.25,144.25;201.75,97.5;210.75,68
45496;11.25,263.25;181.5,265.5;200,170;251.75,173.25;65.75,9.25;116.25,115;161,118.75;210.75,68
46096;2.75,220.25;183.25,275.5;184.25,119;251.75,172.75;65.75,9.25;116.25,115;161,118.75;245.5,90.75
23179;2.75,220.25;181.25,275.25;184.25,119;236,193;73.75,19.5;109.75,152.25;174,161.25;240,132.75
9241;12.5,171;181.25,275.25;217.25,89.25;236,193;73.75,19.5;88.75,119.5;189,183.75;268.25,94.5
49889;61,170.75;170.25,276;216.75,88.75;236,193;77.75,51;88.75,119.5;151.25,224;213,99
33319;61,170.75;192.5,238.5;216.75,89.25;236,193;89.75,73;91.5,97.75;132,194.75;242,82.25
9315;39.5,156.75;153.5,227.75;233.5,79;241.25,161.75;68.5,104.5;89.75,73;132,194.75;212.5,95.75
38635;39.5,156.75;141.5,198;233.5,79;270.75,166.25;61,116.25;84.25,89.5;116,198.75;197,84.5
35776;40.5,157.25;136.25,216.25;184,89.75;270.75,166.25;46.75,76.25;61,116.25;151.5,203.25;202.75,39.5
27708;40.5,157.25;155.25,249.75;184,89.75;289,188;24.75,72;61,116.25;139.75,238;199.5,85
14315;37.75,138;154,292.5;184,89.75;273,173;42.75,75.5;61,116.25;146,203;217,116
445;37.75,138;154.75,303.25;187,59.25;243.75,130.75;42.75,75.5;95,157.75;135.75,250.25;241.5,132.25
5952;22.5,109.25;123.25,291;187,59.25;231.5,128.75;42.75,75.5;105,196.5;136,249.75;242.25,77
32044;25.5,148;89.5,303.25;168,38.75;231.5,128.75;84.25,81;105,196.5;132,286.5;243.25,77.75
19701;22,176;44.25,285.75;179,36.75;231.5,128.75;103.5,78;105,196.5;170.75,250.5;243.25,77.75
21464;22,176;44.25,285.75;142.25,9.25;231.5,128.75;77.25,26.25;95.25,225.75;192.5,251.5;275.75,108.75
22703;42.25,138;44.25,285.75;184,20.5;232,129.25;76.5,16;111,265;196.75,308.25;275.75,108.75
44369;42.25,138;66.75,291.25;184,20.5;228.5,127;76.75,14.5;135.25,228.75;143.5,299.75;312.25,98.5
39392;53.25,152.75;66.75,291.25;184,20.5;193.75,113.25;76.75,14.5;117.25,194;163,300;327.75,58.5
14175;88,121;94.75,312.25;138.75,58.75;247.25,102.25;76.75,17;117.25,194;163,300;307.5,115.5
26200;93.5,150;94.75,312.25;102.75,52;236.75,122.5;76.75,17;149,221.25;163,300;283,131
21200;87.5,119.5;94.75,312.25;102.75,52;278.25,106.75;76.75,17;139.75,194.25;177.25,288.75;269.25,143.75
9616;86.5,73;94.25,313.75;135.5,19.75;292.75,147.5;76.75,17;161.5,186.25;168.25,278.75;269.25,143.75
49423;45.25,50.25;94.25,313.75;123.75,3.5;267,129.5;124.25,20.75;150,225;151.75,299.75;269.25,143.75
36057;43.5,95.75;94.25,313.75;123.75,3.5;272,180.5;119,39;120.75,197.75;162.25,300;228.5,131.5
25616;79.75,85;94.25,313.75;123.75,3.5;272,180.5;89.75,54;115,199;145.5,254.25;190.5,162.5
5309;79.75,85;94.25,313.75;126.5,24.5;291,211;89.75,54;109.25,199;159.25,231;195.75,174.5
25860;80.25,68;94.25,313.75;126.5,24.5;250.75,247.75;63,96.5;89.5,235.5;170.25,251;187.5,162
42629;73.25,84.5;94.25,313.75;117.75,43.25;250.75,247.75;39.25,89;89.5,235.5;141.5,239;190.5,161.5
23170;73.25,84.5;137.25,286.75;149.75,47;209.75,244.25;11.25,44.75;89.25,236.5;150.5,246;190.5,161.5
42640;41.75,112.5;137.25,286.75;149.75,47;209.75,244.25;15.75,10;117.5,252;155.75,241.5;181.75,181
29218;11.25,144.25;125.5,280;149.75,47;190,232.75;15.75,10;76.5,263.5;154.75,240.75;209.25,156.75
7680;9.5,104.25;87.25,300.25;149.75,47;198.75,235.5;15.75,10;62.5,224.5;154.75,240.75;172.25,161.75
4561;26.5,137.5;71.25,310.25;186,43.5;228.25,208.25;15.75,10;62.5,224.5;142.25,238.75;186.25,132.5
47941;9,139.75;71.25,310.25;166.5,33.5;243,183.25;6.5,3.5;62.5,224.5;142.75,238.75;186.25,132.5
40796;6.5,135.25;82,280.75;177,35;212.25,164.5;6.5,3.5;48,198.75;145.5,239;186.25,132.5
44365;6.5,135.25;83,299;206,43;224.5,184.5;36.25,36;48,198.75;157,202;197,85.5
10130;6.5,135.75;83,299;177,46;221.5,183;7,54.5;13.5,202.25;157,202;193,65
5825;6.5,135.75;67,294;119.5,59.25;221.5,183;7,54.5;59.5,203.5;117,240;170,48.5
21747;1.5,149;67,294;122.5,11.5;187.75,151.75;7,54.5;34.75,251;112.75,199.5;155,71.75
8711;19.5,119.25;116.75,274.25;158.75,28;162.5,126.5;7,54.5;29,214;112.75,199.5;155,71.75
37957;35.75,148.25;90.75,247.75;156.25,10.5;168.75,100.25;7,54.5;35.75,233.75;112.75,199.5;155,71.75
27464;35.75,148.25;39.5,242.25;113.75,33.75;151.75,127.75;6.25,55.5;35.75,233.75;152.75,202.75;169.25,39
361;38.75,116.75;39.5,242.25;75.5,10;97.25,128.75;13.75,92.75;35.75,233.75;139,243.25;147.25,56.25
6914;0.25,81.75;35.75,303.75;86.25,27;97.25,128.75;14.5,92.25;47.75,281.25;139,243.25;154.25,90.5
14889;0.25,81.75;41.75,309;86.25,27;89.25,149.25;15,92.25;16.75,233.75;115.25,195.5;155,122.75
50013;0.25,82.5;11,306;86.25,27;89.25,149.25;14.5,92.25;27.25,188.75;98.75,236.75;166.5,161.5
7865;0.25,82.5;3.5,257.75;59,70.75;62.25,187.5;14.5,92.25;70.25,216;99,257.5;140.25,121.5
36059;15,64;35.5,258.25;59,70.75;65.75,188.5;26.5,79.25;59,271;124.25,227.75;140.25,121.5
11304;2.5,26.5;52.5,229.25;59,70.75;109.5,203.25;32.75,104.25;96.75,265;124.25,227.75;183.5,100.5
3661;8.75,48.75;34.25,241.25;73.75,47;117.25,213;18,119.5;96.75,265;124.25,227.75;180.25,149.25
14548;31,77;34.25,241.25;75,33;132.75,239.25;46.5,112;96.75,265;156.5,221;185.25,174.5
47411;35,72.25;39.75,241.75;73.25,33;132.75,239.25;81,144;96.75,265;128.75,223.75;162.5,187.25
25626;35.75,71;39.75,241.75;50.25,9;109,228.75;43.25,156;101,258;128.75,223.75;156.5,162
42123;7.25,49.5;39.75,241.75;49.75,11.25;166.25,204.25;52.75,158.25;81,269.5;128.75,223.75;202,173.5
30561;4.25,3.25;39.75,241.75;66,7;170.25,200.25;20,125.5;78.25,269.5;167.25,224.5;202,173.5
41750;4.25,3.25;51.25,238.75;111.25,14.75;195,170;57.75,168.25;78.25,269.5;167.25,224.5;202,173.5
45137;45.75,9;59.5,229.5;141.75,64;195,170;76.25,176.5;100.25,261.25;150.75,279.25;202,173.5
41388;45.75,9;59.5,229.5;156,35.25;222.25,205.5;76.25,176.5;124,308;161.75,303.25;187,220.5
11665;9.75,48.25;59.5,229.5;156,35.25;168.75,200.25;73.75,173.75;108.5,295.5;144.75,262.75;194.75,239.75
41925;10.75,47.75;59.5,229.5;135.25,78.25;147.75,197;73.75,173.75;143.5,317.5;145.25,242.75;205.25,204.25
18786;43.5,17;96.25,246.5;135.25,78.25;152.75,224.25;73.75,173.75;109.25,319.75;145.25,242.75;250,176.5
36729;41.75,46.75;96.25,246.5;136.5,45.5;148.25,260.5;73.75,173.75;106,282.75;161,230.75;250,176.5
45937;49.25,47.75;113.75,243.5;136.5,45.5;148.25,260.5;62,195.75;68,303.75;161,230.75;233.25,149.5
44950;62.75,30;100.25,251.5;108.75,82;148.25,260.5;24.5,180;117,318;128.5,194;233.25,149.5
37319;74.75,21.25;100.25,251.5;108.5,82.5;148.25,260.5;14.75,218.5;109,323.75;153.5,192;218,120.5
23136;74.75,21.25;90.25,273.5;115,104;130.25,292;14.75,218.5;142.5,299.75;165,241;218,121
18978;74,21;74.75,248.25;115.25,86.25;157.25,246.75;14.75,218.5;142.5,299.75;206.75,271;224.5,89
48991;74,21;74.75,248.25;133.25,126.75;220,251.5;10.25,193;73.75,301.75;206.75,271;224,89.25
7240;80,64.5;99.5,284;167.5,149.25;220,251.5;10.25,193;74.25,255;206,271;259.5,77.5
28360;94.5,113.5;102.5,247.5;153.75,127.75;220,251.5;8.5,194.25;74.25,255;194.25,234.25;283,37.5
36776;71.5,141;79.25,247.75;159.25,147.5;244,225.25;8.5,194.25;79,221.25;194.25,234.25;267.5,49.5
48139;87.25,139.5;120.5,255.25;129.25,137;242,187.75;3.75,197;57.5,248;194.25,234.25;267.5,49.5
50621;87.25,139.5;118.25,266.25;159.75,125.75;208.25,166.5;26.75,202.25;27.5,239.75;195.75,234;267.5,49.5
22722;88,119.5;118.75,266.25;159.75,125.75;205.75,139.25;27.5,239.75;28,217;168.5,222;250,92.5
7274;88,119.5;135,289.75;188,153.5;238.5,170.75;27.5,239.75;38.5,179;197.25,218;248.75,92.5
15269;83.5,91.5;113,307.5;188,153.5;254.75,122.75;27.5,239.75;38.5,178.5;208.75,183.75;245.5,121.5
22025;83.5,91.5;113,307.5;188,153.5;296.75,105.75;37.75,276;77.75,197.5;196,173;298.25,113
48215;83.5,91.5;113,307.5;137.75,127;296.75,105.75;33.25,253.5;112,199;143.75,190.5;339.25,81.25
30425;108.25,69.25;113.25,304;137.75,127;271.25,96.75;49.25,254.25;112,199;164.5,163.25;339.75,33.5
4018;115.5,35.5;135.25,282.25;138.75,128;271.25,96.75;49.25,254.25;104.75,163.75;160.25,160.5;350.75,31.5
47300;97.5,9.25;115.5,301;138.75,128;271.25,74.75;49.25,254.25;123.5,158.25;196.25,176.75;349,28.25
31448;80.5,42.5;137.75,317.25;166.25,152.75;247.5,78;49.25,254.25;105,152.75;196.25,176.75;310.5,36.75
13639;80,42.5;165,292.75;166.25,152.75;258.5,94.75;39,205.75;105,152.75;182,162.5;313.25,16.75
30009;60.75,56.75;151.25,262;166.25,152.75;267.5,141;76.75,191;127.25,174.5;159.5,157.5;313.25,16.75
30833;60.75,56.75;175.25,268;183.25,111.25;267.5,141;35.25,217;116.75,217;158.75,158.25;352.75,17.25
11991;47.5,65.75;139.25,241;144.5,125.5;262.5,177.5;35.25,217;96.5,247.75;159.5,158.5;352.75,17.25
41514;86.5,59;115,199.25;144.5,125.5;230.25,206.25;35.25,217;131.75,215.75;159.5,158.5;325,1.25
35778;72.5,33.75;85,161.75;158.75,110.25;230.25,206.25;17.75,218.5;133.75,196.25;174.75,117.25;325,1.25
14354;66.25,9.5;85,161.75;158.75,110.25;232.25,209.25;10.5,243.5;125.5,229.5;165,114.25;349.5,31.5
26029;66.25,9.5;94.5,149.5;198.5,141;232.25,209.25;19,202.25;123.5,230.5;124.5,98.25;355,53.5
33441;49,68.75;94.5,149.5;198.75,141.5;230,236.25;2.25,193;100.25,284.25;136.25,107.25;355,53.5
47993;28.25,67.25;94.5,149.5;164,143;230,236.25;2.75,192.75;107.5,230.5;140.75,71.25;363.25,82.75
49132;11.5,50.5;144,128;184.75,124.75;230,236.25;2.75,192.75;112.25,197.25;158.75,32;363.25,82.75
32195;6.25,62.75;144,128;221.75,106.75;258,255.25;2.5,191.75;96.5,221.25;197,8.25;363.25,82.75
24135;5.75,57.5;135.75,81.75;246.5,93.25;258,255.25;11.25,196.75;69.25,173.75;211.25,64.5;363.25,82.75
15085;35.25,66.25;135.75,81.75;242.5,95;246.5,286.75;50.75,224;71,174.25;171.5,88.75;363.25,82.75
3676;35.25,66.25;135.75,81.75;223,81.75;253.5,287.5;35,239.5;71,174.25;196,99.25;320,52
27376;73.5,84;120.75,60;176,105.25;225,259;35,239.5;71,174.25;216,52;320,52
46754;112.75,106;120.75,60;142.75,129.25;213.25,204;35,239.5;118.25,156.5;216.5,52;270.5,25
2227;79.5,122.75;120.75,60;153.5,124.5;213.25,204;68.25,216;117.25,156.5;230.25,41.25;256.5,56
10728;80,122.75;120.75,60;127.5,124;215.25,251.5;68.25,216;124.75,195;220.75,52;234.75,50.5
14256;80,122.75;113.25,108.5;148.5,108.5;187.75,252.5;59.25,216.5;112.25,198.25;220.75,52;234.75,50.5
45933;111.25,118.25;113.75,78.5;116.25,143;173.25,300.75;59.25,216.5;112.25,198.25;198.5,65;234.75,50.5
11644;63.5,85.5;94,92.5;162.5,127.25;173.25,300.75;49,247.5;161,229.75;198.5,65;201.25,14.5
31842;28.75,73;148.25,116.75;189.75,119.25;201.75,295.25;49,247.5;161,229.75;188.25,20.5;221,60.25
8873;30.25,74.25;157.75,109.75;189.75,119.25;235.5,287.75;61.25,203.75;161,229.75;173.5,11.25;236.75,54
39109;12,29.5;157.75,109.75;240,127.5;242.25,302.25;61.25,203.75;132.25,196.5;172.5,9.5;267.25,88.5
21052;14.25,62.25;157.75,109.75;239.5,129.25;247.75,301;65.25,204.75;157.75,150.75;174.75,3.25;267.25,88.5
23868;58.5,96;150.25,124.25;224,127;248,302;34.75,178;127.75,117;174.75,3.25;267.25,88.5
14856;58.5,96;150.25,124.25;206,177.5;271.25,267.5;68.75,150.5;158.75,116.5;187.25,27.25;216.25,72.75
22342;58.5,96;145.5,150;229.25,136.25;271.25,267.5;83.75,155.5;138.25,154.5;147.75,52.5;211.5,108.25
30069;62.5,95.75;145.5,150;211.25,136.75;278,248.5;49,169.75;101.5,140;144,48.25;211.5,108.25
45876;95.25,86.75;145.5,150;211.25,136.75;277.5,246.5;27.25,189.25;90.5,168;166,79.5;195.75,99.75
5261;95.25,86.75;138.75,151.75;235,99.75;277.5,246;38.25,156.5;75.75,204.5;166,79.5;230.5,124
36732;88,63.25;136.25,155.25;277,102.5;277.5,246.5;38.25,156.5;80.5,169.75;129.25,93.5;230.5,124
6494;82.25,78;111.75,106.5;277,102.5;280,278;21,118.25;55.25,169.25;132.25,128.25;230.5,124
32911;35.5,78.75;81.25,112.5;277,102.5;278.25,277.75;18.25,112.25;55.25,169.25;174.75,96;272.25,90.25
23814;59,124.75;84.75,85.75;250.5,101.75;258,228.75;18.25,112.25;54,166.75;148,121.75;272.25,90.25
4666;27,156.5;67,113.75;277,141.75;288.25,230.25;5.75,134.75;54,166.75;148,121.75;272.25,90.25
25887;1.75,203;74,161.25;281.5,171.75;296,248.5;5.75,134.75;55.25,224;148,121.75;292,141.5
45153;30,197.25;36.75,189;275,134.75;306.75,195;5.75,134.75;75.75,249.25;171.25,165;292,141.5
21893;18.75,153.75;29.5,197.75;279.25,103.5;349,228.25;5.75,134.75;52,269.25;171.25,165;332.75,136
45351;18.75,153.75;50.5,216.25;270.5,61.5;340.25,230.75;5.75,134.75;64.25,309.5;189.25,175.5;332,136.75
47371;18.75,153.75;39.75,264;290.75,56.5;340.25,230.75;5.75,134.75;44.5,311.75;240,176.75;324,137
10896;8.75,153.25;44.25,224.5;290.75,56.5;332.5,244.25;18.5,127;32.5,277.5;237.25,201;324,137
11970;8.75,153.25;54.75,209.25;290.75,5.5;332.25,235.5;41.25,108;75.5,268.5;227.5,246;324,137
26550;41.75,145.25;54.75,209.25;270.5,32.5;330.75,197.25;32.5,120.25;75.5,268.5;221.25,279;328,139.25
37399;36,135.25;75,234.5;270.5,32.5;347.25,214;31.75,120.5;113.25,276.5;221.25,279;355.5,167.25
50486;36,135.25;104,204;257.5,60.25;347.25,214;54.75,116;144,300.25;186.75,254.75;355.5,167.25
8716;35.25,135.25;129,240.25;249.25,102.75;351,230;54.75,116;162.75,303.75;225.5,273.5;355.5,167.25
23138;26.75,113.5;129,240.25;249.25,102.75;351,230;107.25,116.5;188,317;262.75,250.25;358,162.75
25464;47,153.75;126,237.25;275.5,105.25;310.25,214;114,144;188,317;256.5,243.5;358,162.75
21309;75.5,134.5;126.25,185.75;275.5,105.25;343.75,224;152.5,143;203,307.25;256.5,243.5;318.75,145.75
11548;87.25,149.25;103,164;242.75,95.75;343.75,224;118.5,117;203,307.25;269.75,211.5;318,145
46910;66.75,119;110.75,128;271.75,96.75;343.75,224;118.5,117;183,305.25;269.75,211.5;311.25,142.5
21485;83,89.75;110.75,128;271.75,96.75;343.75,224;109.25,99.75;191.75,276.5;294,197;303.5,150
14257;66,85.5;137.5,97.75;267.25,57;333.25,225;108,99.5;191.75,276.5;294,197;309.25,150.5
7700;83,132.25;137.5,97.75;224.25,56.5;333.25,225;108,99.5;203.25,302.75;309.5,204;339.25,148
45794;87,141.25;137.5,97.75;225.75,56.5;349.75,228;108.25,144.5;203.25,302.75;308.75,233.75;357,158.75
28256;69.5,141;93.75,84;225.75,56.5;352.75,275;132.5,188.75;203.25,302.75;324.75,264.25;357,158.75
47505;71.75,145.25;77.25,49.25;246.75,38.75;352.75,275;132.5,188.75;203.25,302.75;337.5,233.5;338.5,115
25642;71.75,145.25;106.25,12;246.75,39.25;348.75,225.5;153.5,158.75;205.75,264.5;338.25,191.25;338.5,115
2721;53.25,149.75;153.25,28.75;278.5,33;348.75,225.5;152.5,158.5;205.75,264.5;314.5,184.75;348.25,79.25
1986;90.5,141.25;153.25,28.75;278.5,33;314.25,228.5;152.5,158.5;238.75,267.25;319,198.75;333.25,60
42780;90.5,141.25;195.5,20.5;278.5,33;314.25,228.5;97.5,170.75;185.5,290.25;284,174.5;327.75,59.25
14222;90.5,141.25;174,35;278.5,33;343.25,230;74.5,196.25;203,308;289.25,175.75;330.75,59.25
10013;117.25,150.25;211.5,52.5;251.5,20.75;343.25,230;50.25,221.25;200.75,307.5;269.25,130.5;330.75,59.25
31163;89.75,189.25;204.5,11.25;307,13.5;343.25,230;8,244.5;198.5,307.5;292.25,121.25;330.75,59.25
38807;75.5,158.5;181.5,48;260.75,30.5;343.25,230;8,244.5;208,251;266.25,69.75;331.75,25.5
24025;109.75,168.25;217,61.25;230.75,41;339.75,231;9.75,282;208,251;266.25,69.75;292,24.75
31914;109.75,168.25;255.25,60.75;264.75,19.5;335.75,215;9.75,282;219,263.25;233.75,66.25;292,24
28291;133,191.75;212.25,104.75;271,71;308,246.75;37.25,229.75;219,263.25;247.5,75.5;292,24
40020;133,191.75;212.25,104.75;257.25,83.5;298,207;65.75,216.75;199.5,302.75;240,73;259.5,47.25
14027;117.75,144;192,142.5;257.25,88;298,207;65.75,216.75;155.5,319;253,91.5;280,53.5
7140;88.75,148.75;151.5,127.5;260.75,92.75;275.25,248.5;65.75,216.75;155.5,319;219,105.5;307.75,52.75
42922;88.75,148.75;151.5,127.5;240.75,59;240.75,250;64.5,177.75;180.5,287.75;183,133.5;304.75,52.5
13220;62,126.25;152.75,111.5;210.75,64.25;239.25,246;56,153;180.5,287.75;183,133.5;302.5,86.5
35123;62,126.25;145.75,117.75;209.25,45.75;239.25,246;13,173.75;180.5,287.75;185.75,177;322.25,124.5
9304;29,121.25;121.75,120.75;190.5,13;220,251.5;13,173.75;143,317.25;185.75,177;342.25,174
37675;14.5,85.25;141.5,127.25;190.5,13;241.5,215.25;11.5,173;168.75,277.75;225,206.75;342.25,174
23325;14.5,85.25;141.5,127.25;190.5,13;223.5,253;35.5,191.75;150.5,319;219.75,169.5;289.25,185.25
19050;14.5,85.25;147,110;190.5,13;201,252.25;22.5,159;151.25,319.75;243.75,161.75;336.5,206.5
13417;14.5,79;109,71.25;190.5,12.5;201,252.25;25.5,122.75;130.5,297;237.75,217.25;336.5,206.5
9837;11.75,48;88,86.5;190.5,12.5;214.25,216.5;25.5,122.75;106.5,262.75;237.25,215.75;295.5,195.5
31880;4.5,96.25;88,86.5;188.75,12.75;243.25,206.5;34.25,76.75;106.5,262.75;249.25,164.75;300.5,185.5
15414;4.5,96.25;93.75,103.5;228.75,29;249,179.5;3.75,47.5;106.5,262.75;261.25,197.5;350,175.25
30714;4.75,95;140.5,90;232.25,47.25;249,179.5;33.75,78.5;91.5,221.25;240.5,229;350,175.25
37436;18.5,63.25;140.5,90;222.25,45.5;256.75,133.25;43.75,112.25;118,201.5;240.5,229;336.75,130
50474;58.25,74.75;140.5,90;219.5,5.75;246.25,107.75;82.25,125.25;121.75,195.75;241,228.75;336.75,130
32062;36.5,58.25;134.75,127.25;219.75,5.25;226.5,156.75;120,143.25;121.75,195.75;269.75,231.75;336.75,130
25441;10.25,62.75;134.75,127.25;223.75,56.5;265,179.75;115.5,113.75;135.5,190.5;269.75,231.75;353.5,80.75
25598;10.25,62.75;109.5,113;261.25,30.5;267,141;115.5,113.75;175,165.25;268.75,232;336.25,59
43121;25.75,77.5;74,85;261.25,30.5;274.5,130.25;115.5,113.75;214,175.75;275.5,262.5;336.25,59
28008;25.25,78;56.25,75.75;243.25,27.5;274.5,130.25;114.75,92.75;245,197;294.25,296.75;336.25,59
46496;38.25,122.75;92,90.75;204.25,62.5;244.25,131.25;114.75,92.75;239.5,243.75;249.5,310.25;336.25,59
5123;60.5,136.5;92,90.75;186.5,50.5;244.25,131.25;115,74.5;240.25,243.5;248,308.25;352.5,55.25
49201;60.5,136.5;92,90.75;183.5,7.5;244.25,131.25;116.5,112.75;245,292.25;273,264.75;315.75,24.75
33468;50.75,170.75;92,90.75;183.75,8.5;278.25,133.25;116.5,112.75;237.75,320.75;250.25,308.25;315.25,23.75
4885;26.75,169.75;111.5,73.5;183.75,8.5;278.25,133.25;93.25,65.75;184,315;250.25,308.25;269.75,19.75
45614;45.5,160.5;113.25,33.75;211.5,22.75;278.25,133.25;93.25,65.75;171.75,288.5;250.5,310.5;277.5,48.25
43587;16.5,141.75;145,21.25;211.5,22.75;309,133.25;93.25,65.75;162,318.5;250.5,310.5;259.75,22.25
21818;9,174.75;145,21.25;211.5,22.75;292,155.5;66.75,33.25;175.5,302.75;250.5,310.5;266.75,39.5
10505;50.75,170.75;152,48.25;211.5,22.75;276.75,148;60.25,4.75;192.5,275.5;250.25,268.75;266.75,39.5
5035;50.75,170.75;181,35.75;212.25,22.75;302.75,148.25;103.5,20.5;192.5,275.5;225.75,256.75;254,40
1210;50.75,170.75;155,29.25;257,19.5;302.75,148.25;103.5,20.5;167.75,241;190,221;213.5,5
20660;56,170.25;155,29.25;284.75,44.75;329.25,165.25;103.5,20.5;142,222.75;237.75,215.25;254.25,5.25
35423;37,137.25;130,63.25;257.25,82;288.75,142.75;103.5,20.5;169.75,221.75;237.75,215.25;254.25,5.25
47238;29.5,181.5;112.25,75;209.5,92.5;288.75,142.75;103.5,20.5;122,199.25;222,214.25;254.25,5.25
45591;29.5,181.5;133.25,93.25;180.25,60.75;322.25,145.75;128.75,49;153,226;222,214.25;254.25,5.25
16413;20,142.75;146.75,128.25;180.25,60.75;313,120.25;128.25,47.5;150.25,221.75;230.75,246;254.25,5.25
26112;12,143.25;142.5,129.25;196.5,73.25;303.75,120.5;128.75,46;150.25,221.75;214.5,212.25;254.25,5.25
41674;12,143.25;160.5,109.5;190,74;309.5,112.5;167,52.5;170.25,187.25;216,203.25;254.25,5.25
30919;29,107.75;172.75,117.5;201.75,63.5;257.5,122.5;156.5,56;170.25,187.25;216.5,202.75;254.25,5.25
637;26.25,127.25;172.75,117.5;243.5,74;271,148;160.5,91.25;170.25,187.25;215.5,203;250.5,15
3334;32.25,81.5;172.75,117.5;233,22.5;294.25,113;167,35;201.25,140.5;216.5,202.75;250.5,15
12622;49.75,57.5;172.75,117.5;216.25,74.75;294.25,113;153.25,92;184.25,97.5;249.75,251.5;255.25,4.75
33824;49.75,57.5;177.75,112.75;228.25,34;263.25,120;153.25,92;209.5,98;251,292;283,38
25412;48,105;177.75,112.75;212.5,52.5;267,105.5;162.75,88.25;224.25,62;236.5,283.25;283,38
39820;48.25,123.5;144.5,129;212,35.5;277,70.25;162.75,88.25;215.5,78.25;236.5,283.25;292.75,21.25
39198;48.25,123.5;132.25,170.75;224.25,14.25;288.25,105.25;154.25,88.5;215,78.25;236.5,283.25;253.75,20.25
44185;54.5,98.5;115.5,160.25;224.25,14.25;295.5,137;150,112.25;209.25,45;236.5,283.25;241.25,16.5
26606;54.5,98.5;130.5,120;213.25,16.75;295.5,137;151.5,115.25;223.25,19;231,247.5;271.75,11.5
48034;54.5,98.5;118.25,90.5;213.25,16.75;294.5,114;143.25,80;191,28.75;245.5,281.75;271.75,11.5
21025;81.5,63.5;130.5,90.5;252.5,26.25;294.5,114;155,116.25;191,28.75;240.5,283.25;295.5,34.5
36643;81.5,63.5;133.25,126.75;271.75,35;318,105.5;135.5,97.75;191,28.75;209.75,255.25;295.5,50.5
37564;126.5,59.5;133.25,126.75;271.75,35;331.5,137.5;152,109.25;190.5,1.75;206.5,257.5;294,47.25
48407;126.5,59.5;139,147.5;282.75,38.25;291,110.5;152,109.25;185,6.75;257.25,236.5;294,47.25
9032;125.25,59;134,149.25;259.25,35.25;291,110.5;171.25,87.5;222.25,15.5;257.25,236.5;334.25,53.25
26980;80,39;134,149.25;219.5,5.75;263,138;171.25,87.5;219.5,56.5;256,235.75;349.75,80.5
27422;73,70;99.75,162.25;168,5;263,138;171.25,87.5;186.25,52.25;256,235.75;328.5,45
37644;73,70;98.5,163;190,37.5;263,138;154.5,88.25;161.5,79;229,274;317.25,87
8352;80.75,20;98.5,163;190,37.5;263,138;115,71.5;170.25,91;260.75,274.5;339.25,94.25
37777;61.25,8;97.75,126.25;220,8.5;267,179.25;115,71.5;170.25,91;260.75,274.5;330.5,131.5
19599;72.25,41;99.75,126.25;259.5,18.5;267,179.25;115,71.5;155.75,71.75;210.5,276.5;357.5,149.25
16557;54.75,46.75;71,176.75;212.25,17.25;267,179.25;72.75,30.25;152,68.25;239.5,248.75;357.5,149.25
18517;66.25,16.75;92.25,204;212.25,17.25;267.75,229.25;114,57.75;151.5,53;239.5,248.75;329.5,195
50605;66.25,16.75;92.25,204;211.5,17;253.5,198.75;104.75,34.25;123.75,12.5;239.5,248.75;310.5,233.5
38679;65.5,6;83.5,222.5;211.5,17;254.25,230.75;115.25,41.25;123.75,12.5;221.25,248.5;312.75,273.75
7239;46.25,38.5;99.75,249.5;211.5,17;254.25,231.5;83.75,13;115.25,41.25;256,247;314.75,278
38611;38.75,18.25;126.75,286.5;183,9.25;254.75,231.25;83.75,13;115.25,41.25;276,237.5;310.5,241
7744;10.75,7.25;90,308.25;183.25,8.75;277.5,255.25;57.25,35.25;115.25,41.25;274,223;310.5,241
47929;8,36.25;36.25,285.25;183.25,8.75;240,258.5;57.25,35.25;115.25,41.25;251.5,256.75;260.25,258.25
5042;8,36.25;34.75,286.75;211.25,32;240,258.5;86.25,19.5;87,32.25;220,247.75;275.75,210.5
32620;8,36.25;34.75,286.75;211.25,32;240,258.5;107.75,47.25;141.75,29.75;178,288;271,152.75
1237;7.25,40.75;23,299.25;240.75,40.75;246.25,259.75;107.75,47.25;143.25,4.75;173.5,242.5;271,152.75
46070;6.25,92;39.75,261.25;195.25,70.25;246.25,259.75;107.75,47.25;143.25,30.5;187.5,198;218.25,175.25
33829;5,91.75;13.25,298;195.25,70.25;203.25,267.25;107.75,47.25;147.25,12.5;167.25,225.75;171,184.75
49390;5,91.75;11.5,309;195.25,70.25;203.25,267.25;100.25,66.5;185.75,41.5;199,241;221.5,167.25
41467;15.5,142.75;15.75,294;195.25,70.25;203.25,267.25;85.25,40.25;131,74.5;166.25,222;234,226.25
31160;15.5,142.75;15.75,294;183.5,77;203.25,267.25;91.25,26;165.5,81.5;175.25,233;184,231.25
47278;13,152.75;34.5,239.75;203.5,43.5;253.5,272.25;91.25,26;154.25,92;175.25,233;184,231.25
10269;13,152.75;34.5,239.75;203.5,43.5;282,319.75;84,87.25;126.75,111.75;158.75,224.5;168,278.75
26079;65,136.75;83,207.5;158,1.5;282,319.75;34,125.5;124.5,114;166.25,239;168,278.75
27307;47.25,152.75;110.75,243;121.25,4.25;279.75,263.5;15.5,142.5;148.5,152.25;166.25,239;168,278.75
10251;59,117.5;117.75,271;121.25,4.25;250.25,259;15.5,142.5;163.75,160.5;166.25,194.25;194.5,276.5
11690;53.75,57.75;118.25,270.75;145.25,21.5;245.75,271.5;7.25,136.5;150.75,120;166.25,194.25;194.5,276.5
27004;53.25,58.75;118.25,270.75;146,27.5;257.75,300;7.25,136.5;119.25,104;120.5,197;209.5,258.25
46061;53.25,58.75;97,230.25;146,27.5;219.5,311.25;9.75,149;95,144;152,158.25;210,259
21126;53.25,58.75;57,228.5;89.25,8;240.75,264.25;9.75,149;104.75,116.75;130.25,107;211.5,260.75
32280;25.75,96.25;99.25,249;134,25.5;292.5,243.75;11.5,137.25;104.75,116.75;128.5,94.25;211.5,260.75
40897;25.75,96.25;112.75,220.5;121,5.75;292.5,243.75;40.25,178;67.25,105.25;160.25,65;223.5,232.25
46242;8.25,85.5;112.75,220.5;121,5.75;292.5,243.75;91.25,157.25;92.25,109.5;202.25,85;249.25,239.25
21502;5.75,45.25;112.75,220;146,21.25;277,256;91.25,157.25;92.25,109.5;230.5,121;275,267.25
38528;5.75,45.25;112.25,220.5;189.75,12.5;271.5,248.75;53.5,186.75;92.25,104.25;188.75,96.75;275,267.25
33002;34.5,15.75;133,230;188.75,12.75;239,225.75;76,202.75;92.25,104.25;188.75,96.75;283.5,224.5
16472;34.5,57.75;168.25,222.25;185,50.25;235,225.75;76,202.75;92.25,104.25;202.75,98.75;309.5,201.5
11486;48.25,67.25;161.5,218.75;185.5,47.5;228,252;82.75,222.25;92.25,104.25;202.75,98.75;309.5,201.5
44160;48.25,67.25;161.5,218.75;168,60.25;228,252;74.25,202;80.5,127;185,65;288,217.5
6472;43,110;197.75,176;212.75,77.25;268.25,267.5;74.25,202;80.5,127;185,65;320.5,198.75
21779;43,110;182.5,155.5;211.25,78.25;270.25,243.5;25.75,203.75;79.75,160;185,65;315,217.75
48308;17.75,63.25;153,159;208,131.5;305.75,206.25;25.75,203.75;79.75,160;211.75,106;315,217.75
18302;53.75,45.25;193.5,166.25;224.75,127.5;305.75,206.25;24.75,204;90,110;265.25,101.75;315,217.75
19861;52.25,56.25;224.25,201.5;274.5,144.25;305.75,206.25;74.5,224;90,110;281.25,104.5;354.75,229
42431;6,85.25;224.25,201.5;274.5,144.25;285.25,230.5;74.5,224;95.25,152;334,94.75;348.75,204.5
12674;15.25,142.25;255,206.75;274.5,144.25;313.75,195;87,226;98.75,156.25;292.75,122.5;348.75,204.5
20839;47.75,108.75;252.75,206.75;274.5,144.25;345.25,240.5;87,226;88.25,131;339,91.75;357.75,229
20576;47.75,108.75;252.75,206.75;274.5,144.25;358.75,231;73.5,224;109.25,140.25;303.5,84.75;342,210.75
5064;48.25,54.25;271.25,256.25;283.5,106.5;356,177.25;54.75,221.25;109.5,144;303.5,84.75;342,210.75
1824;38.75,59;264.25,303;301.5,112.5;356.25,177.75;54.75,221.25;112.75,113.25;333.5,50.25;342,210.75
8338;0.25,68.25;224.5,301.75;311.75,52;356.25,177.75;84,167.75;110.75,143.75;339.75,35;342,210.75
5186;0.75,68.25;223.5,253;329.75,40.75;353.75,158.5;84,167.75;110.75,143.75;344.5,66.5;356,226.75
10078;59,69.75;202.5,226.5;279.25,33;354,214;84,167.75;112.5,144.75;344.5,66.5;346.75,207.5
7470;54.25,96.25;205.75,281;286.5,56.25;341.5,162.25;84,167.75;113.25,144;301.75,26.75;346.75,207.5
24136;38.75,74;183.75,249;279.25,106.5;341.5,162.25;84,167.75;113.25,144;293,36;303.75,226.5
17100;38.75,74;183.75,249;310.5,113.5;327,114.75;51,147;120.5,156.75;282,35.75;304.25,226.5
48511;38.75,74;183.75,249;304.5,102.25;371.5,121.25;51,147.5;164.75,160.75;251,6.25;292,199.75
27773;53.25,36.25;189.75,263.25;306,104.5;330.5,119.75;51,147.5;164.75,160.75;246.25,36.75;274.5,176.5
29523;50.75,35.5;189.75,263.25;296.5,74.75;330.5,119.75;39.25,118.75;172.75,146.25;231.5,38.25;250.25,218.25
36333;59.75,58.25;162,255.5;296.5,74.75;314,112.25;73.5,101;188,175;205,46.5;250.25,218.25
474;52.75,47.75;140.5,223.25;318.75,111.5;335,79.25;73.5,101;188,175;211.75,72.5;249,217.75
25744;32,30;136.75,225.5;317.75,164.75;334,62.5;58,109.25;188,175;211.75,72.5;249,217.75
16455;32,30;127.25,246.5;289.5,139.5;303.5,88.5;43.5,147.25;188,175;211,72;291.5,196.25
48755;32,30;99.5,222.5;337.25,134;356.25,85.25;43.5,147.25;188,175;211,72;330.5,206.5
34094;32,30;99.5,222.5;356.25,85.25;356.75,120.75;87.5,168.5;158.75,150.5;257.5,77;332.75,177.75
25288;41,77.5;118.75,225.75;356.25,85.25;360,126.75;77,202.75;189,122.5;257,77.75;332.75,177.75
11921;41,77.5;121,272.5;337.25,40.75;360,126.75;76,212;151,152.75;237.5,61.75;330.25,161.75
32906;41,77.5;135.25,255.5;365.5,52;370.25,123;76,212;150.75,152.25;206.5,64.5;318,199.5
29173;40.75,117.75;94.75,257;366.5,52.75;370.25,123;76,212;184.25,178.25;242.25,77.5;349.75,169
35662;46.25,138;119.75,286.5;366.5,52.75;370.25,123;66.75,215.25;183.5,132;220.25,95.75;349.75,169
46240;69.5,185;137,291.5;366.5,52.75;371.75,123.25;111.75,241;183.5,132;219.75,96;349.75,169
2398;69.5,185;159.5,266.75;367.25,52.75;371.75,123.25;143,223.25;179.25,105.5;186.25,105.5;320.5,196.5
8685;72.5,178.25;159.5,266.75;327.25,38.75;371.75,123.25;152,225;176.75,105.25;235.25,133.25;273.25,173.5
36264;76.5,200;130.5,242.75;296.75,70.25;360,112.25;169,189.75;174.75,105.25;235.25,133.25;273.25,173.5
19570;44.5,200.75;150.25,259;292.5,55.75;344.25,89;169,189.75;179.5,107;235.25,133.25;313.5,171.5
37165;44,200.75;158,247.75;293.75,25.25;308.75,98.75;158.75,222.5;179.5,107;235.25,133.25;291.25,195
45203;21.5,170;130.75,282.75;293.75,25.25;313.5,129;125.25,196;167.75,89.75;237.5,134;291.25,195
38322;21.5,170;97.5,309.5;294.5,23.25;309.25,97.25;150,224.25;154.5,90.25;234.5,118.5;291.25,195
9570;17.5,126.25;99.75,311.75;302.75,14.25;309.25,97.25;115.75,241;143.75,92.5;234.5,118.5;280.75,185.5
16765;21.25,77.5;99.75,311.75;302.75,14.25;309.25,97.25;140.5,225.25;142.5,90.25;268.25,88.75;304,198
46322;22.25,102;99.75,311.75;302.75,14.25;357.5,102.75;140.5,225.25;165.5,113.25;234.5,127;316.25,238
27594;16.75,144.25;101,284;283,52.5;357.5,102.75;148.75,203;212.5,100.25;213.75,108;316.25,238
39522;37.25,122.75;82.5,243.5;283,52.5;357.5,103.75;148.75,203;180.75,108.5;223.25,117.5;282.5,240
39234;11.5,111.75;58.5,219.25;293.25,37.75;357.5,103.75;166.5,163.75;180.75,108.5;233.75,155;281.5,238.5
35429;13.5,89.5;45.5,201.75;293.25,37.75;320,135.25;126,174.25;180.75,108.5;245.75,179.5;282,238
29917;15,76;81,201.25;268,31.5;327,105.5;109.75,153.75;180.75,108.5;245.75,179.5;281.5,238.5
36360;25.5,112;81,201.25;248.25,21;307.25,115.75;123.5,133.25;161,79.5;245.75,179.5;306.75,244.25
42696;25.5,112;37.75,188.5;213.25,32.25;298.5,115.5;101.25,152.25;166.25,39;245.75,179.5;293.5,286.25
1633;37.75,117.75;51,219.5;213.25,32.25;327.5,142.25;85,168.75;158.5,67.75;246.25,179.5;293.5,286.25
34818;37.75,117.75;63,170.75;175.5,35;359.5,121;85,168.75;158.75,53;246,180.75;299.5,233.5
37821;43,122.5;72.5,177.25;205,45.75;360,104;85,168.75;158.75,53;246,180.75;309.75,194.25
28138;38,161.5;79.5,223.5;175.5,58.75;312.25,96.25;85,168.75;156.75,96.5;246,180.75;290.5,217.5
33609;18.25,143.75;57.75,177.75;177.5,85.75;281.75,74;79.5,151.75;156.75,96.5;246,180.75;273,261.75
18049;21,190;40.25,225.5;183.5,36.25;283.25,103.25;45.25,107.5;163.75,48.25;246,180.75;273,261.75
6462;21,190;40.25,225.5;148.5,15.75;283.25,103.25;14,136;161.75,30.75;267.75,167.75;313,243.25
41922;21,190;36.75,212.5;148.75,64.25;275.5,132;59,126.5;172.5,52.75;267.75,167.75;280.5,216.25
22244;21.25,190.25;62,248;148.75,64.25;247.25,127.5;59,126.5;193.75,10.5;272,192.25;294.25,198
7996;25.5,177.75;62,248;130.75,25.75;221.25,131;48.25,128;193.75,13.5;272,192.25;310.75,159
34948;11,176.25;20,241;104.75,39;257,160.75;84.25,103.25;193.75,13.5;272,192.25;307.75,151.5
18074;11,176.25;43.75,226;64.25,58;237,194.25;118.5,60.25;193.75,13.5;301,148.75;302.75,204.25
49483;4.25,171.5;42,239.75;79.5,92.75;272.75,198.5;99,59.25;194.25,13.5;301,148.75;302.75,204.25
16120;28.5,137.25;42,241.75;80.25,89.75;272.75,198.5;59.75,94;221.5,20.5;285,140;302.75,204.25
33218;33,138.75;43.5,245.5;85,120.5;272.75,198.5;67.25,107;221.5,20.5;242,174.5;298.25,259.5
10636;32,139.25;34.75,213.5;104.5,145;272.75,198.5;93,105.75;204.75,46.25;242,174.5;314,311.75
39141;21.5,170.5;37,179;68,189;321.25,216.25;93,105.75;231.75,48.25;242,174.5;312,315.75
41604;21.5,170.5;60.25,157.5;68,189;351.25,225.5;75.5,89.25;250.75,17.75;291.75,170.75;318.75,321.25
33298;22,152.75;51.5,177.25;68.5,231;343,272.5;75.5,89.25;272.75,28.75;277.75,184.75;318.75,321.25
44090;22,152.75;51.5,177.25;68.5,231;355,317.5;89.75,71.25;222.75,15;245.5,196;318.75,313
46052;2,175;51.5,177.25;73.75,230.75;363,289;49.5,87.5;222.75,15;243,198.25;329.75,310.75
4717;0.25,201.5;39,203;93.75,232;336,256.5;26.25,119.25;222.75,15;286,220.75;329.75,310.75
654;34,221.25;44,242.25;95.75,189.75;336,256.5;32.25,108.5;261.25,6.25;284.5,224.5;329.75,310.75
39210;34,221.25;97.75,255.5;99.25,188.25;336,256.5;4.75,94.25;297,10.75;325.5,231.25;330.25,314.25
19432;45,212;121.75,234.25;143.25,202;336,256.5;48.25,115.5;240.75,17.5;325.5,231.25;352.25,298.25
6323;58.5,217.75;92.5,184.25;121.5,232.5;353.25,278;112.75,119.5;240.75,17.5;325.5,230.5;352.25,298.25
2504;66,219.25;129.25,191.5;144.75,223.5;313.5,263.25;125.5,73.25;240.75,17.5;296.25,197.75;352.25,298.25
19636;66,219.25;143.5,225;161.5,215.75;312.5,265.25;120.5,36.25;263,61.5;282.25,174.75;352.25,298.25
14706;58.75,240.75;143.5,225;156.5,209.25;344.5,270.25;110.25,8.5;286.5,92.5;330.75,158.5;352.25,298.25
21062;88.5,284.5;161.25,247.75;161.5,236.75;344.5,270.25;151.25,29.25;286.5,92.5;350,162.5;363,245.25
41359;88.5,284.5;119.25,212.5;181.5,219.5;354.75,263.25;151.25,29.25;251.75,94.25;340,148.5;340.75,206
33372;88.5,284.5;99.5,228.75;155.5,210.75;312,256.5;131.5,43.75;251.25,94.5;340,148.5;366,213.75
20285;54,293.5;116.75,199.25;155.5,210.75;285.25,230.75;168,51.5;252.25,94.75;327,159.5;366,213.75
9440;102,281.75;148.75,184.5;174.75,184.25;284.25,260.5;168,51.5;252.25,94.75;311.5,131.25;366,213.75
5146;100.25,296.25;114,161.25;165.25,219.25;284.25,260.5;142.75,79.5;208.75,96.5;311.25,132;366,213.75
47820;93.75,295;126.5,120.5;203.5,246.5;284.25,260.5;163.25,87.75;185.5,106;308.25,131.75;366,213.75
42647;94,295.25;140,113;176.5,281.25;284.25,260.5;205.75,120.5;229.25,127;319.25,147;366,213.75
20815;124.5,264.25;140.25,114.25;184,319.25;284.25,260.5;205,122.5;229.25,127;308.25,199;323.5,242.25
50382;89.25,248.25;116.25,145;184,319.25;262.5,219.5;184.75,97.5;245.25,163.75;308.25,199;314.75,221.5
19207;35.25,240.5;116.25,145;184,319.25;239.5,267.75;161.75,51.75;216.5,127.25;259.25,200.25;316.75,221
13665;35.25,240.5;75,139.25;184,319.25;239.5,267.75;145,92.75;213,96.5;245,219;271.5,222.25
15109;35.25,240.5;43.25,126;195.25,317.25;239.5,267.75;162.75,73.25;167,96;212.5,202.75;270.75,222
48079;50.25,277.5;76.25,125.75;199.5,310.25;257.75,288.5;162.75,73.25;167,96;179.75,163;270.75,222
29153;32.25,242;76.5,126.25;167.25,281.25;268.75,322;162.75,73.25;167,96;183.5,163.5;230,203.5
8403;28,242;66,87.5;145.25,300.5;268.75,322;153.5,87.75;162.75,73.25;180.25,125.75;241.5,232
41200;12.75,190.75;48.75,67.25;198,310.75;211.5,311.75;153.5,87.75;162.75,73.25;180.25,125.75;240.75,232.75
26641;39,183.25;50.5,63.5;203.5,280.75;211.5,311.75;113.75,94.25;151.5,31;180.25,125.75;240.75,232.75
11883;48.25,124;78,111;190.75,259;211.5,311.75;89.75,67.75;151.5,31;206,75.5;238.5,234.25
31161;78.5,145.25;87.75,166;159,265.75;247.75,303.25;89.75,67.75;168.5,51.5;206,75.5;238.5,234.25
5031;78.5,145.25;116.75,178.75;159,265.75;202,310.75;107,112.25;144.75,50.75;168.25,89;246.75,239.75
28519;78.5,145.25;116.75,178.75;199.25,246.5;202,310.75;126.25,157.25;129,78.5;182.25,104.5;290,218.75
3290;71.75,145.25;116.75,178.75;199.25,246.5;202,310.75;156.75,201.75;167.25,40.5;212.5,107.25;306,169.75
43101;71.75,145.25;116.75,178.75;201.75,260.5;202,310.75;113.25,199;143,60.25;227,132.75;358.75,172
22191;71.75,145.25;98.5,207.75;234.5,303;252.25,323.25;137,169.75;140.25,66.25;231.75,121.25;358.75,172
48472;66.75,130.75;114.5,208.75;245.5,269;252.25,323.75;137,169.75;156,52.75;231.75,121.25;357.5,155.5
50389;95.25,90.25;114.5,208.75;210.5,261;246.5,291.25;137,169.75;160.25,26;250.5,99.5;357.5,155.5
14229;58.75,76.25;114.5,208.75;201.5,265.25;245.75,290.75;92.25,162.75;160.25,26;275,118.5;358.75,187
15622;57.75,76.5;139.75,238.75;224.75,230;284.25,309.75;50.25,129;207.75,48.75;275,118.5;358.75,187
29744;56.75,70.75;139.75,238.75;243,207.5;282.25,321.75;50.25,129;158.25,57.25;267.75,133.25;321,196.25
19976;91.75,90.75;151,265.75;255,183;272,286.5;50.25,129;165,29.75;267.75,133.25;321,196.25
28279;73.75,117.25;139,265.5;239.5,195.25;271.25,286.5;50.25,129;165,31;267.75,133.25;306,206
16654;112,83.75;115.75,291.5;239.5,195.25;283.25,319;25,155.25;165,31;286.75,97.5;294.75,197.75
41756;112,83.75;121.5,251.75;206.75,166.25;241.25,301.75;25,155.25;165,31;303.75,62.5;310.5,241
4259;110.75,82.75;162.25,266.5;183.75,113.75;214.5,310.25;26.75,124.75;165,31;298.5,112.25;310.5,241
12756;110.75,82.75;165.5,266.75;183.75,113.75;196.75,283;26.75,124.75;175,11.25;330.25,92.25;351.75,279
43686;77.25,98.75;165.5,266.75;169.25,135.25;194.25,278.75;26.75,124.75;175,11.25;303.25,123.25;320.5,310.75
32619;61.25,56.5;117.75,303.75;150.25,182.75;243.25,279.5;71.75,116;173.25,9.5;303.25,123.25;320.5,310.75
32094;35,36.75;116.25,304;158.25,156.75;212.5,251.5;71.75,116;201.75,41;267.5,106;320.5,310.75
38032;69.75,44.75;95.5,300.75;190,151.25;212.5,251.5;84.5,155.25;201.75,41;268.25,105;322.75,310.5
649;75.5,6.75;95.5,300.75;185,149.5;210.75,251.5;90,189.5;219.5,60.25;245.25,96;322.75,310.5
38038;75.5,6.75;105,255;172.5,196.75;256.5,287.75;86.25,235.75;220,60.25;261.25,113;322.75,310.5
46698;75.5,5.25;105,255;172.5,196.75;309.25,289.5;57.25,203.25;188.75,98.25;207.75,106.75;353.75,277
35604;47.25,30.25;105,255;177.25,201.75;339.5,267.25;30,198.25;190.25,93;249.25,133.25;353.75,277
25834;59.25,57;152.75,224.25;156.75,158.25;339.5,266.5;15.75,213.75;204.75,36.25;249.25,133.25;353.75,277
41892;70.5,75.25;152.75,224.25;208,177.75;338.75,267.25;15.75,213.75;193.75,10.5;201.5,154.25;336.5,226
39000;70.5,42.25;120,182;228.75,152.5;319.25,241.75;15.75,213.75;193.75,10.5;226.25,191.25;336.5,226
37896;31.75,36;71.5,200;206,177.5;293.75,243.75;15.75,213.75;193.75,10.5;252.5,215.5;335,227.25
30826;50.75,54.75;52.5,230.75;200,178.25;255.5,245.5;15.75,213.75;193.75,10.5;254.75,219;335,227.25
39650;43.5,45.75;50,219.5;163,169.25;218.25,259.5;15.75,213.75;142.75,31.5;255,219.5;335,227.25
35275;43.5,45.75;51.75,248;144.75,208;242.5,219.25;57.5,249;142.75,31.5;292.25,194.5;335,227.25
17966;6.5,4.25;51.75,248;139.5,267.25;249.25,208;58,249.25;142.75,31.5;335,227.25;335.25,178.5
30632;6.5,4.25;72.25,298.75;140.5,304.75;268.5,179.25;100.25,283.5;142.75,31.5;309.5,254.5;350,167.75
49629;30.25,25.5;70.25,297.25;166,295.75;306.5,140.75;100.25,283.5;184.25,40.25;309.5,254.5;350,167.75
49386;30.25,25.5;80,286;205.5,311.25;287.75,141.75;74.75,285.25;156,48.75;309.5,254.5;335,134
23848;19.75,74;99.75,281.75;205.5,311.25;272,179.5;74.75,285.25;158.25,46;270.25,255.75;320.25,138.75
45342;19.75,74;113.75,317.5;188.75,290.75;245.5,212.5;74.75,285.25;158.25,46;270.25,255.75;343.5,110.5
12329;28,84.5;113.75,317.5;221.5,270;227.75,208.25;74.75,285.25;164.25,82.25;270.5,255.25;339.25,150.25
33459;28,84.5;70.75,299.5;221.5,270;262,241.75;48,267.5;163.5,80.75;223,274.25;338.75,184.25
37611;28,84.5;92,255.5;272.75,260.5;281,254.75;71.75,260.25;121.75,104.75;223,274.25;355.5,149.5
4283;28,84.5;47.75,240;272.75,260.5;281,254.75;25.5,232;113.5,144.5;209.25,290.25;305.25,149.5
32212;13,42.25;47.75,240;254,219.5;312.75,301.5;25.5,232;109.25,161.25;208.5,296.5;337.5,197
24517;38.25,30.25;65.5,209.75;278.25,213.75;346.5,314.25;10.5,202.75;109.25,161.25;208.5,296.5;337.5,197
8678;8.25,43.25;62.75,187.5;318.25,222.25;354.5,274.25;10.5,202.75;109.25,161.25;219,275;337.5,197
44885;8.25,43.25;62.75,187.5;332.5,217;361.75,298.25;53.25,221.25;114,144;229,302;337.5,197
40027;23,74.75;57.25,143.75;286.5,229;361.75,298.25;97.75,234.75;114,144;206,275;323,241
24907;0.75,74.75;22,153.75;305.25,253.5;361.75,298.25;69.75,254.5;113.25,144;176.75,306.75;323,241
45531;0.75,74.75;27,178;305.75,253.5;340.75,270.75;60.5,221.75;96.75,196;176.75,306.75;276.25,211.75
38539;0.75,74.75;2,225;305.75,253.5;350.25,235.25;60.5,221.75;144.25,225.75;212.5,284.25;301,198.25
38344;0.75,74.75;2,225;305.75,253.5;350.25,235.25;7.5,243;136.25,250.75;220,270.25;342,207
13412;26.75,116.75;32,196.25;305.75,253.5;350.25,235.25;7.5,243;128.75,199;270.75,248.5;312.5,235.75
47440;26.75,116.75;29.5,177.5;305.75,253.5;350.25,235.25;26.25,203.25;149.75,189.75;286.25,286.75;294,197.75
22254;2.25,93;59,217;293.5,210;369,196.25;9.5,201.75;149.5,190.25;286.25,286.75;294,197.75
49585;0.75,141;59,217;277.25,165;337.75,225.5;9.5,201.75;203,176.5;251.25,281.75;294,197.75
30454;3.75,143.5;7,227;323.5,190.25;363.5,198;9.5,201.75;232.75,154;251.25,281.75;318,198.75
45756;3.75,143.5;25.5,201;323.5,190.25;357.25,168.75;5.75,145;232.75,154;296,299.25;305.25,149.5
38547;9.5,141.75;73,186;323.5,138.25;336.5,142;7,144;232.75,154;296,299.25;305.25,149.5
15810;51.25,139.5;87.75,148.25;334.25,143.25;357,128.5;7.75,144;232.75,154;296,299.25;340.25,172.5
45601;69,139.75;87,178;316.75,137.75;338,99.25;24,175;232.75,154;296,299.25;359,150.25
43803;96.75,159.5;97,196.75;304,101.25;326.75,142.75;23.5,175.25;187.25,174.75;296,299.25;359,150.25
14672;62.25,170.75;75.5,234.5;293.5,126.5;356,164.25;2.5,187.75;165.25,189.5;296,299.25;359,150.25
41424;11.75,158.75;67.5,255.25;293.5,126.5;317.75,160.25;2,186.25;168.5,239.5;296,299.25;357,156.75
7916;11.75,158.75;68.5,287;296.25,74.25;317.75,160.25;3.5,187.75;140.75,221.75;255.25,308.75;312.75,153.25
45395;11.75,158.75;101.5,247;296.25,74.25;359,129.5;3.5,187.75;169.25,252.25;203,302.5;320,159
12214;29.75,115.75;117.25,208.25;296.25,74.25;351.25,103.25;3.5,187.75;195.5,252.5;249,292.5;320,159
19162;32.5,110.75;117.25,208.25;262.25,54.75;364.5,90.5;3.5,187.75;197,276.75;271.75,293.5;320,159
12127;31.75,111.25;132.5,240.25;262.25,54.75;369.5,71.25;3.5,187.75;221,311.25;247.5,268.75;320,159
35771;19.25,170.25;132.5,240.25;262.25,54.75;355.25,90;3.5,187.75;239.75,279.5;271,273.25;311.75,199.75
10620;63.75,170.75;132.75,244.5;262.25,54.75;323,94.5;14.75,210.25;207.5,270.25;218.75,296;311.75,199.75
11538;72.25,208.75;120.75,270.5;277.25,34;332,128.75;14.75,210.25;218.25,296.5;248,254.75;311.75,199.75
22571;85.5,182;120.5,271.5;273.25,43.75;332,128.75;14.75,210.25;252.75,288.25;272.25,245.75;301.25,196.25
32993;71.5,200.75;72.5,280.25;273.25,43.75;317.75,162.75;38.25,192;253,288.75;278,222.25;301.25,196.25
48016;52,217;72.5,280.25;273.25,43.75;336.25,172.25;25.5,156;245.75,281.75;264.25,243.25;329.5,195.5
46137;52,217;72.5,280.25;273.25,43.75;332.5,197.75;23.25,159.75;227.75,258;276.25,228;336.25,161
28974;13,227;72.25,281.5;311.75,53.75;357.5,214.25;7.5,171.25;227.75,258;310.25,211.75;336.25,161
11174;13,227;48,273;292,105.25;327.5,237.5;35,187;186.75,253;308.75,211.75;336.25,161
33154;13,227;76.25,286.25;302,112;347,210.25;30.5,186;154.75,248.75;308.75,211.75;336.25,161
12339;13,227;64.5,280.25;302,112;347,209.5;29,201.75;139.25,269.75;312.75,243;328,123.5
18298;13,227;69.5,317.75;272,149.5;350.5,197.75;27.5,204;107,274.25;312.75,243;326.25,136.5
11927;62.25,248;81.75,300.75;269.75,164;300,207.5;27.5,204;101.5,264.25;312.75,243;326.25,136.5
16358;77.5,200;81.75,300.75;247,120.5;327.25,195;27.5,204;106,276.25;263.5,226.75;357.5,154
37400;77.5,200;81.75,300.75;301.5,110.75;327.25,195;75,224.25;93.5,317.75;273.75,175;355.75,162
39237;77.5,200;81.75,300.75;275.75,95.25;327.25,195;38.5,188.5;43,320.75;285.5,201.25;330,196.5
10214;90.75,165;125.75,265.75;283.75,56.75;294.25,229.25;24.75,173.5;43,320.75;260.5,174;330,196.5
45143;74.5,128.75;138.75,286.25;269,73.75;310.25,206.5;24.75,173.5;43,320.75;235.25,155.5;330,196.5
24688;57.25,170.75;117.25,269.5;255,85.75;281,166;24.75,173.5;43,320.75;242.25,133.25;330,196.5
4355;59.25,178;116.25,269.75;240.5,78.25;281,166;24.75,173.5;39.5,319.75;227.5,132.75;329.5,207.5
31686;59.25,178;116.25,269.75;240.5,78.25;313.75,120.5;20,186.5;21.5,279.25;194.75,173.25;279,191.75
733;85.75,147.75;139.75,241.25;255.75,57.75;285.25,104.75;28,205.75;29.5,310.75;194.75,173.25;279,191.75
14575;85.75,147.75;94.5,233.5;271,70.5;283.25,109;4,229.25;29.5,310.75;193.25,176.75;249.5,164.25
6837;65.75,103;69.25,208.75;270.5,97;298,110.5;3.75,230.5;29.5,310.75;193.25,176.75;297.25,139.25
9390;28.75,104.5;55.75,237.75;250.25,100.5;332.75,114.75;3.75,230.5;13.75,295.75;207.25,162.75;297.25,139.25
43259;46,68.75;55.75,237.75;262.25,94.75;353.25,102.75;3.75,230.5;15.25,295.25;238.25,164.25;297.25,139.25
39476;6.25,90;86.5,287;270.75,101.75;337.5,50.75;3.75,230.5;47.75,275;238.25,164.25;347.5,158.5
45603;32.75,108.25;52,242.25;299.5,55.75;319.75,39;3,230.5;30.25,320.5;238.25,164.25;347.5,158.5
3529;15,144.25;27.75,227.5;299.5,55.75;330.25,48.5;3.75,230.5;18,295;258.5,168.25;347.5,158.5
3746;17.5,105;47.5,227.75;309.75,112.5;357.25,9.75;3.75,230.5;22.25,300.25;258.5,168.25;325.5,206
27543;17.5,105;31.75,242.75;351,133.75;357.25,9.75;3.75,230.5;20,287.75;245.5,219.5;276.25,206.75
7214;17.5,105;52.75,247.5;336.5,74.75;357.25,9.75;3.75,230.5;43.25,306.75;242.5,173.75;246.75,245.25
9028;17.5,105;38,221.75;334.25,101;357.25,9.75;3,230.5;59.75,266.75;185.5,176.25;221.5,297
1980;18,105;49.5,235;304,56.75;342.25,12.25;3,230.5;59.75,266.75;148.25,221.5;265.25,257.75
33413;8,100.75;49.5,235;295.5,13.5;314.75,2.25;3.75,230.5;59.75,266.75;124.75,228.75;229.75,231.75
16320;5.25,85;31,207.5;290,14.5;331.75,60;3.75,230.5;59.75,266.75;156,246;230.75,248.5
50396;5.25,85;30.5,207;290,14.5;361,82.75;3.75,230.5;47,309.25;156.25,237.25;212.25,277
5941;5.25,85;32,182.75;315.75,26;361,82.75;3,230.5;83.5,302.5;182.5,231.5;238,318
18004;54.5,75.75;56.75,171.75;307.75,57;332,94.5;3.75,230.5;75,302;182.5,231.5;238,318
27293;54.5,75.75;72.5,176.5;284.75,72.25;324.25,116.5;3.75,230.5;75,302;151.5,225.5;231,283.75
8558;66.25,58.75;86,175.25;283.25,104.25;324.25,116.5;3,230.5;75,302;150.25,190.5;207.75,276
40414;27,42.25;105.75,169.75;288.5,72.5;299.25,120;3.75,230.5;75,302;150.25,190.5;207.75,276
44264;52.75,44.25;68,136.25;288.5,72.5;308,119.75;3,230.5;68,307.5;150.25,190.5;185,302.25
40997;82.5,58.5;109,106;297,45.5;308,119.75;29,213.5;87.5,266;150.25,190.5;186.75,272.75
28568;82.5,58.5;156.25,108.5;337.25,63.75;342,143.5;27,217.5;107.5,293.5;149.25,189.75;186.75,272.75
33220;82.5,58.5;153.5,124.25;356,98.25;359.75,118.75;57.5,204.5;131,316.75;149.5,190.25;186.75,272.75
35714;82.5,58.5;152,119;331,143.5;347,113;56,208;148.25,318;179.25,140.75;186.75,272.75
46512;105,48.25;158.25,157.5;331,143.5;353.75,94.25;56,209;148.25,318;171.5,113.25;186.25,248
11164;105,48.25;158.25,157.5;331,143.5;363.5,123.25;7.25,189.25;140.25,291;187,96;215.75,219.25
18566;76.75,35.5;169.25,162.5;331,143.5;357.5,128.5;7.5,188.75;140.25,291;170.75,104.75;178.75,232.5
45019;105.5,18.5;174,212.5;331,143.5;339.75,80.5;7.5,188.75;169.5,299;171.25,105.5;178.75,232.5
44515;74.25,42.75;156.25,224.25;298.25,168;354.75,29.75;15.25,219;169.5,299;171.25,105.5;178.75,232.5
49128;74.25,42.25;129,187.75;306.25,208.5;354.75,29.75;61,202;144.75,261.75;156.25,80.5;178.75,232.5
33342;65,67.25;129,187.75;289.25,209.5;324.5,9.25;37.5,207.25;148.5,281.25;156.25,80.5;159.25,202.75
47180;65,67.25;73,183;279,164.5;331.5,31;6.25,202.75;148.5,281.25;156.25,80.5;182.25,160.75
2858;32.5,74;49.75,241.25;279,164.5;331.5,31;10,236.25;113,293.5;160.75,80.75;182.25,185.5
33647;4.5,111;13.75,262.5;279.25,164.25;331.5,31;10,236.25;138.5,266;174,90;217.75,188.25
33595;5.5,96.75;8,305;279.25,164.25;331.5,31;32.25,216;106,261.25;186.25,99.25;186.25,177.5
2034;7,86.25;32.25,319.25;278.5,216.5;318,20.75;32.25,216;108.25,260;158.25,116.75;186.25,177.5
1704;7,86.25;38.25,300.5;278.5,216.5;367.25,32.25;4.25,170.75;108.25,260;170.75,89;213.25,177.5
44031;7,86.25;37.75,299.75;273.25,222.75;340.75,14.75;7.5,137.75;112.25,228.75;170.75,89;179.5,161
45962;7,86.25;41.5,262.25;321.25,211.75;353.75,22.5;15.5,101.5;112.25,228.75;144.5,48.25;179.5,161
3226;15.5,127.5;33.5,240.25;287.5,231;353.75,22.5;23.25,107.5;116.25,273.75;171.25,91.75;179.5,161
45485;15.75,126;27,241;280.75,183;353.75,22.5;69.75,86.25;108.75,320.5;125.25,76.75;179.5,161
6950;23.5,128;27,241;280.75,183;354.25,22;19.75,57.5;124.25,324;132.25,132.25;207.75,107.25
21316;22.75,126;58.5,228.25;238.25,208.5;300.75,37.75;45,7.5;124.25,324;132.25,132.25;217.75,155.75
8288;22.75,126;58.5,228.25;250.25,175;274.5,23.25;83.25,25.25;83.25,313.5;143.75,155;210.75,120.5
3045;12,82.5;91.75,263.25;237.75,153.25;274.5,23.25;83,26.5;103,283;116.75,196.75;210.75,120.5
50088;30.5,113.75;65.5,293.5;185.25,156.25;295.25,52.25;75,29.5;103,283;116.75,196.75;210.75,120.5
28710;30.5,113.75;65.5,293.5;185.25,156.25;309.25,98.75;88.25,65.5;104.75,236.75;150.25,171.25;186.25,110.5
47044;10.25,78.25;65.5,293.5;185.25,156.25;309.25,98.75;82.25,30.5;137.5,257.75;175,214.75;202.25,95.25
33177;4.5,103.75;65.75,295.75;185.25,156.25;308,116;111.75,23.75;123.75,227.75;175,214.75;190.75,41.5
7995;4.5,103.75;95.5,300.25;144.75,141.75;341.75,80.5;121.75,39;123.5,229.75;175,214.75;222,6
37366;40.75,102;95.5,300.25;144.75,141.75;341.75,80.5;74.5,32.5;89.75,247.25;132.25,216.75;269.25,11.25
23714;69.75,97.5;116.25,252.75;161.5,125;341.75,80.5;74.5,32.5;119.5,246.75;153.25,224.75;286.75,36.25
316;69.75,97.5;117.25,256.25;161.5,125;340.75,81.5;43.75,30.75;120.25,281.75;137.5,195.5;330.75,33
27271;78.75,126.75;127,206.5;187,89;341.25,81.5;8.75,3.5;120.25,281.75;137.5,195.5;302.5,26.5
11583;62.25,118.25;85,207.25;212.5,132.75;341.25,81.5;3.5,5.75;82,249.25;137.5,195.5;302.5,26.5
49140;67.5,145.5;120.75,222.5;256.25,116;361,90.5;3.5,5.75;82.75,249.5;154.75,147.5;302.5,26.5
14106;23.5,128;120.75,222.5;295.75,103.75;352.75,100.75;42,39.5;112,292;155,147;302.5,26.5
47893;44.25,111.75;101.5,208;295.75,103.75;352.75,100.75;42,39.5;104.25,304.25;172.5,165;352.75,18.25
26723;44.25,111.75;130,190.25;303,56;326.5,136.25;43,39;106,320;203,187.5;352.75,18.25
26728;87,148.5;128.25,189.75;260.75,60.75;297.75,185;13,0.5;106,320;202.5,187.75;352.75,18.25
50415;122.75,123.75;170,228.25;278.5,31;278.75,167.25;13,0.5;143,287.75;234,211;352.75,18.25
9996;86.5,113.75;218,243.75;279.5,35;302.75,166;13,0.5;143,287.75;285.75,197;352.75,18.25
33239;89.75,126.75;220.75,259.5;279,35.5;292,115;13,0.5;143,287.75;319.25,163.5;352.75,18.25
9902;75.25,87.5;180.25,237.25;251,17.75;317.5,113.75;13,0.5;143,287.75;278.25,186.25;352.75,18.25
10465;42.25,123.5;160.5,188;274,64.75;317.5,113.75;13,0.5;123.75,265.5;288.25,217.5;308.75,41.5
45679;42.25,123.5;143,201;274,64.75;360.5,129.25;13,0.5;118.75,285;251.75,230.25;288.25,40.5
23993;73.75,88;161.75,213.25;274,64.75;355.75,153.75;13,0.5;113,324.25;265.25,192.75;283.5,45.25
10608;86,58.75;161.75,213.25;274,64.75;337.75,151.75;8.75,33.75;85.75,304;268,147.5;296.75,51.75
33464;90.75,11;199.25,245;247,82;337.75,151.75;8.75,33.75;67.75,267;244.5,121;273.25,91.5
9885;113.75,54.25;199.25,245;286.75,72.25;337.25,181.75;10,32.75;100.75,269.75;244.25,76.5;244.5,121
8762;149.75,51.5;212,260.5;294.25,57.25;320.75,211.75;10.75,32.75;120,251.5;244.25,76.5;244.5,121
22865;150.5,1.5;212,260.5;294.25,57.25;362.25,210.25;10.75,32.75;95.5,239.75;242.5,130.25;248.25,69.25
31401;150.5,1.5;222.75,252;283.5,101.25;360.25,241;38.75,52.75;74.5,221;242.5,130.25;248.75,76.5
40236;132.25,5;222.75,252;291.25,147.5;312.25,235.25;39.75,52.5;62,198;242.5,130.25;248.75,77.75
16077;132.25,5;241.75,287.75;293.5,137;326.25,191.75;17.5,57.25;61.25,198.25;248.25,133.75;248.75,77.75
28478;89.5,26.5;241.75,287.75;286,167.5;362,196.75;12,32.5;80.5,163.25;248.25,133.75;248.75,77.75
6404;107.5,34;241.75,287.75;286,167.5;345.5,158.75;55.75,40.5;96,191;222.75,174.25;225.5,100
34858;151.25,10;290,317.75;334.75,137.5;370.5,120.25;55.75,40.5;96,191;199.75,225.5;226,99.75
276;137.75,43.75;312.25,300;347,167.25;370.5,120.25;72.25,11.25;97.25,191.25;199.75,225.5;201.5,100
24213;126.5,20;333.5,315;357.25,158.75;370.5,120.25;80.75,11;97.25,191.25;202.25,178.25;231.5,115.5
41950;155.25,51.25;329.25,269.75;334.75,215;370.5,120.25;93.25,67;97.25,191.25;202,181.5;231.5,115.5
10513;125.5,49;283,239.25;328.25,211;370.5,120.25;45,75.75;99.75,234.75;203.5,182.75;231.5,115.5
44323;169.75,44.5;294,251.5;301,251.5;370.5,120.25;54.25,121.5;99.75,234.75;189.5,161.25;231.5,115.5
380;210.75,40.5;281,230.75;301.5,252.5;370.5,120.25;42,75.75;135.75,250.25;189.5,161.25;269.5,94.75
31477;210.5,41.25;280.25,237.25;298.25,253;370.5,120.25;45,69;104.5,273.75;186.25,175.5;269.5,94.75
17850;233.75,56;239.25,225.5;282.5,274.5;330.5,134;63,78;104.5,273.75;186.25,175.5;269,97.75
7066;233.75,56;243.25,199;282.75,313.5;314.25,125.25;60.5,95.5;104.5,273.75;189.5,184.75;269,97.75
28529;234,55.25;254.5,203.5;282.75,313.5;314.25,125.25;92.25,136.75;106.5,281;188.5,184.25;259.5,119.75
16432;210.5,104.5;248.75,171.25;298.5,322.25;314.25,125.25;46.75,121.5;111.5,263.75;188.5,184.25;259.25,119.25
44608;181.75,83.75;229.5,169.75;298.75,304.25;340.25,105;46.75,121.5;111.5,263.75;188.5,184.25;260.25,120.5
21966;150.75,124.25;229.5,169.75;298.75,304.25;327.5,112.5;36.75,104.75;119,295;139.25,199;236.5,149
15598;176.5,161;230.75,203;298.75,304.25;327.5,112.5;54.75,95.25;112.25,291.5;136.75,217.5;236.25,149.5
45349;176.25,184.25;230.75,203;302.25,320.5;327.25,112.75;56.75,97.25;115.75,275;136.75,217.5;236.25,149.5
32628;173.25,210.5;262.5,176.5;284.5,317.25;323.5,118.25;56.75,97.25;115.75,275;158,223.5;214.25,187.25
48370;156.5,216.75;232.75,201;284.5,317.25;302,115;56.75,97.25;99.5,314.5;166.75,255.75;214.25,187.25
23096;145.75,190.5;201.25,180.75;301.5,321.25;302,115;24.5,54.25;122,275.5;166.5,255;214.25,187.25
6597;114.5,160.25;201.25,180.75;301.5,321.25;302,115;14.5,14.75;128,264;148.75,272.5;167.75,161
16064;114.5,160.25;211.25,127.25;294.25,317.25;350.75,96.25;14.5,14.75;102,297.5;151,256;178.5,148.5
9604;114.5,160.25;215.25,91.75;294.25,317.25;295.75,104.5;13.5,15;117.75,296;153.75,298.25;222.75,124
10125;125.5,139.5;215.25,91.75;277.25,274;291.25,151;37,55.5;130.25,266.25;153.75,298.25;223.5,153
7968;149,158;215.25,91.75;277.25,274;286.5,167.25;36.75,55;128.25,310.5;201,297.25;231.5,116.5
13183;158.75,127.25;189.5,73.25;308.75,289.5;312.5,151.75;36.75,55;128.25,310.5;201,297.25;278.75,104.25
48424;158.75,127.25;189.5,72.75;331.25,244.25;340.5,165;36.75,55;103.5,309.75;152,300.5;322.5,123.5
18006;158.75,127.25;195.25,84;291,209;318.75,111.5;74.75,10.25;103.5,309.75;140.25,254.5;339,124.5
41844;150.75,127.5;195.25,84;298.25,232.5;314.25,63;36.5,40.25;96.75,284;140.25,254.5;339,124.5
18376;136.75,129.25;195.25,84;273.25,250;304,53.5;36.5,40.25;110.5,294;111.5,295;331.75,163
16997;136.75,129.25;242.5,95;272,246.5;294.25,71.25;28.25,78.5;57,296;81.25,321.75;331.75,163
30004;138,129.75;243,127;247.5,217.5;294.25,71.25;29,80.5;91,282;123.5,297;331.75,163
11601;162,124.5;221.75,92;267.5,180.5;299,53.75;29,80.5;61.75,283;84.25,283;331.75,163
36831;162,124.5;221.75,92;269,179.25;299,53.75;64.75,62.5;78.75,285;107.25,308.5;303.25,152.5
18247;162,124.5;227,88;269,179.25;299,53.75;100.25,41.5;103.5,284.25;125.5,323.25;337.5,162.5
14813;162,124.5;227.25,88.5;273.75,144.25;325.75,15.75;55.25,40.25;115.25,274;125.5,323.25;336.75,186.5
3790;153.25,111;227.25,88.5;249,171.25;325.75,14.75;49.75,55;143.75,291;160.75,301.25;336.75,186.5
35951;132.25,76.5;227.25,88.5;247.5,193;348,9.25;49.75,55;137.5,266;147.75,269.5;328.75,159.5
22322;132.5,77.25;182.75,111;278.25,198;348,9.25;50.25,55.5;106,233.25;126.25,266;328.75,159.5
26837;83,85.75;162.75,125.75;278.25,198;315.25,2.75;35.5,47;96.5,191;119.75,267.25;328.75,159.5
16468;80.25,68;143.75,158.5;278.25,198;355.25,30;17.75,17.25;96.5,191;137.75,227.75;348,206.5
12138;81.5,89.75;146.25,118.25;291,208.5;355.75,29.25;2,3.5;80.5,236.5;137.75,227.75;348,206.5
3265;65.5,40.75;147.75,119.25;343.25,229.75;360,82.25;2,3.5;52.75,224;170.75,186.25;348,206.5
35303;66.25,41.25;134.75,126.75;346.25,228.25;364,36.75;16.5,19.75;31.25,179;170.75,186.25;348,206.5
17653;66.25,41.25;119.25,121.75;346.25,228.25;358,36.75;16.5,19.75;40.5,132.75;180.75,149;338.75,273.75
22126;66.25,41.25;119.25,121.75;342.25,182;358,36.75;14,62;62.75,93.75;214.25,155.25;298.5,306
32961;104.75,78;165.5,150;342.25,182;358,36.75;25.75,119.25;92.5,136.25;245,200.25;297.75,307
13030;78,111.25;124.25,140;330.75,218.25;354.75,13.75;25.75,119.25;98.25,153.25;245,200.25;297.75,307
26245;70.75,86;124.25,140;350.25,164.75;354.75,13.75;14.5,171.75;124,156.25;219.75,220;298.25,307
34860;82.75,119.25;124.25,140;301.75,167;348.25,39.5;28.75,130.75;124,156.25;184.75,251;252.25,281.75
29187;93.75,132.75;116.5,88.75;287.25,193;320.25,25.25;28.75,130.75;124,156.25;200,220.75;262.75,250.25
25954;93.75,132.75;163.25,125.25;248.5,219;330.5,47;28,118.25;124,156.25;204.25,209.75;316.75,241.5
35457;93.75,132.75;154,158.5;258.75,261.25;361.5,24.75;46.75,147.25;125.25,112.25;204,209.25;316.75,241.5
34643;94.5,85.25;135,126.5;258.75,261.25;361.5,24.25;15,156.75;125.25,112.25;169.5,224;325.5,205.5
16062;67.5,102.75;152.25,136.75;257.75,289.75;314,3.5;15,156.75;125.25,112.25;162.25,203.25;325.5,205.5
30676;32,127;163,127.75;283,263;312.75,4.5;9,172.5;125.25,112.25;174.25,165.5;325.5,205.5
50295;5.5,110;165.5,85.25;299,243;312.75,4.5;9,172.5;125.25,112.25;166.75,162.25;324.25,220.75
10976;40.75,97.75;175,48;285.25,229.75;312.75,4.5;11,229.25;125.25,112.25;155.25,186.75;352.75,184.75
15799;40.75,97.75;143.75,29.75;246.5,218.75;313.5,4.5;14.5,171.75;93.75,67.25;211.75,173.75;352.75,184.75
40305;42.25,98;143.75,29.75;246.5,218.75;313.5,24.25;33.75,217.5;104,34;174.5,163;315.5,208.25
6847;42.25,98;143.75,29.75;246.5,218.75;331.5,32;59,249;121.25,35.25;185,146;314.75,206
48864;42.25,98;178,46.75;246.5,218.75;300,55.25;83.75,221.75;121.25,35.25;185.25,95;337.5,174.5
42258;42.25,98;199.75,61;217,259;279.25,72.75;58.25,266.75;144.75,43.75;188,111;337.5,174.5
29726;29.75,66.75;199.75,61;254.75,232;293.75,104.75;29.5,278.25;171.25,28.75;210,92.5;337.5,174.5
50611;38,105.25;199.75,61;225.5,266;249.25,116.75;39.25,317.25;171.25,28.75;210,92.5;351.5,144.75
17214;87.25,108;220.5,66.25;238.75,259;276.75,143;11.75,308.5;171.25,28.75;186,137.75;351.5,144.75
43689;90,84.75;220.5,66.25;265,244.75;281.25,168;11.75,308.5;120.25,21;238.5,133.75;360,147.5
44881;90,84.75;210.25,8.75;242,291.25;249,177;45.75,279;100,46.75;237.5,134;360,147.5
6409;90,84.75;221.75,39.25;242,291.25;254,118.25;48.25,252.25;89,34;228.75,190.25;359.75,155
40894;114.75,120.25;222.25,39.75;242,291.25;256.25,154.75;38,286.25;39.25,41.75;228.75,190.25;337,123.25
48356;114.75,120.25;222.25,39.75;260.5,255.5;306.5,157.25;38,286.25;73.5,26.25;188.25,223.75;356.25,149.5
33914;114.75,120.25;222.25,39.75;260.5,255.5;306.5,157.25;8.75,286.75;76,3.25;230.75,218.75;354,183.75
49863;145.75,118.25;177.5,49.25;299.5,230;307,157.25;8.75,286.75;56,28;268.75,231.5;354,183.75
32269;163.25,112;182,49.5;298.25,262.5;329.75,195;8.75,286.75;56,28;249.25,243.5;354,183.75
4327;120.25,79.5;182,49.5;317.25,303.75;329.75,195;55.75,270.75;74.75,10.25;225.5,214.5;356.75,148.5
26914;90.25,90.5;182,49.5;326.75,322.75;330.5,150.5;70.25,296.5;74.75,10.25;225.25,214;319.5,191.25
49847;90.25,90.5;182,49.5;308.25,319.75;357.5,120.75;70.25,296.5;88.75,21.5;250,190.75;320,192.25
18436;90.25,90.5;202.25,91.75;347.25,306;357.5,120.75;35.5,265.25;89.25,21.75;253.75,185.5;321.5,159.25
45410;65.5,84.5;202.25,91.75;356,260.75;357.5,120.75;35.5,266;47.25,39;286.5,151.5;293.75,138
8923;65.5,84.5;207.75,69.5;356,260.75;357.5,120.75;42.75,251.25;71.5,46.25;296,130.75;318.5,136
42951;64.5,74.25;265.5,94;308.25,285.5;357.5,120.75;25.5,292;99.75,59;296,130.75;316.25,114.5
47877;65.75,88;276,106.75;308.25,285.5;349.75,97.75;25.5,292;118,74.25;296,130.75;358.25,150.25
30494;65.75,88;276,106.75;313.75,301.5;349.75,97.75;45.25,318;126.75,74.5;299,169.5;342.75,171.5
22052;66.25,124.25;286.25,105.25;313.75,301.5;333.25,75.25;45.25,318;157.5,55.75;298,169;362.25,215.25
45440;101,90.25;274.75,130.75;289.25,304;333.25,75.25;22.25,310.5;154.75,52.25;298,169;362.25,215.25
5761;104.5,138.5;271.25,130.5;289.25,304;333.25,105.5;8,294;156.25,17.75;283.25,138.5;362.25,215.25
30487;83.75,166;278.75,130.25;289.5,302.75;303,115.75;3.5,306.25;156.25,17.75;300.25,134;362.25,215.25
10040;74,177;255,92.25;255.75,246.75;331.75,155;3.5,306.25;195,1.25;299.75,134;362.25,215.25
41258;74,177;255,92.25;255.75,246.75;365.5,166.75;20.75,310.5;248,15;284.5,151;351.5,175
39334;49,124.5;245,46.5;255.75,246.75;356.75,163.75;20.75,310.5;253.75,10.25;300,126.5;341.75,169
11754;36.25,131.75;179.5,50.25;317.25,257;364.5,187;20.75,310.5;253.75,10.25;319.75,64.25;328.25,195
13472;57.5,171.75;184.25,20.25;273,263.25;358.5,230.25;20.75,310.5;253.75,10.25;319.75,64.25;355.5,165.75
10938;57.5,172.5;223.5,21.25;241.75,257.25;364,236;48.5,295.5;254.5,19.75;319.75,64.25;355.5,165.75
39178;115.75,169.75;236.5,73.25;241.75,257.25;334.25,197;56,253.75;244.25,15.5;299.5,115.5;355.5,165.75
27951;115.75,169.75;238.75,82;241.75,257.25;334.25,197;55.25,247.25;242.25,41.75;301.5,150;328.5,133.5
36574;115.75,169.75;238.75,82;275,230.75;334.25,197;56.5,251;251.5,36.25;313.75,136.25;316.25,145.5
37173;85.5,191.5;238.75,82;263,256.75;357.75,230.75;71.25,286.75;223.75,70.25;313.25,136.75;316.25,145.5
32230;85.5,191.5;238.75,82;263.25,257;352.5,275;39.5,309.75;236.25,42.25;318.25,146.5;350,153.5
14826;139.5,225;238.75,82;259.75,304.25;352.5,275;25.25,279.5;225.75,47.75;317.75,147;325.5,205.25
13486;160,179.75;238.75,82;276.5,250.25;349.75,273;22.5,286.25;212.25,45;325.5,205.25;352,153.5
27372;170,187.5;236.75,83;266,237.75;349.75,273;22.5,286.25;205.75,48.5;314.5,164;319.25,132
2851;186,210.5;267.75,101.25;276,255.75;343.25,228.5;22.5,286.25;164.25,52.5;314.5,164;344,119
19996;186,210.5;255,116.25;276,255.75;343.25,228.5;32.5,286.75;162.75,69.75;294,198;358.25,82.75
4777;137,228.25;288.75,141.75;305.75,256;310,239.75;44,308.75;165.25,66.75;294,198;358.25,82.75
39320;137,191.25;256.75,134.75;299,254.75;350.25,228.75;44,308.75;154.5,65;294,198;358.25,82.75
10716;135.25,189.75;243.25,130.75;302.25,242;364.5,197.5;44,308.75;131.75,22.75;301.5,195.25;358.25,82.75
1733;136,189.75;247.25,126.5;341.25,216.75;350.75,199.5;44,308.75;131.75,22.75;328.25,210.25;363.75,81.25
18261;133,246.25;247.25,126.5;314.75,262.75;349.25,240.75;19,266;97.75,40;328.25,210.25;366,72.5
35270;145.75,240.25;247.25,126.5;284.75,229.75;339.25,270.75;19.75,266;86.5,72.75;328.25,210.25;337.5,81.5
47320;166.75,241.75;247.25,126.5;264.5,244;318.5,256.75;23.5,232.25;86.5,72.75;306.75,242.25;337.5,81.5
17125;166.75,241.75;247.75,126.5;283.25,222;318.5,256.75;21.25,192;122.75,105;303.75,195.25;358,39
1693;140.25,224.25;199.25,93.25;299,167;318.5,256.75;21.25,192;149.75,146.25;326.25,162.5;347.25,79.5
31445;140.25,224.25;175,124.75;299,167;318.5,256.75;11,172.75;155.25,155.5;352,161.5;354.75,56
46750;180.25,240.25;203,166.25;299,167;318.5,256.75;22.25,141.25;100.75,136.75;332.75,118;354.75,56
12431;180.25,240.25;230.25,156.5;322.5,190;348.75,240.25;22.25,141.25;106.25,122.5;325,95.5;349,26
42480;157.5,209.25;249.75,190;288.75,209.5;353.75,274.25;22.25,141.25;82.75,131;325,95.5;349,26
45538;147.25,177.5;249.75,180.75;316.75,195;353.75,274.25;22.25,141.25;106.25,117.5;287.25,97;349,25.25
6531;128.5,144.5;245,161.5;282.75,169;357.75,229.25;31.75,104.25;106.25,117.5;286.25,96.75;349,25.25
9172;77.75,141.5;216.25,197;278.25,198;331.75,266.75;31.75,104.25;116,72.25;286.25,96.75;349,25.25
25562;72.5,184;193,239;227.75,207.25;349.5,224;31.75,104.25;116,72.25;273.5,104;349,25.25
45816;95.75,161.25;137.5,228;245.75,178.75;365.5,266.5;31.75,104.25;147,90.5;273.5,104;349,25.25
25015;95.75,161.25;123.25,250.25;249,217;351.75,253.25;31.75,104.25;145,49.5;283.25,89.25;349,25.25
40784;78,140.25;113.75,212.5;249,217;329.5,237.5;27.5,101.75;145,49.5;254.5,69.75;333.75,61
2613;61.5,178;74.5,188;224,253;329.5,237.5;27.5,101.75;155,89.5;254.5,69.75;362.25,80.5
37262;37,209;108.25,161.75;224,253;325,226.25;27.5,101.75;142.5,97.75;253.5,51.75;348,52.25
9442;26.5,177.75;142,190.75;224,253;323.5,197.25;62.25,68.5;143.25,98;253.5,51.75;322.5,72.75
48988;40.75,211.25;183,204.75;237.5,276.75;323,196;75.75,51.25;114.25,111.75;253.5,51.75;322.5,72.75
42935;42.25,211.75;194.25,246.5;234.25,313.25;292.5,206;75.25,51;114.25,111.75;245.75,33;322.5,72.75
22560;42.25,211.75;208.75,259.25;218.5,278.5;292.5,206;75.25,51;114.25,111.75;240.25,55.25;312.25,81.5
44702;42.25,211.75;213.25,225.75;257,272;272.25,165;64.75,96.25;114.25,111.75;240.25,55.25;312.25,81.5
23455;92.75,213.5;173.25,208.5;267.5,229;272.25,165;100.25,67;114.25,111.75;244,5.25;311.25,97.5
27178;44,204.75;152.75,224.25;267.5,229;279.75,142.25;91.5,51.25;155.25,124.25;244,5.25;327.25,57.75
13934;62.75,171.25;163.25,225.75;229.5,211.25;242.75,118.5;91.5,51.25;156.5,124;244,5.25;304.5,85.25
8426;62.75,171.25;173,265.75;272.25,232.5;275.25,106;75.25,9.75;156.5,124;244,5.25;310.75,139.75
37227;30.75,182;183.25,275.5;272.25,232.5;318.75,110.5;66.75,8.25;156.75,123.25;244,5.25;331.75,162.5
46570;30.75,182;171.5,322;248.75,181.5;285.25,104.25;72.75,9.5;131.25,92;242.5,5.25;331.75,162.5
48399;30.75,182;171.5,322;202.5,188;268,104.5;72.75,9.5;161.75,90.5;268.75,23;358.25,174.5
16185;22.75,227;171.5,322;213.25,226.5;236,67.25;72.75,9.5;185.25,97.75;269,22;329.5,206.25
2904;1.25,174.25;171.5,322;195.5,254.75;222,60.75;72.75,9.5;230,115.5;269.75,20.75;359.75,206.25
547;43,162.75;146.5,302.75;178.25,211.25;185.25,90.5;72.75,9.5;240.75,84.75;269.75,20.75;358.25,253
46972;78.75,146.75;145.75,301.5;178.25,211.25;194,101.25;72.75,9.5;245.75,132.75;316.75,31.75;354,248.25
27962;78.75,146.75;145.75,301.5;166,154.5;194,101.25;56.25,11.75;233.25,186;313.75,64;352,197.75
44699;57.25,170.75;145.75,301.5;152,124.5;171.75,115.75;56.25,11.75;233.25,186;300.75,38;303.5,204.5
32074;57.5,172.5;145.75,301.5;160.75,140;173.75,134.75;19.25,19.25;220.5,181.25;300.75,38;314,244.5
27722;51.75,240.75;145.75,301.5;160.75,140;163.5,126;5.75,5.25;215.75,188;251.75,5.25;321.25,309.25
50232;83.5,256.75;144.5,304.5;163.5,126;171,135.5;5.5,8;211.25,173.75;215.25,19;321.25,309.25
39042;84.5,222;115.25,309.5;194,174.5;195.5,141;5.5,8;180.25,160.75;215.25,19;282.25,305.25
42304;49,228.25;115.25,309.5;163,193.5;186,88;6.75,46;180.25,160.75;215.25,19;293.25,286.25
24029;40,284.25;74.25,298;183.75,232.75;189.25,116.5;48,76.75;180.25,160.75;215.25,19;293.25,286.25
50526;40,284.25;74.25,298;126.75,243;189.25,116.5;65.5,101;208.25,189;215.25,19;338.75,314
10235;8.25,306;74.25,298;102.25,213.25;173.25,136.25;107,69.25;151.5,201.5;237.25,8;338.75,314
49003;8.25,306;44.5,279.75;102.25,213.25;172.75,117.5;62.5,94.25;116,194.25;237.75,7.75;315,310.5
8615;9,303;68.25,248.75;102.25,213.25;131.25,90.75;62.5,94.25;129.75,223.25;180.75,25.75;335,311.5
46335;1.5,278.5;49.5,219;102.25,213.25;131.25,90.75;45.25,139.5;135,222.25;172.75,36.5;326.5,313.5
294;0.75,279.25;58.25,171.25;102.25,213.25;153.5,109.75;12.25,135.75;135,222.25;170.25,49.5;289.75,311
26018;0.75,279.25;72.75,136.75;86,177.25;143,125.5;12.25,135.75;127.75,216.75;192.25,69.25;244,291.75
25071;15.25,258.25;34.5,144.75;92.75,128.75;143,125.5;16.75,132.5;127.75,216.75;231.25,33.75;244,288.75
31196;19.25,242;69.25,172.25;72,83;109,114.5;16.75,132.5;94.75,183.5;231.25,33.75;244,288.75
14866;34.75,239.75;69.25,172.25;76.25,127.25;104,82;13.25,170.75;94.75,183.5;241.75,17;244.75,288
49858;51,241;55,177.75;76.25,127.25;140,112.5;13.25,170.75;94.75,183.5;182,8.5;182.25,288.5
9740;35.25,238.75;55,177.75;112.75,109.5;195.25,114;22.25,141.25;57,207;182,8.5;234.5,274
20672;50.25,238.75;52.75,138;105.25,125.75;220.75,158.75;51,142;65.25,214.5;182,8.5;234.5,274
14703;24.25,265.5;38.25,121.75;67.75,154.25;212.75,136.75;50.25,141;73.75,222;182,8.5;234.5,274
638;24.25,266;31.75,124.75;67.75,154.25;212.75,136.75;95,144;101.75,202;170.5,49;268.75,248.25
44898;24.25,266;45.5,161.75;77.75,142.5;235,126;95,144;101.75,202;141.75,30.25;291,287
19109;24.25,266;41,107.25;85.75,108;269.5,168.25;66.5,100;98.5,197.5;141.75,30.25;323.25,242.5
18386;29.25,308.75;42,107.25;89,148.5;269.5,168.25;40.25,108;69.5,170.25;141.75,30.25;320.5,219.5
43294;29.25,308.75;42,107.25;115.25,107.5;248,219.75;30,77.25;69.5,170.25;92.75,6.75;342,221.75
19409;67.5,312.25;71,147;115.25,107.5;239.5,214.25;31,123.75;69.5,170.25;92.5,5.5;349,195
50166;67.5,312.25;96.5,103.25;105.5,78.5;239.5,214.25;31,123.75;58.75,149;88.25,12.5;338.25,191.25
49464;99.25,315;110.5,108;120.25,80;239.5,214.25;31,123.75;91.25,110;130.75,34.25;338.25,191.25
41705;74.25,281.5;110.5,108;168.25,86;261,178.25;18.25,107.75;52.25,126;130.75,34.25;338,191.5
2226;125.25,285.5;129.25,124.75;201.75,93.75;261,178.25;38,60.25;52.25,126;128.5,38.75;355,145.25
29029;102.5,247;137.25,125;215,62.75;296.5,209.5;38,60.25;52.25,126;162,59.5;324.75,181.25
46353;102.5,247;112.25,105;169.5,59.25;250,206.75;24.75,71.75;52.25,126;208.75,68.25;324.25,179
32743;126.5,269.5;147.75,116.5;167.25,98.75;250,206.75;21,47.5;52.25,126;183.5,69;321.25,139.25
33371;114.5,291;131,102.5;167.25,98.75;223.75,237.5;20,47.75;52.25,126;202.25,76;356.25,157
33425;114.5,291;115.75,144;167.25,98.75;201.75,236;8.75,47.75;56,153.25;189,111;346,119.5
7618;118.75,292.5;145.5,147.5;201,69.25;208.75,200;8.75,47.75;67.75,175;146.5,87.5;346,119.5
16934;111.25,295.25;145.5,147.5;180,47.5;197.5,168.75;5.25,58.25;71,174.25;146.5,87.5;315.75,114
27791;111.25,295.25;145.5,147.5;160.75,38.75;204.5,168.25;5.25,58.25;120.75,175;143.75,116.25;316.75,148.75
49930;148,260.75;151.5,125;160.75,38.75;204.5,168.25;5.25,58.25;136.5,179.25;144.25,117.75;356.75,165.5
44195;85.25,243.5;88.75,147.75;160.75,38.75;261.5,177.5;18.5,11.5;154,162.5;156.5,181.75;356.75,165.5
3579;48.75,241.25;88.75,147.75;197.25,11.25;277,232.5;17.75,11.5;176.75,172.5;194.75,180.75;356.75,165.5
27876;37.75,223;88.75,147.75;156.75,29.75;280.25,255.25;17.75,11.5;176.75,172.5;234.75,188.75;312.25,163
41289;78.75,227.75;88.75,147.75;156.75,29.75;252,248.5;17.75,11.5;171.75,164.25;225.5,227.25;317.5,139.25
47453;78.75,227.75;85,148;116.25,7.5;202.75,259.5;32.5,29;171.25,161.75;225.5,227.25;310.25,84
45953;78.75,227.75;85,148;116.25,7.5;214,309.5;63.75,47.75;155,149.75;247.75,214.5;298,115.5
49097;33.5,240.5;72,174.75;116.25,7.5;214,309.5;90.25,25.75;195.25,172.75;248.5,199.75;252.25,132.25
43994;25.25,204.25;50.75,153.75;69.75,26.75;214,309.5;144,51.25;165,163;213,210.25;252.25,132.25
50121;24.75,204.25;50.75,153.75;109.5,70.25;208,269.5;141.75,46.75;165,163;200,220.5;256.5,168.25
18200;25.75,233.25;50.75,153.75;110,69.75;162.75,254.75;141.75,46.75;150.75,169.5;177,175.25;302.75,194.5
21285;8.5,265;49.25,154;82.5,79;132.75,242.5;141.75,46.75;171.75,160.75;172.25,197.5;302.75,194.5
17514;51,241.5;53,170.25;73.25,84.5;132,244.5;141.75,46.75;165.5,103;181.5,215;302.75,194.5
47593;29.25,213.25;53,170.25;76,86.5;132,244.5;102.75,33.25;143.25,91.25;181.5,215;257.5,169.25
45803;29.25,213.25;31.75,117.75;64.25,57.25;146.25,266.5;70.5,20;143.25,91.25;178.75,165.75;217.75,202.5
42460;1.5,203.25;48.25,75.25;110.75,82.25;146.25,266.5;51.75,7.5;143.25,91.25;177.75,172.25;203.25,181.25
25292;1.5,203.25;7,104.75;110.75,82.25;146.25,266.5;58.25,40.5;116.5,71.75;150.75,122;196.5,221
13139;1.5,203.25;9,104.75;108,106.5;153.75,242.25;18.75,17.25;120,41;150.75,122;224.25,246.25
11214;2.75,203.25;11.5,106.75;108,106.5;153.25,226.25;18.75,17.25;100.75,82.75;113.25,119.5;244,292.25
27132;20.5,241.5;66.25,103;80.25,65.75;115,183.25;72.25,25.25;89.75,136.75;100.75,82.75;244,292.25
44648;39.25,271.75;66.25,103;80.25,65.75;115,183.25;41.75,56;73,170.25;160.5,53.5;254.5,287.25
35217;38.25,272.5;66.25,103;80.25,65.75;115,183.25;63,77.5;121.75,189.25;122.75,12.75;220,280.25
23258;2.25,280.25;53.25,58;84.5,91;150,208;31,118.25;75.5,180.25;122.75,12.75;220,280.25
10581;2.25,280.25;65,82.5;74.25,86.5;163,173.25;31,118.25;66.25,160;91.75,21;214.25,299.25
25829;51.75,309;70.75,23.5;133,101.25;170,231.25;9.75,172.75;77.75,120.5;91.75,21;214.25,299.25
543;52,308.5;76.5,26.25;133,101.25;220.5,238.75;28,173.25;37,118.75;57,13;214.25,299.25
38364;52,308.5;53.5,12;144.75,124.75;220.5,238.75;19,232;46.75,139;57,13;256.5,290.5
5636;17.25,307;31.25,37.5;144.75,124.75;274,260.75;33.25,251.5;46.75,138;63.25,13.25;256.5,290.5
45964;15.75,262.25;31.25,37.5;144.75,124.75;274,260.75;46.75,311.25;75,134.5;79,24.25;255.25,229.5
10729;37.25,214.5;48.75,16.75;144.75,124.75;292.25,210.5;46.75,311.25;79.25,173.75;80.25,26.5;254,287.75
4671;42.5,159.5;52.75,35.75;144.75,88.75;292.25,210.5;40.5,293;85.5,168;129.5,23.5;254,287.75
4512;80.5,166.25;100,26.5;144.75,88.75;304.75,253.75;70,283;85.5,168;108.5,53.75;253.75,288
47250;97.25,126.25;116.75,34;136,126.25;332.75,216.25;71.75,286.75;77.25,126;108.5,53.75;253.75,288
33511;71.25,130.25;116.75,34;141.5,112.25;352.25,178.25;20.25,294.5;63.25,150.5;108.5,53.75;252.25,288.75
24967;67,111;116.75,34;135.25,75.75;339.25,181.75;5.75,321;63.25,150.5;108.75,48;251.5,288.75
21669;67,111;117.25,34.25;179.5,82.25;334.25,172.5;5.25,321;63.25,150.5;129.75,40.75;284.5,276.25
3145;81,67;85,32.75;193,38;320.25,125.25;5.25,321;63.25,150.5;92.75,52;284.5,276.25
44920;35,58.25;56.25,9;181.25,76.75;279,125.25;5.25,321;41.75,108.25;92.75,52;284.5,276.25
19620;45.5,66.75;68.75,51.75;195.25,114;272.75,132;5.25,321;41.75,108.25;74.75,24.25;283.25,305.25
1206;70,37.75;83,58.25;219.75,131.75;230.25,129;5.25,321;70.5,141;92.25,64;283.25,305.25
24711;71,38;115.75,34.25;200.25,83.75;201,139;5.25,321;104.5,152.75;126.75,105;283.25,305.25
14479;70.5,37.25;163.75,46;205,41.5;242.75,116.5;18.25,310.75;104.5,152.75;126.75,105;308,263.5
35416;63.25,1.5;163.5,45;205,41.5;242.75,116.5;36,307.25;82.75,124.75;168.25,110.25;310.25,311.25
43722;75.5,5.75;178,16.25;205,41.5;242.75,116.5;15.5,292.5;82.75,124.75;166.75,115.25;303,316.25
42403;47.25,9;178,16.25;205,41.5;242.75,116.5;45,320.5;63.25,115.5;170.75,164;258.25,309.75
3678;47.25,9;178,16.25;204,70.5;205.75,132;15,311.25;88,71.75;168.5,221;256,310.5
42095;47.25,9;179,36.75;204,70.5;207.5,169.5;47.25,290.5;63,50;130.25,216.25;256,310.5
41416;47.25,9;179,36.75;199.25,93.25;207.5,169.5;50.25,247;69.25,9.25;155.25,186.25;221.5,275.5
47803;46,11.25;148.25,3.75;165,143;250.25,131.25;49.75,249.25;69.25,9.25;132.5,215.5;221.5,275.5
40673;51.5,44.25;132.25,45.25;143,125.5;296,120.25;60.5,247.5;69.25,9.25;132.5,215.5;219.25,278.5
8068;82.25,69;132.25,45.25;155,88.25;283.75,86.5;70,254.75;91.25,26.25;129.25,223.75;219.25,278.5
14220;77,23.25;132.25,45.25;154.25,89;332.75,108;70,254.75;85.5,15.75;137.75,265.5;247.75,252
310;67.25,49.25;123.75,16.5;160,118;352,163;70,254.75;85.5,15.75;143.5,300.75;271,269.75
14228;59.75,92.5;78.75,29;177.25,86;350,165.75;68.25,216;125.25,21.25;143.5,300.75;271,269.75
20753;59.75,92.5;94.25,12.5;175.5,46.5;350.5,165.5;49.25,266.75;72,3.25;121.25,324.5;271,269.75
42722;52.75,65.75;94.25,12.5;173.75,45.25;367,148.5;30.25,300.75;72,3.25;119,274.25;271,269.75
33557;8,63.75;94.25,12.5;172.75,45.25;352,172;30.25,300.75;107.25,15.25;141.5,244.5;234.5,274.25
37632;5.75,58.75;132.25,7;172,45;352,172;29.75,307.5;103.5,7;141.5,244.5;246.25,238.5
4371;5.75,58.75;101,27;127.75,38.75;322.5,152.75;11.25,308.25;103.5,7;109,274;214,207.75
43438;5.75,58.75;101,27;118.25,89.25;367,187.25;20,311.25;103.5,7;151,303.25;270.25,210.75
15899;52.25,69.5;99.25,20.75;103.75,60;367,187.25;20,311.25;66.25,13;101.75,300.5;316.75,241.25
38211;5.5,70.25;91.75,44.75;99.25,20.75;367,187.25;20,311.25;22.25,34.75;82.75,316.5;354.75,247.5
50401;5.5,70.25;91.75,44.75;159.5,33.5;367,187.25;3.25,310.75;7.5,20;103.5,283;354.75,246.5
40652;2.5,24.5;58.25,61.75;121.5,22;367,187.25;3.25,310.75;7,2.75;120,307.75;367.75,235
10951;0.75,25;65,74.25;122.5,22;367,187.25;3.25,310.75;15.25,71.25;61.75,309.5;318.25,241
1458;3.5,64.25;65,74.25;122.5,22;324.75,160.75;26.5,310.75;33.5,105.5;61.75,309.5;330.25,200
2720;15.25,62.75;62.25,58.5;64.5,4.25;315.5,152.75;26.5,310.75;81.75,126.25;121,286.5;330.25,200
5166;3,107.5;28.5,84.25;60.25,61.25;315.5,152.75;26.5,310.75;102.75,127.25;151,300;351.5,204.5
13077;1.5,102.75;29.25,86.25;85,59.75;315.5,152.75;21.5,306.25;56,152.5;128.5,324.25;351.5,204.5
35528;1.5,102.75;12.25,48;84.5,33;345,197.75;21.5,306.25;72.5,208.75;128.5,324.25;334.5,172.5
2142;1.5,102.75;12.25,48;131.75,32.5;292.25,207.5;16,284.25;61,209;163.25,303;334.5,172.5
37418;1.5,102.75;13.75,48.25;144.75,11.25;292.25,207.5;38,307.75;61,209;164.25,283;356,170.25
25685;1.5,102.75;13.75,48.25;188.5,7;276.25,201.25;34.5,319.5;59,170.75;164.25,283;356,170.25
20991;4.25,154.25;13.75,48.25;176.25,1;243,217.5;34.5,319.5;102.75,140.25;158.5,296.25;310.75,148.25
26186;41.75,112.5;59.75,58;176.25,1;273.5,246;12.25,269;102.75,140.25;159.5,295;315.5,115.25
24392;23.5,126.5;66.75,74.75;126.5,5;312.25,240;12.25,269;89.5,190.5;159.5,295;314.75,115
5510;23.5,126.5;88.75,73;94.75,12;312.25,239.5;19,271;81.25,191;159.5,295;329.75,117.25
17021;23.5,126.5;96,58.25;119.75,7.5;312.25,239.5;54.5,251.75;81.25,191;117.5,294;355.5,147
28328;23.5,126.5;90.75,62.75;119.75,7.5;311,239.75;57,209;89,168.75;177.75,301.75;295.25,148.75
23388;19,142.75;85,91.75;114.75,22;311,239.75;73,191.75;89,168.75;177.75,301.75;276.25,175.75
18963;4.25,184.5;85,91.75;114.75,22;313.5,210.5;31.75,213;76.5,121.75;221,274.5;303,195.5
24504;4.25,184.5;85,107.25;114.75,22;316,217;41.25,163;83.5,101.75;233.5,229.25;261.75,175.5
11357;56.75,182.5;84.25,86;128.5,3.25;278.75,215.5;51,198.75;98.75,66.5;233.5,229.25;261.75,175.5
25237;63.5,218;108.75,54.25;124.5,11.25;278.75,215.5;51,198.75;77.5,24;234.75,228.5;280.25,218.5
22606;72.25,249.25;121,8;172,18.5;251.25,187;51,198.75;67,53.75;235,230;280.25,218.5
17832;101.75,214.5;121,8;176,18;289.5,215;39.75,188.75;74.75,10.25;263,252.5;280.25,218.5
25878;101.75,214.5;105.25,45.5;176,18;258.5,271.75;30,207.25;76.75,14.5;319,249;328,199.5
48536;70.5,221.5;117.5,5.75;123.5,29.75;258.5,271.75;74.5,182.25;84,16;319,249;341.75,173.5
10169;104,203.5;107.75,36.25;178.5,18.75;222.25,228.25;74.5,182.25;83.25,24.25;319,249;341.75,173.5
11729;55.5,171.75;141.5,63.75;222,34.75;248,192.25;74.5,182.25;100.75,49.25;319,249;334.75,124.75
43826;82.75,136.25;106.25,61.25;188.5,36.75;236.75,202.75;89.25,189.5;104,56.25;319,249;334.75,124.75
35346;27.25,117.75;106.25,61.25;184.5,21.75;266.5,163.5;64.25,177.5;109.75,78.75;319,249;334.75,124
49242;10,141.25;105.75,61.75;184.5,21.75;266.5,163.5;21.5,155;90.25,73.25;300.5,284.5;335,147
28851;34.25,115.75;76.75,97.75;175,45.5;291,125.75;21.5,155;82.25,31;265.25,262;335,147
35812;61.5,125.75;74.25,47;212.25,30.25;299.25,112.75;21.5,155;82.25,31;245,252.75;335,147
30819;33.25,123.75;85,90.25;235.75,43.25;273,74.75;21.5,155;82.25,31;244,293;335,147
7009;6.5,91.25;85,90.25;220.25,91.75;271.5,102.25;21.5,155;82,30.75;213.5,276;332.75,180.25
3924;6.5,91.25;80.75,38;223,61.75;258.75,150;18,119.25;82,30.75;210.5,276;337.75,232.25
38462;10.25,124.5;45.5,47.25;223,61.75;258.75,150;18,120.5;41.5,49;177.75,296.5;336.75,221.75
42853;8,107.5;45.5,47.25;225.75,66;248,159.75;5.5,144.25;26,21.5;177.75,296.5;336.5,219.5
29309;33.25,123.75;45.5,47.25;219.5,77.5;242,215.75;10,155.25;26,21.5;232.5,275.5;336.5,218.5
4654;33.25,123.75;72.5,86.5;194.75,94.25;275.5,193.75;10,155.25;77,24.75;251.25,256;336.5,218.5
49618;73.75,145.5;91.75,140.5;224.5,68.75;275.5,193.75;48.25,112.25;130.75,34.25;293,260.25;336.5,218.5
32727;45.75,125;127.75,147;193.25,59.25;275.5,193.75;48.25,112.25;122.75,16.5;305.25,307.5;336.5,218.5
1064;65.75,144.75;150.75,184.5;193.25,59.25;241.5,188.5;78.5,154;122.75,16.5;305,307;353.5,185.25
29848;99.75,160.75;150.75,184.5;222.75,73;232.25,203.5;89.5,171;122.75,16.5;311.5,311.25;353,199
5811;101.25,163;150.75,184.5;179.75,111;284.75,231;86.75,144;105.25,68;286.5,288.25;353,199
7897;78.25,123.5;118.75,206.25;219.75,129.5;274.75,256.75;86.75,144;104,69.25;262.25,306.25;353,199
21483;43.5,138.25;110.25,162.25;213,162;266.5,255.75;58.25,132;90.5,32.75;262.25,306.25;353,199
46165;16.75,170.75;143.25,193.5;213.25,161.75;266.5,255.75;52.25,92.75;73.25,10.5;262.25,306.25;330.25,158.75
19230;16.75,170.75;143.25,193.5;235.75,126;266.5,255.75;33.5,40.5;72.5,25.25;217.5,291;284.25,173.5
37413;16.75,170.75;123,213.5;205.75,93.25;265.75,261.25;33.5,40;72.5,25.25;254.25,315.25;257.25,144.25
43580;48.5,144.25;160.5,226.75;226.75,78.25;308.25,262.5;33.5,40;82,80.25;254.25,315.25;257.25,144.25
44161;50.5,189.5;169.5,275.25;171,87;308.25,262.5;33.5,40;97.75,48.75;249.75,268.75;257.25,144.25
45268;69.75,145.25;187.75,267.5;195.25,85;274.25,249.5;33.5,40;87.75,19.5;249.75,268.75;257.25,144.25
39517;88,120.5;190,280.5;195.25,85;298.25,290.25;57.25,78.75;89.75,64.75;240.75,236.75;257.25,144.25
8741;91.25,147.75;165.5,301.25;242,69.25;272.25,245.75;55,81.25;89.75,64.75;236.5,233;257.25,144.25
22176;91.25,147.75;166.25,302.25;254.25,93;308.25,285.5;28.75,59.75;51.5,76.75;223.25,192.25;257.25,144.25
42248;53.75,157;167,303;286,103.75;308.25,285.5;50.25,33.5;61.25,93.25;223.25,192.25;297.75,122.5
29573;54.75,155.25;201.5,309;286,103.75;308.25,285.5;5.75,42;46.75,87.5;175.5,214.5;286.5,111.25
27564;54.25,155.25;234.5,284;255,85.75;285.75,321.5;5.75,42;56.5,96;147.25,239.5;286.5,111.25
27480;88.5,178.25;253,294.25;266.5,102.5;294.25,322.5;5.75,42;56,95.25;143,221.5;286.5,111.25
27278;88.5,178.25;260,256.25;309.25,115.25;323,281;6.25,56.5;95.5,109.5;184,232.25;286.5,111.25
4175;72.25,133.75;222.75,278.75;275.25,104.5;299.5,250.75;6.25,56.5;87.5,116;184,232.25;288.75,122
49062;72.25,133.75;218.75,271.25;275.25,104.5;320.75,230;6.25,56.5;87.75,79.25;195.25,275.5;261.75,103.25
45987;64.75,123;183.25,275.25;272.75,143.25;315.75,250;6.25,55.5;87.75,79.25;229,275;261.75,103.25
18659;64.75,123;166.25,309.75;278.75,103;315.75,250;43.25,88.25;89.25,126.25;184.75,301.25;246.25,79.75
20475;63.5,123;172.25,308.75;271,134.25;334.25,276.25;43.25,88.25;77.75,152.5;184.75,301.25;245.25,116.5
7059;19.5,123.25;158.5,275.25;287.25,89.25;363.75,318.75;40,89.25;91,152.25;184.75,301.25;245.25,116.5
6883;31.25,114.75;146.5,317;241.5,73.75;322,321;40,89.25;68.75,163.75;187.75,275.25;245.25,116.5
40725;70,153.5;200,309.5;258,53.25;291.25,322.25;39.5,89.25;68.75,163.75;187.75,275.25;275.75,127
18338;81.25,133.75;200,309.5;279,33.5;289.5,317.25;39.5,89.25;68.75,163.75;199.75,221;235.25,133.25
49597;107.25,166.25;209,260.5;279,33.5;289.5,317.25;26.5,70.5;66,113.25;199.75,221;225,85
21784;131.25,200;172.75,233;249.75,18;285,321.75;26.5,70.5;57.5,127.5;199.75,221;225,85
4241;154.5,234.75;171,226.75;242.75,12;285,321.75;5.5,109.5;56.25,93;198.75,220.5;225,85
19610;117.5,213.5;125.5,204.5;272.25,32.5;304.25,302.75;5.5,109.5;56.25,93;189.25,174.25;232,41.5
5046;95.75,194.75;162.25,220.5;272.25,32.5;304.25,302.75;2.25,105;68.25,56.25;163.5,149.5;184.5,36.75
38116;95.75,194.75;139,237.25;275.5,60.5;304.25,302.75;48.75,132;69.75,55.25;169,113.25;195.75,0.75
25726;52.5,219.75;177.75,221.75;268.25,103;304.25,302.75;12.5,144.25;69.75,55.25;172.5,103;246.25,6.25
40215;44.5,198;177.75,221.75;228.5,129.75;304.25,302.75;11.25,144;58.75,68.5;163.5,92.25;232.5,41
22419;12.25,170.25;217.5,245.75;249.5,133.5;347,290;11.25,144;31.75,77;163.5,92.25;232.5,41
17429;59.5,160.5;215,261;260,133.25;312.25,299;13.25,112.25;31.75,77.5;163.5,92.25;232.5,41
11744;33.5,170;225.75,302;244.75,134.25;306.25,289.5;7,91.5;44.5,112.5;163.5,92.25;232.5,41
32917;28.5,195.25;218,320.5;244.75,134.25;344,278.5;33,89;52.25,160;163.5,92.25;232.75,39.5
43089;28.5,195.25;202,309.5;214.75,92;344,278.5;19.25,68.75;67.5,152.75;163.5,92.25;237.5,59.5
1176;28.5,195.25;197,280.5;208.75,63.75;355,319.75;10.25,23.75;44.25,146;169.5,104.25;237.5,59.5
5464;37.75,197.75;231.75,313.25;238.5,79.25;357,287.75;8.5,2.75;78.75,160.75;169.5,104.25;237.5,59.5
44846;37.75,197.75;249.25,282;257,114.5;357,287.75;8.5,2.75;22.75,151.5;181.25,64;273.25,99.25
20342;34.75,213.5;209,310.75;245,83.25;344.25,271.25;8.5,2.75;22.75,151.5;202.75,65.5;280.75,111.5
13734;73.75,243.25;221.75,313.25;245,83.25;339.5,216.75;8.5,2.75;30,118.25;147.75,55.75;280.5,111
6218;73.75,243.25;197,277.25;207.75,79.25;312.25,201.5;8.5,2.75;36.5,105;154.5,88.75;281.75,103.25
7833;52.5,238.5;197,277.25;244.75,94.75;303.25,237.25;8.5,2.75;19,70;140,121.75;281.75,102.75
21808;4.25,213.5;173.25,242.75;244,94.25;306.75,237;8.5,2.75;19,70;162.75,87.75;318.5,101.5
48510;4.25,213.5;142,267.25;198.25,84;340.75,197;8.5,2.75;48.25,49.25;162.75,87.75;310.5,146.25
15062;4.25,213.5;115,242.25;198.25,84;336.25,197.25;46,8.75;55.25,11.25;146.75,51.75;337,160.75
3619;4.25,213.5;91.25,206.5;182.75,110.75;328.25,172;20,45.5;55.25,12.75;146.75,51.75;327.5,206
20569;41,190;95.25,202.75;182.75,110.75;322.5,193;11.25,39.5;55.25,12.75;157.25,30;327.5,206
8713;39,183.25;62.25,178.25;166,91;316.75,145.75;8,18.75;55.25,12.75;109.25,38;327.5,206
46177;9,153.25;53.5,144.75;189.25,117.25;308.5,168;8,18.75;54.5,12.75;109.25,38;335.25,207.25
18141;35.5,171;42.75,123.5;222.25,154.25;308.5,168;5.5,4.5;55.25,12.75;109.25,38;346,205
35088;26.5,177.75;73,127.5;201.75,166.5;277.75,132;5.5,4.5;55.25,12.75;152,46.5;346,205
25312;53.5,171.75;71.5,147.75;205,228;243,126.5;12,34.5;55.25,12.75;152,46.5;346,205
21146;67,172.25;71.5,147.75;202.5,267.5;234.75,79.5;12,34.5;55.25,12.75;111.75,55.25;311,210.25
45022;36.25,203.75;71.5,147.75;162.5,279.25;236.5,41.5;12,34.5;65.25,10.25;94.25,67.75;311,210.25
19594;23,242;63.75,145.25;130.75,242.5;236.5,41.5;12,34.5;87.5,20.5;145.25,56.5;316.75,242
30129;58,218.25;107.25,161.25;155.5,202.25;224.75,71.75;19.25,68.75;87.5,20.5;145.25,56.5;316.75,242
44524;58,218.25;118.5,143.5;138.25,226.75;224.75,70.25;45.75,104.25;50,3;140.75,74.75;316.75,242
16812;58,218.25;99.25,163.75;106,197.5;219.25,49.5;36.75,93.75;66.75,9.25;140.75,74.75;279.25,222.5
15502;39.5,238.25;134.75,157.75;155,208;257.5,19.5;56,96.5;66.75,9.25;140.75,74.75;256.5,232.75
19262;50.5,231.25;134.75,157.75;145.75,240.25;294.25,53.75;29.75,76.25;66.75,9.25;150,91.5;286.75,260.75
36168;61.5,217.75;130.75,191;148,226.75;305,98.75;31.75,77.5;66.75,9.25;150,91.5;280,236.25
26940;61.5,217.75;160.5,224.25;169.25,234.75;307,95.75;58.25,111.25;66.75,9.25;113,97.25;279.5,258.75
48715;61.5,217.75;146.75,240.75;155,259;307,95.75;46.75,128;62.25,12.75;84.75,126.75;227.25,267
20190;53.75,210.25;146.75,240.75;191.75,261.25;337.75,112.75;46.75,128;61.5,12.75;111.75,119.25;225,283.25
19104;36,241.25;148.5,209.5;191.75,261.25;333.5,103.5;22.25,108;62.25,12.75;111.75,119.25;186.5,304.75
21557;36,241.25;148.5,207.75;191.75,261.25;331,108.5;38.25,132.5;64,50.5;141.5,89.5;157.5,279.25
44265;5,265;147,241;234.75,267;370.5,121.75;62,162.5;64,50.5;141.5,89.5;157.5,279.25
25886;5,265;147,241;274.25,261.75;356.75,159.75;68,175.5;89.25,73.25;123.75,117;158,284.5
15022;12.5,263.25;147,241;252.5,249;350.5,166;36.5,190.75;89.25,73.25;155.25,87.5;158,284.5
30943;8.75,306.5;135.75,226.75;252.5,249;350.5,165.5;68.75,224;89.25,73.25;161.75,50;162.25,280.5
26813;16.25,263.5;101.5,249;242,259.25;336.25,133;51.25,224.25;102.75,125.75;161.75,50;162.25,280.5
38149;10.75,253.75;98.25,247;242,259.25;305.75,110.75;51.25,224.25;113.5,112.75;156,52.75;204.5,276
31165;8.5,284;94,282.75;289.75,240.25;323.5,149.5;51.25,224.25;73.75,86.25;156,52.75;248.5,293
49240;35.5,239.75;54.25,248;290.25,240;357.5,155.25;44,176;56.25,93.5;156,52.75;248.5,293
31779;47.5,197.75;58.25,294;335.75,247;354,155.5;44,176;91.5,79;156,52.75;219,270
30585;43.5,242.25;100.5,284.75;337.25,248;359.25,177;4,173.75;104.25,112.25;156,52.75;219,270
26303;51.5,218;142.25,317.75;338.75,248;359.25,177;4,173.75;118.25,112.75;180.75,48.25;192.25,237.5
7303;51.5,218;141.75,317.25;293,254.75;337.25,225.5;50.75,162;108,113;142.25,56.5;192.25,237.5
42263;51.5,218;175.25,317;293,254.75;337.25,225.5;94.25,189;128.25,104;159.25,50;221.25,215.75
10919;85.5,188.25;175.25,317;274.75,277.25;337.25,225.5;115.75,168.75;142.5,119.5;145.5,40;261.5,195.5
18964;85.5,188.25;171.25,308.75;264.25,308;336.25,225.5;70.5,152.5;125,113.75;145.5,40;256.25,141.75
20173;47.25,176.75;171.25,308.75;286,321.75;313,214.5;65,191.75;129.75,91.5;145.5,40;283.75,174.75
15035;47.25,176.75;153.25,302.75;286,321.75;312.75,213.5;65.75,214.75;159.5,118;169.25,49.5;334.75,150.75
43018;47.25,176.75;153.25,302.75;286,321.75;300.25,209;119.25,229.75;137.5,123.75;159.75,96;337,163
5910;47.25,176.75;153.25,302.75;286,321.75;340.75,216.75;150.25,236.5;170.25,89;196,66;321.75,178.75
39446;47.25,176.75;153.25,302.75;286,321.75;297,196.5;119.5,230;207,93.5;234.25,55.25;358.75,156.5
39408;36,181.5;152.75,302;286,321.75;307.75,207;119.5,230;219.75,107.25;253,12.75;347.25,184.25
13342;39.25,206.5;159.5,266.25;286,321.75;298.25,166.25;117,229.75;249.75,142;289,14.25;347.25,184.25
42066;40,159.5;138.5,226.25;248.25,308.5;275.5,134.75;128.25,248;249.75,142;289,14.25;347.25,184.25
39789;81.25,176;138.5,226.25;248.25,308.5;294,120.75;146.75,277.75;261.75,111.75;277.5,37;357.25,158.75
45329;81.75,127;144.25,241.25;241,316;250.25,130.25;146.75,277.75;261.75,111.75;277.5,37;322.75,160.5
17645;89,178.25;144.25,241.25;188.25,316.5;233.25,118;140.25,268.25;251.75,130;272.25,73.75;322.75,160.5
40428;86,177;157,223.25;162,294;265.75,135;140.25,268.25;226,98;272.25,73.75;307.75,170.5
37068;98.75,196.75;153.5,205;162,294;265.75,135.5;143,298.75;216,125;272.25,73.75;273.75,144.25
32915;58.5,230.25;140.5,240.25;168.5,275.75;278,103.75;197,304.5;237,124.75;272.25,73.75;273.75,144.25
31564;60.5,231;136,258.75;211.75,294.25;267,131.75;197,304.5;235.75,155;272.25,73.75;273.75,144.25
26744;87.5,238;136,240.75;248.5,281;289.25,114.75;197,304.5;248.25,173.5;272.25,73.75;273.75,144.25
15095;105.25,236.5;136,240.75;217,260.5;285.5,104.75;203,255.75;218.25,215.25;272.25,73.75;273.5,144.25
20685;136.25,226.5;182.25,231.25;222.25,253;328,143.25;186.75,247;241.75,251.5;272.25,73.75;273.5,144.25
41340;136.25,226.5;170.5,195.25;227,235.75;368,147.75;186.75,247;241.75,251.5;270.25,74.75;270.5,170
14318;136.25,226.5;170.5,195.25;258.25,210.75;323.5,154.75;155.25,203.75;186.25,251.5;239.25,72;269.5,168.5
33196;125.75,246;207,178.25;247.5,193.5;363.25,150.75;155.25,203.75;186.25,251.5;239.25,72;269.5,168.5
42488;144.25,238.75;222,190.25;246,189.25;339.75,133.75;155.25,203.75;158.25,241;239.25,72;269.5,168.5
15096;169.25,266;233.75,230;246,188.75;306,95.75;158.25,241;158.5,189;249,75.5;269.5,168.5
8986;153.75,232.25;233.75,230;274.75,159.25;306,95.75;115,229;176,165.75;259.75,52.75;269.5,168.5
25100;145,226;205,254.25;274.75,159.25;294.25,101.25;133.75,228;176,165.75;287.5,84.25;293.25,138.5
21662;141.25,182.75;154.5,259;227.25,134.5;294.25,101.25;99.25,220.75;177,152.5;287.5,84.25;290.75,137.5
7580;160.25,145;176,231.5;228,184;267.75,105;131.25,266.25;177,152.5;286.5,84.25;290.75,137.5
44309;141.5,127.25;217.25,216.75;217.75,204;299.25,83.25;131.25,266.25;177,152.5;286.5,84.25;290.75,137.5
30188;141.5,127.25;178.25,211.25;267.5,180.25;337.75,101;80,269;177,152.5;281,30.25;289.5,138
39670;187.5,119;205.25,232.5;275.5,192.25;370,72.75;80,269;165,113.75;281,30.25;289.5,138
20712;208.5,167.75;218.25,278.5;273.25,165.5;342,49.25;133,264.5;165,113.75;281,30.25;289.5,138
9181;192.75,113;219.5,279.25;277.75,130.5;361.25,49.75;133,264.5;165,113.75;273.25,9.75;308.25,194.25
21150;192.75,113;219.5,279.25;269.75,149.75;361.25,49.75;97.75,282.25;123.25,78.25;299,17.5;305,238
19952;192.75,113;223.25,301.5;269.75,149.75;361.25,49.75;65,248;125.5,123.25;272.25,9.25;290.25,278.75
46942;208.5,64.25;223.25,301.5;270.75,104;347.75,101.25;71.75,286.75;102.25,143.75;272.25,9.25;290.5,280.75
21142;208.5,64.25;221.75,302.25;228.5,129.5;347.75,101.25;79.75,285;111.75,126.25;283.5,41.75;311.25,311.25
2156;208.5,64.25;221.75,302.25;257,154;367.25,145.75;90.5,281.5;156,145.5;282.5,41.75;294.75,296.75
34248;245,34;268.25,321.75;278.25,168.5;365,144.5;90.5,281.5;186.5,177.5;237.25,25.25;294.75,296.75
16907;255,56.25;268.25,321.75;272.75,166;359.5,126.5;126.75,266.25;186.5,177.5;264.5,48.5;334.75,309
15825;195.25,84.5;264.25,316;291,161;359.5,126.5;150.5,302.5;186.5,177.5;264.75,48;266.25,320.25
40163;176.75,131.5;286.5,321.75;291,161;358,137;122.25,274.5;184.25,163.5;264.75,48;320.5,313
31029;177.75,137.75;243.25,305.25;275.5,190.5;317.75,159.75;144.75,269.5;184.25,163.5;285.25,28.5;320.5,313
29283;204.75,169.75;244.5,305;299,185.25;317.75,159.75;144.75,269.5;163,164.25;301.5,61.75;338.75,282
29338;154.25,195.25;213.5,319;317.75,159.75;334,209.25;99,281.75;197.25,176.25;301.5,61.75;339.25,281.75
14515;165.75,210.25;213.5,319;293.25,112.75;312.5,226.25;61.75,283;246.5,168.25;301.5,61.75;339.25,281.75
49571;135.25,238.25;191.25,276.75;288,104.25;333.5,266.5;61.75,283;246.5,168.25;301.5,61.75;353.25,288.25
17939;168.5,234.25;174.5,269.5;322.75,89;327.75,266.75;32.75,252.75;246.5,168.25;301.5,61.75;355,285.5
21928;160.75,217.25;174.5,269.5;316,51.5;328.5,266.25;32.75,252.75;273.25,173.5;329.25,53.75;356.5,267.25
33633;139.25,225.75;164.75,226.75;284.75,73.5;337.5,254.25;32.75,252.75;232.75,186;329.25,53.75;356.5,267.25
45664;139.25,225.75;169,222.75;284.75,73.5;337.5,254.25;32.25,215;226.25,187.75;336.25,31.5;352.75,263.75
9480;164.25,184.5;171,260.25;284.75,73.5;365.75,210.25;27.5,201.75;223,229.25;336.25,31.5;354.5,259.5
32377;140,230;216.25,235;237,41.5;325,208.75;5.75,146;223,229.25;336.25,31.5;355.5,260.5
3796;129.5,246.75;222,186.5;267.75,65.5;318.5,252.5;5.75,146;198.5,228.75;336.25,31.5;354.5,259.5
9702;167.5,272.5;201,140;267.75,65.5;342.5,298.75;5.75,146;199.5,229;301.5,38;317.25,241.25
36266;132.25,291;146.5,126.25;280.5,56.5;350,317.5;5.75,146;149.5,242.75;301.5,38;317.25,241.25
48257;91.5,322.25;146.5,126.25;302,102.25;350,317.5;4.25,144;120.5,199;301.5,38;320,242.25
6602;56.25,295;114,168.75;259.25,110.25;308.25,321.25;4.25,144;82,168;266.25,33.5;320,242.25
14065;57.5,295.75;89,221.75;259.25,110.25;308.25,321.25;14.25,101;82.5,169.5;238.75,80.75;320.75,262.25
37501;24.75,298.5;125.5,252;255.75,116.5;263.75,311;14.25,101;82.5,169.5;213,86.5;320.5,261.75
48827;24.75,298.5;113.25,251.25;239.5,151.75;262.5,311;14.25,101;68.75,216.25;213,86.5;327.25,312.25
36082;13.5,262.5;156.25,246.5;206.75,175.25;246.75,275.5;14.25,101;105.25,236.75;213,86.5;327.25,312.25
43910;13.5,262.5;160,222.75;196,176.25;247.5,257.25;16.75,99.25;113.25,196.25;222,48.5;327.25,312.25
24339;25.25,312.75;145,227.75;196,176.25;255,217.75;27.25,71.75;79.25,231.5;222,48.5;330,287.75
5002;71,317.25;145,227.75;207.5,177.5;248,218.75;27.25,71.75;87.25,265.75;215,64.75;348.75,290.5
49804;32.25,312;163.25,200.25;170.5,178.75;223,185;27.25,71.75;88.25,299;215,65.25;348.75,290.5
21130;32.25,312;171,178.75;176.5,203.25;213,238.75;3.5,53;88.25,299;215,65.25;310.5,251.25
27734;32.25,312;128.75,188;158,212.75;250.25,267;3.5,53;89,298;263.5,51.75;329.5,218.5
40931;32.25,311.5;134.25,156.25;158,212.75;251.75,313.5;3.5,53;107.75,264;263,67.5;341,213.75
39858;14.75,306;144.5,125;152,226.75;282.75,320.5;3.5,53;107.75,264;318.75,63;341,213.75
32313;14.75,306;144.5,125;152,226.75;305.5,290.25;8,71.5;165,287.25;302.75,115.25;316.5,221.75
8936;43.5,284.25;144.5,125;165.5,225;273.5,299;57.75,64.5;193.5,277;294.5,107.25;316.5,221.75
32766;48.5,284;105,139.25;149,225.25;273.5,299;90.25,33.5;193.5,277;313.75,63.5;358.25,226.75
27546;35.5,238.25;83.5,160.5;121.5,239.5;318.75,300;90.25,33.5;193.5,277;311.75,85.75;358.5,227.25
29873;35.5,238.25;101.5,193.75;123.25,285.5;339.5,298.75;90.25,33.5;224.5,316.75;279.5,126.25;356.75,227.5
34277;43.75,239.5;60.5,219.5;123.25,285.5;339.5,298.75;114.25,12.25;227.5,313.25;260.75,82;319.25,187.75
39738;14.5,228.25;51,276.25;123.25,285.5;339.5,298.75;163.25,38.5;176.5,301.25;306.5,84.75;319.25,191.5
39818;35.5,275.25;67.5,256.25;130.5,287.5;339.5,298.75;157.5,43;176.5,301.25;356,78.25;357,165.25
17724;25.75,286.25;80.5,272.5;119.5,292.5;365.5,264.5;153.75,52.25;176.5,301.25;325.75,52;357,165.25
3111;6,287;41.25,318;149,271.5;334.75,266;155,63.75;176.5,301.25;325.75,52;357,165.25
28667;32.25,237.75;37,271;193.25,319.25;334.25,266.5;155,63.75;176.5,301.25;282,13.75;335.75,134
43424;32.25,237.75;37.25,270.5;238.75,297.5;291.75,263.5;155,63.75;187.75,272.25;268.5,63.25;349,79.75
25981;50.5,218.5;52,252.75;208,259;291.75,263.5;174.75,104.75;187.75,272.25;218.5,64.5;313.25,64
832;82,255;102.5,238.75;169.25,292;291.75,263.5;154,80.25;160.25,288.25;189.25,103.5;313.25,64
37529;31.75,237.75;107.25,294.75;146,240.5;294,319.25;145.5,55.75;160.25,288.25;187.25,98;313.25,64
2493;31.75,237.75;75.5,317.75;146,240.5;294.75,322.25;130.25,34.75;160.5,287.25;165.5,78.5;325.5,94.25
23928;31.75,237.75;77.75,317.5;146,240.5;302.5,319.25;128.75,19.75;143,300.75;185.25,97.5;323,95
38988;31.75,237.75;77.75,317.5;146,240.5;302.5,319.25;103,79.5;104.25,304.75;122.25,103;330,149.25
8799;31.75,237.75;97.5,303.25;146,240.5;302.5,319.25;60,101.25;143,319.25;146.75,50;289.25,171.25
41701;31.75,237.75;97.5,303.25;146,240.5;305,313.25;58,127.5;132.75,290;170,92.75;328.25,197
45183;38.25,214;97.5,303.25;146.75,228;290.75,286.5;104.75,150.25;121.75,309.5;171,97.5;328.25,197
48908;55.5,216.75;120.75,303.25;170.25,202.75;247.5,286.75;79.75,131.5;121.75,309.5;171,97.5;328.25,197
10698;73.5,210.25;137.25,290;170.25,202.75;238.25,258.75;104.5,105.25;118.25,267.75;171,97.5;295,196
45136;81.25,176.25;147.75,305;200.5,216.5;238.25,258.75;105.25,104.25;142.25,268.25;171,97.5;299.5,184.75
43155;71.25,188.5;147.75,305;222,183.5;240.5,217.75;62.5,100.5;123.5,295;171,97.5;277.75,184.5
41472;27,181.5;147.75,305;222,183.5;240.5,217.75;82,100.75;143,252.75;201.25,98.5;266.25,219
28388;20.75,226.25;184.5,317.75;221.5,183;240.5,217.75;93,105.75;106,273.25;209.5,48.75;266.25,219
36363;43.75,234.75;184.5,317.75;221.5,183;262.5,255.75;61.5,112.5;109.5,284.25;176.25,39;266.25,219
17808;48.5,226;184.5,317.75;199.75,138.25;263.25,257;61.5,112.5;82,278.25;210.5,47.75;242.75,169
36238;48.5,226;184.5,317.75;201,189;263.25,257;33.5,124.75;112,244.75;242.75,60;243.25,163.25
44231;48.5,226;184.5,317.75;201,189;275.75,241.25;61.75,173.25;89.75,222.25;275.25,25.75;293,171.5
39537;48.25,224.25;184.5,317.75;251,196.25;267.25,203.75;63,210.5;74,266.75;257.25,51.5;293,171.5
8880;48.25,224.25;193,265.25;251,196.25;308.75,232.25;38,229.75;74,266.75;231,61.75;301.25,196.75
2069;48.25,224.75;229.25,230;260.5,178.75;278.25,197.25;27.5,270.75;56.25,308.5;231,61.75;301.25,196.75
16368;48.25,224.25;229.25,230;277.5,212.75;323.25,210;30,307.75;38.75,306.25;239.75,75.5;301.25,196.75
40002;54,219;228,237.75;287.25,260.75;335.25,244.5;30,307.75;69,273.5;240.5,77.75;301.25,196.75
46053;54,219;216.5,278.75;264.75,292;307.75,270;15.5,302.5;67,273;220.5,49.25;301.25,196.75
41592;52.5,239.5;211.75,225.5;257.25,274;295.5,263.25;16,302.75;99,260.75;220.5,49.25;301.25,196.75
19061;52.5,239.5;242,209.25;257.25,273.5;295.25,237.25;16,302.75;117.5,296;173.75,39;340.5,206.5
41917;8.5,227;242.5,209.25;257.25,273.5;295.25,237.25;63.5,289.75;146,303.5;159.75,87.75;340.5,206.5
924;8,261.25;225.75,218.75;285.25,321;288.5,295.5;62.75,285;146,303.5;209,95.25;340.5,206.5
32936;8,261.25;192.25,228.75;293.25,318.25;333,300.5;62.75,285;171,303;221.25,132;340.5,206.5
19675;24,241;192.25,228.75;301.25,318;331.5,305.5;36,319.5;171,303;182,131;307.25,241
28389;28,241;187,229.25;285.75,319;331.5,305.5;3.25,283;125.25,273.75;182,131;307.25,241
45729;38.75,296.5;186.25,278.75;285.75,319;327.25,312;21.75,307.5;167,238;182,131;314,276.25
16705;39.25,297.25;168.25,289.5;300.5,317.25;321.75,301.5;53.75,289.25;167,238;200.75,151;314,276.25
47732;8.25,265;147.75,304.5;300.5,317.25;360.25,297.25;68.25,297.5;167,238;201,173.75;315.75,276.5
32175;8.25,265;152.25,294.75;300.5,317.25;360.25,297.25;103.25,309;174.75,242.5;202.25,150.5;293.25,310.5
30815;27,285;135,272;343.75,279.5;363.25,293.75;91.25,303.75;174.75,242.5;202.25,150.5;292.75,310.5
32155;54.25,250.5;117.25,251.75;311.25,237.25;363.25,293.75;91.25,304.75;174.75,242.5;243,176.25;316.5,320.25
1295;54.25,250.5;85.5,275.5;291.5,230;363.25,293.75;91.25,304.75;148.25,248.75;255.75,132.75;347.75,313
11202;54.25,250.5;86.25,276;273.75,249;361.75,296;99.5,314.75;124.5,225.5;255.75,132.75;302,316.25
38526;56.5,217.5;107.25,295.5;291.5,209.5;362.5,296;99.5,314.75;124.5,225.5;215.75,160.25;335.25,274.5
9047;65.25,184.5;107.25,295.5;291.5,209.5;360,254.25;117.25,291.5;121.25,199;245.75,131.5;315,269.75
12583;70,147;116.5,283;291.5,209.5;360,254.25;101.5,261.75;123,200.75;199,122.5;337,230.25
46952;63.5,124.75;158,255.25;313,229.75;360,254.25;72.5,295.75;123,200.75;210.25,99.5;311.5,244.25
50062;75.5,126.25;158,255.25;350.25,240.75;351.25,209.25;72.5,295.75;123,200.75;210.25,99.5;309.5,258.75
11745;76,126.25;158,255.25;335.5,247.75;354,185.25;72.5,295.75;123,200.75;203.5,99.5;263.75,274.5
9816;54.5,171.25;124,302.75;324.5,212.25;332,149.75;72.5,295.75;123,200.75;203.5,99.5;300.75,283.25
16690;91.5,188;119,318;320.75,209.5;332,149.75;56.75,289.75;123,200.75;203.5,99.5;336.75,313
6747;114.5,212.5;119,318;320.75,209.5;369.75,152.5;78.25,287.75;129,198.75;250.25,81.75;336.75,313
50616;59.5,201.5;86,321.75;320.75,209.5;369.75,152.5;130.5,288.75;165.75,164;221,98.25;336.75,313
2047;59.25,176.5;63.75,295;282,245.5;369.75,152.5;109.25,318.25;186.25,184.75;220.5,98;336.75,313
24652;101.5,193.75;119.25,317.75;254.75,278.5;359,131;109.25,318.25;175,160.75;220.5,98;336.75,313
41572;139.25,227.5;161.25,280.75;264,225.25;358,127;153.75,317.5;175,160.75;220.5,98;289,287.25
26699;103.75,204.25;203,245;264.75,225;363.25,151;140.75,269;175,160.75;221,81;289,287.25
47821;100,227;203,245;224.25,203;363.25,150;165.25,238;170.5,164;187,98.25;289,287.25
16626;49.75,242.25;192.75,278.75;199,184.75;364,187.25;165.25,238;170.5,164;189,107;336.75,262.25
11025;15,229.25;157.75,306.25;199,184.75;328.25,237.25;178.5,303.75;179,170.5;189,107;338.75,263
50448;39.25,209.75;117.25,292;249,217.75;312.25,197;178.5,303.75;180,172.75;189,107;304.75,279.5
24318;30.5,181.25;142.25,313;265,240.75;302.75,156.75;167.5,317.5;179.75,172.25;189,107;304.75,279.5
25864;13.5,176.25;147.5,305.5;264,239.5;348.5,158.5;144.5,298.5;179.75,172.25;189,107;304.75,279.5
3069;39.75,138;147.5,305.5;264.75,239.5;348.5,158.5;102.25,268.25;152.5,224.75;165.75,165.25;253,244.75
45817;74.25,136.75;176,317.75;219.5,271.75;292.75,155;88,281.25;152.5,224.75;165.75,165.25;253,244.75
27860;44,167;176,317.75;186.75,253.5;323.5,194.25;36.75,308.25;152.5,224.75;167.75,162.75;252.5,243.75
14382;1.75,193;178.75,319.75;186.75,253.5;278.5,169.5;89,314;152.5,224.75;202.25,172.75;212.5,277
10756;1.25,176.75;178.75,319.75;186.75,253.5;275.5,180.25;88,282.75;158.5,202.25;179.5,141.75;192.25,257.5
22075;1.25,176.75;167,312.75;201,265.25;225.25,206.25;24.25,301.25;158.5,202.25;186.75,135;194.25,258.25
6125;26.75,226.75;167,312.75;222.25,227.75;260.5,176.75;16.75,304;158.5,202.25;165.5,83;170,294.25
106;13.5,175;140.5,265.75;222.25,227.75;291.75,212;53.5,252.75;145.25,245.5;165.5,83;183.75,303.75
50203;36,181.5;140.5,265.75;228.75,208.75;305.25,246.75;53.5,252.75;145.25,244.75;150.5,51;170.75,296.5
35677;50.75,139.5;140.5,265.75;249.25,176;325.25,260.5;37,239.25;146,245.75;150.5,51;203.75,299.25
3755;50.75,139.5;158.25,290.75;249.25,176;301.5,302.75;54,262.75;113,217.25;146.5,50;204.25,275
7073;71,111.5;201,269.5;248,176.5;301.5,302.75;69,263.5;106.5,263.75;146.5,50;248.5,287.25
24646;93.75,84.5;215.5,275;248,176.5;307.5,318.75;77.25,251;99.5,221.25;146.5,50;247.75,288
35220;122.25,50.75;215.5,275;249.75,176.25;291.5,304;86,299;117.5,197;146.5,50;232.5,284.75
29916;109.75,20.5;215.5,275;263,183.25;340,300.5;95.5,269;103.75,229.75;129.75,94;232.5,284.75
2826;109.75,20.5;213.75,279.25;255.75,168.25;306.25,286.75;42.25,254.25;96.75,225.75;114,91;232.5,284.75
30498;109.75,20.5;204.25,260.5;303.75,156.25;306.5,289.75;19.5,271;96.75,225.75;136.5,98.75;252.75,255.5
6546;130.25,26.75;168.75,232.5;310.25,111.5;352,307.25;20.5,265.25;96.75,225.75;153.5,116.5;252.75,255.5
49690;130.25,26.75;135.75,225.5;326,89.75;366.25,310.5;15,294;80.75,220.75;125.5,125.25;252.75,255.5
42039;118.25,14.75;118.25,208.25;322.75,94;353,320.25;15,294;80.75,220.75;135.25,173.25;219,263.25
43210;118.25,14.75;156,212.75;290.25,55.75;343.75,290;15,294;53,253.75;146.5,154.5;218.5,270.5
11383;117.75,14.75;165,161;244,75.75;343.75,290;15,294;70.25,258.25;106.75,163.25;221,313.25
7740;117.75,14.75;145.5,128.5;270.75,35.5;315.75,322.25;18,320.75;70.25,258.25;83.5,190.25;221,313.25
26601;117.75,14.75;149.5,134.5;284.75,53.75;296.5,303;18,320.75;33.75,233.5;99.75,220.75;221,313.25
23674;120.25,14.75;152.25,81.5;275.75,13;296.5,303;18,320.75;21.5,191.75;141.5,221.75;257.75,309.25
45107;120.25,14.75;177.75,85;265.75,9.25;296.5,303;18.75,310.75;52.25,222;141.5,221.75;279,310
21772;119.75,14.25;218,69.75;291.75,52;335,275;4.75,288.75;55.75,195.75;141.5,221.75;279,310
27711;146,12.5;192.75,55;324.75,32.5;335.5,274.75;4.75,288.75;55.75,195.75;111,224.25;266.25,317.75
8436;126.75,29.5;203.25,63;310.5,2.5;335.5,274.75;40,283.5;91.25,157.25;119.5,273.5;266.25,317.75
20271;112.25,12.75;201.75,91.75;310.5,2.5;319.5,293.5;5.25,317;61,175.75;119.5,273.5;228,321.25
4326;112.25,12.75;217.25,62;300,14.5;302.5,317.75;5.25,317;14,154.75;166,242.5;227.5,321.5
18105;108.25,14.75;217.25,62;274.75,15.75;314.5,294;2.25,282.75;4.25,135.75;137.25,228;227.5,321.5
19259;92.5,64.5;217.25,62;274.75,15.75;332,315;1.5,240.75;36.5,170.5;92.75,221.25;227.5,321.5
27514;81,20.5;204,42;217.75,39.75;332,315;1.5,240.75;27.75,175.5;91.75,222.5;219.5,304
26002;128.5,41.75;170,46;219.25,57;273.5,294.5;1.5,240.75;66.25,151.75;91.75,222.5;219.5,304
38085;93.75,19.25;167.75,102.25;206,45.75;273.5,294.5;20.25,268.5;66.25,151.75;92.25,243.25;222.25,302.5
30346;93.75,19.25;151.5,126.75;231.75,33.75;301.75,281;20.25,268.5;80.25,128.75;140.25,221.25;209.75,272.25
36058;93.75,19.25;151.5,126.75;231.75,33.75;332.5,281.25;18.25,272;84.25,136;186,213.25;205.75,275
46866;93.75,19.25;179.75,87.25;231.75,33.75;308.25,321;56.25,253.75;106,162.5;186,213.25;186.25,267.25
32540;93.75,19.25;185.25,112.25;231.75,33.75;308.25,321;98.25,280.75;143.25,183;144.25,193.75;187,252.5
28656;93.75,19.25;182.25,111.25;231.75,33.75;308.25,321;83.75,319.75;99.75,189.5;190,161.25;232.5,274.5
30870;51.25,54.25;198.5,142.75;232,34.25;303,263.25;83.75,319.75;99.75,189.5;154,175;263.25,270.25
37837;51.25,54.25;198.5,142.75;232,34.25;303,263.25;47,307.75;115.75,170;159.75,221.25;273,270.75
50357;51.25,54.25;171,118;257.25,67.5;346.5,290;85.25,316.5;105.75,129.25;114.25,195.25;273,270.75
11339;54.5,91.5;219.75,136.25;276,105.25;346,290.25;45.75,295;105.75,129.25;114.25,195.25;231,273.25
46950;54.5,91.5;206.25,175;278,106.25;346,290.25;73.75,296;105.75,129.25;140.25,196.5;211,264.5
38697;17.5,62.75;206.25,175;249,120.5;326,270.75;27.5,306.75;113.25,105.25;171,165.75;211,264.5
15739;51.25,58;203,190;267.25,118.75;310,290.25;35.5,265.25;68.25,108.25;171,165.75;211,264.5
20029;34.75,22.25;203,190;280.25,73.25;286,286;34.75,265.25;75.5,77.25;171,165.75;188.5,249
26055;28.5,72.5;203,191;280.25,73.25;297.5,318.25;61.5,288.75;75.5,77.25;137.25,157;145.5,224.75
7174;28.5,72.5;203,191;277,65.25;320,293.5;85.25,314;99,59.25;137.25,157;152,245.25
10786;44.75,66.25;160.25,226.75;292.75,111;320,293.5;81.75,316;87.75,76.75;137,158;152,245.25
29092;29.75,16.5;142.25,239.75;275.75,105;283.25,320.75;81.75,316;131.5,73.25;137,158;152,245.25
38009;0.25,69.75;163.25,294.5;247.5,120.5;283.25,320.75;81.75,316;97.75,33.25;192,162.5;195.5,276.5
8056;20.25,86;163.25,295;247.5,120.5;282,319.5;81.75,316;83.75,20.75;141.75,185.5;194.75,321.75
40363;59.25,57.75;170.5,322.5;252.25,116.5;266.25,297;81.75,316;83.75,21.75;123,173.75;194.75,321.75
9931;99.5,26.5;171.5,297.25;219.75,129.5;302.25,282.75;81.75,316;83.75,21.75;123,173.75;228.25,278.25
41751;99.5,26.5;171.5,297.25;269.5,105.25;293.5,322.5;81.75,316;83.75,21.75;181.25,162.25;270.75,287.25
44307;127.75,3.5;172.5,299.75;269.5,105.25;293.25,321.75;79.25,313.5;84.75,25.25;216.5,193.75;270.75,287.25
46896;127.75,3.5;227.25,302.75;279.25,71.25;312.25,298.5;126.75,319.25;138,56.5;216.5,193.75;279,268.5
40462;127.75,3.5;239.75,310.5;253,116.25;342,313.75;123.75,319.75;142.5,98.75;192.5,184.75;279,268.5
33064;114.75,19.5;240.75,310.5;288.75,164.25;344.5,279;169,300.5;192,98.25;192.5,184.75;279,268.5
46531;114.75,19.5;245.75,257.5;308.25,115.75;339.75,314;166.75,296.25;192,98.25;192.5,184.75;257.75,205.5
31397;120.75,67.75;245.75,257.5;334.25,134;346.5,311.25;145.5,319;153.25,91;192.5,184.75;295.5,195.75
41327;143,73.25;245.75,257.5;306.25,164.25;346.5,311.25;124.75,317.75;153.25,91;223.5,143;348.75,205.5
22913;143,73.25;276.5,221.5;306.25,164.25;346.5,311.25;141.5,301.25;154.5,89.5;208,128.75;342.75,170
13090;143.25,126;279,186.75;289.25,112.75;321.25,302;141.5,301.25;149.25,80.25;208,128.75;342.75,168.5
12845;160.25,132.75;255,207.75;293.25,72;321.25,302;141.5,301.25;182.25,106.5;186.75,98.75;342.75,168.5
27795;196.25,92.75;235.25,223.5;250.25,109.25;321.25,302;129.75,308.5;182.25,106.5;225,81.5;356.5,173.25
7703;213.25,57;235,223.75;261.25,133.75;303,312.75;143.75,318;182.25,106.5;245.5,90.75;356.5,173.25
34486;213,56.5;238.25,209;261.25,133.75;274.75,323;188,316;193.75,99.75;231.75,113.75;356.5,173.25
26285;188,87.5;226.5,169.75;271.25,96.5;274.75,323;189.75,313;193.75,99.75;245.75,69.25;360.25,172.5
12789;153.25,124.25;255.75,229;271.25,96.5;274.75,323;189.75,313;212.5,98.75;276.5,13.75;356,145.75
48932;137.75,125.75;245,245.5;252.5,118.75;274.75,323;189.75,313;212.5,98.75;282.75,41;299.5,185.5
13806;117.25,104.25;204.5,223.5;228,74.75;326,322;191.25,311.5;212.5,98.75;282.75,41;305,207.75
34286;117.25,104.25;162.5,225;185,90;324.25,322;226,313.25;235.25,151;300.75,10.5;305,207.75
10665;73.5,128;129.5,246.25;152.5,88.5;356,295;226,313.25;235.25,151;300.75,10.5;350.5,221.75
19578;49.75,147.25;99,205.25;122,43.5;317.75,241.75;226,313.25;235.25,151;309.25,44.5;352,199.25
34456;51,147.25;97.25,158.5;126.25,52.75;317.75,241.75;211.25,296.25;235.25,151;336.5,94.75;356.75,149.75
31259;105.5,139.5;113.25,126.5;120.5,73.5;331.25,284.25;220,321;257.75,169.5;336.5,94.75;356.75,149.75
40933;62.75,176;85.25,148.75;120.5,73;302.25,322.75;220,321;231.25,135.25;325.75,52.25;356.75,149.75
30110;62.75,176;66.25,128.25;120.5,73;302.25,322.75;193.25,308.75;252.5,131.75;294.5,2.5;311,158.5
8686;62.75,176;65.25,127.75;115.25,17.75;297.75,318.75;193.25,308.75;280.25,178.25;301.5,35;329.75,199
12888;52.5,238.75;65.25,127.75;171.75,45.75;322.25,303.75;148.5,319;280.25,178.25;301.5,35;347.75,206
9090;32,286.5;65.75,128;171.75,45.75;343.75,279.25;111.25,281.75;249.75,163.75;301.5,35;350.5,167
7759;51.25,240;60,75.75;222.75,38.75;342.5,313.25;111.25,281.75;212.25,190.25;301.5,35;304.5,171.75
34269;51.5,249.5;94.5,86.75;213.5,10;342.5,313.25;82.5,253;209,187.25;301.5,35;304.25,226
5892;51.5,249.5;94.5,86.75;213.5,10;290.5,319;38.25,265.5;237,183.25;278.75,46.25;287.75,194.5
894;10.75,267.25;131.5,49.25;257,18.5;290.5,319;14.25,284;277.25,184.25;278.75,46.25;281.25,241.25
11935;60,242.25;160,35.25;249.75,40.25;294.5,253.75;37.75,308.25;277.25,184.25;278.75,46.25;285,219.25
48605;85.5,303.25;183.25,6.25;225,39.75;345.25,230.25;37.75,308.25;208.75,186;277.5,46.5;285,219.25
22274;82.25,306.25;149.75,50.5;215.25,61.75;364.75,240.25;37.75,308.25;185.75,219;220.75,36.5;285,219.25
18399;50.25,295.5;142.5,19.25;185,21.25;364.75,240.25;11,272;186.5,218.5;220.75,36.5;237.75,236.5
33226;54.5,322;116.75,35.5;173.5,69.75;354.5,187.25;12.75,285.25;186.5,218.5;220.75,36.5;234.75,245.25
31408;54.5,322;94,84.5;171.25,16.5;322.25,149.25;2.5,245;187,218.5;207.75,93.75;234.75,245.25
31333;54.5,322;89,121;228,21.25;342.75,198.5;2.5,245;131.25,215.25;230,152;241.5,213.5
49233;67,316.25;89,121;262.5,14.75;337.5,199.25;2.5,245;141,221.5;193.5,176.5;210.25,175
21225;59.5,295.5;94.5,114.5;262.5,14.75;349.75,167.25;43.5,250.75;97,258.5;193.5,176.5;255.5,169.25
5373;46.5,245.5;75.25,145.75;263,15.25;361,123.25;43.5,250.75;84,254;189,162.25;255.5,169.25
49650;15.5,232;48.5,122.5;242.5,22.25;318.75,112;23.5,203.75;84,254;187.75,105.5;255.5,169.25
49028;2.25,200.5;11.75,144.25;257,61.25;318.75,112;24.75,204;84,254;187.75,105.5;261.25,116.75
34903;2.75,199.75;37,159.5;257,61.25;341.5,145.5;24.75,204;122.5,264.5;202.75,107.75;214.75,125.5
39700;2.75,199.75;42.25,190;221.25,55.75;286,138;4.75,171.5;122.5,264.5;188.5,96.25;191.75,89.25
50208;14.5,177.5;69.75,202.75;230,53;243.25,136;5.25,173.75;122.5,264.5;188.5,96.25;191.75,89.75
45570;55.25,182;120,180.5;230,53;259,134.75;19.75,152;129.5,224;188.5,96.25;191.75,89.75
40656;55.25,182;148.5,192.75;230,53;261.75,94.25;50,130.5;141.25,199.25;158.25,87.25;207.75,108.25
2715;55.25,182;172.75,219.5;231.5,52.75;261.75,94.25;36.75,119.75;107.5,162.5;184.25,109.5;236.75,124
15965;55.25,182;185.75,180;231.5,52.75;297.5,130.5;36.75,119.75;96.25,136.25;188,107;268.75,110.75
47584;55.25,182;201,159;257.25,85;307.5,137.75;15.75,119.75;96.25,136.25;180.5,131;269.25,109.5
33977;67.25,184.5;201,159;257.25,85;295,125.25;4.75,142;120.5,163.25;155,160.75;251.5,75.25
21490;67.25,184.5;217.5,129.75;271.75,71;338,112.25;9,129.25;120.5,163.25;155.75,161.25;216.75,99
11649;67.25,184.5;217.75,129.25;270.5,114.5;312.75,120;20.5,103;116.5,199.5;155.75,161.25;205.75,105
39816;98.5,189;217.75,129.25;270.5,74;312.75,120;18.25,111.25;116.75,240;164.25,163.25;210.75,86.25
28346;98.5,189;241,135.75;273.25,44.75;335.75,81;18.25,111.25;140.75,224.5;191.75,161.5;237.75,46
14994;141,188.25;239.5,136.5;280.25,43.25;335.75,81;7.5,129;156.75,181;175,161.75;237.75,46
27219;115,187.25;226.75,127;311,2.5;335,105.25;7.5,129;156.75,180.5;175,161.75;243,48
3239;112.25,127;252.5,138;311,2.5;341,166;30.5,124;149.5,240.75;175,161.75;233.75,11.25
40754;134.75,160.75;290,111;311,2.5;323.75,206.5;18.25,108;113,275.25;166.5,160.75;233.75,11.25
46787;130.75,190;290,111;310,4.5;359,180.75;23.25,159.25;113,275.25;166.5,160.75;272.5,16.75
46611;130.75,190;282.25,55.25;310,4.5;359,180.75;3.5,191;70,306.25;212.75,173.5;326.75,0.75
48241;130,189.25;271,31;309.25,4.5;367.5,164.75;3.5,191;22.75,307;179,215.25;326.75,0.75
40398;141.75,148.25;221.5,28.75;309.25,4.5;367.5,164.75;3.5,191;10,306.25;140.25,198.5;329.25,2.75
46876;108.75,128.5;239.75,36.5;334,46.75;367.5,164.75;2.5,191.75;25.5,317.25;169.75,186.5;329.25,2.75
11974;68,170.75;253.25,19.75;281,70.25;367.5,164.75;16,202.25;28,317.25;147.75,239.5;329.25,2.75
4513;68,170.75;270,25.25;284.75,53;355.5,134.75;21.25,192.5;29.75,311.5;148.25,239.25;329.25,2.75
39916;68.5,172.5;229,55;301.75,57.5;314.5,112.75;21.25,192.5;29.75,311.5;120.25,274.25;348,35.75
36006;71.5,174.75;228.75,54.5;296.75,70.5;314.5,112.75;21.25,192.5;47.25,290.5;91.5,282.25;305,25.5
17033;26.25,156;216.25,82.5;281.25,73.25;291.75,112;21.75,159.25;47.25,290.5;129.25,290;305,25.5
18078;26.25,156;227.75,67.75;276,133.75;281.25,73.25;16.5,120.25;44.5,285;183,304.25;352.5,48
27401;26.25,156;227,37.25;278.75,131.75;281.5,90.75;42.5,96;45.25,320.25;189,306.25;352.5,48
50316;55.5,159.5;183,23;252.5,186.75;270.75,65.75;42.5,96;45.25,320.25;189,306.25;363.5,43.25
45085;87.25,187;173.75,62;222.25,216.75;273,65.5;41.25,78.5;45.25,320.25;189,306.25;363.5,43.25
46383;92.5,185.75;173.75,62;249.75,246.25;287.75,74.75;44.75,40.75;60.75,290.25;189,306.25;353.25,16.75
45437;92.5,185.75;173.75,62;260.75,302;271.5,69;80,21.5;112.75,281;189,306.25;339,25
44642;112,169.25;143.75,30.5;240.75,291.25;271.5,69;86,42;112.75,281;189,306.25;299.5,18.5
13458;92.25,214.25;143.75,30.5;240.5,290.75;271.5,69;63.5,11.5;109,273.5;143.75,299.75;288.25,23.75
23178;92.25,214.25;143.75,30.5;240.25,291.25;301.75,32;24.5,8;53.5,275;126.75,274.25;279.5,59.75
40741;57.5,227.75;113,34.25;273.75,323.5;311.75,3.75;24.5,8;63.25,260.5;126.75,274.25;279.5,59.75
2105;51.25,238;124.5,51;242.75,310;346.75,27;46,8.75;63.25,260.5;169,298.25;279.5,59.75
49379;51.25,238;124.5,51;242.75,310;328.5,32.5;68.25,11;112.25,283.75;145.75,317.5;257.5,67
7201;62.5,219;104.5,20.25;244,309;328.5,32.5;64.75,8;112.25,283.75;177,305.25;267,103.75
47230;95,231.5;104.5,20.25;205.75,281;365,36.5;68.25,40.5;112.25,283.75;177,305.25;266.25,104.5
3479;55.5,237.75;104.5,20.25;186.75,232;348.5,83.5;80.5,81.25;115.5,241.75;177,305.25;266.75,104.5
39817;55.5,237.75;98.25,10.5;158.25,246.5;348.5,83.5;48.5,75.75;115.5,243.25;169,303.5;242.5,133.25
28973;9.75,232.5;98.25,10.5;158.75,246.5;314.75,113.5;13.5,71.5;130.25,217.75;134,309.75;242.5,133.25
45973;7.25,231.75;131.75,2.75;182.25,231.5;267,130;13.5,71.5;130.25,217.75;175.25,319.75;222.25,159.75
47738;7.25,231.75;123,3.25;136,223;259.5,176;2,85.75;130.25,217.75;175.25,319.25;222.25,159.75
20504;7.25,231.75;122.75,3.75;162.25,206.75;249.25,190.75;2,85.75;130.25,217.75;178,319.5;220.5,185.5
32633;40,207.25;126.5,49.25;130.25,174.25;280.25,169.5;2,85.75;113.5,222.75;178,319.5;220.5,185.5
13866;40.5,207.25;84.75,45;155.5,194;281.5,159.25;37.5,104.5;110.75,223.5;178,319.5;220.5,185.5
27817;40.5,207.25;63.75,35.25;170.25,201.75;281.5,159.25;45.75,140.5;83.75,195.5;178,319.5;219.75,177.25
45289;41,206.75;49.75,12.25;170.25,201.75;323,128.25;45.75,140.5;63.25,215.5;168.5,298.25;220.5,147
9653;9.5,176;49.75,12.25;159,248;349.75,101.25;59,100.25;63.25,215.5;187,289.75;228,124
27635;9.5,176;102.5,16.25;135.25,225.5;370,142.25;56.25,149.75;63.25,215.5;172.25,239;228.5,117
41753;21,177.25;112.75,20;171.75,234.75;370,142.25;57,127.5;74.5,221;172.25,239;222.75,73.25
19434;12.5,167;154.75,44.5;179.5,267.5;370,142.25;45.25,111.75;51.25,221;209.75,261.75;222.75,73.25
3569;59,178;110,35.25;179.5,267.5;363.75,89.5;45.25,111.75;100.5,196.5;193.25,241;222.75,74.25
34223;64,189;110,35.25;183,271.5;356.5,98.25;40.5,75.75;78.25,161.5;193.25,241;223.25,74.25
37594;70,222.25;78.75,22.25;197.75,283.75;356.5,98.25;14.5,94;78.25,161.5;194,241.25;206.5,64.5
4958;56,202.5;59.25,68.75;198.75,283.25;356.5,98.25;14.5,94;97.75,181;191.5,241.75;212.5,27.75
22768;57.25,182;59.25,68.75;245.25,286.5;356.5,98.25;47.75,111.75;141.25,158.5;168.75,221;213.25,26.75
76;55.25,193.5;57.75,69.25;268.75,256;357.5,112.25;47.75,111.75;112.75,196.5;168.75,221;257.25,20.5
27306;42.5,181.5;57.75,69.25;235.25,252;357.5,112.25;72.25,121.5;112.75,196.5;223.25,207.75;275.5,55
49455;42.5,181.5;57.75,69.25;214,260.5;352.75,95.25;74.75,163;99.25,153.25;234,229;275.5,55
21889;66.25,189.5;93,27;214,260.5;352.75,95.25;86,211;104,197.5;235,230;286.5,95.25
29890;48,230.5;149.75,27.5;214,260.5;347,113;104.25,226.25;116,200.75;235,230;243.25,76.5
15577;26,233.75;190.5,49.25;217,270;335.75,149.75;104.25,226.25;116,200.75;235,230;246.5,77.5
628;26,233.75;206,93.5;222,260.5;359,161.5;104.25,226.25;117.25,201.5;195,253;244.75,94.5
11327;29,277.75;206,93.5;222,260.5;359,161.5;120,259.25;155.5,238.75;163,252.25;246.75,121.25
15189;62.25,294;186,85.5;222,260.5;359,161.5;71.75,259.75;180.25,287;204.25,219;242.25,163.75
30797;25.75,301;198.5,84.25;226,253;359,161.5;71.75,259.75;199.5,318.75;203.75,218.75;249.75,131.75
32974;26.25,301.5;198.5,84.25;213,217.25;359,161.5;48.25,292;171.75,286.5;181.5,215.5;230.25,137.5
38435;38,284.25;165.5,96.25;214.5,219;361.5,196.5;18.75,306.5;146.75,273;181.5,215.5;230.25,137.5
36312;37.25,299;164.5,144;228.5,187.75;353,240.5;47.25,304;146.75,273;181.5,215.5;257.25,133.75
3113;36.5,299.5;209,132.25;282.75,184.75;341.25,273;89.75,297.5;155.75,272.5;181.5,215.5;257.25,133.75
35186;36.5,299;209,132.25;287.75,168.5;342.25,289.5;89.75,297.5;150.5,222;212.5,202.75;246,168.75
43094;15.5,302.25;153.75,129;293,116;343.25,290.25;68,276.75;174.75,198;212.5,202.75;246,168.75
17716;43.25,270.5;141,89;293,116;345.25,240.5;34,278.25;125.25,199.5;235.75,237;246,168.75
38136;52.75,295.5;150.5,127.5;285.75,166.25;345.25,240.5;34,278.25;151.25,224.25;236,237.75;255.25,144
20892;52,295.75;150.5,127.5;282.75,168.5;348.5,213.25;19,323.75;151.25,224.25;221,248.25;266.5,169.5
17881;72.75,300.75;150.5,127.5;265.5,225;343.5,266;19.25,296.25;151.25,224.25;246,213.5;266,168.5
19101;105.5,281.75;150.5,127.5;294.25,180;322.5,309.25;22.25,301.25;151.25,224.25;267.25,198.5;314.5,162.5
12898;105.5,281.75;144,145.75;294.25,180;355,289;22.25,302.25;183.25,233;306.5,207;312,188.25
40589;105.5,281.75;162.5,98.75;259,177.25;355,289;22.25,302.25;144.75,202.75;320.5,198.75;339,162.5
8177;108,243;160.5,96.75;217.5,157.75;338.75,270.75;1.5,313.25;144.75,202.75;282.25,172.75;339,162.5
45986;150,259.75;150.25,125.25;217.5,157.75;339,271.25;26.5,309;159.5,160.25;274.75,214.5;339,162.5
14743;148,224.75;150.25,125.25;270.25,168;311.5,256;24.25,302.25;155.25,120.5;250.75,249.25;339,162.5
39318;117.25,259.75;174.75,135;250.25,168.25;311.5,256;24.25,302.25;184.25,96.75;238.5,275;311.25,197.5
34990;147,226;174.75,135;240.25,170.25;311,256.25;2.75,310.25;184.25,96.75;258.5,308.75;314,206.25
201;118.25,203.75;174.75,135;287.75,166.25;360.25,251.5;2.75,310.25;151.25,92.25;280,295.25;318.25,198.25
47807;118.25,203.75;174.75,135;322.25,142.75;360.25,251.5;10.75,311.25;184.75,97.75;256.25,309.75;312.5,229.75
46124;103.25,163.75;174.75,135;278,165.5;355.25,229;40.5,318.5;224,124;256.25,309.75;340.75,184.25
45324;148,157.5;214.25,106.75;234.75,194.75;313.75,195;45.75,302;224,124.5;256.25,309.75;340.75,184.25
6800;166.75,186.5;218,72.5;240.75,210.75;313.75,195;16,293;224,124.5;256.25,309.75;347.75,204
7293;177.25,220.25;198.75,62.25;244,216.75;296.25,220.5;17.25,284;224,124.5;256.25,309.75;354,198.75
26009;176,220.25;198.75,62.25;222.75,247.25;296.25,220.5;24.25,279;249.75,163.75;259.75,305;354,184.75
13051;176,222.75;198.75,62.25;219.5,261;306,211.75;10,239.75;249.75,163.75;263.75,263.5;307.75,196.5
20260;132.5,238.25;194.25,59.25;245.25,257.25;337.25,197.25;7.5,238.25;249.75,163.75;263.75,263.5;290.25,170.25
29691;98.75,253;199,93;240.5,217.75;341.75,216.75;7.5,238.25;229.5,159;255.5,293;290.25,170.25
19706;98.75,253;159,84.25;240.5,217.75;341.75,216.75;19.5,244.25;217.75,190.75;262.5,255.25;329,205.75
7616;98.75,253;159.75,79.25;228.5,188.75;343.75,230.25;20,244.25;233.75,234.75;234.5,248.5;329,205.75
40180;59,238;198.75,61.25;282.5,183.75;340.5,239;19.5,264.75;195.75,252;233.75,234.75;329,205.75
15192;35.75,243.25;193.75,55.5;260.5,219.75;303.5,259.5;19.5,264.75;195.75,252;233.75,234.75;283.75,216.5
14470;35.75,243.25;193.25,58.25;261.25,222.75;288.75,242;20.75,308;183.25,288.25;231,199;283.75,216.5
39220;50.5,245.5;193.25,58.25;246.75,261.25;278,277.5;20.75,308;183.25,288.25;224.5,203.5;278.5,242
32279;54.75,294.75;236.25,83.25;257.5,243;277.75,277.75;20.75,308;226.5,315.75;251.25,161.75;278.5,242
23216;29,295.25;225,113;233.5,242.25;278.25,277.75;20.75,308;223.5,273.75;251.25,161.75;267,288.25
41430;18.5,309;268,118.75;274.25,254.75;290.25,317.25;20.75,308;217.5,222.75;251.25,161.75;266.5,288
7636;21.25,309.75;269.5,113.5;277,256.5;309,318.25;20.75,308;227,211.75;251.25,161.75;265.75,288.75
38068;58.75,282;269.5,113.5;277,256.5;309,318.25;11.5,246.75;175,213.75;250.5,202.75;250.75,252.5
26425;56.5,229.75;235.25,136;277,257;309,318.25;17.5,233;192.75,198;209.25,209.5;250.75,252.5
33430;57,181.5;235.25,136;262,256.25;309,318.25;34.75,250.75;223.5,226.75;240.5,219.5;282.75,220.75
49789;93.25,142.5;235.75,135.75;296.75,263.5;326.5,282.25;34.75,250.75;205.75,176.5;250.75,181.5;282.75,220.75
36274;97.75,168.75;235,136.5;316.75,302;317.25,264;34.75,250.75;211.75,146;282.25,142.75;282.75,220.75
40209;81,139.75;235,136.5;280.5,285.75;320.75,264;19.25,297.25;188.75,103.5;282.25,142.75;282.75,220.75
35043;90.25,155.5;211.25,127.25;265.25,242.5;318.25,213;23.75,252.75;188.75,103.5;282.25,142.75;282.75,220.75
35113;90.25,155.5;160.25,131.75;270.75,255.75;318.75,214.5;9,229.25;206.75,48.25;271.75,131.75;282.75,220.75
21721;87.75,108;138.25,125;261.25,231.5;272,219.5;9,229.25;206.75,48.25;251.25,175.75;292,199.75
7731;136.75,102;146,128.75;267.25,255.75;293.25,207;12.75,269.5;206.75,48.25;251.25,175.75;287.5,185.5
44111;136.75,102;146,128.75;222,240.75;245,220;39.75,275.5;207.75,51.75;243,198.75;272.25,194.25
9219;120.25,121.25;174.75,131.25;227.75,235.5;258,269;3,308.25;207.75,51.75;239,232;272.25,194.25
9559;151.25,152.75;159,126.75;215.5,200.5;249.75,276.75;3,308.25;207.75,51.75;227.75,181;239,232
20967;130.5,102.5;151.25,152.75;177.25,236.75;279.25,286.75;13.5,309.75;207.25,51.75;211.75,176;239,232
38829;92.5,74;151.25,152.75;178.25,234.25;300.25,258.25;13.5,309.75;213.75,36;231.5,149.5;244.5,267.5
2104;110.25,21.5;144.25,152.75;172.25,223.5;295.75,301;2.75,307.5;213.75,36;225.25,185.5;244.5,267.5
19864;105,48.25;156.5,208.75;171.75,242.25;332.5,275;27.25,307.5;213.75,36;225.25,183;244.5,267.5
32659;105,48.25;152.75,185;171.75,242.25;297.25,231.5;37.5,320.25;204.5,74.25;225.25,183;301,282.75
21988;144.5,27.5;150.25,158.75;219,247.75;297.25,231.5;32.5,274.75;214.25,105;229.75,231.25;301,282.75
3940;182.25,10.5;194.75,158.75;219,247.75;330.75,214.75;48,247.5;214.25,105;233.5,231;332.5,266.75
33435;150.5,31.25;204,146.25;212.5,218.25;330.75,214.75;48,247.5;215.5,103.25;233.5,231;320,310
47416;150.5,31.25;167.25,131.75;253.75,188;330.75,214.75;77.5,208.75;181,125.75;187.75,218;320,310
24723;150.5,31.25;152.5,142.25;242.5,217.75;354.5,241.75;37.5,197.25;181,125.75;186.5,218.5;264.75,306
7694;107.75,12.75;137,126;269.25,168.25;354.5,241.75;20.25,206.75;181,125.75;186.5,218.5;315,314
13268;107.75,12.75;115,82.5;269.25,168.25;323.75,216;5.25,229.5;135.25,132;187,218.5;279.75,286.25
36051;104,5;116.25,81.5;269.25,168.25;356.25,229.75;4.75,173;135.25,132;220.5,259.75;238.25,256
7688;48.75,9;137,75.75;244.75,130.75;356.25,229.75;27.5,227.75;135.25,132;218,318;235.75,254.25
18650;49.75,11.25;87.25,63.5;267.5,177.75;356.25,229.75;31.25,186.5;155.75,143.25;218,318;275.5,270.5
43627;23.25,43.25;87.25,63.5;267.5,177.75;356.25,229.75;87.5,196.5;180.5,114;239,283.75;241.5,300.25
18588;63,72.25;66,85.5;310.5,154.75;346.5,251.75;63.25,162.5;180.5,114;239,283.75;241.5,300.25
28821;63,72.25;65.5,113.75;310.25,156.5;363.75,253.25;67.5,153;197,84;224,246;241.5,300.25
8721;61.75,70;114.75,128.5;331.25,198;360,234.75;108.75,140.25;197,84;235,231.25;241.5,300.25
19573;61.75,70;106.25,125;327.75,194.25;340.5,252.25;108.75,140.25;204.5,73.75;226.25,184.5;241.5,300.25
21787;41,99.25;72.25,84;348.75,239;351.75,266.25;103,137.75;220,115.75;226.25,184.5;241.5,300.25
2027;17,64.25;95.25,33.5;312,249.75;351.75,266.25;103,137.75;235.75,76.5;274.5,192.25;276,261.75
45293;17,64.25;100.5,26.25;298.25,302.25;305.75,259.5;106.75,115.75;245,117.75;274.5,192.25;276,261.75
33103;10.75,9.25;101.5,26.25;331.25,271;336.5,266.5;93.5,118.5;243.5,77;274.5,192.25;276,261.75
8121;44.25,9;101.5,26.25;280.75,300.5;298.25,272.75;93.75,118;243.5,77;244,201.25;296.5,305.25
9549;44.5,11.25;101.5,26.25;228.5,316.25;298.25,272.75;113.5,113;237,84.25;257,145.75;334,320.25
39940;62.5,27.75;131,24;190.75,278.75;272.5,249.75;113.5,113;185.75,57.5;257,145.75;334,320.25
46642;62.5,27.75;108.25,43.25;210.25,278.5;272.5,249.75;82.25,102.25;144.75,51.75;257,145.75;352,299.75
9951;61.75,4.25;116.5,48.75;210.25,278.5;272.5,249.75;42.25,108.5;165.25,57.25;231,127;317.75,276.25
41207;61.75,4.25;154.5,33.5;177,266.25;272.5,249.75;10.5,91.5;164.75,57.25;212,86;323.75,311.5
22376;107.75,17.25;154.5,33.5;171.75,223.5;261.25,241.5;10.75,93.75;164.5,31.25;223.75,131.5;323.75,311.5
10210;124.75,32.5;154.5,33.5;167.75,216.25;277,249.25;7.75,135;169,30.25;246.5,121.5;323.75,311.5
35243;72.5,30.5;117.75,42.25;157.25,228.25;277,249.25;29.25,108;169,30.25;217.25,165.5;295.25,278.75
26372;72,30.5;93,70.5;133.25,216;261,254.75;29.25,108;169,30.25;209.5,172.75;250.5,288.5
19497;27.75,24.75;84.75,89.75;133.25,216;287.25,274.25;64.5,102;158,12.25;238.75,147;250.5,288.5
37711;23.25,62.75;48.25,75.75;87.25,227.25;287.25,274.25;64.5,102;187.25,23.25;238.25,146.5;249.75,294
12340;15,109;46,92.25;115.75,240.25;289.25,313.5;64.5,102;152.5,52.5;238.25,146.5;249.75,294
4150;38,94.5;50.75,122;87.5,271.75;289.25,313.5;98,136;152.5,52.5;219.75,105.25;250,288.75
38277;26,137.25;51,122;117.5,301;242.5,313.75;98,136;152.5,52.5;225.75,134;228,319.25
27124;2.75,91;68,172.25;82.5,256.75;244,257.75;98,138;152.5,52.5;221.25,106;228,319.25
22549;21.5,64.25;46,200.5;120.5,256.75;281.75,295;98,138;152.5,52.5;200,154.25;228,319.25
11473;12.25,30.5;78.5,204.5;165.5,265.75;251,298;76,125.75;152.5,52.5;200.25,153.75;228,319.25
48491;3,8.75;81,193.75;159,310.25;251.75,297.75;76,125.75;128.25,91;153.5,179.25;228,319.25
9426;12.25,9.25;28.25,189.75;118.5,303.75;251.75,297.75;84.5,167.5;125.25,50.5;208.75,178.25;228,319.25
29233;12.25,9.25;28.25,189.75;101.5,282;302.25,319.25;103.75,200;124.5,50.5;165.75,189.5;241,293.5
23940;12.25,9.25;28.25,189.75;83,287;261,312.5;65,209;96.25,88.25;128.5,195.5;220.5,271.75
29418;12.25,9.25;48.25,151.25;115.75,251.25;303,319.25;60.75,215.25;99,87.25;128.5,195.5;246.25,241.5
43241;42.5,31;60.25,124.75;160.75,253;337,284;60.75,215.25;103.75,128.75;128.5,195.5;246.5,242.75
21365;13.75,28.25;18,103.25;119,228.5;353.25,242.75;86.5,221.25;103.75,128.75;120.25,199;246.5,242.75
21280;13.75,28.25;51.75,74.25;161.5,195;353.25,242.75;68.25,175;108.75,143.25;121.5,195.5;281.5,237.5
43663;11.25,6.25;14.5,80.75;164,226.75;353.25,242.75;99,202.5;108.75,143.25;114.5,194;296,184.5
20353;11.25,6.25;22.75,104.5;198.5,254.75;333,214.25;73.75,163.25;103,197.5;114.5,194;310.5,162.5
44959;6,27;16.25,81.25;231.25,252.5;333,214.25;73.75,164;103,197.5;114.5,194;348.75,143.25
14469;5,25;69.25,78.75;261.25,256.75;333,214.25;17.75,186.75;108.5,241.75;117.5,199;348.75,143.25
12466;8.5,62.75;90,107.25;247.5,217.5;294.25,230;17.75,186.75;101.5,220.25;125.25,197;348.75,143.25
22582;33.5,93.5;87,120;214.75,246.25;310,233.25;16.75,187.5;84,236.25;125.25,197;348.75,143.25
39932;33.5,93.5;121,142.5;214.75,246.25;294.5,248;27.5,201.75;59.75,223.5;117,197.5;326.25,129.5
21767;34,93.5;102.75,164.25;214.75,246.25;255.75,229;18.25,217;35.25,206.75;143.75,222.75;326.25,129.5
24469;25,137.25;99.25,190.25;187.5,268.25;257.5,196.75;18.25,217;39.5,206.75;151.75,248.5;326.25,129.5
47524;25,137.25;129.5,203.25;168,243.75;248.25,188.5;18.25,217;24.5,197;152.25,249.5;326.25,129.5
20705;43.75,104.25;126.75,240;168,243.75;272.5,179.25;16.75,233;55.5,185;152.25,249.5;311.75,160.75
29914;37.75,138;125.75,282.5;202.75,261;285.75,164.5;21.75,218.5;55.5,185;188.5,214.5;311.75,160.75
35762;47.25,143.75;103.25,315;202.75,261;319.5,150.25;21.25,253.25;55.5,185;155.75,183.5;349.75,152.5
4522;8.5,108;103.5,313.25;202.75,261;336,112.25;23,309.75;49.5,171.75;175.25,153;349.75,152.5
32181;2,63.25;73.5,307.75;218.75,259.5;357.25,163.75;44,309.75;49.5,171.75;175.25,153;349.75,152.5
28838;38,97;73.5,307.75;217,219.5;357.25,163.75;59.25,311.75;76.25,131;158.5,88.25;331.25,191.5
33456;37.25,97.25;73.5,307.75;191.25,213.5;339.5,113;59.25,311.75;80.5,169;153.5,49;331,218.25
28504;2.75,91.5;73.5,307.75;193,213.75;309.5,112.5;62,317.75;80.5,169;102,46.75;314,180.75
25893;23.5,119.25;88.75,299.5;220.75,246.25;313,64.75;11.75,303.5;80.5,169;89.25,47;314,180.75
32468;31.25,140;64.75,312;220.75,246.25;287,24.5;15.25,310.75;80.5,169;81.25,45.25;316.75,179
41942;31.25,140;77.75,280.25;220.75,246.25;321.75,15.5;10,272;32,146.25;81.25,45.25;313.5,132.5
26345;27.75,189.75;78.25,280.75;224.25,231.25;332.75,34;10,272;32.25,109;37,39.75;313.5,132.5
40843;68.5,208.75;78.25,280.75;232,244.75;286.75,42.25;10,272;18.25,111;19.5,71;357,149.75
36640;41.75,215.5;94.75,312.25;238,225.25;286.75,42.25;10,272;20.25,109.5;48.25,77;337.25,191.5
33973;16,177;71.25,299.5;284.75,231.25;286.75,42.25;1,242.25;20.25,108.5;48.25,77;360.25,156.5
48444;8.5,139.25;71.25,299.5;297.75,249.75;311.75,55;1,242.25;31,125.75;35.75,35.25;360.25,156.5
49032;8.5,139.25;37.25,315.75;266.25,242.5;315.25,54;1.5,238.25;4,70;101.75,41.5;360.25,156.5
49900;9,175.25;37.25,315.75;292.75,209;301.75,54;1.5,238.25;20.5,46;101.75,41.5;335.75,207.5
35037;36,197.25;87,307.25;292.75,209;315.75,16.75;3.75,230.5;16,56.25;139,56;335.75,207.5
17858;2,182;126.25,303.5;292.75,209;339.5,33;3,230.5;27.25,50.25;173.5,10.75;335.75,207.5
41769;0.75,147;154.75,313;228.75,201;329,21.5;3,230.5;27.25,50.25;177.25,11;335.75,207.5
45693;34.75,195.25;203,309.75;228.75,201;329,21.5;3,230.5;55.5,97;129.25,20.5;335.25,226
32782;34.25,194.5;203,309.75;228.75,201;318,3;35,206.25;93.75,108;168.25,39;294.75,186.75
18495;15.25,143.25;203,309.75;253,193.75;318,3;18,172.25;80,152.5;218.75,17.5;349.75,162.75
34345;15.25,143.25;203,309.75;217.25,218;318,3;25,119.75;128.5,130.25;185.75,1.5;349.75,152.5
50293;70,147;165.25,275.5;199.5,174.5;273.25,43;21,103;128.5,130.25;185.75,1.5;341.5,110.5
9450;83.5,165.75;119.5,239.25;254,188.75;273.25,43;21,103;162.5,139;193.5,1.25;340.75,52.75
40885;83,174.75;100.75,213;278.75,164.5;279.75,35;22.5,104.5;162.5,139;193.5,1.25;340.75,52.75
3172;84,173.25;101.5,256.5;260.75,146;294.25,53;33.25,80;110.75,137.75;193.5,1.25;340.75,52.75
1673;84,173.25;119,285;276.25,143.25;287,15.5;38.25,111.75;123.25,116.5;193.5,1.25;340.75,52.75
14844;84,173.25;105,281.75;253.25,98.75;311.25,41.25;23.5,127.5;123.25,116.5;193.5,1.25;354,7.5
8125;84,173.25;90,229.25;224.5,56.25;337.5,14.5;64,116.25;114.75,76.75;193.5,1.25;354,7.5
2995;89.5,165.25;143.75,225;218.25,31;350,34.75;64,116.25;155.75,73.75;193.5,1.25;353.25,1.5
24996;59,144.25;143.75,225;218.25,31;364,51.5;111.75,94.25;172.5,95.5;188.75,30.25;353.25,1.5
18874;31.75,183.5;148,230;244.75,64.5;321,55.25;111.75,94.25;159.5,50.5;165.25,37.5;353.25,1.5
27210;83,177.25;143.25,178;283,52;371.75,53.25;111.75,94.25;154.5,50.5;165.25,37.5;353.25,1.5
37143;107.75,227.25;143.25,178;267.25,19.5;371.75,53.25;102.75,126.25;106.75,51.5;176.25,37;298.25,7
45530;131.5,207;134.25,157.25;267.25,19.5;329.75,61.5;113.25,92.25;143,88.75;217.25,40.5;298.25,7
49740;138,223.25;158.75,143.5;267.25,19.5;295.75,101.25;113.25,92.25;144,52.5;209.25,57.5;270.25,54.75
39620;138,223.25;193.25,135.25;292.75,8.5;341.25,77.75;113.25,92.25;171,66;208.75,57.75;269.5,55
22189;145,263.5;200.25,93.25;292.75,8.5;352.75,102.75;113.25,92.25;174,40;208.75,57.75;245.25,9
41073;100.75,246.5;211.75,34.25;292.75,8.5;309,102.25;113.25,92.25;208.75,69.5;243.75,98.5;251.75,4.75
22969;56.5,237.75;207.75,78.25;280.25,58;302.25,53;69.75,124.75;208.75,69.5;246,130;251.75,4.75
12841;62.25,267;204,135.75;280.25,58;302.25,53;72,131.25;202.75,106;286.25,92.5;307.25,15.5
20942;74.25,234.5;206.25,81.25;296.5,105.75;325.75,9.25;72,131.25;164.5,113.25;286.25,92.5;307.25,15.5
3647;84,197;205.75,79.5;271.25,106.5;347.25,24;99.25,110;164.5,113.25;269,130;307.25,15.5
16478;92.25,165.5;205.75,79.5;279.25,104.75;347.25,24;102.5,143.5;152.25,88.5;269,132.25;305.25,9.5
2625;112.25,125.5;224,73.5;258.25,77.5;352.25,27;102.5,143.5;172,107;293.75,97;305.25,9.5
5489;104.5,84;229.25,109;239.25,76;346.75,29;123.25,105.5;172,107;293.75,98.25;305.25,9.5
10970;84.5,42.75;226,133.5;259.5,30;347.25,29;123.25,105.5;196.25,99.75;242.75,79.75;305.25,9.5
23967;36.25,61.25;226,133.5;283,56.25;301.75,57.25;123.25,105.5;209,67;274.75,107;321.25,22.25
19500;93,58.25;176.5,105.25;277.75,74.25;301.75,57.25;93.75,152.75;200.75,99.75;274.75,107;324,42
10521;117.75,21.5;164,101.25;285,74;301.75,57.25;58.5,153.5;154.75,91;274.75,107;329.75,59.25
16957;142,21;164,101.25;271.75,106;345,75.25;12.5,138;155.5,95;285.75,115.25;329.75,59.25
9495;95.5,20.75;144.75,92.25;271.75,106;348.25,26.25;12.75,172;155.5,95;283.5,114.5;300,58.25
17029;94.75,20.75;144.75,92.25;273,143.5;348.25,26.25;21.25,218;132.25,73.75;281.5,126.5;298,17.75
3805;146.75,29.5;153.5,48.5;269.75,164.75;348,26.75;21.25,218;81.75,80.5;257.5,84.25;298,17.75
24046;146.75,29.5;153.5,48.5;293.75,166.25;334.25,34.5;12.5,171.5;41.25,59.5;212.5,107.25;248.5,41
10531;139.25,21.5;153.5,48.5;293.75,166.25;334.25,34.5;15.75,212.25;40.75,78.5;176,107.5;249.75,14.75
48543;139.25,21.5;154.25,48;263,133;335.25,65.25;15.75,212.25;57.5,91.25;131.5,122.75;239.25,38.25
3776;117,68.25;139.25,21.5;251.5,154.25;354.5,96.25;15.75,212.25;72.25,126.25;133.25,123.25;188.25,27.25
26874;117,68.25;146.25,41.75;250,181.25;359.25,89.5;15.75,212.25;34.5,119.25;133.25,123.25;173,37
16015;129.75,41.25;155,35.25;244.75,171.25;327.75,137.75;15.75,212.25;34.5,119.25;133.25,123.25;224.25,36
34075;129.75,44.25;155,35.25;224,145.5;356.5,162.25;27,206.25;30,125.25;133.25,123.25;224.25,36
22063;117.5,69;156.25,50;224,145.5;316.5,151.5;29,171;30,125.25;84,125;190.75,21.75
26569;63.5,72.75;139,20.75;224,145.5;307.75,112.25;7.25,136;27.75,171.5;86,170;190.75,21.75
4856;41,60.75;139,20.75;224,145.5;359,121.25;7.25,136;27.75,171.5;117.25,206.25;230.75,49.25
33551;1.5,79;115.75,47.25;224,145.5;359,121.25;7.75,92.75;71,163.5;117,205.25;227.75,20.5
13791;40.75,39;92,27;200.75,185.75;359,121.25;46.25,104.25;92.5,153.5;117,205.25;227.75,20.5
947;7,5.25;105.25,53.25;228.5,156.75;357.5,126.25;21.25,91.75;92.5,153.5;117,205.25;227.75,20.5
37281;11.5,55.25;105.25,53.25;252.5,198.75;357.5,126.25;25.75,109.25;92.5,154;125,199.5;235,34.5
30642;1,75.25;105.25,53.25;300,187.5;326.75,161;10.5,128;92.5,154;162.75,163.75;235,34.5
33152;33.25,102.75;105.25,53.25;317.25,230;350.5,198.75;50.5,134.5;92.5,154;142,173.25;235,34.5
30839;16.5,154.25;109.75,52;287,232;325.25,197;41.25,104.75;92.5,154;142,173.25;235,34.5
18110;38.75,146.75;86.5,28.75;287,232;330.5,197.75;39.25,75.75;92.5,154;151.25,174.5;250,11.75
12621;38.75,146.75;112.25,16.75;287,232;355.25,213.75;63.25,57.75;98.5,107.75;152.25,175.25;294.25,38
17193;85.25,141.25;112.25,16.75;305.75,262.5;362.5,187;69.25,31.75;98.5,107.75;166,162.25;335.25,44
14917;79.75,168.75;147,33.75;290.5,286;361.5,195;69.25,31.75;74.5,84.5;140.5,187;335.25,44
43543;79.75,168.75;168.25,5.25;290.5,286;325.75,187.75;84.25,21;102.25,66.25;152.5,223.25;335.25,43.25
18426;66.5,126.5;168.25,5.25;303,303.5;325.75,187.75;37.5,41.5;113.25,93.75;137,266.25;334.25,53.75
23379;57.25,97.75;166,3.25;273.5,292.5;313.5,212.25;19.5,48.75;113.25,93.75;137,266.25;358,4
37861;37.5,59.75;140,21.25;280.5,262.5;315,233;19.5,48.75;63.75,94.25;139.75,269.25;358,4
5662;4.75,96;110.25,52;272.75,215.75;280.5,262.5;20,47.75;63.75,94.25;174.75,302.25;357,7
48801;28,99.25;80.25,90.25;240.5,195.25;280.5,262.5;19.75,47;68.5,56.75;174.75,302.25;307.5,2.5
34705;49.75,145.75;69.75,122;234.75,231.25;278.75,213.75;19.75,47;68.5,56.75;160.25,319.5;307.5,2.5
12345;43.25,183;69.75,122;234.75,231.25;327.25,214.5;19.75,47;80.25,12;119.5,307.75;326.25,53
16238;32,208;69.75,122;234,231.25;327.25,214.5;5.75,5.25;113.25,12.5;143.75,319;345.5,66.5
5830;16,228;63.25,103;262.75,241;327.25,214.5;3.5,9;142.25,57;163.5,319;345.5,66.5
37149;16,228;110.5,104.5;286.25,231.25;330,216;12,18.5;162,31.75;162.25,319.75;345.5,66.5
50068;6.25,190.25;87.5,58.5;319,258.5;332,218;15,18.75;123.75,45;162.25,319.75;345.5,66.5
41227;7,240.5;87.5,58.5;306,308.5;331.75,186.5;15.25,20.75;92.25,78.25;162.25,319.75;345.5,66.5
20777;7,240.5;41.25,92;288.75,263;357,137.75;38.25,59.25;126.5,113.75;162.25,319.75;312.5,64
32680;7,240.5;26.25,67.25;251.25,249.75;350.5,156.75;40.5,89.75;140,137.25;162.25,319.75;312.5,64
2659;7,240.5;31,35.75;212.25,230.5;341.75,167;35.75,35.75;154.25,178.75;162.25,319.75;312.5,64
39279;35.5,240;85,33.25;274.5,246.25;371.25,121.5;96.5,24.75;154.25,178.75;162.25,319.75;264.5,51.25
5471;17.5,227;53.25,58.25;275.25,245.25;322.5,104.25;96.5,24.75;154.25,178.75;177.25,305.75;288.75,84.5
43449;56.5,228.5;59.75,76.25;275.25,245.25;359,128.25;137.5,58;142.75,222.75;177.25,305.75;271.25,107.25
38176;59,250.25;60.5,76.5;265.5,237.25;324,93.25;137.5,58;142.75,222.75;218.5,273.5;318,101.5
18180;59,250.25;60.5,76.5;271.75,245;327.25,113.5;132,91.25;141.75,226.25;187.75,273.25;348.25,141.25
25589;59,250.25;87.75,85.5;245.75,200;292.5,115;92.25,88.5;141.75,226.25;189.75,271.75;358.5,156.5
33058;89,274.5;89.5,79.75;221,186.5;274,134.25;126,69.25;141.75,226.25;229.25,255.25;358.5,156.5
44512;53.25,294.5;105.5,86.5;227.5,181;241.75,169.75;94.5,109;123.75,197;229.25,255.25;358.5,156.5
39875;53.25,294.5;79.75,110;228,150.25;239,215;91.25,106.25;103,151.75;223.5,252.25;358.5,156.5
30457;13.5,263.75;79.25,112.5;204.75,137;239,215;105.25,119.5;126,116.25;204,200.75;358.5,156.5
7563;7.5,306.5;80.25,112.75;211.5,104.5;264,241.75;100.75,137.25;126,116.25;192.25,176.75;358.5,156.5
43622;7.5,306.5;50.5,144.75;211.5,104.5;264,241.75;80.75,90.75;83.75,143.75;149,173.75;357.5,163.75
44988;7.5,306.5;50.25,143.75;158.75,125.75;214.25,218.5;96.75,50;100,152.25;149,173.75;351.75,162.25
8720;7.5,306.5;24.5,126.5;144.5,126;213,219;96.75,50;112.75,195.5;133.75,194.5;328.75,181.25
39500;7.5,306.5;30.75,81.25;147.75,83.75;202,180.75;89.25,65.5;112.75,195.5;134.25,192;329,207
27567;52.75,308.5;64.75,87.5;184.75,89.75;202,180.75;65.5,35.25;112.75,195.5;133.5,191;349.5,173
14804;52.75,308.5;94.5,57.5;155.5,61.25;202,180.75;76,33;124.5,174.75;186,198;331,196.5
3925;52,308.5;93,19;180,82.25;202,180.75;76,33;124.75,198.25;205,153;339.5,160.5
34653;39.5,273.75;93.25,19.5;184.25,119;202,180.75;76,33;145.5,239;235.25,137.5;352.5,157.5
25027;38.75,276.75;53.25,55;184.25,119;200.5,180.5;76,33;115.5,194.75;253,139;328.25,180.25
28412;38,276.5;57.25,63.75;136.75,126.5;206.75,139.5;45.75,24.25;115.5,194.75;253,139;329.5,158.75
5125;38,276.5;62.75,20;136.75,126.5;215.25,106.75;77,16;106.5,201.5;266.5,181.5;329.5,158.75
26686;38,276.5;76.25,28;141.5,124.5;215.25,106.75;77,16;155,202.75;311.5,197.25;337,129.5
20134;38,276.5;75.75,27.5;162.25,163;215.25,106.75;118,30.25;190,196;288,187.5;317.75,153.5
41263;38,276.5;41.25,30.75;162.25,163;218.75,136.25;118,30.25;235.25,193;280.25,236.75;318.25,151.5
2658;24.75,232;41.25,30.75;162.25,163;219.25,136.5;79.75,24.25;249.5,132.25;260.25,287.75;325,204
16713;24.75,232;29.25,57.25;131.75,168;261.5,153.75;79.75,12;249.5,132.25;260.5,288;282.25,231.5
9356;24.75,232;29.25,57.25;131.75,168;288.25,105;27,29.75;263.5,102.75;270.5,251.5;299.5,186.5
15484;34.75,241;63.25,87;152,125.75;275.5,59.5;27.5,45.75;263.5,102.75;270.5,251.5;299.5,186.5
28457;62,219.25;63.25,87;152,125.75;237.25,46.5;12.5,54.25;264,110.75;271.25,252.25;318.25,163
36631;67.75,193.5;70.75,76.25;121.25,144;237.25,46.5;26.75,70;264,110.75;271.75,252.25;282.75,186.5
1586;67.75,193.5;96.75,20.5;114.75,141;210.25,61.25;17.5,119.25;219.5,119.5;271.25,252.25;282.75,186.5
13451;66.5,186;111.25,34.25;136,97.25;214.25,61.25;11,102.5;219.5,119.5;259.5,223;282.75,186.5
49501;57.5,209.75;111.25,34.25;133.75,128.25;208,61.5;11.75,69;218,121;225.75,215.5;282.75,186.5
22381;50.5,234.5;110.75,39.25;133.75,128.25;180,58.5;11.75,69;187.5,111;214.75,270.5;315.25,227.75
10246;50.5,234.5;64.5,23;79.75,140;177,46;1.5,17.25;162.75,88.75;214.75,270.5;337,259.25
13954;50.5,234.5;63.5,72.75;79.75,140;177,46;22.25,60;183.5,66.75;183.75,300.25;351.75,276.5
2905;35.75,241.5;63.5,72.75;79.75,140;214.75,79.75;21.25,59.75;145.25,52.5;224.5,273.5;336.5,319.5
21801;29,295.25;63.5,72.75;100,114.5;180.5,38;21.75,59.75;154,80.25;274.5,288;336.5,319.5
14434;57.5,293.25;73.25,113.25;74.5,147.5;202,41.5;6,61;154,80.25;274.5,288;328.25,312
40562;17.75,311.5;74,112.5;89.25,176;202,41.5;6,61;153,123;246.5,308.25;329.25,272
28044;12,284;65.25,74.25;89.25,176;202,41.5;42,88;151,82.5;200.5,320.25;280.5,259.25
13944;27.75,241.5;50.25,74.75;89.25,176;166,23.25;40,89.25;115.25,115.5;151.25,300.5;280.5,259.25
28254;61,249.5;83,90.25;89.25,176;186,47.25;39.5,89.25;107.25,122.5;151.25,300.5;309.5,234
49264;70.5,286.5;83,90.25;93,202.25;183.25,75.25;40,89.25;124.25,106.25;152.75,293.25;309.5,234
38719;71,247.75;83,90.25;135.25,227.25;141.25,93.25;56.75,79.5;152,108.75;152.75,293.25;310.75,233.75
11487;71,247.75;83,90.25;104.5,240.25;164,44.5;55,80.5;136.25,157;160,277.75;341,231.25
17465;71,247.75;83,90.25;122.5,212.5;134.75,62;42.25,108.5;137,158;139.75,257;313,196.5
37382;57.5,241;69.25,99;131.5,240.75;133.75,64.25;42.25,108.5;123.25,196;127.75,223.25;313,196.5
42705;44.75,209.25;69.25,99;131.5,240.75;133.75,64.25;54.5,132.5;84.5,189.5;96.75,199;327.75,201
26021;52.5,175.75;76.75,97.75;123.25,243.5;136.5,97.25;54.5,132.5;78.25,239.25;83.5,191.25;327.75,201
12074;53,210.25;76.75,97.75;123.25,243.5;136.5,97.25;33.5,104.5;94,283;118.5,157.25;355,164
43784;18.75,229;63,124.75;95.25,229.75;136.5,97.25;37,144;109,273.5;113.75,161;355,164
15156;42.25,224.75;69.5,98.75;89.75,188.75;146.75,128;37,144;109,273.5;113.75,161;357.5,171
24617;31,238.5;54.75,56.5;89.75,188.75;111,79;17,119.75;109,273.5;113.75,161;340.75,225.5
5381;0.5,202.25;8.75,62.75;90.75,168.75;111.5,79.25;6,155.75;104,265;113.75,161;340.75,225.5
26242;0.25,194.5;14,106.5;90.75,168.75;109.5,66.75;51.5,142.5;75.5,265.75;112.5,161;340.75,225.5
35004;0.25,194.5;50.25,150.5;91.5,156.25;106,13.5;50.25,141;73.25,254.5;132.75,129.75;340.75,225.5
26240;0.25,194.5;56,97;68,148.25;108.25,20.5;16.5,170.75;17.25,245.75;91,108;340.75,225.5
22894;2,192.25;56.5,96.5;86,119.5;108.25,20.5;18.5,171.25;23,249.75;94.75,157.5;340.75,225.5
15550;2,192.25;114.25,106;123.75,142;141,41.25;18.5,171.25;23,249.75;120.25,102.75;313,241.75
24359;0.25,192.75;86.5,83.75;127.25,146;167,53;18.5,171.25;23,249.75;99,78.5;365.25,214.5
31118;11,140.75;91.5,65;106.75,125;204.5,43.5;18.5,171.25;23,249.75;99.5,79.25;365.25,214.5
31831;1.5,100.75;91.5,65;117,149.25;209,56;19.75,219;24,206.25;125.75,74;365.25,214.5
49896;44.5,94.75;90.75,68;101.5,151.5;203.25,64;19.75,219;58.75,174.25;97.25,67;365.25,214.5
14900;16.75,140.25;90.75,68;108.5,110;253,26.75;40.5,251.75;58.75,174.25;97.25,67;360.25,242.75
9279;16.75,140.25;91,116.25;154.25,129.5;269.5,19;47.5,292.5;70,125;97.25,67;317.75,227.5
36160;16.75,140.25;89.5,165.25;160.5,126;285.5,71;52.25,274.5;82,150.5;119.5,74.25;317.75,227.5
35496;18.75,152.75;89.5,165.25;161,161.25;314.25,98.5;47.75,310.25;82,150.5;85.25,81;317.25,227.25
25683;57.75,171.75;68.75,170.25;164,185;355.25,85.25;47.75,310.25;89.75,162.75;90.25,91.25;317.25,227.25
50046;35,120.25;98,116.5;198,170;308.75,120.5;60.75,307.5;89.75,162.75;90.25,91.25;327,178.5
14728;35,120.25;143,124.75;174.75,143.75;308.75,120.5;57,306.75;58.5,202.5;141.75,90.75;360.25,163.5
40953;35,120.25;168,85.5;183.25,119.25;356,100.75;7.25,311;78.5,235;162.75,91.25;360.25,163.5
33404;31,111;132.75,89.75;146.75,140.25;361.5,136.75;7.25,311;51.25,191.75;162.75,91.25;360.25,163.5
9761;18,143.25;106.75,122.25;152.75,118.25;361.5,136.75;3,289.25;65.25,171;160.5,82.5;360.25,163.5
48961;65.25,171.75;106.75,122.25;176.75,113.25;365.5,141.25;18.25,309.5;51,138.75;201.5,58;360.25,163.5
32235;63.75,208.75;74.5,128.75;219,129;365.5,141.25;47,295;50.25,134;201.5,58;360.25,163.5
28951;26.5,210;117.5,164;249.75,161.75;358.75,173.25;47,295;50.25,134;201.5,58;336,191.75
26011;39.25,241.5;95.25,176.25;266.75,133.75;330.75,179;47,295;50.25,134;204.75,45;312,202.25
19063;27.25,226.5;50.25,190.25;298.25,113.75;330.75,179;22.75,307.75;50.25,134;224.25,25;318.25,163.5
3414;41.25,257.25;56.75,146.25;284.75,104.5;332,150.5;19,306.25;49,136;224.25,25;318.25,163.5
32590;41.25,257.25;46.5,137.5;278.75,130.25;335.75,136;19,306.25;20.75,119.5;223.5,26;307.5,149
1683;48,240.25;77.5,97.5;278.25,88;359,91.75;11.5,286.75;20.75,120.5;223.5,26;307.5,149
47181;49.75,256.5;77.5,97.5;268.75,73.25;359,91.75;20.25,308;20.75,120.5;206.5,5;293.5,171.5
21933;0.75,280.25;77.5,97.5;285.75,42.25;359,91.75;3,282.5;22.25,124.25;205.75,5.75;263,116
9558;7.25,261.25;68.5,67.25;250.25,10.25;359,91.75;3,282.5;84.75,127.25;205.75,5.75;248.75,87.75
11999;44.5,240;67.5,16.25;215.25,21.25;338,99.25;3,282.5;84.75,127.25;205.75,5.75;265.5,102.75
8304;44.5,240;94,12.25;214.5,22;338,99.25;53.5,288.75;56.25,171.25;216,37.75;239.75,120.75
18340;44.5,240;94,12.25;214.5,22;294.75,103.5;58.75,273.25;84.25,221.75;249.25,76;256,168.25
10112;44.5,240;53.5,36;181,1;264.25,66;39.75,309.25;61.25,221;248.75,77.75;256,168.25
17513;56.5,237.75;65.75,58;181,1;295.5,52;39.75,309.25;80.5,245.75;223.25,61.5;308.75,169
36882;54.75,202;84.5,19.5;145.75,14.25;295.5,52;89,320.25;95,267.5;223.25,61.5;304,194.25
11960;76.25,234.25;84.5,19.5;186,19.75;295.5,52;88.25,299;111.25,281.25;223.75,61.5;311.5,198.75
36215;58.25,249.25;123.75,3.5;177.5,47.5;295.5,52;43.25,310.75;111.25,281.25;222.75,61.5;347.5,216.75
36861;61,252.5;131.25,34;176.75,13.5;278,18.5;10,297.75;111.25,281.25;216.75,60.5;347.5,216.75
9626;64.75,255.75;74,30.75;220.5,15.5;311.75,57;10,297.75;75,267.5;185.25,96.75;347.5,216.75
6010;64.75,255.75;103.5,18;263.75,0.75;333.25,56.75;19.75,279.5;45.75,311.25;185.25,96.75;347.5,216.75
50476;64.75,255.75;158.75,30.25;209.5,28.75;340,73.75;19.75,279.5;45.75,311.25;186.25,100.25;347.5,216.75
34777;32.25,238.5;141.75,20;183.5,60;329.5,112.75;15.75,284;54,260.5;186.25,100.25;347.5,216.75
36556;81.5,222.5;141.75,20;223.75,40.25;329.5,113.5;68.5,276.75;109.5,259.25;186.25,100.25;359.75,198
33122;81.5,222.5;141.75,20;215,44.5;329.5,113.5;63,258.25;150,288.75;192.75,100;336,198.5
48568;81.5,222.5;124.75,46.5;215,44.5;370.5,120.25;59.75,248.5;116.5,309.75;186.5,100.5;359.25,192.25
44059;54,193.75;175,38.75;259.5,53.25;347.25,166.25;60.75,249.25;116.5,309.75;141.5,92.25;359.25,192.25
2029;54,193.75;205.75,18;261.25,32.5;327.25,172;19.75,251.25;153.75,319.5;158.5,89.5;359.25,192.25
23342;40.25,198;179,35.5;301.75,56.75;327.25,172;61.25,216.5;110,324.25;158.5,89.5;349.5,173
43531;40.75,197.5;229.25,49.5;317.25,38.25;349.5,156.75;82.25,214.5;110,324.25;200.5,95.75;349.5,173
35161;40.75,197.5;251.75,22.25;312.75,80.25;323.5,117.75;100.5,220.75;110,324.25;217.75,70.25;349.5,173
38508;1.75,174.5;251.75,22.25;291.25,115.75;293.5,127.5;77.5,239.75;84.25,319.75;200.5,89;349.5,173
29715;0.25,172;290.25,56.5;291.25,115.75;293.5,127.5;60.25,204.75;88,319;250,71.75;295.5,151
11882;5.5,167;237,67;261.25,135.25;268.5,177.75;7.25,193;131.5,319.75;250,71.75;295.5,151
20652;26.25,154.25;188.25,43.25;233.25,122;268.5,177.75;7.25,193;89,303.75;243,97;319.75,159.25
2566;29.25,182;174,35;245.75,161.5;280.25,164;5.25,232.5;89,303.75;243,97;329,204
31675;56.75,200.5;148.75,64.25;255.75,167.25;287.5,144.75;31,265.25;89,303.75;243.75,96.25;329,204
8447;79.75,165.5;162.5,35;255.75,167.25;282.5,122.5;19.5,274.5;111.75,283;276,117;329,204
12281;79.75,165.5;194.25,60.25;273.5,127;280,101.25;19.5,274.5;119.5,252;276,117.5;294.75,186.75
25418;103.5,145;194.25,60.25;251.25,109.25;289.75,71.25;19.5,274.5;153.75,278.75;298.25,87.5;299.25,187.25
25044;150,128.25;181,36.75;251.25,109.25;335.75,81.25;19.5,274.5;176,312.75;296.25,88.5;307.5,150.25
42997;168.75,91.5;181,36.75;275.25,66;300.25,56.5;14.75,309.75;176,312.75;296.25,88.5;307.5,150.25
43370;176.25,109.5;181,36.75;244.25,102.25;300.25,56.5;10,274;193,306;296.25,88.5;360.5,167.25
18218;137.25,98.5;181,36.75;225,147.5;291.5,57.25;1.75,310.75;192.25,305.25;296.25,88.5;360.5,167.25
21621;137.25,98.5;151,29.75;183.75,143;337,48.25;1.75,310.75;223,319.5;296.25,88.5;322,162.75
6611;136.5,147.5;147.25,8;189.75,117.75;337,48.25;6.75,293;185,289.75;296.25,88.5;322,162.75
46833;104,142.75;157.25,1.5;189.75,117.75;276,44.25;6.75,293;175.25,317.5;298.75,26.75;358.25,145.25
262;69,153;147,44.5;243.25,101;276,44.25;6,310.75;176.5,318;292.75,28.5;358.25,145.25
18589;30.75,115.75;164.25,36.5;242.75,102.75;276,44.25;41.5,319;185.25,289.25;298.25,9;358.25,145.25
47480;37.25,70.5;164.25,36.5;242.75,102.75;276,44.25;27.5,287;176,304.75;266,52;326.25,161.5
39348;6.5,51;185.5,19.75;226,105.25;293.5,56.5;27.5,287;176,304.75;256.25,48.25;344.25,141.25
33105;2.75,91;214,32.25;266.75,144;302.25,113.75;27.5,287;176,304.75;218.75,18;344.25,141.25
35023;4.25,91.75;210.75,34.5;257.25,155.75;316,113.75;27.5,287;148,319;255.25,14.75;344.25,141.25
39140;4.25,91.75;224.75,56;249.5,116.5;331,145.5;27.5,287;148,319;285,13.75;311.25,159.25
13719;4.25,91.75;224.75,56;246,95.25;331,145.5;6.75,314.5;144.75,298.5;244.75,17.5;277.25,191.75
1860;30.25,123.75;225,55.25;246,95.25;331,145.5;33,281.25;153,299.75;222.75,62.75;312.75,162
35200;62.25,97.5;214.75,15.75;247.5,96.25;298,111.5;25.5,323.75;153,299.75;233.5,35.75;312.75,162
48532;20.25,80.25;214.75,15.75;242.5,119.25;248.5,116.5;25.5,323.75;153,299.75;225.25,51.75;300.25,198.75
25382;20.25,80.25;248.5,8;271.75,134.75;293,103.75;25.5,323.75;163,301.5;225.25,52.25;304.25,225.5
43215;44.75,125.5;246.5,45.75;268.5,103.25;287.5,104.75;25.5,323.75;163,301.5;225.25,52.25;291.5,266
20552;78.75,134.5;242.5,71;288.5,70.5;323.25,125.25;25.5,323.75;163,301.5;243.5,72.25;292,267
28250;107.25,167.75;224.75,89.5;288.5,70.5;299.25,114.25;13.25,310.75;143.25,299.5;248,76.5;292,267
41630;107.25,167.75;223.75,89;255.75,66.25;299.25,114.25;13.25,310.75;155.25,252;233,120.5;249.5,291
10089;148.5,192.75;243.5,78;254.25,109.25;299.25,114.25;35,273.5;155.25,252;235.25,75.5;238.5,319
5520;118.25,200.25;243.75,27.5;254.25,109.25;304.5,76.75;46.75,253.25;154.25,287;235.25,75.5;240,318.75
3704;67.75,210.25;239.5,43.5;270,164.5;350.25,97.25;50,251.75;206.5,275.5;235.25,75.5;240,318.75
45994;75.75,205.5;239.5,43.5;289.75,114;358.5,138.25;41.5,198;190.75,254.75;206.25,41.25;240,318.75
47122;60.5,242.5;221.25,77.75;324,157.5;354.75,184;41.5,198;190.75,254.75;192.5,22.25;240,318.75
47068;36.5,199.25;218.5,39.25;356.25,154.75;367,186.75;8.75,196.25;190.75,254.75;192.5,22.25;240,318.75
44026;10.75,170.25;186,47.5;360,123.25;367,186.75;7.5,195;177.5,290.25;192.5,22.25;234.25,309.75
15329;10.75,170.25;178.5,42.25;305.25,120;367,186.75;12.75,149;150.25,301.5;195.75,41;233,305
1892;4.25,217.5;178.5,42.25;317.75,112;367,186.75;41.75,111.75;161,279.25;212.5,60.5;233,305
33618;1.5,182;227,49;297.5,148.25;367,186.75;32.75,136.75;167.25,236.5;212.5,60.5;233,305.5
27913;0.25,145.5;212.25,7;292,113.5;359.25,171.75;76.75,141;167.25,236.5;212.5,60.5;233,305.5
9427;7.5,174.5;222.25,57;311.5,102.25;334.25,138.5;63.25,131.5;189.25,183.5;212.5,60.5;233,305.5
25489;52,177;182,90.75;278.75,73.25;319.25,195;16.75,106.75;189.25,183.5;212.5,60.5;283.25,310.5
17768;52,177;163.5,127.5;276,102.25;319,149.5;19.75,118.25;189.25,183.5;241.5,95;245.5,287.25
39344;51,144.75;147,126.25;291.25,102.75;317.75,114.5;19.75,118.25;202.25,173;240.5,95.75;245.5,287.25
34890;32.5,101.75;146.25,126.75;264,130.5;324,138.25;26.75,113.75;202.25,173;220,115.5;245.5,287.25
1657;32.5,101.75;110.25,118.25;293.25,155;343.75,131;22,124.75;202.25,173;213.5,108.25;273.5,263.5
5960;32.5,101.75;110.25,118.25;297.75,153.75;357,164.25;47.25,138.5;195.25,182.75;230,124;284.25,281.75
46179;0.25,87;134.75,128;279.25,193;357,164.25;46.75,138;195.25,182.75;251.5,168.25;296.5,256.75
6957;30.75,67.25;108.5,113.5;239.75,159.5;369.25,147.75;18.5,118.75;143.75,169.25;251.5,168.25;296.5,256.75
20440;6,105.25;66,89.5;268,134.75;323.25,150;18,120.5;144.75,201.75;251.5,168.25;296.5,256.75
39734;6.5,123.5;48.25,56.5;269.5,126.75;312.5,150.75;18,120.5;144.75,201.75;238.25,150.75;263,254
37133;24.5,171;41.75,101.5;303.5,167.5;323.5,125.25;18,120.5;106,200.5;216.5,124.75;263,254
34049;62.75,184.5;78,69;303.5,167.5;323.5,125.25;63,92;122.25,161.5;209.25,175.75;286.5,225.5
33167;92.5,206;123.5,85;268,133.25;319.5,116;63,92;94.25,158.25;201.5,224;286.5,225.5
913;70.5,175.5;123,85.5;268,133.25;300.75,111;84,103.75;113.75,143.5;205.25,177.5;286.5,225.5
30234;62.5,217.5;145.5,76.25;275,132;330.5,80.75;56.25,139.25;147.75,155.25;205.25,177.5;286.5,225.5
11452;49,240.75;183.5,92;310,162;358,102.25;102.75,129.25;148.25,153.75;205.25,177.5;286.5,225.5
26775;74,223.25;183.5,92;263.5,180.75;337.75,134.5;110.25,171;138.25,124.25;205.25,177.5;279,258.75
43662;72.75,270.5;191.25,114;291,165.5;337.75,134.5;104.75,196;138.25,124.25;169.75,190;238,266.5
25784;82.75,312;227.5,98.75;271.25,129;337.75,132.5;104.75,196;140.75,162.25;169.75,190;280.25,287.25
6333;83.25,314.5;207.75,70.75;249.75,168;337.75,132.5;104.75,196;155.75,169.75;197.5,174.75;243.5,287.75
45332;83.25,314.5;242.75,44;249.75,168;352.75,103.75;150,225;155.75,169.75;242.5,176;245.75,310.25
33472;83.25,314.5;269.5,104.5;272.75,190;352.75,103.75;155.75,169.75;222.25,175.75;224.75,212.5;287.25,288.25
49042;130.5,287;269.5,104.5;298.75,208;336.25,151.75;155.25,202.75;209.75,153;224.75,212.5;320.5,314.5
19547;130.5,287.5;283,55.75;298.75,208;336.25,151.75;160,225.75;176.5,107;230.25,184.5;349.25,294.75
9540;130.5,287.5;269.5,102.75;287.25,262.25;336.25,151.75;160,225.75;220,133.25;261,139.5;319,270.25
22893;86.25,298.75;269.5,102.75;285.75,317.25;313.5,137.25;130.75,197;220,133.25;283.25,137.5;317.75,271.25
36493;86.25,298.75;267.75,57;274.75,274.5;288.25,106;172.5,179.25;220,133.25;288.75,114.75;366.5,278.5
44210;69.5,318.25;267.75,57;281,322.5;327,89.75;158.25,225.75;242.75,120.75;286.75,110;366.5,278.5
7137;69.5,318.25;271.5,72.5;281,322.5;327,89.75;149.75,174.75;249,77.5;301,61.75;338.25,273.5
41670;69.5,318.25;271.5,72.5;278.25,323.75;327,89.75;151.25,223.25;220,78.25;318.75,41.5;325.5,219
21868;50.75,286.25;240.75,47.25;278.25,323.75;327,89.75;148.75,225.75;184.25,100;262,17.75;334,197
49777;89,270.75;246.5,9.5;278.25,323.75;301.25,140.75;167.5,277.75;184.25,100;313.25,16.75;334,197
44847;90.25,284.25;246.5,9.5;278.25,323.75;309.25,115;163.25,299.25;184.25,100;293,36;359.25,227
32356;89.5,248.75;276.5,52.5;278.25,323.75;293.75,57.5;121.5,323.75;184.25,100;293,36;328.25,179.25
21336;60.75,240.75;276.5,52.5;278.25,323.75;293.75,57.5;99.75,314.75;134.25,98.5;302.5,6.25;328.25,191.25
1891;60.75,240.75;276.5,52.5;290.25,318.75;293.25,53.5;93.5,281;191.5,95.5;261.75,16.75;352,162.5
10435;9.75,223.5;218.75,43.25;290.25,318.75;318.25,72.5;141.75,303;191.5,95.5;262.5,19.25;294,194.25
25259;1,174;229,69.75;245.75,309;352.5,42.75;141.75,303;191.5,95.5;262.75,19.75;298,202
1910;0.25,138.5;189.5,77.25;248.75,269;352.5,42.75;96.5,316.75;191.5,95.5;262.5,19.25;352,203.5
30330;42.5,122.5;163,101.75;283.5,286.75;331.25,79.5;61,323.25;191.5,95.5;263.25,60.75;352,203.5
43167;59.5,123;140.5,78.25;281,320.75;346,86.25;39.75,319.75;191.5,95.5;269.25,63.25;352,203.5
18831;56.5,170.25;143,89.5;289.5,321;346,86.25;13,311.5;190.25,92.5;269.5,70;352,203.5
47410;81,175;110,61.5;289.5,321;333.5,99;2.5,308.5;190.25,92.5;302.5,37;352,203.5
7005;81,175;139.75,59.25;325.75,322.75;333.75,98.5;5,294.25;201.25,119.75;330.75,58.5;352,203.5
1190;80.5,170.75;175.25,110;307.5,288.75;335.5,50;13,273.5;215.5,165.75;330.75,58.5;352,203.5
31685;73.75,182.5;147,128.75;289.25,320.5;335.5,50;46.75,295.5;185.25,175.5;348.5,81;352,203.5
35754;74.5,141.5;133.75,190;330.75,283.25;362,81.75;5.75,307.25;185.25,175.5;348.5,81;352,203.5
7639;43.5,122.5;99,191.75;332.25,269.75;362,81.75;20.75,279;219,166.25;348,24.75;352,203.5
47684;51,65;87.5,181.5;343,217;348.75,83.5;19.75,296.75;219,166.25;348,24.75;352,203.5
37817;51,65;135.5,151.5;312.25,201;364,50.5;28,321.25;187,160.5;347.75,25.25;352,203.5
29149;51,65;133.25,160.25;304,163;364,50.5;61.75,296.5;210.25,176.75;320.25,30.75;335.5,161
24684;51,65;105.25,195.25;306.25,217.5;370.75,51.25;48.5,294;151.75,186;320.75,30.5;335.5,161
2982;85.75,107.5;105.25,195.25;271.5,212.5;348.25,34.5;63,306.25;155.75,241.5;321.5,29.75;335.5,161
44633;37.5,71.75;130.75,188;271.25,168.25;299.25,54;49,249;128.5,225;321.5,29.75;335.5,161
18192;1,102.25;99.5,236.5;271.25,168.25;288.5,104.25;70.5,212;78,189.5;321.5,29.75;335.5,161
41910;1,102.25;123.25,269.75;292.5,209;315.5,149.5;16.25,215.25;50.75,222;321.5,29.75;335.5,161
40096;1.5,102.75;121.75,292;278,249.25;315.5,149.5;13.75,202.75;61.25,223;324.25,81.75;335.5,161
26419;2.5,62.75;143.5,267;278,249.25;343.5,178.5;2,156.75;25.5,191;324.5,82;335.5,161
38434;2.5,62.75;173.5,210;294.25,190.25;368.5,171;1,156.75;16.25,202.75;312.25,107.5;335.5,161
41728;39.25,44.25;226.75,193.25;329.5,161;361.5,217.75;1,155.75;35.25,212;312.25,107.5;335.5,161
45337;92.25,20.5;226.75,193.25;329.5,161;349.25,230.25;22.25,159.75;98.5,190.5;340.5,79;356.25,155.5
42831;109.25,16.75;242.5,218.75;312.75,147.5;343.25,270;22.25,159.75;98.5,190.5;356,80.5;356.25,155.5
24278;81.5,67;179.75,231.5;270.75,148.25;342.75,270.5;60.5,165;153,178.25;356,80.5;356.25,155.5
33585;81.5,67;179.75,231.5;265.5,179.25;342.75,270.5;82,208.5;201.25,149.25;320.75,51.25;340.25,137.25
49412;91.25,86.5;173.75,225.5;294.25,164.5;342.75,270.5;71.5,171;228,113.75;336.5,53;340.25,137.25
1663;136.5,88.75;173.75,225.5;315.25,127.25;347,288.5;123.25,157.5;196.75,96.5;335.5,48;340.25,137.25
38730;136.5,88.75;156.75,226.75;310.25,101.25;353,262;124.5,196.25;214.5,140.5;336,48.25;340.25,137.25
36431;87.5,62.75;179.25,233.75;310.25,101.25;358.75,208.5;124.5,196.25;215.5,139.25;305.5,7.75;309,181.75
31153;87.5,62.75;187.75,267.5;288.5,73.75;338.25,199;124.5,196.25;200.75,150;263.5,17.5;308.75,181.75
20338;132,78;187.75,267.5;288.5,73.75;340.5,199;162.75,189;187.5,164;295.25,4.5;307,149
18274;132,78;219.25,252;292,52.5;341.25,228;164.5,163;189.5,175.5;298.25,4.25;307,149
41457;132,78;247,219.5;255.75,74;347.5,242.25;142,152.75;189.5,175.5;298.25,4.25;301.25,199
3159;169.5,106.75;230.5,190.75;257,122.5;355,275.5;153.25,189;221.75,203.5;298.25,4.25;301.25,199
29592;169.5,106.75;230.5,190.75;239.25,99.25;325.25,225.75;122.5,228.5;223,229.75;269.25,20;277.25,218.25
8842;151.75,49;230.5,190.75;239.25,98.75;348,197.75;165.75,241;187.75,177.75;269.5,86.25;277.25,218.25
22739;132,21.75;231,191.25;239.25,98.75;330.25,158.25;145.75,271;197.75,173.25;268.5,67;277.25,218.25
7596;132,21.75;234.25,190.5;270.5,134.75;353.75,187;120.5,230.5;197.75,173.25;230.5,42;276,174.25
5545;132,21.75;244,203.25;268,134.75;301,188.25;110,252;193,172.75;208.25,84.75;276,174.25
23972;128.75,19.75;251.5,176.5;271,180;293.75,165.75;71.5,283;193,172.75;208.25,84.75;241.75,168.5
2381;128.75,19.75;251.25,176.75;265.25,167.25;281.25,137.75;71.5,283;189.5,174.5;201.75,107.75;231.5,212.25
30719;177,49;251.25,176.75;290.75,147.5;301.75,166.25;71.5,283;136.75,172.75;201.75,107.75;263,214.25
16235;175.5,50.5;266.5,177.5;296.25,101.5;303.5,163.25;71.5,283;145,203.25;207.25,107.25;263,214.25
44260;175.5,50.5;241,196.5;285.5,90.75;301.25,116;35.25,253;148.25,188.5;207.25,107.25;276,250.5
18593;201.5,41.5;237,200.5;250.25,97.75;275,105.75;35.25,253;149.5,190.25;207.25,107.25;240.5,222.75
43382;201.5,41.5;207.75,169.25;258.5,78.5;260.25,133.25;71.5,263.5;196.75,176.75;207.25,107.25;240.5,222.75
5949;201.5,41.5;207.75,169.25;235,66.75;260.25,133.25;59,255.75;141.75,202.75;187.25,95;190,197.5
2323;199.75,12;207.75,169.25;235.75,66.5;309.25,98.75;7.5,246.5;141.75,202.75;142.5,53;195.75,249.5
35737;174.25,59.5;185.75,203.5;188.5,72.75;309.25,98.75;11,246.5;106.25,153.75;142.5,53;158.75,203.25
11656;172,56.75;203.5,236;213.5,54;309.25,98.75;11,246.5;109,104.5;137.5,56;209.75,203.25
23366;163.75,16.5;203.5,236;213.5,54;335,61.5;24.75,250.75;73.5,81;97,79;210.25,202
3965;144.75,21.25;171.5,229.75;213.5,54;361.25,57.75;1.5,246.5;73.5,81;91.25,76.75;234,211
30522;116.5,43.25;132,230;225.75,14.25;361.25,57.75;30.25,279;75.75,81;91.25,76.75;219.75,170
16298;117,43.75;160,253.5;225.75,14.25;337.25,31;30.25,279;48.75,78.5;82,88.25;197.75,174.5
18681;79.5,37.75;137.25,241.25;185,20.25;293.5,52.75;30,278;48.75,78.5;82,88.25;203.75,172.75
37714;80.75,38.5;138.25,254.5;226,29.25;286.25,54.75;35.5,317.25;48.75,78.5;84,71.75;203.75,172.75
23345;81.75,40.5;120.25,225.25;232,83.25;323.5,88.25;35.5,317.25;52,101.75;84,71.75;203.75,172.75
30223;79,5.5;133,191.75;269.5,60.5;323.5,60;35.5,317.25;51.5,101;97.25,49.5;203.75,172.75
32562;109.25,15.25;115.75,146;289.5,70.25;323.5,60;27.5,308;51.5,101;114.5,56;222.75,220
16509;108.25,14.75;129.25,187.5;250.75,77;292,55.5;27.5,308;63.25,57.25;152.25,30.75;222.75,220
43883;108.25,14.75;113,202.75;207,46.75;277,18.5;40.5,281.75;98.75,38.25;152.25,30.75;229,266
32873;95,59.75;148.25,160.25;207,46.75;268.25,71.75;40.75,282.25;56,15;192.5,69.25;229,266
48030;80.5,32.5;145.75,108.75;200.25,85.25;291.5,105.75;40.75,282.25;56,15;192.5,69.25;228.75,227.25
48358;96,27.25;145.75,108.75;200.25,85.25;291.5,105.75;7.25,292.5;59.25,35.5;207.25,105.25;218.75,212
15504;139,55.25;179,85.25;240,79.75;309.25,88.5;7.25,292.5;26,31.5;207.25,105.25;233.5,223.25
24611;121.75,11.25;138.5,55.25;240,79.75;333.75,101;7.25,292.5;70.25,10.75;190.25,69.25;264,255.25
47348;120.25,12.75;122.5,49.75;230,128.75;324.5,155.25;7.25,292.5;70.25,10.75;151.5,53;283,242.5
29238;120.75,12.25;154.75,85.75;245.5,179;324.5,155.25;7.25,292.5;20,16.75;199.75,67.75;288.75,288.25
47515;129.25,23.75;192.5,58.5;222.25,204;324.5,155.25;6.5,292.5;20,16.75;147.25,81.75;321.75,313.5
20925;132.25,21.5;204.75,63.25;222.75,201;324.5,155.25;6.5,292.5;27.25,40.5;186,58.75;305.75,296.5
3542;132.25,21.5;204.75,63.25;273.75,215.75;334.25,178;6.5,292.5;78.25,26.25;147.5,51.5;288.75,280.5
15132;132.25,21.5;204.75,63.25;290.25,209;366,167.25;13.75,310.25;77.5,26.5;163.25,85.75;325.25,242
19139;114.75,38.75;201,93;325.25,232.25;344,198.75;13.75,310.25;77.5,26.5;163.25,85.75;354.75,266.25
11576;134,28;204,94.5;276.75,263.25;310,158.5;13.75,310.25;106,41;212,106.5;354.75,266.25
16909;169.5,59.5;206.25,138.75;258,284.5;307.75,160.5;15.25,314.5;85.5,20.5;212,106.5;354.75,266.25
39211;169.5,59.5;206.25,176.5;258,284.5;307.75,160.5;36,310.25;54.75,40.25;209.5,99.75;363,241.5
14678;184.5,38.5;205.75,197;251.75,267.5;307.25,160.75;12.5,292.5;54.75,40.25;209.5,99.75;362.5,241.25
22297;177.75,18.5;231.5,182.5;246.5,283.25;326,209.25;24.5,279.25;57.25,78.75;209.5,99.75;362.5,241.25
49331;177.75,18.5;242.5,219.5;248.25,308.5;290,208;36.75,227;49.75,30.5;183.75,91;362.5,241.25
4931;188.5,48.5;254.5,219.5;266.25,299.5;290,208;4.25,173.75;49.75,30.5;146.25,88.75;362.5,241.25
36387;188.5,48.5;226,242.25;256.25,281.25;279.5,189;5.25,170.75;49.75,30.5;175,29;360.25,279.5
41969;170.75,20.5;175,265.75;257,280.25;271.25,166.75;5.25,170.75;49.75,30.5;220.75,49;358,285.5
13176;149.75,9.5;185,270;255.5,280.75;271.25,166.75;40.75,156;49.75,30.5;243.25,33.25;336.25,312.25
36560;108,39;218.25,259.5;242.75,302.5;323.75,149.25;46.25,157.5;49.75,30.5;299.5,38;336.25,312.25
27243;154.25,28.75;165,253;242.75,301.75;367.5,164.75;47,130.5;49.75,30.5;288.5,41.75;336.25,312.25
4438;160,71.5;165,253;242.25,302.75;362.75,202;21,176.75;86.25,16.75;260.75,53.75;336.25,312.25
29831;131.25,23.75;149,227;240,296.75;362.75,202;20.75,175.75;87.25,17;229.75,18;336.25,312.25
32698;127.25,25.75;184.25,272.75;293,304.5;328.5,154.75;20.75,175.75;87.25,17;240.75,55.25;336.25,312.25
47590;118,25;184.25,272.75;293,304.5;328.5,154.75;20.75,175.75;121,8.5;276,56.5;314.5,312.75
39678;125.25,28.25;155.75,256.75;338.5,311.75;347.5,128.25;20.75,175.75;121,8.5;275.25,55.75;284.5,276.25
34499;125.25,28.25;156.75,256.5;309.5,319.75;327.25,165.75;35,234;120.75,8;245.25,14.75;284.5,276.25
5569;126,26;198.5,223.5;248.75,298;327.25,165.75;20.25,186.75;97.75,40.25;245.25,14.75;252.75,309.25
19682;119.25,4.75;214.25,217.25;248.25,298.5;349.5,133.75;20.25,186.75;102.75,46.75;239.25,69.75;252.75,309.25
4933;119.25,4.75;189.25,262.75;264.25,299;342.5,77.25;17.5,187.5;78.25,19.25;235.75,124.75;252.75,309.25
46373;154.5,43.5;225.75,252;226.75,271.25;298.5,111;8.5,173.75;78.25,19.25;248,168.75;252.75,309.25
38782;165.25,36.5;222.25,199;229.75,253;291.25,54.25;8.5,173.75;78.25,19.25;228.5,201;252.75,309.25
30985;152.25,16.25;222.75,201;247.75,287.75;279.5,18;8.5,173.75;99.25,40.75;238,220.25;252.75,309.25
35587;152.25,16.25;177,208;242.75,308.5;317.5,2.5;8.5,173.75;65.25,47.5;212.5,263.5;253.25,310.5
14179;180,59;186.25,202.5;264.75,301.5;297.75,5.5;60.5,206.75;65.25,47.5;212.5,263.5;253.25,310.5
22990;154.75,110;187.75,203;264.75,301.5;297.75,5.5;20,197.75;112.75,91.25;172,233;248,276.25
18790;154.75,110;188,203.5;264.75,301.5;340,19;60.5,201.5;155.25,123.25;195.5,221;252.25,256
17671;136.5,126.5;156.25,228.25;264.75,301.5;341.25,18.75;76.5,169.25;142.5,91.75;198.5,224.25;252.25,256
49460;179.5,83.25;184.25,269.75;275.75,245.25;286.75,44.75;114.75,199.5;142.5,91.75;200,219.75;252.25,256
39181;163,108.25;212,311;245.5,264.25;293.75,54.25;114.75,199.5;164,96.5;200,219.75;252.25,256
6432;155.25,146;212,311;224.75,218;309.5,14.5;97.25,156.25;164,96.5;199.25,220.5;247.25,245
6695;143.25,137;212,311;231,185;309.5,14.5;83.25,181.75;152,89;168.25,221.25;239,292.75
24779;145,128.25;196,296.25;205.5,197.5;309.5,14.5;82.5,180.25;162.75,92.25;168.25,221.25;291,287.75
37455;145,128.25;190.25,245.75;243.5,181.25;309.5,14.5;82.5,180.25;162.75,51.5;176,241;266.25,322.25
6141;145,128.25;182.25,261.5;244,181.75;332,32.5;97.5,189.5;161.75,55;176,241;242,320.5
29468;175.25,110.5;201.25,216.5;228.75,135.75;290,23.5;97.5,189.5;159,51;221,246.75;242,320.5
30073;186,60.25;201.25,216.5;274.25,167.25;290,23.5;74.75,153.75;174,107.5;224.5,256.5;243.5,318.75
49625;186,60.25;201.25,216.5;254,200.75;259.5,30;74.75,153;176.75,105.25;212,264.5;244,308.75
44300;218.75,41.5;233.5,248.75;254,200.75;304,54.25;74.75,153;176.75,105.25;195,308.25;235.25,254.75
6865;207.75,61;233.5,248.75;279.25,167;324,64.75;74.75,153;186.5,97.5;207.25,284.75;263.25,275.5
16206;207.75,61;213.25,294.25;279.25,167;324,64.75;64,101.75;168.75,89.25;227.5,314.75;265.25,317.75
47147;207.75,61;263.25,270.25;272,166.5;296,36;99.5,143.5;126.75,106.5;227.5,314.75;280.75,305.5
6481;182,48.5;263.25,270.25;272,166.5;296,36;114.25,144.25;115.25,91.75;224.5,272;275.75,286.75
23965;166.75,100.25;231.5,237;240,219.5;296,36;114.75,144;148,43;162,278.75;275.75,286.75
15367;144,128.5;209,195.5;251,220;252,59.25;114.75,144;155.25,17.5;162,278.75;275.75,286.75
32820;144,128.5;249.75,168.5;277.5,261.25;299.5,54.25;114,144.75;154.75,12.5;159.5,318.75;275.75,286.75
47102;144,128.5;249.75,168.5;266.75,242.5;324.5,105;77,126.75;154.75,12.5;166.25,299.75;316,301
32116;144,128.5;270,179.25;275,221.75;335.5,141.25;37,141.5;156,15.25;161.5,300.75;316,301
10762;144,128.5;264,179;308.75,258;315.5,113.75;63.75,95.75;156,15.25;199,319.25;316,301
8468;107.5,106;272.75,223;283.25,295;356.5,101.75;63,95.25;158.75,31.25;199,319.25;316,301
30600;95.25,85.25;286.25,164.75;306.75,318.25;356.5,101.75;94.75,52.25;128.25,77;204.25,290.75;316,301
13742;71.25,87;286.25,164.75;294.75,322.5;356.5,101.75;108,7.5;143,118.5;204.75,297.25;290.5,280.75
43704;43,46.75;287.5,143.75;329.75,294.5;353.25,103.75;57.25,8;143,118.5;204.75,297.25;321.75,310
9330;43,46.75;287.5,143.75;345,272.75;353.25,103.75;80.75,40.25;104.25,121;194,267.25;347.75,278
32788;43,46.75;267,114;345,271.25;353.25,103.75;80.25,25.75;82.25,153.75;177.25,263.5;312.5,242.75
43572;60.75,5.5;303,115.25;347.25,308.25;351.5,128.25;80.25,25.75;82.25,153.75;128.5,251.5;312.5,242.75
18915;102.75,17.75;291.75,111;302.5,318.25;322,103.5;80.25,25.75;82.75,152;139.75,267.75;312.5,242.75
48344;143.75,14.5;292,146.25;302.5,318.25;307.75,115.25;73,33;82.75,152;159,282;312.5,242.75
1664;111.25,33.25;244,127.5;302.5,318.25;307.75,115.25;46,41;83.75,152.25;171,296.5;277.25,211.75
7665;111.25,33.25;261,179.25;302.5,318.25;307.75,115.25;4,69.75;106.75,116.25;169,303.25;304.25,194.25
23924;144,13.25;301.75,157;302.5,318.25;306.5,114;4,69.75;63.25,121.5;201,322.25;308.75,189.5
7599;143.25,14.25;275.5,131.25;291,263.75;309.5,137.25;18,30;24.5,127.5;201,322.25;308.75,189.5
38793;143.25,14.25;273.75,165;298,210;309.5,137.25;10.25,4.75;26.5,178.25;201,322.25;293.75,216.75
12294;143.25,14.25;242.75,173;271.75,165.25;331,151.5;10.25,4.75;28.75,230;201,322.25;297,207.5
5557;143.25,14.75;217.5,231.25;271.75,165.25;328.25,212.75;6.25,4.5;12.25,294.5;201,322.25;338.25,199
17384;143.25,14.25;243.5,284.75;271.75,165.25;352.75,214.25;3.5,9;17.75,270;171.25,308.5;338.25,199
31433;124.5,51.5;255.75,316.25;277.75,216.5;352.75,214.25;3.5,9;10.25,287.75;168.5,302.25;338.25,199
8209;139.5,101.25;255.75,316.25;265.5,155.75;349.75,162.25;3.5,9;6.5,288.25;226.5,313.75;338.25,199
4501;139.5,101.25;202,311;292.25,111.75;341,213.75;3.5,9;3.75,279;261.5,292;334.25,205.25
15998;139.5,101.25;250.5,306;319.5,113.75;338.25,209.75;3.5,9;32.75,242;289.5,288.25;340.75,184.25
4898;139.5,101.25;290,322.75;292.5,146.75;362.25,209.75;16.25,3.75;33.25,242.25;288.25,288.5;340.75,184.25
45295;95,92.5;290,322.75;304.75,119.5;363.5,189.5;4.75,23.5;73,254.75;288.25,288.5;340.75,184.25
23824;63.25,56.5;293,322;304.75,119.5;359.25,210.25;12.5,14.75;53.25,263.25;288.25,288.5;340.75,184.25
44441;63.25,56.5;301.25,322.75;304.75,119.5;349.25,213.5;13.5,12.5;68.5,222.5;249.5,291;294.5,199.75
27473;97,58.25;277.25,283;304.75,119.5;349.25,213.5;13.5,12.5;108.75,201;219.25,248;291.75,195.25
22202;90.5,11.25;238.5,312.25;271,101.5;349.25,213.5;19.75,45;108.75,201;182,242.25;256.25,217
22184;62.25,23.75;218.25,301.75;298.25,120.5;349.25,213.5;48.75,57.5;75,211.5;164.5,277.75;256.25,217
29124;62.25,23.75;238.5,306;271,129.75;349.25,213.5;49.5,57.5;71,171;154.25,277.75;256.75,216.75
17005;31.25,17.5;236,315.75;271,129.75;356.25,169.75;49.5,57.5;71,171;151.75,222.5;291.25,216.75
10027;31.25,17.5;236,315.75;271,129.75;359,134.75;16.5,58.75;80.25,122;117,198.25;278,261.75
48488;6.5,62.25;235.25,315.75;318.25,135.75;364.75,121.25;37.25,65.75;80.25,122;117,198.25;263.25,274
26069;6.5,62.25;235.25,315.75;318.25,135.75;343.5,75.5;15,70.5;70.5,141;162.5,201.75;248,242.5
36033;6.5,62.25;254.25,322.75;302.75,132.75;327.75,34.5;38.75,34.5;70.5,141;178,213.25;246.5,242.75
32440;6.5,62.25;200.75,319.25;297.75,111.5;335.75,34;61.75,72.75;66.75,122;178,213.25;235.5,199.25
35183;6,6.75;215,277.5;306,97.75;333.5,65.5;61.75,72.75;66.75,122;178,213.25;213.25,183.75
28662;46.75,15.5;251,291.25;283.25,56;355.75,85.25;61.75,72.75;66.75,122;174.5,240;202.25,212.25
31623;58.25,5.5;251,291.25;267,9.75;363,38.75;24.25,107.5;69,152.5;174.5,240;202.5,211.5
15466;96,26.25;298,322.75;303.5,52;331.5,47.75;24.25,107.5;72.75,133.5;174.5,240;196.5,176.25
47763;96,26.25;254.25,301;296.75,8;331.5,47.75;24.25,107.5;67.25,108.5;172.25,290.25;241.5,163.75
35452;140.25,56;253.75,301.25;263.5,18;303.25,52;24.25,107.5;54,84.75;166,319;241.5,163.75
13816;134,62.75;239.75,316.5;241.5,30.75;303.25,52;54,84.75;55.5,131.5;189.75,275.25;240.75,161.75
47676;160,37.75;240.25,316.5;278.75,33.5;324.5,89.75;17,120.25;54,84.75;173,239;240.75,161.75
1738;207.5,62;257.75,275.5;275,65.25;287,103.25;5.5,156;54,84.75;173,239;204.5,187
38075;215.25,93.25;247,274;284,104.5;319,105;20,128.25;54,84.75;173,239;204.5,187
24857;187,89;213,291.25;255.75,155.75;317.25,106;2.25,104.5;54,84.75;173,239;244.75,164.75
23666;175,48;213,291.25;282,167.5;296,137.25;2.25,105;54.75,68;152,223;244.75,164.75
39622;175,48;201.5,260.5;282,167.5;296,137.25;12.5,68.5;49.25,112.25;122.75,197.5;232.75,185.5
31840;179,48.25;201.5,260.5;327.25,172.25;346.25,112.5;30.5,60;70.5,126;109.25,170.25;232.75,185.5
1988;135.25,20.25;221.5,244.75;346,112.75;356.75,163.75;18,20;21,156.75;109.25,170.25;232.75,185.5
27155;131.5,32.75;264.75,222.75;302.5,148.25;311.5,132.5;18,20;21,156.75;106.5,199.5;248,232.75
21852;74.75,45;212.25,202;295.75,104.5;309.25,115.25;18,20;21,156.75;110.25,136.25;248,232.75
13697;34.5,50.25;226.25,230;246.25,134.75;313.25,69.25;18,20;61,173.75;110.25,136.25;255.5,251.5
33991;70,26;206.25,176.75;246.25,134.75;323.75,51.25;20.5,71.75;61,173.75;146,161;256,249.25
23624;70.75,24;213.75,218.75;265.75,168.75;323.75,51.25;20.5,71.75;84.75,128.25;163.5,203.75;289.25,280.5
40676;70.75,24;170.25,219.5;230.75,153.75;295.25,55.75;20.5,71.75;84.75,128.25;141.75,197.75;276.5,284
11302;70.75,24;152.75,225;241,193.25;295.25,55.75;22.75,29.5;84.75,128.25;151.5,224.25;240,258.25
39411;71.25,23;168.75,221.25;228.75,207.25;259.5,19.5;22.75,29.5;61.5,170.75;125.25,194;240,258.25
36473;71.25,23;168.75,221.25;208,166.75;211.5,37.5;18.75,19.5;89.5,168.25;137.25,227.75;240,258.25
7193;104.75,47.5;169,220.25;208,166.75;245,13.5;66,30.5;85.75,146.75;185.75,248;240,258.25
13357;151.75,60.5;169,220.25;173,138.75;216.25,34.5;80.25,24.75;85.75,146.75;207,232.5;240,258.25
7651;148.5,111.75;169,220.25;183.75,113.75;241.25,5.5;24,8.25;99.5,190;207,232.5;240,258.25
24859;140,62.25;169,220.25;177,67.5;204.5,44;24,8.25;143.75,203.25;175.75,240;240,258.25
37256;112,55.5;172.25,176.25;180,35.5;211.5,45;24,8.25;174.25,166;175.75,240;235.75,254.25
38056;113,59.5;172.25,176.25;196.5,8;210.25,44.5;24,8.25;166.75,194.25;177.5,264.5;189,251
13466;114.5,59.5;153.75,226.5;192,38.75;271.25,25;41.75,1.5;166.75,194.25;177,264.75;189,251
46525;114.5,59.5;153.75,226.5;192,38.75;261.25,84;41.75,1.5;143.5,226;151.25,302.25;159.25,300.25
36774;115,59.5;168.75,223.5;221.5,88;262,61.25;41.75,1.5;107.75,263;151.25,302.25;157.25,272
35963;140.5,76.75;168.75,223.5;230.75,88;272.75,118.25;42,2;70,251.25;122.75,297.75;157.25,272
40772;140.5,76.75;180,176.25;271.25,64.75;273.5,165;42,2;57,296;122,296.25;182.5,288.5
29237;118.75,68;135.25,187.5;252.5,112.5;273.5,165;11.5,34.5;36,311.25;122.75,296.25;182.5,288.5
11039;130.75,26.75;132,239;219.75,82;273.5,165;10,32.75;36,311.25;111,293.5;219.5,269.75
31140;130.75,26.75;161.75,240.75;189,72.5;242,210.75;38.75,35.5;55,281;111,293.5;208.5,266.25
23652;129.5,26;137.75,225;211,33;256.5,220;74.25,11.5;75.25,248.5;111,293.5;208.5,266.25
25671;123.5,59.75;143.25,190;218,49.25;281.5,256.25;74.25,11.5;89,220.25;111,293.5;208.5,266.25
21067;124,61.25;124.5,202.5;222.25,9.75;249.25,302.25;75.5,21.5;89,220.25;111,293.5;166.5,284.5
31805;124,61.25;126,144.5;198.25,61.5;291.25,318.25;75.5,21.75;89,220.25;90.25,320.75;156.5,248.5
1560;124,61.25;158,134.75;182,69.5;300.75,320.75;75.5,21.75;78.5,222.25;123.75,318.75;168,226.5
30207;131,96.75;138.5,97.25;176.5,49.25;300.75,320.75;76.75,14.5;89.75,220.25;144.75,298.5;168,226.5
10945;125.25,90;138.5,97.25;186.5,88.5;304.5,314.75;45.25,35.25;65.5,171;100,263.5;168,226.5
35435;87.5,116.25;158,110.5;184,50.25;304.5,314.75;45.25,35.25;67.25,170.75;86.5,221.75;141,221.25
3835;108.25,166.25;173.75,87.25;184.75,61;283.75,319;45.25,35.25;86.25,222.5;97.25,183.5;141,221.25
37416;108.25,166.25;163.5,118;183.25,113.25;254.5,316.5;19.5,8.25;86.25,222.5;97.25,183.5;127.75,274.25
8131;124.75,122.25;137.25,124.25;223.5,129;256.75,316.5;19.5,8.25;97.25,183.5;114.75,228;143.75,303.25
46892;123.75,67.5;133.75,129;223.75,129.25;256.75,316.5;19.5,8.25;75.25,128.5;108.5,259.25;129.5,265
39300;114.25,43.25;157,112.75;190.25,112.25;234.5,272.25;19.5,8.25;75.25,128.5;108.5,259.25;119.25,283.75
48366;69.75,79.25;155.25,128;190.25,112.25;235,271.75;63.25,12.25;75.25,128.5;107.25,309;116,323.25
13863;41.75,123.5;143.25,147.5;211.25,78.25;235,271.75;81.75,13;87.25,153.25;116,323.25;117,287
45470;88.75,107;143.25,147.5;179.5,63;202,307.5;81.75,13;136.75,186.5;142.25,269.25;145,299
45666;88.75,107;100.25,191.5;171.25,36.5;219.25,320.5;93.75,21.5;142.25,194.75;142.25,269.25;145,299
1170;48.5,61.75;133.25,129.25;198.25,7.25;219.25,320.5;93.75,21.5;109.25,202;156.25,272.25;174.5,238.5
44889;67.25,83.5;143.25,126.75;198.25,7.25;219.25,320.5;106,38.25;109.25,202;124.75,315.25;153.5,226
6016;115,82.5;143.25,126.75;198.25,7.25;219.25,320.5;102.75,57.25;151.5,181.5;184.5,304.25;188.75,174
39366;76.75,125;175.75,111.5;233.25,42;243.25,297.75;102.75,57.25;151.5,181.5;184.5,304.25;236.75,209.25
10256;66.75,127.5;143.75,147.5;233.25,41.5;243.25,297.75;117,69.25;179.5,161.25;184.5,304.25;270.25,223.75
4040;66.75,127.5;162.5,144;211.5,81;254.25,277;137.75,71.5;145.5,192;184.5,304.25;303.5,199.75
5449;112.25,118.25;162.5,144;203.5,47.75;288.75,259.5;142.5,57.75;182.5,160.75;223,271.75;303.5,199.75
39672;115.25,120.25;157.25,149;191,50.5;298.25,208;142.5,57.75;182.5,160.75;186.25,231.25;346.25,204.25
1048;152,127.25;174.5,196.75;210.75,81.25;292,161;115.5,72.5;182.5,160.75;188.75,234.5;346.25,204.25
7967;152,127.25;188.5,229.25;217,61;298.5,111.5;149,105.75;175,164.5;198,180.5;346.25,204.25
44519;136.75,125.5;188.5,229.25;216.75,57.25;324.5,104.5;149,105.75;171.5,150.25;197,218;339,161
29006;136.75,125.5;188.5,229.25;216.75,57.25;326,116.25;162.75,92.75;181,147.75;237.25,183.75;359.75,156.5
21785;115,140.5;188.5,229.25;269.5,70.75;333.5,97.25;142,46.5;183.25,163;239,183;359.75,156.5
44822;115,140.5;219.5,259.5;288,73.75;305.5,100.75;150.5,79;203.5,151.75;239,183;359.75,156.5
38078;129.25,150.25;219.5,259.5;292.25,112.5;311,113;116,53.5;203.75,157.75;239,183;359.75,156.5
28790;131,100.75;219.5,259.5;279,138.5;332.75,90;161.75,53;238.75,133.25;239,183;359.75,156.5
9202;143,127.25;219.75,261.25;252.5,154.75;283.75,87.25;161.75,53;189.75,108.5;223.5,153;359.75,156.5
47399;179.75,111.25;219.75,261.25;252.5,154.75;294.25,70.5;170.5,53;174.5,117.5;224.5,123;356.5,153.75
18911;168.25,115.75;219.75,261.25;252.5,154.75;294.25,70.5;193,1.25;212.75,96.5;230.25,81;326.75,136
25709;201.75,61.75;218.75,241.25;228.25,201;317.5,81.25;193,1.25;212.75,96.5;230.25,81;302.75,86
7270;201.75,61.75;224,185.5;274.25,167.75;335.25,38.75;193,1.25;208.5,48;243,42;250,70.5
19792;168,58.5;224,185.5;255.75,120.5;339.75,39;193,1.25;201,67.5;241.25,82.75;244.75,76.5
27444;118,36.25;242.25,207.75;298.5,114;307.75,52.25;193,1.25;201.75,68;217.75,108.5;244.75,76.5
35991;118,36.25;287.25,187.25;318.5,106;322,88.25;193,1.25;202.25,67.5;219.5,135.25;258,75.5
45116;118,36.25;296.5,148.25;299.5,57;351.75,89;193,1.25;202.25,67.5;242,164.75;296.25,60
25648;118,36.25;297.5,157;311.25,67.5;316.5,111.5;152.25,4.75;202.25,67.5;240,218;321.25,63
32646;166,17;253,135.25;308.75,56.75;316.5,111.5;150.5,4.75;221.5,48.75;277.75,233.25;321.25,63
35274;188,36.5;236.75,151.5;308.75,56.75;340,89;152.5,7.25;221.5,48.75;262.75,236.5;309.75,22.5
47276;155,33.75;222,109.5;308.75,56.75;328.75,118.5;143.75,48.75;213,5.25;230.75,205.5;309.75,22.5
43163;132.75,56.25;201,131;327,105.5;365.75,90;143.75,48.75;213,5.25;230.75,205.5;293,35
22281;143.75,14.5;161.75,179;320.25,159.75;365.75,90;92,47.75;174.5,11.75;292.5,199.5;293,35
30519;143.75,14.5;188.75,215.25;274.25,164.25;360,129;50,87;216.75,6.25;282.5,237.25;293,35
25792;158.5,34.5;160.25,223.75;274.25,164.25;360,129;19.25,59.75;221,21.5;240,274.75;292.25,31.5
21245;158,86.25;160.25,223.75;305.25,155;309.75,110.75;74,29.5;239,5;240,274.75;291.75,31.5
32027;147,127.75;147.5,225.75;305.25,155;309.75,110.75;107.25,47.5;228.5,20;241.5,319.5;300.25,84.5
22043;147,127.75;178,241.75;288.5,169.25;302.25,134.25;159.25,53.5;177.5,10.75;241.5,319.5;283.5,38
25084;142.25,89.75;172.5,295;274.75,219.75;297.5,114.5;126.25,20;177.5,10.75;241.5,319.5;322.75,57.25
33851;142.25,89.75;144.25,266.25;274.25,220.5;301.25,112.25;126.25,20;187,44;219,275.5;347,81.75
3887;112.25,108;130.75,243.5;274.25,220;331.75,100;126.25,20;187,44;227.25,268.25;351.75,55.75
46277;112.25,108;121,252.75;274.25,220;340.5,96.75;126.25,20;172.25,38.5;236,265.25;311.25,30.75
6612;90.5,118.5;140,297;263,237.75;340,98.25;145.75,31.25;172.25,38.5;236,265.25;329,5.25
42648;78.5,119.75;145,299.5;261.25,239.5;342.5,86.25;107,41.5;172.25,38.5;236,265.25;357,5.5
21371;51.25,139;124.75,300.5;261.25,239.5;342.5,86.25;115.5,72.75;172.25,38.5;187.5,253;354,44
6042;51.25,139;81,315.75;219.5,261;364.75,72.75;115.5,72.75;145.5,52.5;175.5,304.25;337.75,42.75
22615;42,179;103.5,313.75;278.75,238.25;364.75,72.75;115.5,72.75;118.25,19.5;176,309;336.25,50.5
30651;42,179;116.75,258.75;332.5,216.75;364.75,72.75;85.25,72.5;142.25,21.25;176,310;347.5,79.5
48190;42,179;124.5,301.5;322.5,209.25;364.25,74.25;48,33.5;103.25,67.25;173.5,267.5;347.5,79.5
28137;42,179;131.5,289.25;311.5,243.75;364.25,74.25;45,6.25;121.75,103.5;174,268.5;339,78
30305;87,150;154.75,308;316.75,299;364.25,74.25;45,6.25;129.75,107.25;141.25,270;339,78
45273;87,150;154.75,308;314.75,304.25;335.75,15.25;45,6.25;104.5,152.25;136.5,241.75;341.25,79.5
5070;118.25,201.25;196.25,279;314.75,304.25;335,15.25;45,6.25;136.75,197;150.75,225.5;348.5,77.5
29889;89,176.75;183.25,252.5;314.75,304.25;340.5,28.75;44.25,8.25;97.5,220.25;193.5,248;348.5,77.5
21924;70.25,188.5;160.75,260.25;325.75,278.5;335.75,19.75;44.25,8.25;100,220;166.75,222;348.5,77.5
24682;53,209.75;193.5,294.25;325.75,279;335.75,19.75;31.5,45;87,168.75;196.25,180.25;348.5,77.5
38039;93.75,175;193.5,294.25;325.75,279;326.75,28.5;17.5,5.75;52.75,177.25;164.25,163.75;348.5,77.5
23450;34,157.75;196.75,294.25;272.25,267.5;327.25,26;51.5,5;52.75,177.25;205.25,176;348.5,77.5
3811;25.25,189.75;196.75,294.25;272.25,267.5;320.25,55.75;20,19.75;21,119.75;205,176.5;333.75,136.5
3615;27.75,154.25;158,265.25;276.5,213;320.25,55.75;20,19.75;43.5,137.5;203.75,218;333.5,136.75
5837;71,175.5;149.25,299.75;276.5,213;326,32;17.75,52;43.5,137.5;194.25,248.5;355.25,162
40425;88.25,149.75;156.75,246.5;276.5,213;332.5,48.5;17.25,51.5;58.75,97.25;194.25,248.5;327.25,124
30488;135.25,155.75;155.25,246;276.5,213;358.25,81.75;4.5,37.75;53.25,91.25;201,256.25;327.25,124
38406;135.25,155.75;169.5,275.25;263.25,203.75;354.5,97.25;4.75,24;90.25,72.25;201,256.25;296.75,152.5
28697;106.25,125;198.5,299.25;267,228.5;354.5,97.25;4.75,24;57,87.75;171.25,264.25;294.75,153.25
48774;89.25,171.25;209.5,310;237,270;364.25,70.25;4.75,24;57,87.75;171.25,264.25;279.25,107.25
46502;68.5,141.25;231,285;245,287.75;342.75,46.75;4.75,24;57,87.75;172.5,271;279.25,107.25
43044;74,175;250.75,278.5;263,237.75;341,50.25;4.75,24;57,87.75;162.75,319.5;288.25,84.5
22929;74,175;250.75,279.5;307.5,216.5;334.25,49.25;4.25,45;39.25,105.25;110.5,309.25;288.25,84.5
18690;74,175;223,252;302.25,220.75;334.25,49.25;5,44.25;81.25,127.25;93,280.75;253.75,48.25
14319;75.5,123.5;230,281;302.25,220.75;330.75,101;3.75,44.5;81.25,127.25;125,259.75;220.5,72.75
44302;104,139.75;215,294.25;277.5,249.75;329,149.25;4.25,43.5;81.25,127.25;125,259.75;220.5,72.75
22577;114.25,154.75;192.5,280.5;268.5,214;295.75,166;4.25,43.5;81.25,127.25;131.5,216;220.5,72.75
33067;135.25,127.25;192.5,280.5;251.5,193.5;342.5,164.75;13,47.25;90.75,125.75;131.5,216;193.75,39.5
15342;135.25,127.25;212.25,291.25;236.75,186.75;342.5,164.75;9,94;75,101.75;125.25,195.5;158.75,31.25
40857;135.25,127.25;223.25,302.5;257.75,191.5;317.75,164.5;48.75,122;66,88.25;123,200.75;158.75,31.25
26741;135.25,127.5;245.75,309;257.25,191;317.75,164.5;48.75,122;98.25,64.75;139.25,199;167,40.5
43869;75.25,148.25;211.5,292.5;216.25,196;315.25,134.75;48.75,122;98.25,64.75;149.5,225;221.75,16
443;52.5,175.75;178.75,263.25;242.25,196.75;309.5,155.25;48.75,122;81.75,81;149.5,225;255.75,9.5
4795;52,172.5;162.5,240.75;245,207.25;309.5,155.25;11.5,136.25;66.25,96.25;149.5,225;257.5,11.25
18369;35.75,213.75;157.25,226.75;231,248.75;309.5,155.25;11.5,136.25;66.5,95.25;112.25,195.25;259,27.75
32217;49.5,245.5;157.25,226.75;263.5,222.75;309.5,142.25;11.5,136.25;66.5,95.25;128.75,228.75;298.25,9.5
7202;49.5,245.5;157.75,251.25;263.5,222.75;292,126.25;9,92.5;64.75,107;82.25,231.5;297.25,8.5
14928;51.75,279.75;205,266.25;225.75,193.25;292,126.25;20,119.75;64.5,108.75;82.25,231.5;256.5,27.5
9578;52.5,279.5;217,269.5;247,217;292,126.25;7.75,173.75;111.25,136.75;116.25,198.5;256.5,27.5
22737;56,242.5;217,269.5;272.75,195.75;276,105.75;11.5,202.75;96.5,144.25;142.25,201.75;256.5,27.5
6242;28.25,279.25;192,261;247.5,167.5;261.25,77.5;44,176;96.5,144.25;142.25,201.75;256.5,27.5
32455;51.75,239.25;192,261;222,136;260.25,54.75;60,222.5;93.75,131;136.75,196.25;256.5,27.5
26656;19.5,223;225.25,236.5;228.25,178.75;260.25,54.75;33.25,198.25;88,108.75;111.75,224;256.5,27.5
38128;53.75,193.5;225.25,236.5;241.75,129.75;261,95;74.25,171;88,108.75;124,196.25;257,27.5
18858;81.75,207.75;205.75,198;239.5,129.25;261,95;34.75,178;88,108.75;137.25,194.25;245.25,9
27305;39.5,196.25;205.75,198;247.25,109.25;290,96.25;27.5,203;57.25,112.25;167,165;245.25,9
7687;3.25,185;163,173.25;247.25,109.25;290.25,113.75;54.75,164.75;57.5,91.75;132.25,194.75;245.25,9
28092;3.25,185;152,206;300.5,114;306,69;55.25,164.75;88.25,127;113,224.25;245.25,9
23285;18.75,227;157.75,230.25;278,72.25;300,110.5;62.75,202.25;88.25,127;113,224.25;245.25,9
30633;14.25,223;121.75,199.5;278,72.25;293.5,113.25;31.5,222.5;112.5,113.75;113,224.25;241.25,14.5
35960;47.5,238.75;118.25,205.75;255.5,34.75;276.75,133.5;30.75,223;112.5,113.75;145.75,262.25;241.25,14.5
10501;31,240;139.25,228.25;275,19;315.5,152.5;30.75,223;112.5,113.75;173,237;241.25,14.5
31174;49.75,242.5;171,267.5;295.75,33.5;357.25,161.75;38.25,206.25;112.5,113.75;173,237;281,27.5
34886;69,202.75;136.25,239.75;272.75,2.75;357.25,161.75;38.25,206.25;75.5,146.5;122,229;281.5,28
13378;63.25,248.5;92.25,213.25;272.75,2.75;357.25,161.75;32,182.5;32.5,178.25;99.5,189;281,28
50454;65.25,262.5;92.25,213.25;262,19;339.25,172.25;14.75,173.75;24,182.5;99.5,189;281,28
8145;65.25,262.5;82.75,175.5;262,19;339.25,172.25;50,170.75;53,195.75;94.25,183.5;249.25,15.25
27111;43.25,242.25;82.75,175.5;263.25,19.75;325.75,150;7.75,196;50.25,251.25;84.75,129.25;249.25,15.25
35118;43.25,242.25;86.5,141.25;300.25,55.25;322.5,104.5;7.5,195;72.5,278.25;84.75,129.25;214.75,11.5
5861;25.75,213;130.75,175;287.25,54.75;303.75,57.25;60.5,194.5;72.5,278.25;84.75,129.25;214.75,11.5
16340;25.5,212.5;133.25,155.25;287.25,54.75;319,64;76.5,203.25;101.75,300.5;105.75,135.75;214.75,11.5
42506;7.5,173.25;82.75,170.75;271.5,54.5;274.25,69;76.5,203.25;101.75,300;121.75,103;214.75,11.5
26062;31.75,133.75;58.25,171.25;224,85.75;259,17.5;76.5,203.25;92.5,318.75;121.75,103;215.25,16
39119;31.5,77;56.25,191;224,85.75;299.25,56.75;76.5,203.25;100.5,316;103.75,128.75;250.25,16.75
15579;22.25,103.75;30.75,238;224,87;301.75,111.25;61,191.25;100.5,316;113.5,111.75;250.25,16.75
22613;20.75,105;30.75,238;233.5,98.75;287.5,106.5;27.5,203.75;74.25,265.5;108.5,143.5;250.25,16.75
22014;20.75,105;49,239.75;198.75,62.75;287.5,106.5;36.5,233.25;83,220.25;93.5,105.75;252.5,76.5
18758;20.75,105;49,239.75;238.75,82;287.5,106.5;62.5,269;99.5,237.25;120.25,113.25;267.75,117.25
40056;20.75,105;35,214;238.75,82;292.5,127;62.75,248.5;114.5,258.75;152.25,82;228,117.5
11351;20.75,105;88.5,189.25;232.5,105.25;257.25,84.5;64,258.25;114.5,258.75;116.5,113.75;250,92.5
9624;23.5,84.5;83,175;211.25,132;276.75,74.75;64,258.25;114.5,258.75;156.25,95;248.75,92.5
34790;23.5,84.5;103.5,142;219.25,132.25;291.75,114;51.5,269.75;99,264;156.25,95;218.25,80.25
20415;23.5,84.5;111.75,123.75;219.25,132.25;291.75,114;35.75,253.75;138,255.25;160.5,146.5;228.75,83.5
21543;7,62.25;111.75,123.75;248.5,95;304.25,120.5;14.75,213.75;138,255.25;144,147;211.5,68
4840;36.25,35.75;81.25,119.75;268.75,105.75;277.75,131;14.75,213.75;138.5,255.75;144,147;165.75,80.25
50019;52,50.25;81.25,119.75;231.75,85.25;244.75,136;22.25,215.25;127.25,297.25;149.75,173.25;165.75,80.25
31859;52,50.25;81.25,119.75;201.75,83.5;261.25,156.5;11.5,244.75;128.75,309.5;191.75,197;212.75,91.75
30964;8,60;81.25,119.75;210,64;297,165.5;19.25,296;128.75,309.5;186.5,248.5;231,60.75
26984;8,60;81,120.5;177.5,46.5;296.25,168.5;22,250.5;105.5,320.25;186.5,248.5;209.75,35.25
49016;36,30.5;81,120.5;169.25,18.25;288.25,142;30.75,266;116.75,291.5;186.5,248.5;193,7
2932;32.25,77.5;81,120.5;169.25,18.25;313.5,149.25;39.5,297.5;142.75,272;176.75,294.25;223.25,17
2147;46.25,31.25;80.25,120.25;218.25,15.75;353,131.75;39.5,297.5;125.25,239;176.75,294.25;252.25,6.25
19825;5.25,34.75;80.25,120.25;218.25,15.75;317.75,163.5;39.5,297.5;122.25,217.75;198.5,317.75;236.5,33
5092;17,62.25;70.25,171.25;218.25,15.75;268,179.5;11,308.5;82,183.75;198.5,317.75;251,55.25
4132;17,62.25;70,178.25;218.25,15.75;254,153.25;47,311.25;58.5,202;181.5,315;231.5,70.75
139;3.75,18.75;73.75,193.5;220.25,55;254,153.25;28,322.75;73.5,222.5;181.5,315;192,44.25
37090;18.5,63.75;70.25,183.5;188.75,81.25;279,168;23.75,306.5;73.5,222.5;164.5,277.75;192,44.25
35543;18.5,63.75;52.25,182;210.5,132.25;278.25,169;49,293.5;123.75,198.25;164.5,277.75;250.25,41.25
28934;39,84;51.25,140;210.75,131.75;278.25,169;12.5,309.75;142.75,181.5;164.5,277.75;249.75,14.75
47210;39,84;51.25,140;248,170.25;277.75,164.5;13.75,304;133,194.25;164.75,318;202.75,40
8702;39,84;54.25,140;288,168.5;298.5,168;13.75,304;142,202.75;151.25,302.5;219.25,19.5
14335;39,84;56.25,175.75;270.75,114.5;334.75,155;44.25,308.25;124,197.75;155.75,247;219.25,19.5
41926;13.25,63.25;20,178;295.25,103.5;334.75,155;44.25,308.25;164.75,222.5;192,234.75;215.25,16
18387;13.25,63.25;20,178;295.25,103.5;356.25,165.75;41,251.5;163,199.75;189.5,213.5;229,20.5
7765;12.75,57.5;17.25,144.75;276,101.5;352.25,165.25;75,224;183.75,162;189.5,213.5;229,20.5
43381;13.25,64.25;29.25,93.25;281,73.75;352.25,165.25;75,224;189.5,213.5;191,161.25;217,51.75
45191;13.25,64.25;73.5,84;281,73.75;366,121.25;71,204.75;161.75,225.75;191,161.25;250,92
21680;7,7.75;66.25,40.25;281,73.75;337.25,76;72.5,210.5;161.75,225.75;180.75,161.25;248.75,92.5
33998;7,7.75;63.5,85.5;277.75,70.75;323.25,123.5;72.5,210.5;130.75,216.25;144.25,120.75;193,96.25
34199;7,7.75;95,86.5;277.75,70.75;324.25,120.5;82.75,222.25;127.5,246.75;146.25,89.75;225.5,113.75
46508;29.5,31;77.75,42;264.75,114.5;291,111.75;65.75,173.75;127.5,246.75;146.25,89.75;225.5,113.75
31114;29.5,31;77.75,42;246,162.5;280,103.75;77.25,196.75;135.25,289;137.25,56.25;251.5,76
30108;29.5,31;64.25,6.25;228.75,201.5;269,67;120.25,196;136,289;137.25,56.25;245.75,84.75
30546;6.75,26.25;73,40.25;203.25,186.25;269,67;120.25,196;136,289;172.25,38.5;211,99.75
37065;52,13.75;79,8.5;163.5,148;269,67;72.25,212;136,289;144.25,52.25;258.5,77.5
37050;40.5,9.25;60.25,6;190,155;284.5,87.5;62.5,247.5;136,289;166,82;258.5,77.5
25082;40.5,9.25;66.25,6.25;181,105.25;272.75,117;62.5,247.5;158,303.5;161.5,65;260.75,78.25
22048;50.25,30.75;68.75,25.5;181,105.25;284.25,143.75;92.25,246;131.5,265.5;161.75,65.5;260.75,78.25
24849;50,32.5;109.25,17.75;181,105.25;319.5,138.25;106.25,262;131.5,265.5;151.75,50;239,61
45692;50,32.5;130.75,50.75;181,105.25;352.5,180;64.25,289.25;91,254.25;144.25,29.5;239,61
41126;50,32.5;113.25,14.75;185.75,138.75;352.5,180;85.25,314.5;95.75,233.75;144.75,52.75;239,61
47954;31.5,19.25;103.75,70.75;185.75,138.75;330.25,160.5;85.25,314.5;140.25,271;144.75,52.75;226.5,19
33888;32,20.5;86.25,108;162.25,162.5;350,160.25;85.25,314.5;127,223.5;144.75,52.75;188,28
800;15,25.25;71.5,88.5;164.25,210.25;350,159.25;66.75,307.5;93.25,253;144.75,52.75;188,28
31244;15,25.25;71.5,88.5;183.25,249.75;358,139.25;27,306.5;82,285.25;144.25,83.5;222.25,18
9319;14.25,7.75;71.5,88.5;196.75,280;353.75,178.5;50,273.25;92.25,300.5;144.25,83.5;215.25,16
2244;14,36.25;40.75,126.5;197.5,280.25;342.5,131;50,273.25;92.25,300.5;167,49.75;215.75,6.25
41765;14,36.25;40.75,126.5;155.25,252.75;314.25,155;74,221.25;106.5,280.75;167,49.75;222.25,18
20331;18.5,73;25,85.75;158,274.25;314.25,155;61,190.5;106.5,280.75;166.5,55;246.75,38
37765;18.5,73;41.75,104.25;176,236.25;346.5,133.75;67.25,222.5;123.75,279;166.5,55;275.25,18.75
4712;4,79.75;42.25,104.75;167.75,271.75;346.5,133.75;67.25,222.5;135.75,255.5;189,31.5;260.5,14.25
31595;29.5,89.5;38.75,138;195,250.75;346.5,133.75;29.25,203.75;136.75,258.25;205,74.75;260.5,14.25
31683;2.5,79.75;11,174.25;155,243;346.5,133.75;27.5,204;110,292.5;227.25,89.75;260.5,14.25
49117;2.5,79.75;16.5,177.25;139.25,286.75;309.25,155;16,203.25;103,313.5;227.25,89.75;252.5,34.5
23795;7,41.75;65.75,170.5;107,247.25;278.5,131.5;33.75,253;103,313.5;227.25,89.75;300.5,36.5
10365;44.5,46.75;63,170.25;81,255;278.25,165.25;33.75,253;63.25,318.5;226.75,90.5;300.5,36.5
30570;32.75,97.75;63,172.5;88.75,283.5;271.5,180.5;17.5,282.75;63.25,318.5;229.25,137.5;300.5,36.5
4734;1,79.5;83.75,207.75;88.75,283.5;244,167.5;17.5,282.75;58.5,321.5;267,112;314.75,3.5
35909;44.75,65.25;53.25,193;88.75,282.75;242,101;14.25,306.25;21.5,309.75;267,112;314.75,3.5
37460;16.25,42.25;83.75,197.25;143.75,303;266.5,90.75;14.25,306.25;21.5,309.75;284.25,175.75;317.75,5
43896;15.75,62.25;83.75,197.25;167.25,271.75;289.5,70.75;14.25,306.25;45.75,283;311,150.75;341,53.75
17313;15.75,62.25;83.75,197.25;167.5,280.75;289.5,70.75;40.5,293.5;57,232.5;294.75,185.5;317.5,103
24921;11.5,35.75;83.75,197.25;170.25,262.5;278.5,102;44,254.25;55.75,222.25;264.75,220.5;317.5,103
37396;6.25,6.75;53,193.25;132.5,290;274.5,130.75;44,254.25;55.75,222.25;258,200;283.5,106.25
372;29,21.75;48.25,175.25;174,300.25;274.5,130.75;60.75,248.75;61.25,174.25;256.25,199.75;283.5,106.25
46317;29,21.75;48.25,175.25;174,300.25;281.25,166.5;5.5,232.75;85,189.5;240,215.5;337,130.5
11101;14,50.75;50.25,201;157.75,317.5;272.75,193.5;4,246.5;85,189.5;240,215.5;298.25,113.5
47301;29.25,101;77.25,233.25;157.75,317.5;254,218;33.75,216.5;104.25,194;272.75,237.25;298.25,113.5
7126;36.5,137.25;73.75,232.75;167,323.25;254,218;31,265;104.25,194;300.5,199.25;320.5,159.5
12192;64.25,171.75;73.75,232.75;167,323.25;244.5,212.5;61,286.25;104.25,194;261.5,176.5;327.5,132
38938;46,181.25;52.75,278.75;217.5,311.75;243.25,210.25;20,262.5;104.25,194;261.5,176.5;337.5,163
546;43.5,225;65.5,295;198.5,277.75;263.5,180.5;20.5,265.25;61,208;261.5,176.5;337.5,163
33761;25.75,233.5;34.25,316.25;199.25,279;267.5,178;49,268.75;61,208;261.5,176.5;356.75,165
49428;13,263.25;68.75,291.25;222,246.75;267.5,178;20.25,265;61,208;265.5,220.5;335.5,186.25
19477;44.5,239.25;80,315.5;216.5,241.75;267.5,178;11,228.75;63.25,160;265.5,220.5;335,173.5
9804;44.5,239.25;71,295;216.5,241.75;271,180.25;38.5,206.75;76.5,169.25;269.5,222.5;329.5,217.5
11084;19.5,228.25;55.75,293.5;240,257.5;286.75,232.5;38.5,206.75;76.5,169.25;237,213;329.5,217.5
42910;2.75,279.75;55.75,293.5;216.5,247.75;243.5,215.75;38.5,206.75;50.25,175.25;215.25,219.75;329.5,217.5
22390;8.25,233;87.5,303.5;190.25,239.75;243.5,215.75;39.5,206.75;50.25,175.25;227,159.5;339.75,178.5
9777;52.75,249;96,299.25;190.25,239.75;252.75,268.25;39.5,206.75;111.75,171;248.75,169.5;289.25,150.25
48250;52.75,249;96,299.25;190.25,239.75;252.5,269.25;87.75,179;141.25,196.25;260.5,168.75;281.25,104.5
43554;52.75,249;137.75,319.25;216.75,240.25;259,303.75;87.75,179;143,226.5;226.5,199;281.75,104.25
33475;52.75,249;87.75,319.75;219.75,260;259,303.75;78.75,160.75;121.25,229.25;205.25,222.75;315.25,73.25
42530;52.75,249;88,320.25;213.25,244.25;240,278;35.5,191.75;121.25,229.25;175.5,197.5;346,33
41183;35,239.75;88,320.25;221.75,261;245.25,314.75;35.5,191.75;85.5,210.5;175.5,197.5;363,48.25
10710;35,239.75;88,320.25;221.75,261;261.75,305.75;58.75,204.75;81.25,253;201.25,159.25;348.5,35.75
1939;71.75,242.25;88,320.25;221.75,261;256.5,277.25;70.75,171;98,283.25;180.75,162.5;356.5,82.25
32258;71.75,242.25;131.25,283.25;222.5,261.25;278,248.75;53.5,132.5;114,240;183.75,164;356.5,82.25
35310;73.5,193.75;131.25,283.25;222.5,261.25;294.5,209.5;16.5,172.25;114,240;171.75,177;328.25,59.25
48606;114.75,169.75;131.25,283.25;196,246.25;332.25,216.75;16.5,172.25;125.25,228.75;170.75,177.25;354.75,21.5
37893;107.25,159.25;138,292.5;161.25,249;332,218;16.5,172.25;146,278.25;214.75,145.5;354.75,21.5
40340;107.25,159.25;119,303.75;177.5,217.5;346.5,209;40.5,176;145,278.25;256.75,168.5;354.75,21.5
34899;127.25,200.25;146.5,267.25;177.5,217.5;347,209.5;26.5,229.25;115.75,274;241,175.75;354.75,21.5
44198;115.5,162.25;135.75,222.75;136.5,224;344.25,256.75;71.25,216;115.75,274;241,175.75;334.5,51
15242;89.5,121.5;153.75,241.5;190,253;344.25,256.75;111.25,224.5;125.75,317.25;241,175.75;324.5,8.25
22302;71,175.75;168.25,280.25;191.25,280.25;360.5,202;115.25,197.5;125.75,317.25;261.5,175;324.5,8.25
13880;19.5,178;135.5,239;203,284.5;329.75,165.25;115.25,197.5;125.75,317.25;269,144;289.5,27.5
44609;19.5,178;135.5,239;251,257.25;306.5,160.75;115.25,197.5;153,302.25;251.75,129.75;280,19.75
18361;19.5,178;134,203.5;251,257.25;347,163;123.5,197.75;148,254.75;235,132.25;280.75,19.25
11603;31.25,202.75;134,203.5;303.5,246.75;347,163;145.5,160.5;148.5,255.25;203,95.75;237.5,42
43821;31,203.25;152.25,224.25;312.5,228.75;368,185.25;133,183.5;182,233.25;203,95.75;237.5,42
219;48.5,172.25;175,201.5;312.5,228.75;344.25,199.5;116.25,201.75;182,233.25;218.25,135.25;248.25,84.75
9218;38.75,183.5;135.25,201.25;297.25,231.5;352.25,235.75;116.25,201.75;182,233.25;204.25,175.75;248.25,84.75
43628;38.75,183.5;135.25,201.25;297.75,242.5;352.25,235.75;150,239.5;173,196;209.25,172.75;223.75,36.5
8384;24,178.25;135.25,201.25;271.5,217.75;355.25,235.75;171.75,233;172.75,186;189.25,176;223.75,36.5
17640;63.5,172.25;146,227.5;278,180.5;310,226.75;171.75,233;175.75,186;214.5,182.25;223.75,36.5
1587;63.5,172.25;154.5,243;260.5,180.5;279.75,222;171.75,233;189.5,181.75;207,181.5;230,38
3020;13.5,176.75;124.5,266.5;254.75,120.5;273,255.75;152.5,203.75;189.5,181.75;207,181.5;230,38
41048;13.5,176.75;108.75,236.5;288.5,102;311.75,253.5;152.5,203.75;195.25,180.25;213.25,178;231,48.75
35768;13.5,176.75;130.25,201;270,106.75;326.75,213;142.5,221.75;150,201.75;171.75,197;231,48.75
43483;45.5,181.5;155.25,150;306.5,111.5;310.75,232.75;144.75,272.5;157.5,222.5;171.75,197;231,48.75
46398;58.5,217.5;152.25,129.75;306.5,111.5;311.25,232.5;102.5,316.75;114.5,198;171.75,197;225.75,50.75
31012;58.5,217.5;143.75,76.5;276.25,72.25;312.25,232;54.25,298.25;130.75,227.75;192.25,174.5;225.75,50.75
10248;51.75,249;145.5,118.75;230.25,81.5;312.25,232;54.25,298.25;120.5,259.25;211.75,177.25;213.25,5.75
39303;50.75,240.75;145.5,118.75;230.25,81.5;312.25,232;76.5,264;125.75,274.75;193,177;246.5,5.75
13369;50.75,243;144,117;252.5,118.75;334.75,224;76.5,264;125.75,274.75;164,165;233.5,35.75
44415;37.75,234.75;144,117;227.5,146.25;314.25,228.5;75,279;125.75,274.75;164,165;243.25,47.75
32616;56.5,240;143.5,117.5;250.5,154.75;314.25,228.5;75,279;104.75,228.75;164.75,164.75;286.75,36
20913;39.25,238.25;141.5,128.25;250.5,154.75;285,231.5;75,276;79.75,211.5;164.75,164.75;274,13.25
38329;35.75,265.5;121.25,147;250.5,154.75;259,229.5;75,276;98.75,191;205.25,174.75;308,28.5
18137;37.5,295;135.5,126.75;225.75,171.25;236,278;75,276;108.25,229.25;205.25,174.75;308,28.5
1040;37.5,295;136.5,89.75;197.25,177;256.25,274.25;90.5,297.5;107.5,194.5;205.25,174.75;310,27.75
9693;30.25,323.25;136.5,89.75;200,179.25;257.25,273.5;55,295.5;107.5,194.5;220.5,187;352.75,6.75
47418;30,318.75;140.75,63;164.25,216.25;234,252.5;47,268.75;78.25,201.5;220.5,187;352.75,6.75
16322;13.75,273.75;172.5,53;201.5,177.5;272.75,254.75;42.25,265.25;73.25,215;220.5,187;352.75,6.75
883;17.5,306.5;162.75,51.5;246.75,193;279.25,255.75;35.75,300;51.75,223.75;220.5,187;352.75,6.75
18003;21.25,306;162.5,49.5;218.25,241.25;327.25,238.75;35.75,300;91.25,190;220.5,187;294.5,4.75
10819;21.25,306;164.25,16.5;259,239.75;353,216.5;9.25,282.75;80.5,163;220.5,187;252.75,12.75
3410;21.75,301.75;163.75,17.5;259,239.75;353,216.5;11,311.5;45.5,143.25;253.75,188;288.25,23.75
42111;11,251.5;163.75,17.5;247.5,208.25;353,216.5;10.5,272.5;45.5,143.25;228,153;235.75,10.25
50233;12.75,287;163.75,17.5;282.75,184.75;346,166;4.5,245.5;45.5,143.25;228,153;283.25,40.5
14967;12.75,287;163.75,17.5;266.25,150;352.25,190.25;33.25,230.75;45.5,143.25;276.25,134.25;320,51.5
12626;12.75,287;128.75,32;245.75,101.5;336.5,142.25;26.75,180;59.25,126;262.5,168.75;320,51.5
49361;27.5,262;106.25,42.75;223.5,85.25;340.25,172;26.75,180;46.25,127;262.5,168.75;320,51.5
44973;21.25,304.75;106.25,42.75;220.25,72.5;309,159.5;47.75,197.5;60.75,168.25;262.75,168.5;320,51.5
47693;21.25,304.75;143,55.25;217.75,68.75;311.5,154.75;60.75,168.25;79.25,195.5;249.5,130.25;329.75,53.25
44645;41.5,306.5;110,77;217.75,49.75;308,137.25;60.75,168.25;79.25,195.5;207.75,106;333.75,58.75
33335;0.25,277.25;110.25,77.5;230.75,81.25;328.25,117;98,137.75;106,196.5;207.75,106;333.75,58.75
40242;0.25,277.25;110.25,77.5;230.25,51.5;360.5,127.5;76.5,148.25;100.5,230.25;169,115.5;330.25,57.75
39976;8.75,307;110.25,77.5;272.5,75.5;333,135;76.5,148.25;144.25,202.25;191,78.5;342.5,46.75
44055;26.25,276.25;110.25,77.5;272.5,75.5;324,150.25;100.75,109;151.75,239.5;191,78.5;309.25,85.25
9068;26.25,276.25;61.25,67.75;272.5,75.5;306.5,158.75;145.25,89.5;146.75,270;155.5,56.25;312.5,84.75
5401;25.75,276.5;77.5,70;272.5,75.5;334.75,120.75;126.75,72.75;163.25,302.75;202.5,47.75;312.5,84.75
4454;25.75,276.5;77.5,70;291.5,52.75;334.75,120.75;116.5,113.25;142.5,303;240.5,75.25;337.25,78.75
8879;25.25,280;77.5,70;243,63.75;283.5,101.5;90.5,100.75;141.25,298.75;240.5,75.25;301.5,38
49752;23.25,296.75;113.75,53.25;232.75,22.25;298.5,55.5;57,97.5;141.25,298.75;236,71.5;301.5,38
18642;61.25,293.5;111.75,108;213,5.25;313,80.75;104,93.75;141.25,298.75;236,71.5;301.5,38
20830;61.25,293.5;150.25,140.25;233.75,10;313.25,120.5;116,113.25;159.5,290.5;217.25,57;301.5,38
44783;15.5,287;150.25,140.25;223,61.25;281.75,122.75;99.75,153.75;109.25,316.25;217.75,56.5;301.5,38
2395;15.5,287;110,104;179,46.25;247.25,118.25;40.25,142.25;106.25,320.5;226.5,105.25;301.5,38
27268;15.5,287;141.25,100.75;147.5,33;213,131.75;91.25,143.75;154,319.25;241.25,82.75;301.5,38
35410;15.5,287;90.75,109.75;147.5,33;213,131.75;135.75,178.75;146,319;236.75,54.25;319.5,22.25
45394;13.25,291.5;89,57.75;182,49.75;213,131.75;135.25,178.5;170.75,302.75;220.5,95;319.5,22.25
41247;59.75,294;91.5,8.25;182,49.75;213,131.75;135.25,178.5;221,314.75;263,66.25;319.75,22.75
36444;47.5,258.75;91.5,8.25;182,49.75;213,131.75;162,221.25;239.5,293.5;270,76;340.25,51.5
43744;44,242.75;69.5,31.25;166,85.25;214.5,131.75;162,221.25;239.5,293.5;270.5,75.75;345.5,63
3825;59,202.75;65.5,85.5;166,85.25;265.5,114.5;127.25,217.75;219,311.25;272,113;345.5,63
46351;49,243.25;66,111;164.5,86.5;276.75,74;127.25,217.75;219,311.25;305.25,112.5;349,79.25
19346;32,241.5;106,114.5;163.75,86.5;276.75,74;100.5,237.25;217,290.5;283.25,90.5;349,79.25
13903;43.25,267;99.75,164.75;160.5,84.25;293.5,71.75;52.5,247.25;238.75,318.25;283.25,90.5;349,79.25
22883;41.25,241.75;141.75,183;152.25,45.25;293.5,71.75;34.75,211.5;265.75,320.75;283.25,90.5;348.25,80.75
18392;16.25,229;151.75,146.25;161.5,80.75;286.5,53.5;35.25,211.5;217.5,314.75;283.25,90.5;348.25,80.75
29962;2.5,276;160,124.75;177,86.25;286.5,53.5;35.25,211.5;183.75,294;302.75,112;348.25,80.75
38841;2.5,276;126.5,140.5;177,86.25;329,33;67.75,203;175,303.25;346.25,82.25;346.75,79.5
3923;2.5,276;126.5,140.5;171.5,87.5;329,33;85.75,253;132,280;342.75,60.5;354,82.25
42089;2.75,275;126.5,140.5;187.25,114;329,33;45,276.25;132,280;342.75,26;345.75,60.5
24261;2.75,275;126.5,140.5;182.5,90.75;295,55.5;73.25,286.5;92.25,240.75;345.75,60.5;348,31.5
47627;36,273.75;133.5,126.75;182.5,90.75;295,55.5;110.25,317.25;114.75,197;348,31.5;366.75,78
10340;31,238.25;126.5,185.25;182.5,90.75;295,55.5;142,299.75;150.25,192;354.25,5.5;366,72.5
32857;75,248.75;155.25,226.75;162.25,152.75;297.75,45.75;98,265;149.5,226;354.25,5.5;366,72.5
18623;75,248.75;155.5,227.75;158,129;268.5,72;44,252.75;142.5,223.75;354.25,5.5;366,72.5
45277;39.75,241.75;145,237.25;158,129;268.5,72;42.75,252.75;196.5,215;353.25,1.5;354.25,77.5
26140;83.25,280.25;157.25,267;174.75,111.25;268.5,72;44.75,310.75;196.5,215;353.25,1.5;355,56.75
1962;99.25,248.5;129.5,292;144.75,127.5;261.5,111.25;44.75,310.75;197.5,214.5;311.25,37;353.25,1.5
5747;85,271.25;104.25,283.75;133.25,125.5;261.5,111.25;44.75,310.75;219.75,209;303.25,3.5;352.75,46.5
28895;59.5,295;117.75,251.25;153.25,137.25;226.75,119.5;44.75,310.75;219.75,209;324.25,2.75;352.75,46.5
25660;28.25,301.75;130.75,202;137.75,128.75;226.75,119.5;4,307.25;219.25,210.25;324.25,2.75;361.5,50.75
49958;34.25,240.25;88,178.25;152.25,184.25;257,111;11.25,309.5;218.75,211.5;324.25,2.75;361.5,50.75
32660;34.25,240.25;70.5,146.75;155.75,185;294.25,73.75;64.25,311;277.25,203.5;324.25,2.75;353.25,49
38758;34.25,240.25;74.75,165;157.25,159.25;312.5,72.5;31.5,311.5;277.25,203.5;300.25,35.75;356.75,80.75
25747;35.75,241.5;79.75,128;157.25,159.25;313.25,73.75;31.5,311.5;316,219.25;339.5,35.25;353,69.25
24109;9.75,264.5;91.5,157.75;111.25,128.5;356,103.25;31.5,311.5;316.75,221;339.5,35.25;354.75,73.5
18918;43.5,284;45.75,123;111.25,128.5;357.25,160.75;31.5,311.5;319,221.5;330.25,50.75;331.5,42
42373;43.5,284;45.75,123;114.25,154.75;357.25,160.75;44.5,310.25;252.75,239.25;351.75,66.75;353.5,79.5
34327;32,262;42,63.75;105.5,138;359.75,176;44.5,310.25;252.75,239.25;296.75,51.25;343,64
8952;40.5,242.25;53.25,54.5;126.5,123;363.75,120.75;9.25,294.25;235,290.5;296.75,51.25;343,64
33630;53,216.75;76,10.25;184.25,111.75;341.25,133.75;9.25,294.25;235,290.5;251.75,38.75;343,64
26158;16.25,228.25;60.75,34.5;184.25,111.75;337.75,132.5;53.25,290.25;227,320.5;228.5,47.75;343,64
8183;16.25,228.25;60.75,35.5;170.75,155;298.25,110.5;21,271;226,315.25;228.5,47.75;322.5,66.25
47273;47.25,237.75;105,15.5;170.75,155;242,118.75;21,271;246,266;271.5,16.75;355,49
1536;50.5,227.25;122,3.75;122.5,142.5;242,118.75;21,271;230.25,247.75;273,16.75;358,40.25
6844;41.25,203;73,24.25;158.75,159.75;220,156;21,271;181.75,231.75;273,16.75;329.25,51
11982;41.25,203;127.25,34;158.75,159.75;252.75,136;45,278.75;203,178.25;273,16.75;338,95.75
47998;57.75,238.75;109.25,54.25;163,166.75;252.75,136;46.25,277.5;206,173.5;305.5,23;338,95.75
16091;8,241;107.5,106;141.25,183.75;278.25,165.5;84.5,246;206,173.5;305.5,23;341.75,52.25
30220;8.5,277;91,113.75;126.75,214;241.25,165.5;84.5,246;215,211.5;305.5,23;327.75,33.75
48547;3.5,257.75;91,113.75;173.5,206.75;241.25,165.5;77.25,278.25;233.25,251.75;304,50.75;313.25,31.75
20741;4.25,216;91,113.75;218.5,214.75;240.75,165.25;77.25,278.25;188.25,247.5;306,85.5;353.5,48
41204;4.25,216;80.25,91.25;210.5,198.5;239.5,165;121.5,274.25;176.5,215;281,110;353.5,48
28850;35.75,213.75;47.5,113.75;197,246.75;240.75,165.25;121.5,274.25;176.5,215;251,147;327,31.25
20917;35.75,213.75;47.5,113.75;164,276;240.75,165.25;111,316;187.5,174.75;240,174.75;329.75,2.75
23348;55,229.5;73.5,165.25;164,276;239.5,165;119.75,294.5;140,151.25;187.5,162.5;329.75,2.75
47150;55,229.5;88.25,201.75;196,296.25;245.25,192.25;88.5,268.5;140,151.25;187.5,162.5;363.25,36.5
9505;43.75,241.25;91.5,165.75;213.25,320.75;245.5,192.75;77.25,303.25;140,151.25;204,160.5;363.25,36.5
43610;43.75,241.25;51,179.5;213.25,320.75;246.25,192.5;51,277.5;119.75,107.25;192.25,173.25;327.75,52.75
13445;43.75,241.25;102.75,160.75;213.25,320.75;245.5,192.75;54.75,222.5;128.75,91.5;228,193.25;364.25,79.25
39229;53.25,210.25;91.75,142.75;213.25,320.75;239,219.25;73.75,204.5;136,91;273.25,207.75;364.25,79.25
32496;52.5,210.25;136.5,124.75;201.5,310.75;239,219.25;95.75,197;123,131.25;301.75,243.25;364.25,79.25
19363;32.5,214.75;136.5,124.75;164.25,290.75;239,219.25;91.75,195.5;117.25,112.75;327.5,219;358.25,57.25
9637;20.25,241.5;153.5,126.5;165.25,275.5;246.5,218.75;82.5,190.5;117.25,112.75;324.25,221.5;358.25,57.25
38156;20.25,241.5;144,142.75;157.5,265.75;218.75,233;82.5,190.5;137.25,71.5;325.25,221.75;337,52
11243;29.5,228.5;96.5,162;162.75,266.5;218.75,233;105,162.5;157.25,123.25;325.25,221.75;337,52
38816;52,242.5;90.5,165.25;125.5,303.75;222.25,252.5;105,162.5;157,123.75;299,267.75;337,52
43072;46.5,200.5;90.5,165.25;125.5,303.75;222.25,252.5;141.25,196;190.75,102.5;262.75,291.5;330.75,93.25
32585;40.25,206.75;100.75,188.5;125.5,303.75;222.25,252.5;173.75,238.5;212,65.75;237.75,319.75;307.25,52.25
13401;38,234.5;83.5,201.25;142,262;241.5,216.75;173.75,238.5;212,65.75;267,288.25;285.5,20.25
31528;47.5,227.75;112,165.25;182.75,238.75;241.5,216.75;164.75,189.5;198.25,40.75;218,283.25;285.5,20.25
25587;47.5,227.75;99.25,161.25;135.5,223;218.75,201;164.75,189.5;203.5,5.75;206.5,302.75;285.25,21.75
16976;72.5,208.75;91.75,110;147,186.5;202,178.25;164.75,189.5;203.5,6.5;206.5,302.75;239,60
25446;53.75,208.75;78,133.75;147,186.5;182.75,151.25;139.25,197.5;192.25,6.5;206.5,302.75;270,82
3048;73.5,257.25;75.25,147.25;147,186.5;222.75,135.5;139.25,197.5;196.25,40.25;242.5,316.5;280.25,88.5
7091;91.75,232;98.75,189;151,159.25;266.5,159.25;183,232.25;223.25,16;242.5,316.5;280.25,88.5
13895;85,187;85.5,188.5;151,159.25;244.5,199.25;150.25,272.5;223.25,16;240.75,318.75;253,72.5
1134;58.5,228;113.5,165.25;165.75,117;240,216.5;134.25,280.75;223.25,16;240,318.75;253,72.5
14670;60.5,281.5;115,164.25;165.75,117;215.5,239.75;144,301.25;209,52;240.75,318.75;253,72.5
38888;16.75,264.5;115,164.25;141,89;265,256.75;177.25,300.25;209,52;221,319;269.25,88.5
2135;27.75,279.25;114.25,140;188.75,113.75;247,307.25;196,258.25;209,52;221,319;268.75,57
14327;7,307;140.75,88.75;224.5,92.5;246.25,306;159.5,224;209,52;221,319;277.75,103
29416;25,317;140.75,88.75;224.5,92.5;246.25,306;162.75,189;186,96.5;265.75,304.5;299,148.75
15152;26.25,322.75;138.5,41.5;223.5,93.75;294.5,322;162.75,189;218,113.75;265.75,304.5;283.75,141.25
23012;60,318.25;147.5,35;223.5,93.75;338.25,312.75;170,196.5;198.75,87.75;241.75,309.25;283.75,141.25
22620;68.5,295;147.5,35;269.75,102.5;297.75,321.75;170,196.5;184.75,99.25;204.25,296.25;286.5,139.25
23925;68.5,295.75;176.5,35;270.5,169.5;297.75,321.75;170,196.5;224,127;226.5,249;260.75,141
21827;33.5,277.75;199.25,61.5;292.75,210.5;304.5,313.75;182.25,166;224,127;226.5,249;260.75,141
23113;7.75,305.5;186.75,42.75;281.5,222.5;299.25,322.25;182.25,166;224,127;226.5,249;265.25,146
5426;7.75,305.5;227.5,70.5;282,221;299.25,322.25;182.25,185.5;188,175;249.25,255.5;285,126.25
49754;27.75,269.5;227.5,70.5;282,221;299.25,322.25;182.25,185.5;256.5,173.5;289.5,226.25;298.25,84.5
6;27.25,269.5;250,23;259.25,255.75;324.75,282;182.25,185.5;247.75,176.5;284.5,268.75;298.25,84.5
41547;51,230.5;231.25,42.25;300.5,249;340.75,225.5;162.25,165.75;247.75,176.5;284.5,268.75;298.25,84.5
48501;72.5,219;231.25,42.25;300.5,249;340.75,225.5;166.25,194.25;225.25,184;268.75,252.25;299.25,87.5
10893;103.5,227;270.75,25;300.5,249;354.5,241;166.25,164.5;225.25,184;266,247;302,100
30933;60,218.25;253.5,59.25;327.75,214;352.5,229;166.25,164.5;225.25,184;273.25,219.75;302,100
31856;92.25,214.25;281.75,74;327.75,214;352.5,229;146,176.25;237.5,164.25;284.5,220.5;306.25,84
18458;52.75,243.25;285.5,75.25;355,261.5;360.25,240.5;146,176.25;255.5,204.75;262.25,260.25;306.25,84
23091;61,210.25;290.5,112.5;340.5,243.75;356,266;146,177;226,221;262.25,260.25;306.25,84
36130;99,208.25;321,146;326.5,266.25;327,237.5;146.5,176.75;226,221;283.25,260;306.25,84
27140;99,208.25;284.5,159.25;326,267.25;327,237.5;165.75,166;175,232.75;235.75,237;324.75,60.75
15237;117.25,251.25;284.5,159.25;309.75,289.25;327,237.5;154,174.5;163.5,239.5;236,237.75;282.5,36.5
43552;117.25,251.25;253.25,108.75;275.25,283;366.75,210.25;154,174.5;173.25,236;236,237.75;254.25,55.25
7997;102.5,230.75;246.5,47.5;302,303.25;315.75,209.5;154,174.5;173.25,236;243.5,198.75;300.5,63
11442;137,227.5;273,73.5;308,318.75;322.5,211.25;154,174.5;173.25,236;280.5,224.5;300.5,63
46503;161.5,195;273,73.5;302.25,322.25;309.5,155.25;200.5,178;224.5,228.75;278.5,223.75;300.5,63
28954;153.75,243.5;280.25,31.5;302.25,322.25;303,113.5;200.5,178;219.25,205;318,199.25;341.75,78.75
4337;104.5,250;296.25,8;302.25,322.25;303,113.5;191,196;191.25,231.25;318.5,192.25;336,93.75
13643;104.5,250;292.25,56.75;302.25,322.25;303,113.5;197,255.5;197,275;306,149.5;332.5,64
26224;55,249.5;282.5,54.5;302.25,322.25;323.75,165.25;191.75,308.75;196.25,254.75;300,135.5;332.5,64
10811;55,249.5;247.5,45.5;269.75,323.5;307.5,216.5;192.25,307.5;196.25,254.75;300,135.5;353.25,21
11331;89,269;192.5,38.5;217.5,302;326,211.75;206.75,261.75;213.5,275.5;300,135.5;353.25,21
39668;136.75,265;192.5,38.5;255.25,278.5;364.5,209.25;207.75,260;254.5,292;261.5,136.5;353.25,21
38608;137,223.75;194,83.25;287.25,276.75;333,214.25;207.75,260;254.5,292;261.5,136.5;353.25,21
4879;144,266.25;150.75,90.25;283.75,322.5;299.75,232.25;196.75,311;254.5,292;261.5,136.5;308.25,3.5
2328;176,269.75;179.25,87.75;283.75,322.5;299.75,232.25;147.75,318.5;239.5,283.25;268.75,145.75;311.25,5
27086;127.25,287.5;181.5,59.5;254.5,288.25;266.75,227;145.75,261.75;239.5,283.25;268.75,145.75;311.25,4.25
13704;143.75,243.75;211,81;266,269.5;266.25,227;157.25,221.5;239.5,283.25;268.75,145.75;324.75,52.75
37573;165,290.25;177,59.25;220,259;266.25,227;124.75,189.25;264.25,269.75;268.75,145.75;324.75,52.75
21266;165,290.25;211.5,81;220,259;261,183.25;75.25,215.5;295.25,257.5;313,127.75;353.25,9.75
19544;117.25,274.25;195,43;221.5,311.25;227.5,190.75;121.5,252.5;294,260.25;313,127.75;353.25,9.75
32630;117.25,274.25;168.25,21.25;180.25,320.75;210,203.5;121.5,252.5;300.75,195;339.5,81.25;353.25,53.5
39872;123.5,252.25;168.25,21.25;202,309.25;227.75,268.25;154,317.25;266.75,239.25;339.5,81.25;355,11
49820;123.5,252.25;168.25,21.25;186,267.5;249.25,201.5;154,317.25;226.75,184.5;276.75,103.25;297,2.25
8035;136.5,223.75;152.5,29.5;187.75,238.25;258.75,255.75;129,294;265,214.25;276.75,103.25;297,2.25
46114;148.5,192.75;152.5,29.5;167,217.75;245.75,294.25;109,295.5;232.25,209;276,102;297,2.25
39910;134.25,160.75;152.5,88.5;167,217.75;246.5,294.5;109,295.5;186,174.25;272.5,63.25;296.5,3.75
20871;113.5,130.5;114.25,67;118.5,212.5;239.75,282;118.25,296;186,174.25;272.5,63.25;296.5,3.75
13995;113.75,67;140.75,119;176.25,197.5;227,267;180.25,294.25;186,174.25;282.5,109.5;296.5,3.75
17419;65.5,62.75;119.5,149.25;176.25,221.75;253.5,220;220.5,284.75;235.75,152;282.5,109.5;296.5,3.75
20322;35,49.75;106.5,194.5;128.75,202.5;253.5,220;222,230.75;238.25,206;283.25,109.5;296.5,3.75
24483;78.75,20;108.25,226.25;117.25,201.75;276,180;231,265.5;250.75,241.75;283.25,109.5;296.5,3.75
3705;68.25,47.75;121.5,258.25;129.75,213;329.5,149.5;233,290.5;250.75,241.75;283.25,109.5;296.5,3.75
1836;68.75,75.25;86.75,297.5;99.75,191.25;329.5,149.5;233,290.5;246.5,195;251.75,111;298.25,4.25
36261;59.5,66.5;65.5,311.75;113,201.75;329.5,149.5;233,290.5;246.5,121.5;290.25,132;298.25,4.25
15285;28.25,102.75;65.5,311.75;119.75,199.25;324.75,158.75;235,283.75;246.5,121.5;292.75,199.25;334.75,7.75
33128;2,110.5;76.75,297.5;94.75,178;328.75,117;235,283.75;282.5,125.75;294.25,203;334.75,7.75
30352;2,110.5;121,283;136.25,147.5;293.25,151;279.75,266;283.25,125.25;311.5,162.25;334.75,7.75
107;42.75,96.75;87,262.25;121.25,143;293.25,151;280.75,262.75;327,123.5;331.5,163;334.75,7.75
24953;22.5,63.25;87,262.25;137.5,128.5;273.25,168.5;260.5,234;326.5,124;331.5,163;351,34.5
8904;14.5,31.25;40.5,241.75;99.5,161;326,198.25;239.75,280.75;314.25,128.5;331.5,163;351,34.5
38346;27.25,30.25;62.25,266.5;97.75,163;328.25,197.25;250.5,309.25;275.75,97.75;331.5,163;351,34.5
29314;10.75,5.25;51,229;102.25,224.25;366,145;250.5,309.25;311,79.75;331.5,163;351,34.5
10168;10.75,5.25;12,241.5;73.5,183;365,145.25;212.75,276;294.25,52.75;314.25,189.5;351,34.5
1017;10.75,5.25;52,242.5;73.5,183;360.5,121.5;213.5,277.25;287.5,34.75;295,197.5;308.5,29.5
42556;28.25,31.25;52,242.5;78,145.5;336,113;224,246.5;245,29.25;295,197.5;309.5,30.75
8561;10.75,29.25;31,237.75;64.75,123;327,112.5;224,246.5;245,29.25;294.25,186.5;308.25,32.25
25359;10.75,29.25;90,229.5;115,144.5;329.5,156.75;164.25,241;245,29.25;301.75,233.25;308.25,32.25
29582;10.75,30;90,229.5;115,144.5;282.25,167.5;139.75,258;239.5,62;296,259;300,58.25
48203;10.75,30;90,229.5;115,144.5;252.25,134.25;185.75,247.5;252.75,72.5;341,292.5;344.5,64.5
47894;2.25,68.25;59.75,249;151,159.5;252.25,134.25;200.75,275.5;209,52;343,288.25;344.5,64.5
32172;11,104.75;84.25,281.5;151,159.5;298.25,148.25;200.75,275.5;201.75,41;310.5,269.75;352,60
32792;11,104.75;38.5,261.25;194.75,136.75;298.25,148.25;195.5,249.5;227.25,49.25;303.25,281.5;347.25,32.25
8242;38.5,147;50,284;196.25,135.25;290.5,161;224.5,283.75;265.25,78.5;303.25,281.5;347.25,32.25
40714;47.75,190.25;51.5,250.5;196.25,135.25;276,179.5;262,247.5;282.5,35.25;303.25,281.5;318.75,62.75
47885;10.75,226.5;59.5,218.5;206,168.5;242,191;262,247.5;282.5,35.25;303.25,281.5;331.75,34
41407;28.5,194.75;68.25,166;243.75,159.5;293.25,220.5;262,247.5;282.5,35.25;303.25,281.5;356.5,1.5
25884;28.5,194.75;95,196.75;244.25,160.5;280.25,261.75;268.25,283;282.5,35.25;320.25,277.5;349.5,19
24492;89.25,201.75;128,200;280.75,143.75;334.25,267.25;268.25,283;283,31.5;346.5,261;349.5,19
26343;66.75,184.5;121.75,213.5;260.25,134.25;350,275.5;261.75,269.25;283,31.5;346.5,261;349.5,19
12946;62,175.75;96.75,256;268.5,73;363.25,288.5;261.75,269.25;283,31.5;345.75,260.25;363.5,80.5
29324;94.25,191.75;96.75,256;252.5,92.25;324.25,293.25;246.5,288.5;247.5,60.75;355.25,293.75;363.5,80.5
15795;94.25,191.75;117.25,310;269,106.75;324.25,294.75;191.75,305.5;235.75,48.5;313.5,243.25;363.5,80.5
32472;94.25,191.75;136.75,318.75;269,106.75;360.75,276.75;161.5,300.5;234.25,52.25;286.5,234;330.25,58.25
28225;59.25,170.75;136.75,318.75;240.75,92.75;356,251.5;127,297.5;234.25,41.75;325,218.25;330.25,58.25
46480;29,209;136.75,318.75;240.5,92.25;356,251.5;105,282.25;234.25,41.75;309.5,228.5;319.75,63.25
40324;49.5,171.75;115.25,302.75;240.5,92.25;350.75,239;119,302.25;253.75,96.5;309.5,228.5;354,81
47119;38,124.25;107.25,282.25;267.5,106.25;294.75,235.75;134.25,264.5;264.5,53.25;309.5,228.5;354,81
15486;89.5,118.5;107.5,282.75;295.75,92.75;313.5,212.25;134.25,264.5;212,59.5;334.5,191.75;354,81
36557;71.75,64.5;107.5,282.75;295.75,92.75;313.5,212.25;143,221.25;194.75,96.25;361.25,226;363.25,43.5
20542;54.5,16.75;62,317.75;245.75,79.25;314,212;143,221.25;239.25,73;357,174.5;363.25,43.5
14837;54.5,18.75;62,317.75;206.5,46.25;302,237.25;122,252.5;275,107.5;331.25,136.75;363.25,43.5
13397;63.75,51.75;94,300.25;198.25,20.5;315,275.25;153,255.5;275,107.5;331.25,136.75;363.25,43.5
28958;37.5,64.75;94,300.25;185.25,53.75;361.75,277;118.5,290.5;275,107.5;331.25,137.5;337,50.25
15012;32,44.25;86,320.75;174.5,33.75;315.75,293.5;98.5,281.75;275,107.5;330.5,136.75;337,50.25
46847;68.25,39.25;80,319.25;174.5,33.75;315.75,293.5;81,249;275,107.5;321.5,139.75;340.25,51.25
3526;39.5,22.5;123.75,287.5;195.5,11.5;315.75,293.5;67,212;221.5,116;329.75,161;340.25,51.25
28157;39.5,22.5;108,281.75;235.25,21.5;290,319;101.75,196;260,114.5;331.25,210.25;340.25,51.25
41498;46.5,63.75;120.5,300.75;235.25,21.5;290,319;122.25,196.5;253.75,85.75;331.25,210.25;345.5,79.5
37775;2.75,52.75;94.75,312;246.75,23;253,268.75;122.25,196.5;253.75,85.75;333.5,210.25;355.5,146.25
20360;31.75,21.75;76.75,311.75;246.75,23;253.5,269.25;122.25,196.5;226.5,115.75;349.5,218.25;356.25,154.75
39216;28.5,68;39.75,303;207.75,63.25;254.25,224.5;122.25,196.5;226.5,115.75;332.5,269.5;356.25,154.75
29209;35,50.25;72.25,310.25;216.25,61;256,182.75;123,200.75;226.5,115.75;323.75,301;356.25,154.75
48072;58.25,8;73.75,311.75;216.25,61;256,182.75;84.5,168.75;226.5,115.75;279.25,311.5;305.25,171.5
18264;58.25,8;73.75,311.75;169.5,89.75;248.25,134.25;80.25,214.5;268.5,110.25;283.5,313;314,211.75
43119;58.25,8;73.75,311.75;190.75,113;248.25,134.25;89.5,189.5;244.25,90.25;277.75,306;304,233.5
43468;58.25,8;73.75,311.75;163,145;284.75,104.5;55.25,224.5;244.25,90.25;268.75,306.5;316.5,190
40779;65.75,7;117.25,315;179.75,113;253.25,78.75;35.25,192;244.25,90.25;268.75,306.5;316.5,190
18832;40,30.5;139.5,281.75;174.5,145;242.5,22.25;35.25,192;244.25,90.25;268.75,306.5;283.25,185.5
15755;34.5,59.75;123.25,278.5;168.25,135.75;200.25,6.25;35.25,192;249.75,71;270,311;283.25,185.5
35490;17,74.25;136.75,254.5;171,184;175,46.75;83,189;226,50.75;270,311;283.25,185.5
22315;64.25,57.5;132.75,212.5;167.25,200.25;181.5,50.25;83,189;226,50.75;252.75,263.25;283.25,185.5
25509;120.75,55.75;132.75,212.5;167.25,200.25;181.5,50.25;77.25,190.5;195.75,99;278.25,212.25;282.5,203.25
27195;120.75,55.75;126,213;156.5,212.75;194.5,94;65,151;151,82;270.25,167.75;278.25,212.25
22953;88.75,73;89.25,197;156.5,212.75;158,127.25;18.75,142.25;151,82;241,180;276,192.25
34853;74.25,41.25;104.5,151.5;155.25,230.25;158,127.25;32.5,125.25;181.25,109.5;220.75,177.25;276,192.25
8782;39.75,14;88.5,113.25;153.75,243.75;158,127.25;44,177.25;159.75,91.75;175.75,165.25;276,192.25
634;39.75,14;44.25,100.5;140,223.75;168.25,85.75;17.75,215.25;175.75,103.75;175.75,165.25;288.75,227
25066;40.75,16.75;62,131;82.75,207.5;168.25,85.75;17.75,215.25;145.25,83.5;193.5,173.25;304.5,171.25
35152;40.75,15.25;80.5,85.75;82.75,207.5;224.25,78.75;16.5,155.5;145.25,83.5;165.25,224;336.25,118
20228;40.75,16.75;84.75,90.75;112.5,169.25;269.75,70.75;12.25,138.75;145.25,83.5;191,196;336.25,118
13959;32.75,58;109.25,73.75;158.5,156.75;248.75,101.75;56.5,131.5;145.25,83.5;191,196;311.75,102.5
27890;16.25,58.75;108.25,74;158.5,156.75;243.25,126.5;56.5,131.5;150.75,65.75;228,193.25;321.75,131.25
12003;16.25,58.75;84.75,98.5;158.5,156.75;229,136.5;57.75,92.75;147.25,59.25;266.5,215;301.75,109
29457;16.25,58.75;93.5,58;141.75,184.5;270,169.25;74.5,113.75;163.25,95;266.5,215;279.75,62.5
10427;16.25,57.5;93.5,58;141.75,183.5;279,217.75;83.75,158.75;155.25,49;266.5,215;326,76.75
24228;29,94.5;80.75,92;131.25,200;278.25,217.5;74.5,203.25;180.5,28.5;266.5,215;326,76.75
15879;29,94.5;115,85.25;138,158.25;294.25,252.25;30.5,215.5;180.5,28.5;298.5,207.5;311,62
3021;61.25,67.75;92.5,76.5;111.75,120.75;318.5,216;59.25,204.75;176.75,30.25;298.5,207.5;311,62
46113;63.75,57.25;90.5,76.75;111.75,120.75;356.75,217.25;87,170;152.75,7.75;271,180;311,62
29217;77.5,9.25;86.25,90.75;111.75,120.75;356.75,217.25;94,135.75;152,7.25;318,159.5;339,78.75
1140;33.25,30.75;82,27.25;91.75,84.75;334.25,214.5;31,119.25;152,7.25;308.5,195.25;339,78.75
41400;70.75,32.25;105.5,9.25;107.75,40.5;334.25,214.5;48.5,76.25;143,51.5;308.5,195.25;339,78.75
28720;70.75,32.25;100.75,18.75;107.75,40.5;334.25,214.5;51.75,75.75;187.5,99;319.5,130.75;319.75,89.75
31735;28.25,55.25;100.75,18.75;107.75,40.5;334.25,214.5;91.5,107.75;220.5,80.5;281,118.75;322.25,137.25
16174;51,43.25;55.75,55.75;85.25,64;334.25,214.5;91.5,107.75;220.5,78.25;251.75,94.25;281.5,119.75
16437;2.5,7.75;43.5,11.5;85.25,64;316,217;111.25,68;162,79;201.75,84;281.5,119.75
44706;2.5,7.75;43.5,11.5;85.25,64;316.25,217.5;121.75,38;145.25,92.5;205.25,85.75;281.25,88.25
29581;2.5,7.75;46,11.25;136.75,41.75;342.75,258.75;106.25,41;171.75,104.75;205.25,85.75;268.75,33.5
30764;2.5,7.75;46,11.25;143,57.25;359.75,307.5;127.25,77;143.75,117;208.25,68.5;268.75,33.5
49504;14,34.5;14.5,8.25;150.5,34;359.75,307.5;127.25,77;136.75,172.75;189.25,36.75;271,33.5
11332;8.25,79.75;14.5,8.25;152.75,41.25;359.75,307.5;106.5,113.75;158.25,223.5;214.5,53.75;248.25,60.75
7383;8.25,79.75;14.5,8.25;133.25,100;317,275.25;121.25,164;133.75,198.5;213.75,54;279,101
4709;28.75,114.75;51,5;133.25,100;301.25,262.75;67.25,153.5;133.75,198.5;246.5,83.25;293,143.25
37986;30,118.25;51,5;130.25,56;292.75,240.75;62.25,171.25;97,189;246.5,83.25;300.25,125.75
48731;37.75,138;51,5;130.25,56;282.5,243.25;21.5,142;137.75,198.5;246.5,83.25;312,161.75
10509;37.75,138;65.75,40.25;131.25,25.75;240,219;21.5,142;113,222.75;224.5,103.25;281.5,126
42178;50,189;72.25,16.25;113,42.25;240,219;21,143;95.25,262.75;224.5,103.25;279.75,125.25
26000;72.5,183;73.25,17;82.5,79;263,255.25;15.75,150.25;95.25,262.75;226.75,102.25;279.75,125.25
42838;42.5,237.75;82.5,79;95.5,20.75;222.75,204;50.75,162;142.5,301.5;226.75,102.25;279.75,125.25
1013;42.5,237.75;75.5,84.5;117.75,32.75;250,218;51.25,162.5;153.5,302.75;244.5,70.75;279.75,125.25
41211;33.5,238.25;75.5,84.5;153.5,44.25;266,180;40,139.5;117.75,296;244.5,70.75;279.75,127.75
40051;2.25,218;72.5,88;154,98.5;279.5,229.5;45.75,92.25;117.75,296;244.5,70.75;279.75,127.75
7403;2.25,218;116.75,83;138.75,96.25;279.5,229.5;75,84.5;155.5,285.25;207.25,40.25;279.75,127.75
12569;4,265;116.75,83;167.25,105.75;317,226.5;39.25,107.5;196,275;207.25,40.75;279.75,127.75
13119;18,307.5;117.5,81.75;167.25,105.75;317,226.5;12.25,72;140.25,272.5;228.5,80;321.5,123.5
2878;29.5,277.25;117.5,81.75;167.25,105.75;335,217;14.75,58.5;130.75,279.5;261.5,100.5;288.25,121.75
36813;29.5,277.25;117.5,81.75;168.75,99.25;335,217;3.25,58;116.75,309.5;264.5,140;274,126.5
34527;29.5,277.25;117.5,81.75;168.75,99.25;323.75,209;10,11;98,318.75;235.25,155.5;239.5,132.25
38175;47.75,295.5;117.5,81.75;158.75,150;282.5,187.25;3.75,54.5;98,318.75;188.5,162.75;224.75,181.5
47291;25.5,258.25;142.75,109.5;148.75,115.75;281,167.25;3.75,54.5;98,318.75;181,187.5;224.75,181.5
10792;25,257.75;121.25,71.5;183.75,114;271.5,164.75;10.75,46.5;98,318.75;181,187.5;265.5,162
16539;51,218.75;65.5,77.75;183.75,114;293.75,114.5;38.5,39.75;119.25,269.25;164.75,161;265.5,162
12275;47.5,217;88,111.5;183.75,114;302.75,68.25;4,69.75;127.5,230;170.5,163.5;265.5,162
16163;49.25,171.25;88,111.5;170,87.25;286.5,102.25;26.5,30.75;130,229.75;171.5,197;265.5,162
40748;82.25,171.75;91.25,158.5;167.5,106.75;245.5,127.5;26.5,30.75;130,229.75;181,198;245.75,121.25
20037;69.75,124;74,176;143.25,76.25;275.5,134.75;34.25,78.5;130,229.75;181,198;245.75,121.25
37945;43.75,109;85.75,172.75;131,97.75;287,104.5;52.25,79.5;130,229.75;170.25,222.75;245.75,121.25
47724;43.75,109;90.75,169;117.5,52.5;243.25,82.25;52.25,79.5;130,229.75;171.25,232.25;228.5,117.5
16026;11.5,108.25;77,178.25;117.5,52.5;217,60.75;85.25,58.75;149,224;186.75,196.5;228.5,117.5
41046;23,62.25;105,136.75;117.5,52.5;190,13;31,50;149,224;202.25,224;205.75,108.5
39470;23,62.25;85,85.25;138.5,22;202.5,48.25;46,77.25;149,224;242.5,198.75;248.5,131.75
22982;33.5,30;85,85.25;90.5,19;183.75,42.25;5.5,70.75;149,224;238.25,199.5;250.25,106.5
43436;15,24.25;85,85.25;141,44;224.25,54.5;17.5,119.25;177.25,198;223,251.75;250.25,106.5
23085;15,24.25;108.25,72.5;171,54;221,93;17.5,119.25;181.75,162.25;225.25,257.5;231.75,116
46814;15,24.25;58.5,75.25;169.25,53.75;244.25,117;9.5,127.5;181.75,162.25;251.75,252.5;279,143.25
13902;15,24.25;57.75,76.5;200.25,73.5;288.5,132;13.25,71.75;205,154.25;254,292.75;279,143.25
18657;4.25,6.75;42.25,44.75;216.25,62;274.5,129.5;48.5,43;205,154.25;254,292.75;293.25,138.5
47425;4.25,6.75;42.25,44.75;206.5,108.5;264.75,114.5;99.25,39.25;217.25,140.25;220.5,311.25;292.25,137.5
8885;3,6.25;70.75,70;242.5,119.25;275,96;82.75,12.5;217.25,140.25;220.5,311.25;292.25,137.5
44498;17.25,31;23.75,78;279.25,102.25;297.75,97.25;82.75,12.5;219,139;220.5,311.25;292.25,137.5
24521;22.5,42.25;23.75,78;271.5,73.5;273.5,52.5;82.75,12.5;171.5,141.5;247,310.25;292.25,137.5
32286;44.75,43.75;51,69.25;271.5,73.5;273.5,52.5;101.25,66;166.75,160.5;241,320;292.25,137.5
34752;40.5,67.75;44.75,43.75;271.5,73.5;316.5,24.5;123.75,113.75;145.25,151.75;218.5,321;235.25,152
25318;26.75,93.5;44.75,43.75;226.5,37.25;365.5,24.25;111.75,127.25;145.75,151.5;218.5,321;250.5,115.5
47745;26.75,93.5;51,6.25;179,48.5;335.25,29.5;78.25,87;145.75,151.5;231.25,267.5;250.5,115.5
14882;26.75,93.5;43.5,11.5;222,37.5;315.5,76.25;91.25,88;163.25,165.75;185.5,250;250.5,115.5
22434;26.75,93.5;43.5,11.5;222,37.5;286.25,73.25;66.25,104.5;163,160.75;178,303.75;304.75,122.5
18113;29.5,94.5;58.25,9;222.25,36.75;286.25,73.25;64,80.5;143.75,192;219,295.75;304.75,122.5
14044;29.5,94.5;108.25,22;185,11.25;233.5,79;73.25,131.5;143,192;219,295.75;285.25,95.25
1186;4.25,62.75;109.5,34.75;185,11.25;233.75,79.5;73.25,131.5;186.75,176.25;237.5,309.25;307.25,133
13569;39.5,104.25;109.5,34.75;241.25,9.75;279.5,61.5;73.25,131.5;171,165.5;240,256.75;271.25,168.25
2617;39.5,104.25;109.5,34.75;253,12.5;279.5,61.5;99.75,136.25;156.5,182.25;249.75,290.5;279.75,174.75
22218;39.75,103.75;109.5,34.75;244.5,13.5;264.75,12.75;126.75,106;145.25,225.25;234.75,290.25;279.75,174.75
995;82.5,76;118,34.75;244.75,12.5;267.25,15.25;124,158.25;145.25,225.25;223.25,247.75;279.75,174.75
490;37,101.75;118,34.75;225,42.25;314.25,36.75;103,171.5;105,260.75;223.25,247.75;287.25,225.75
16781;37,101.75;118,34.75;259.75,72.75;314.25,36.75;96,191;113,259.75;248.25,251;305.75,233.25
5697;42.5,63.75;85,59.25;229.5,69.5;314.25,36.75;94.25,190;113,259.75;278,265.75;302.5,199.25
13907;42.5,63.75;85,59.25;217.75,37.25;314.25,36.75;123.5,197;142.25,272;259.25,254;355.25,213.5
23937;51.5,49.25;62.25,75.75;212.75,2.75;290.25,40.75;144.25,202.75;152,236.25;259.25,254;355.25,213.5
22037;50.75,74.75;56.75,74.25;213.5,3.75;257,18;144.25,202.75;152,236.25;246,287.75;349.25,205.25
30495;50.75,74.75;94.5,73.5;194,12.25;255.5,19;113.25,216.5;114.75,237.25;246,287.75;317.5,194.5
26453;50.75,74.75;123.5,59.75;155.25,28;255.25,25.25;60.75,247.25;149.25,247.75;246.25,288;317.5,194.5
38639;76.75,37;140.75,102;155.25,28;270.5,32;70.25,283;149.25,248.25;246.25,288;288.5,187.5
44284;99.5,57.5;140.75,102;155.25,28;296,34;45.75,294.5;149.5,249.25;228.75,278.5;313.25,163.5
42982;70.25,75.75;140.75,102;182,36.75;273.25,14;83.25,321.25;159.75,246;228.75,278.5;313.25,163.5
25010;68.75,76.5;140.75,102;141.5,34.5;273.25,14;131,294;140.5,245.25;178.5,294.75;346.75,204
40018;74.75,45;140.75,102;163.5,38.5;229.5,11.75;112.5,282.25;114,216.25;149.75,278.75;346.75,204
25602;102.75,52.5;121,46;160.75,80.75;177.5,34.25;112.5,282.25;114,216.25;149.75,278.75;296.5,195.75
38716;116,35.25;117.25,22.5;159,82.25;177.5,34.25;133.5,309.25;140,223.25;166.5,242;296.5,195.75
4472;116,35.25;117.25,22.5;159,82.25;220.5,60.75;120.5,273.25;175.5,249.5;192.5,235.25;260.25,222
4723;114.25,35;117.25,22.5;204.25,56.75;217,42;120.5,273.25;141.5,203.25;195,182;268.25,254.5
4620;128.25,32.5;142.5,33.5;212.75,22.5;252,78;120.5,273.25;144.75,174.75;195,182;285.25,288.25
32347;128.25,32.5;142.5,33.5;204.75,18;252,78;156.5,285.5;187.5,177.75;219.25,176.25;312.75,313.5
5483;105.75,68.25;142.5,33.5;204.75,18;262.5,54.25;155.75,286;203.5,182.25;257,143;352.5,300.25
46957;95.25,90.25;142.5,33.5;204.75,18;284.25,53.75;126.5,251.5;195.25,226.75;257,143;332.75,265.5
17946;95.25,90.25;186,47.5;188.5,6.5;275.75,69;103.5,265;194,227.75;257,143;287.75,261.75
1717;70,116.25;186,47.5;211.75,17.25;268.25,74.25;103.5,265;188.25,226.75;263.75,143.25;294,315.75
925;77.25,125.5;220.5,60.75;245.25,40.25;247.5,45.5;144.25,286;188.25,226.75;263.75,143.25;293.5,313
17870;77.25,124.5;223.25,56;245.25,40.25;282.75,54.5;148.5,224.25;175,231.25;263.75,143.25;319,309.25
13698;77.25,124.5;264,31.75;278,34.5;332,33;149.5,203.75;186.75,272.25;263.75,143.25;319,309.25
21202;56.25,155;275,19.5;302.75,21;369.5,69.25;148.75,204;186.75,272.25;263.75,143.25;312.75,297.5
10068;16.5,189.75;259.75,57.75;302.75,21;369.5,69.25;117.5,194;225,273.5;289.25,186.25;354.5,279.5
19958;48,228.5;239,85.25;301.5,21.25;369.5,69.25;78.75,175.5;254,293.5;289.25,186.25;355.75,267.25
35891;38.25,257.25;239.75,85.25;293.25,54;354.75,24.25;78.75,175.5;232,302;335.5,160;355.75,267.25
1055;26,260.25;226,105.25;277.75,36;355.75,23.5;78.75,175.5;207.75,284.25;335.5,160;344.5,235.75
6606;42.75,306;204.25,61.75;303.75,14.75;316.75,68.5;93.5,118.5;222,316.75;335.5,160;344.5,235.75
37260;52.5,317.75;235,70.5;284.75,71.25;333.75,38;93.75,118;171.5,298.75;335.5,160;344.5,235.75
17673;96.5,303.75;229.5,53;235.5,50.5;333.75,38;93.25,118;191.75,307.5;335.5,160;355,261.75
32459;116.25,312.5;229.5,53;235.5,50.5;333.75,38;95.25,109.75;224.25,283.75;302.5,198.5;337.25,227.75
34681;137.75,317.75;214,11.25;235.5,50;333.75,38;54.5,100.5;208.75,263.5;313.5,190;337.25,227.75
14166;89.5,298.5;218,53;276.5,71.25;333.75,38;55.5,100.5;250.5,291;313.5,190;360.75,212.25
48240;39.5,285;185.25,53.75;272.5,61.5;333.75,38;51.5,101;272.5,321.25;320,211.25;360.75,212.25
21698;39.5,285;185.25,53.75;293.75,8;331,48.25;51.5,102;322.75,313;348.75,204;356.5,173.75
20456;58.25,295.5;185.25,53.75;236.75,9.75;335.5,26.25;51.5,101;322.75,313;333.5,207;334.5,148.75
22187;58.25,295.5;183.5,89.25;222.75,73.5;335.5,26.25;30.25,123.75;315,312.5;318.75,160.5;321.75,123.75
15848;58.25,295.5;152.25,118.5;261.25,30.5;335.5,26.25;69.75,153.25;285.5,276;297.75,207.75;354.25,82.25
15604;39,316.5;160.25,82;279.75,31;336,26.25;69.75,153.25;285.5,276;333.75,197;367.25,79.5
33322;36.75,273.5;160.25,82;276,43.75;278.25,19.5;69.75,153.25;282.25,294.5;309.5,257.25;363.5,50.25
32176;47.5,238;146.5,113.5;276,43.75;278.25,23.25;117.25,136.25;247.5,309.75;284.25,281.75;363.5,50.25
6380;17.75,226.75;165.5,144;283,10.25;332.5,12.75;144.25,115.25;247.75,310.5;284.25,281.75;363.5,50.25
21019;61,178.25;165.5,144;276.75,34.5;283.25,10.25;139.75,71.75;239,293.25;275,249;363.5,50.25
4977;61,178.25;165.5,144;227.5,70;317.25,54.5;102.25,39.25;248.75,309.25;274.25,249.5;336.25,50.25
6387;23.5,178;155.25,157.5;205.75,100.25;285.5,55;102.25,39.25;248.75,309.25;274.5,249;336.25,50.75
2782;66.5,188;164.5,141.5;205.75,100.25;300,53;102.25,39.25;247.75,310.5;272.5,264.5;306.75,85.75
42453;66.5,188;145.25,124.75;198.5,73.5;281,71;71,79.25;196.75,303.5;292,233;306.75,85.75
24566;85.5,190;179.75,113;198.5,73.5;271.5,105.25;71,79.25;208.25,285.25;302,276.25;316.75,43.75
28777;103,142.25;154,112.75;198.5,73.5;226.75,119.5;73.5,77.5;235.5,291;302,276.25;310.75,30.5
48504;106.75,123.75;155.25,108.5;177.25,110.5;213,81.5;54,93.25;235.5,291;302,276.25;311.75,30.25
19760;106.75,123.75;136,43.5;190.5,119.25;277.5,86.25;27.25,70.75;256,290.5;310.75,211.75;311.75,30.25
47921;104.5,145;113.5,59.5;155.25,145;318,58.5;27.25,70.75;257.5,288;310.75,211.75;356,16
36779;71,98.25;111.75,15.75;153.25,87.75;360,34.75;27.25,70.75;256.75,288.75;349.5,175;356,16
4447;66,74.25;111.75,15.75;118.75,121;360,34.75;28.75,42;256.75,288.75;322.75,162.5;335.5,50.25
44600;29.5,96.75;67,1.25;139.25,76.5;352.5,42.75;47,21.5;311.25,313.75;322.75,162.5;335.5,50.25
2193;36.5,25;65.25,56.75;141.75,148.75;352.25,41;47,21.5;256.75,310.25;322.75,162.5;361.75,59.75
19973;38.5,45.75;39.75,54.75;93.75,158.5;330.75,7;47,21.5;256.5,293.5;322.75,162.5;361.75,59.75
32976;7,62.75;38.5,45.75;135.25,160.25;330.25,6.5;74,26.25;256.5,293.5;316.25,111.75;355,46.5
5548;64.25,67.75;94,26.25;96,163.5;342,11.75;78.75,46.75;256.5,293.5;316.25,111.75;322.75,59.75
50532;11,41.75;92.5,69.75;95,163;313.5,13.5;77.75,56.75;278.25,239.25;316.25,111.75;322.75,59.75
15023;11,7.75;109.5,113.5;114,138.5;313.5,13.5;88.25,77.25;278.25,239.25;320.25,90.25;333.25,97.25
21030;1.75,64.25;109.5,113.5;114,138.5;329.5,20.25;121.75,92.25;278.75,239;295.75,121.5;321,90.5
29195;1,110.25;86.75,110;114,138.5;319.5,22;159.25,51.25;231.25,247.75;295.75,121.5;317.25,87.75
12997;17,141.75;54.25,159;82.5,174.75;319.25,22.5;160.75,48.75;186.75,247;295.75,121.5;317.25,87.75
6843;17,141.75;51,189;86.75,132;286,73.25;164.25,95;173.25,198;295.75,121.5;335.25,95.25
21614;3.25,177;48.25,193.25;80.75,114;274.75,67.5;169.25,55.25;173.25,198;309.25,142.5;335.25,95.25
6538;3.25,177;63,186;80.75,114;274.75,67.5;182.25,45.75;206,172.75;265.5,174;358.75,79
29529;34,168.5;63,186;80.75,114;278,101.25;210.5,91.5;231,150.5;277.5,194.5;315.5,97.5
27685;34,168.5;86.25,212.75;119.75,124;278,101.25;192.5,99;201,154.25;225.75,188.25;272.25,112
41711;2.5,171.5;74.75,243;130.25,123;278.25,125.25;151.75,89.5;201,154.25;225.75,188.25;272.25,112
8300;6,175.5;82.75,281.5;152.5,157.75;279.25,109;151.75,89.5;201,154.25;250.25,175.75;300.25,113.5
42296;6,175.5;82,281.5;105.25,167.75;312.25,97.25;151.75,89.5;184.75,189.5;224.25,132.5;254,131.5
44862;21,223;82,281.5;115.75,126.25;334.25,66.25;91,107.5;138.25,191.5;224.25,132.5;241.25,132.75
47781;18.75,223;82,281.5;140.5,156.25;336.25,19.5;91,107.5;137.75,217.75;230.75,124;241.25,132.75
38418;18.75,223;104.25,313;164.25,185.5;334.75,19.75;75.25,126.5;137.75,217.75;216.75,174.25;234.25,184.5
25295;4.5,258.25;104.75,315.75;135.5,149.75;338.25,24;27,148;137.75,217.75;216.75,174.25;246.5,213.5
35824;25.25,308;104.75,315.75;117.5,150;338.25,24;17,156.75;95.75,201;216.25,167.5;296.5,198.25
36756;25.25,308;104.75,315.75;117.5,150;336.5,6.75;5.25,187.25;86.5,190;192.25,173.5;306.75,153.5
12461;54.25,280.25;104.75,315.75;117.5,150;336.5,6.75;33.75,206.75;119.25,163.5;193,182.75;254.5,164.75
44358;28.25,318.75;140.25,317.25;144,125.75;336.5,6.75;27.75,198;131.75,123.75;193,182.75;240.5,173.5
50023;28.25,318.25;161.25,279.25;178,85.75;334.25,38.75;60.5,222.25;131.75,123.75;219,202.5;240.5,173.5
5898;63,293.25;150.25,267.25;180.75,83.5;363,58;60.5,222.25;131.75,123.75;194.5,177.5;196.75,175
43341;63,293.25;172,265.75;180.75,83.5;363,58;64.5,177.75;113.5,82.25;143.25,183;247.75,181.75
44001;63,293.25;172,265.75;180.75,83.5;363,58;47,180.25;78.5,81.75;121,162.25;257.25,176.5
45487;86.25,298.75;131.75,286.25;181.5,82.75;363,58;33.25,231.25;78.5,81.75;163.5,164;271.25,213.75
30539;91.75,270;131.75,286.25;217,50;355,42.75;49.5,283;107.25,38.25;191.25,181;271.25,213.75
31262;91.75,270;137.75,317.75;224.75,76.25;358.25,17.25;48.25,283.5;119,36.25;191.25,181;303,234
36744;91.75,270.5;137.75,317.75;254.25,57.75;358.25,17.25;68,309;82.25,20.5;155.5,190.5;329,206.5
26093;62.5,217.75;117,265;269.5,61.5;365,43;68,309;82.25,20.5;198.75,223.75;313.5,160
41881;61,178.25;164,274.75;263.75,95.25;364.5,43;30.75,280.25;82.25,20.5;222.5,273.5;313.5,160
5451;93.25,140.25;193.5,265.25;270,102;364.5,43;6,307;81.75,25.25;203.75,285;313.5,160
2746;70,172.25;209,311.75;245.5,126.5;354.25,91.25;6,307;81.75,25.25;203.75,285;326.75,161.5
45452;70,172.25;227.5,270;276,171.75;357.25,122;6,307;99,36.25;165,279.25;319.75,156.25
29105;57.5,217.5;202,310;276,171.75;343,143.5;34.25,301.25;99,36.25;129.5,265.5;319.75,156.25
38759;31.25,238;202,310;268.5,179;363.75,148.75;41,275.25;99,36.25;129.5,224;328.25,180.75
32831;28.75,265.25;205.25,295.75;296,165.5;336.25,136;41.25,274.25;99,36.25;173,242;328.25,180.75
47788;9,227.25;225.5,291.25;274.25,168;348,128.25;78,273.5;99,36.25;173,242;304.25,222
12604;8.75,271.25;225.5,291.25;251.5,219.25;306.25,122.75;89.25,304;127,72.75;161,185.75;304.25,222
6644;7,283.25;225.5,291.25;251.5,219.25;294.75,103.5;100.5,269;159,51.25;161.5,187.75;278.5,225
42081;32.5,239.5;225.5,291.25;251.5,219.25;309.75,82.25;94,284;135.5,41.75;164,164;278.5,225
6940;73.25,243;264.5,295.75;282.5,181;327.5,66.25;94,284;135.5,41.75;160.25,138.75;235.25,219.5
34239;55.5,243.25;247.75,269;248,170.25;327.5,66.25;80.5,254.25;135.5,41.75;192.5,164.25;202.75,209.25
25285;74.75,291;225.25,237;242.75,158.5;360.75,28;80.5,254.25;158.75,12.5;192.5,164.25;202.5,211.5
37997;74.75,291;225.25,237;241.5,158.75;333.5,29.5;123.25,266.25;140.25,32;180.25,198;185.25,231.75
20268;78,248.25;217.25,218;289.5,169.5;314,62.5;123.25,266.25;137.5,71.75;171,161.25;185.25,231.75
6024;63.75,294.5;216.5,219;283,180.25;310.5,111;142.5,299.25;144.75,68.75;171,161.25;185.25,231.75
6213;54.5,230.25;216,219;332.25,190;333.25,127.75;144,301.75;144.75,68.75;171,161.25;191.5,265.25
11617;48.75,237.75;183.25,234.25;333.25,127.75;353.75,168.5;108.5,275.25;132.5,98.75;146.5,203.25;191.5,265.25
41631;48.75,237.75;178.25,234.25;275.5,133.25;345.25,172;108.5,275.25;121.75,103.5;178,215.25;199.75,218
19948;79.75,247.75;137.75,215.5;294,129.25;341,166;108.5,275.25;153,87.25;178,215.25;199.75,218
21651;112.75,243.75;148.75,223.75;294,129.25;342,166.5;84,283.5;158.75,51.75;164.75,186;199.75,218
10369;123.75,285.5;148.75,223.75;331.5,149.25;353.75,177.5;84,283.5;125.25,17.75;188.75,166;201.25,216.5
9944;83.25,297.75;172,267.25;327.75,187.25;331.5,149.25;103.5,304.5;125.25,17.75;201.25,217;201.5,182
22933;37.25,309;130.25,288;327.75,187.25;369.5,121.75;109.5,323.25;125.25,17.75;201.25,216.5;242,143.5
18446;37.5,309.5;123,256.25;353.5,215.5;369.5,121.75;87.5,314;125.25,17.75;213.75,276;240.25,131.75
8371;38,309;123,256.25;325.5,267;364.75,146.75;35.5,311.25;125.25,17.75;216,302.5;223.5,122.5
18461;41.75,270.5;87.75,266;297,304.5;347.75,157.25;35.5,311.25;125.25,17.75;216,302.5;238.25,84.75
38489;40.5,319.25;80,262.5;342.5,271;347.75,157.25;79,306.5;88.75,65;216,302.5;251.5,76.25
19885;24.25,272;50.5,243.25;343.25,231.25;347.75,157.25;18,296.25;85,56;200.5,322.75;251.5,76.25
35075;24.25,272;36,241.75;343.25,231.25;347.75,157.25;21.5,293;85.5,24.25;145.5,299;250.5,132.25
20842;19.5,241.5;25,273;320.5,231.75;351.75,180.75;21.5,293;41,3;145.5,299;267,167
33043;20.25,189.75;25,273;320.5,231.75;351.75,180.75;8.5,303.25;45.75,44;97.75,297.5;310.5,161.5
6479;11.25,231.5;33,227;294.75,176;364,192.75;8.5,303.25;45.75,44;123,265.25;310.5,161.5
48343;11.25,231.5;26.25,182.5;279,130;369.5,196.5;8.5,303.25;92.25,20.5;142,298.5;344.25,138.25
4910;40.5,270.75;70,153;287,106.5;369.5,196.5;8.5,303.25;122.75,6.25;154.25,300.75;327,177.75
23358;13.5,261.25;70,153;280.25,72;340,167;8.5,303.25;81.25,24.75;156.75,279.25;355.25,170
31400;13.5,261.25;68.25,157;245,46.5;361.5,135.75;8.5,303.25;57,5.75;160.75,301.25;333.75,132.5
19418;13.5,261.25;55.25,170.25;272.5,59.5;362,190.75;33.25,304;58.25,5.75;111.25,316.75;333.75,132.5
22148;13.5,261.25;38,162;317.75,67;326,213.25;33.25,304;44.25,51;124.25,315.75;317,181.25
16401;36,242.25;50,217.5;303.75,67;359.25,214.5;9.25,280;68,92.25;124.25,315.75;317,181.25
33403;43,241;71.25,242.5;302,101.75;359.25,214.5;45.75,248.5;116,71.5;124.25,315.75;300.5,185.5
33484;43,241;71.25,242.5;325.25,145.75;359.25,214.5;42,252;121,61.25;154.25,302.25;315.5,202.75
13389;64.75,267.5;92.75,240.5;292.25,155;359.25,214.5;56.75,213;128.25,71.25;169.25,298.25;315.5,202.75
28707;52.75,237.75;105,196;292.25,155;364.5,197.5;56.75,213;127.25,93;129.5,318.25;326.75,225
39906;27.25,271.25;95.75,195.75;271.5,123;337.25,151.25;56.75,213;127.25,93;141.25,300.25;343,269
14329;62.25,266.25;95.75,195.75;274.75,102.5;338.5,197.75;56.75,213;154,80.75;183.5,303.25;343,268.5
44414;62.25,266.25;95.75,195.75;294.75,119.5;334.25,217;56.75,213;194.75,86.25;195.75,320.75;316,299.5
15032;62.75,249.75;91,221.25;287.5,105.75;334.25,217;34.75,197.5;194.75,86.25;221.25,283.75;315.75,256.75
15948;43.5,241.25;91,221.25;267.25,83;355,255.75;34.75,197.5;193.25,97;227.75,284.75;292.25,217.75
17329;62.25,265.5;117.25,259.25;225.5,93;353,215.5;34.75,197.5;193.25,97;241,241.75;319.5,194.25
42047;62.25,265.5;102.75,231.5;252.25,122.75;353,215.5;6,203.75;170.5,96.5;201.5,231.25;319.5,194.25
27183;63.75,305.5;121,251.75;225,104.75;359.5,214.25;6,203.75;170.5,96.5;176.5,231.5;353.25,182.75
48860;79.5,286;148,226.5;216.25,85.25;319.25,212.75;6,203.75;131.25,128.75;176.5,231.5;312.75,161
18492;64.75,312.5;148,226.5;252.5,60.25;298.5,230.5;25.5,203.25;150.5,87.75;176.5,231.5;269,174
25583;82.25,300.25;189.25,262.75;276.75,35.5;318.5,253;25.5,203.25;150.5,87.75;155.25,251.5;266.75,133.75
20550;54.75,293.75;164.5,290.25;278,29.5;318.5,253;70.5,189;150.5,87.75;151.25,226;293.5,95
2743;90,318;139.5,305.5;261.75,8.25;301.75,243;73,188.75;139.5,68.75;151.25,226;293.5,95
14903;100,284.25;139.5,305.5;263.25,24;302.25,242.5;70.5,150.5;134.75,106;138.75,196;293.5,95
7972;104.5,303.5;139.5,305.5;250,43.75;302.25,242.5;25.75,123.25;101.75,66.5;145.5,221.25;273.5,60
3375;55.75,308.25;147.25,261;277,35;337.5,216;25.75,123.25;90.75,33.75;145.5,221.25;273.5,60
18884;63.75,305.5;135,287.5;277,35;349.75,164.75;66.25,89.25;82.25,13;145.5,221.25;273.25,58.75
5665;66.5,318.25;135,287.5;313.25,66;349.75,164.75;90.75,78;93.25,67.5;130,252;261,21.25
47107;58.5,294;131,289.75;357.75,81.25;363.75,160.5;90.75,78;93.25,67.5;130,252;260.5,19.25
47905;77.25,297.25;131,289.75;338,102.75;370.5,146.25;90.75,78;101.75,66.25;186.75,238.75;260.5,19.25
36874;81.5,270.25;131,289.75;283.5,103.75;354,158.5;43.75,43.75;108.5,40.75;156.5,226;260.5,19.25
24362;80.5,269.25;149.25,298;274.75,133.75;358,135.5;35.25,14.25;97,47.5;156.5,226;260.5,19.25
39074;113.25,259.75;149.75,297.25;268.25,106;360.5,129.25;35.25,14.25;97,47.5;156.5,226;305.5,2.25
25987;105,223.5;198.25,296;282.75,57.5;360.5,129.25;33.25,14;118.75,17.25;189.5,190;305.5,2.25
38789;59,230.75;198.25,296;303,36.5;360.5,129.25;68.5,34.25;119.75,12.25;165.25,190;297.75,46.25
7568;59,230.75;219.25,260.5;286.75,25.25;349.75,98.75;67.5,35.5;112.5,15.5;140.25,180.5;297.75,46.25
45658;59,230.75;219.25,260.5;252.25,57.75;349.75,98.75;23.5,15.5;79.75,11;126,153.25;270,83
45451;15.75,263.5;219.25,260.5;252.25,57.75;349.75,98.75;47.5,8.75;93.5,47.5;123.75,112.75;253.25,48.75
32413;11.5,241.5;219.25,260.5;282.5,53.5;299.5,114.5;5,2.75;83.75,32.5;123.75,112.75;245,12.75
33149;2.25,279.25;253,279.25;256.75,55.75;282,167.75;5,2.75;83.75,32.5;99,108.5;245,12.75
39799;0.25,278.5;247,277;289.75,75.25;355.75,168.75;5,2.75;60.5,3.75;145.25,53.5;245,12.75
40821;0.25,278.5;264,315.75;334.25,72.75;355.75,168.75;13,3.25;26.5,45.75;150.25,90.75;234.75,2.5
13290;4.5,302.75;300,301.25;335,75.75;355.75,168.75;13,3.25;51.25,80;185.25,103.5;252.5,12.75
18095;9.25,310;300,301.25;315,111.5;359,173.75;3.5,31;105.25,76.75;219.75,105.25;252.5,12.75
15975;9.25,310;300,301.25;357.5,91.25;358.75,228;3,32.75;129,93.25;159,101.75;280,53.5
50369;72.5,317.75;275.25,282.5;357.5,91.25;363.75,249.25;3.5,71.75;129,93.25;195.75,95.25;243,5.25
33718;90,275;244,281.5;357.5,91.25;358.75,228;22.25,125.75;91.5,137.25;163.5,92;243,5.25
33467;102.5,236.25;243.5,282.25;334.75,78.5;360.25,214.5;46.5,112.5;91.5,137.25;163.5,92;284.75,18.75
11922;101.75,236.5;193.75,261.5;301.25,115.75;326,211.25;24.75,72;42.75,144;163.5,92;284.75,18.75
4096;101.75,236.5;193.75,261.5;301.25,115.75;316,201;40.5,46.25;57,127.5;113.25,91.25;242.75,23.25
34719;91,271.25;216.25,223.5;301.25,115.75;316.5,206.25;55.5,92.25;86.25,89.75;91.25,65.75;242.75,23.25
37273;95.5,308.75;245.25,259.75;270.75,133.75;277,212.5;55.5,92.25;86.25,89.75;91.25,65.75;208.25,56.5
39203;124.25,273.75;245,248;273.75,97.75;276.75,214.5;7.5,109.5;86.25,89.75;91.25,65.75;216.75,68.25
29193;133.75,291.5;208.25,260;242.25,66.75;289.5,256.5;7.5,109.5;86.25,89.75;91.25,65.75;210.25,27.75
21447;133.75,291.5;184,261.75;240.25,67;268.75,242.5;5.5,60.5;86.25,89.75;134.25,41.5;167.5,36.5
14790;74,270.5;141,237.25;217.75,71.5;268.75,242.5;31.5,29;86.25,89.75;132.25,74.25;156.75,55.75
25001;74,270.5;186.75,229;217.75,71.5;230,251.5;48.25,77;105.25,102.5;120.5,97.75;160.75,49
36736;56.5,241.5;139.5,223;217.75,71.5;246.5,216.5;32.5,85;68.75,122;77.75,120.5;160.75,49
41427;71,248.25;121.5,269.75;229,126;246.5,216.5;45.25,52.25;68.75,122;93.75,66.25;172.5,48.75
21564;71,248.25;82.75,298.75;229,126;246.5,216.5;52.5,80.75;81.5,167;100.75,39.5;222.75,37
17297;44.5,269.75;82.75,298.75;234.5,155.5;287.25,230.75;38.25,86.75;89,135.75;100.75,39.5;243.25,36
401;57.75,294;61,295;230.25,113;307.75,237.5;40.25,47;89,135.75;100.75,39.5;251.25,16.25
46908;57.75,294;68.75,304.5;269.25,122.25;351.5,275.25;15.25,71.25;89,135.75;139.25,71.25;270.75,55
36041;57.75,294;98,294.75;271,164.25;335,258.25;4.25,55.75;59,163.5;139.25,71.25;269.5,55
5868;48.5,306.25;134,290;289.25,185.25;335,258.25;4.75,55.75;59,163.5;172.25,36.5;297,19.5
2641;49,306.5;91.25,295.75;248.25,160.75;335,258.25;4.75,55.75;59,163.5;175,11.25;261.25,6.25
49060;48,249;100.75,317.75;208.25,176.5;335,258.25;4.75,55.75;68.5,141.5;233,3.25;316,18.5
42121;48,249;100.75,317.75;201.5,189.5;362.5,228.75;4.75,55.75;76.75,131;190,36.75;302.5,52
13471;18,256.25;100.75,317.75;259.5,179.25;324.5,225.25;4.75,55.75;121,163.25;161.75,12.5;244.25,70.75
28396;18,256.25;100.25,318.25;259.5,179.25;354.75,242.25;11,48.5;113.5,199.25;201.75,41;275.5,91
12852;18,256.25;71.75,318;299.25,167.25;314.25,226.25;12.25,47.25;98,153;201.75,41;282,125.25
40849;18,256.25;71.75,318;243.25,175.5;258.5,240.25;35.25,54.25;98.75,156.25;196.5,98;323.5,116.5
31942;22.5,228.5;71.75,318;243.25,175.5;279.5,223;50,85.5;104.5,170.75;245,115.25;355.5,79.5
47731;22.5,228.5;67.5,281;256,196.75;306.5,209;82,81.75;129.25,198.5;245,115.25;342.5,82.25
42268;10.5,176.25;67.5,281;256,196.75;359.75,202;82,81.75;115.25,214.5;285.5,114.5;311,80.25
47753;49.5,152.75;61.75,248.25;243.5,163.75;344.25,162;98,136;115.25,214.5;285.5,114.5;365,81.5
40733;44,137.5;61.75,248.25;238.75,145.5;297.5,165;98,136;147,169.75;296.75,115.75;326.75,58.25
35616;6,159;66.5,222.5;239.25,145.25;309.25,112.5;98,136;147,169.75;300.5,100;364.25,81.5
35580;6,159;61,175.25;270.5,168;324,94.5;93,131.75;148,168;302.25,87.75;364.25,81.5
50358;6,159;26,208.5;270.5,168;332,41.5;95.75,107.5;148,168;328.75,47.5;332.5,124
44603;6,159;57,217.25;291.5,206;306,14;84.25,139.75;122,194;328.75,47.5;332.5,124.75
15024;6,159;94.5,190.5;265.5,178.5;306,14;105.25,162.75;153.25,226.25;290.25,36.25;331.75,124
10601;6,159;69.75,145.75;261.75,167.25;356.25,27.75;87.5,170;153.25,226.25;258.75,6.25;331,124.75
31661;2,208.75;69.75,145.75;242,201.25;356.25,27.75;99.5,189.5;146.75,176.25;271.5,22.25;357.25,77.75
39728;10.5,163;98.5,190.75;242,201.25;355.25,26;88.75,153.75;146.75,176.25;271.75,22.75;341.25,53.75
38148;47.75,175.5;57.25,209.75;242,201.25;355.25,26;48,173.75;126.75,157;227,20;318,33
21723;21.75,190.5;71,176.75;225,186;355.25,26;43,177.5;87.5,168.25;227,20;317.5,33
6080;21.25,190.25;38.5,137.5;203.75,140.5;355.25,26;43,177.5;87.25,153.25;245.25,15.25;327.25,35
32291;21.25,190.25;62.25,99;208.75,92.75;366.75,39.5;56,173.75;81,167.75;245.25,15.25;291,50.5
39355;12,177.25;91.25,84.5;208.5,93.5;366.75,40;56,173.75;81,167.75;248.25,14.25;280.5,10
33147;2.25,180.5;48.25,68.25;168.25,134.75;364.75,74.25;56,173.75;82.75,163.25;248.25,14.25;306.5,3.25
13243;4.25,177.5;4.75,76;177.25,112.25;364.75,74.25;36.5,132.75;82.75,163.25;264.5,28;306.5,3.25
3856;6.5,173.5;9,26.5;177.25,112.25;364.25,74.25;36.5,132.75;87.25,152.25;208.75,27.75;304.75,4.25
49620;6.5,173.5;8.5,83;177.25,112.25;342,75.5;86.75,109;138.5,143.5;205.5,22.75;293.5,36.5
12301;6.5,173.5;9.75,86.25;161.5,129.75;335,60.75;104.25,100.5;104.75,184.25;235.5,62.5;293.5,36.5
8141;0.25,186;2.5,45.75;163.5,102.75;361,40;104.25,100.5;115,237.25;235.5,62.5;277.5,48.75
5885;10.75,145.25;55.25,76.25;163.5,102.75;348,8.25;61,101.75;162,203.75;235.5,62.5;275.75,93.5
45677;51.75,183.5;55.25,76.25;190.75,113.5;327.25,33;25.5,68.5;172,231.5;235.25,64.25;275.75,93.5
36980;68.5,172.25;89.75,91.25;158.25,144.5;280.25,32;25.5,68.5;172,231.5;235.25,64.25;321,93.5
50123;41.5,146.5;89.75,91.25;171,185;293.5,54;24,62;172,231.5;217.25,53;290.75,114.75
560;30.5,126.75;95.25,130.25;186.25,137.75;293.5,54;24,62;173,236.5;210,97.5;257.5,82.75
11835;29.75,127;71.75,146.25;178.25,113.25;315.75,26;6.75,24.25;173,236.5;210,97.5;255.5,91.75
47059;29.75,127;71.75,146.25;158.5,125.25;283.25,15.75;20.5,14.25;149.25,247.75;200.75,96.75;231,59
19201;29.75,127;71.75,146.25;118.25,124;244.25,40;8,32;149,278.25;224.75,85.25;254.5,20.75
50297;39,160.25;67.25,170.25;136,97.25;273.25,39.5;8,32;149,278.25;224.75,85.25;235.5,5.25
40157;24.5,127.25;85.75,165.5;137,88.75;273.25,39.5;11.75,10.75;168.75,252.75;224.75,85.25;276.75,28.5
22847;11.5,177.5;85.75,165.5;166.25,105.75;273.75,19;11.75,10.75;192.5,238.5;215.5,119.25;274.75,29
42693;11.5,177.5;70,142.5;135.75,125;312,63.5;68,3.25;192.5,238.5;223.25,133;274.25,29.5
40593;2.75,177.75;70,142.5;146.75,158.25;312,63.5;111.75,23.25;188.75,255.25;202.75,154;307.75,15
42117;2.75,177.75;107.75,167.75;145.5,197;284.5,53.25;111.75,23.25;165.75,256.5;197.25,174;307.75,15
32323;26.25,206.5;107.75,167.75;182.25,232.25;256,50.5;153.25,11.5;165.75,256.5;209.75,146.25;298.5,63
27130;69.5,208.75;107.75,167.75;186,230;258.75,81.5;120.25,21.25;128.25,228.75;209.75,146.25;250.5,76.5
27539;69.5,208.75;137.75,185;198.75,236;220.25,75.25;120.25,21.25;130,230.5;202.75,173;245.5,122.5
986;75,161.25;140,226.5;198.5,227.5;246.25,117;120.25,21.25;149,189;202.75,173;236.25,132.25
23129;70.5,142.5;143.75,239.5;160.25,225.25;246.25,117;120.25,21.25;149.5,190.25;207.25,126;258,132.75
17538;71,136.5;153.25,261.75;158.5,266.25;246.25,117;120.25,21.25;129.75,222.25;187.75,108.5;261.75,82
33955;70.5,136.75;166.5,293.75;173.25,242.75;246.25,117;108.75,54;113.25,199.25;187.75,108.5;263,78.75
48927;61.75,171.75;191.25,277.25;212.75,277;253.75,98.75;85.75,106.25;113.25,199.25;187.75,108.5;263,78.75
44877;86.5,197.5;221.25,239.25;229,316.25;255.75,61.75;41.75,112.25;113.25,199.25;187.75,108.5;263,78.75
17170;51,217.5;240.5,218.5;254.25,310.75;264.5,31.25;41.75,112.25;95.25,197;187.75,108.5;263,78.75
20939;44,252.75;202,244.75;260.75,273;262.5,62.25;41.75,112.25;95.25,197;167.25,53.5;263.5,77.25
9705;25,284.25;233.5,253;276.5,248.25;279.5,102.75;41.75,112.25;95.25,197;172.5,49;263.5,77.25
19874;72.25,280.75;245,218.25;259,240.75;269,106.5;25.75,71;82.75,189.5;172.5,49;263.5,77.25
2035;81.5,256.75;243,216;259,240.75;313,86.25;30,30.25;49.25,175.25;172.5,49;263.5,77.75
47076;107,255.75;236,191.5;314,243.25;354.5,128.75;56.75,33.25;74,201.75;172.5,49;263.5,77.75
34405;107,255.75;236.75,190.25;314,243.25;354.5,128.75;14.75,58.5;52.25,247;194.5,2.25;262.5,43.5
35970;52.25,241.75;282.5,192.5;343.75,229;358.75,91;12.25,17.75;44.75,260.5;194.5,2.25;262.5,43.5
6898;82,207.75;283.25,191.5;365.5,253;367.25,72.25;12.25,17.75;44.75,260.5;242.25,15.25;307,52
23737;62,171.25;238.25,209.5;359.5,290;367.25,72.25;19.25,16.75;23.5,282.5;242.25,15.25;283.75,40.5
48760;117.5,162;238.25,209.5;328.75,278.25;367.25,72.25;21,52;23.5,282.5;296.5,27;312.25,81.5
44540;162,129.5;237.75,209.5;328.75,278.25;367.25,72.25;8.75,30.75;19.5,294.5;296.5,27;335.5,124
3299;141.5,72.75;239.5,217.5;362.75,293.75;367.25,72.25;10,32.75;19.5,294.5;354.25,23;358.25,157.25
47882;157.75,7.75;239.5,217.5;361.75,296;367.25,72.25;5.25,91.75;83,286;354.25,23;360,157.25
39604;157.75,7.75;297.75,242;350.5,288;367.25,72.25;6.5,93.75;91.25,243.25;304.5,7.25;314.75,161
48616;157.75,7.75;345.25,240.5;354.5,314;367.25,72.25;28.25,105.25;102.25,220.75;304.5,7.25;353,173.75
45115;147,20.25;350.25,228.75;354.5,314;367.25,72.25;19.75,158.75;68.75,221.5;264.75,26.75;353,173.75
5461;108.75,23;350.25,228.75;361,289;367.25,72.25;8.5,172.25;73.75,195.5;265,84.5;328.5,204.5
30571;153.25,51.25;350.25,228.75;361,289;367.25,72.25;48.5,131.5;51.75,160.25;244.75,37.25;266.5,214.75
8860;213.5,35.5;350.25,228.75;361,289;367.25,72.25;27,127.75;102.25,108.25;177.25,11.5;277.5,173
25494;212.75,35.5;289.75,253;361,289;367.25,72.25;33,178.25;103.25,67.75;233.25,41.75;336.75,162.5
39099;212.75,35.5;290.25,253.5;361,289;367.25,72.25;15.75,215.75;126.25,106.75;252,69.5;320.25,126.25
31426;258.25,43.75;290.25,253.5;343.25,320.25;347.75,103.75;15.75,215.75;144.25,145.25;233,80.75;320.5,124
4414;270,74;297.5,289.5;316.25,269.5;347.75,103.75;15.75,215.75;144,181.25;233,81.25;336.75,150.75
43279;270,74;303,290;314.25,269.75;348,133.75;5.75,202.25;161.5,229.75;253,70.25;336.75,150.75
10264;255.25,99;268.5,256.75;342,312.5;359,120.75;15.75,142.25;161.5,229.75;256,67.25;336.75,150.75
40229;233,147.75;260,256.75;331,270.75;331.25,113;22.75,202.25;140.25,272.75;256,67.25;336.75,150.75
40949;208,166.5;260,256.75;335,265.75;335.25,100.5;22.75,202.25;152.75,271.25;255.5,67.25;314.5,139.75
44767;199.25,178.25;266.75,255.25;302.5,300.75;328.25,62.5;23,243.75;152.75,271.25;255.5,67.25;314.5,139.75
8368;219.5,156.25;234.25,287;302.5,300.75;303.5,21.5;23,243.75;151.25,300;256,67.25;348,166.5
35911;219.5,157.75;228.25,237;302.5,300.75;303.5,21.5;6.5,228.25;153,303.25;293.75,61.5;323.5,205
2603;220,158.75;266.75,233.75;321.25,305.75;327.5,33;6.5,228.25;153,303.25;248.75,93.5;355,167
10001;181,206.75;267,233.5;338.75,258.75;364.5,34.75;35.5,175;206.75,275;248.75,93.5;355,167
10619;181,206.75;292,239.25;363.5,297;364.25,35.5;35.5,175;241.5,291.75;279.25,89;341.5,180
31003;157,159.75;267.5,256.25;363.5,297;364.25,35.5;53,128.5;208.75,252;236.75,102;338,160.75
39454;144.25,177.5;276,263;336.5,313.5;364.25,35.5;81.25,135.5;209,252.5;222,84;338,160.75
18571;133.5,216.5;269.75,250;355,317.75;364.25,35.5;43.75,163.75;187.5,284;221.75,79.25;338,160.75
48573;130,201.25;223.75,237;362.25,294.25;364.25,35.5;3.5,141.75;173.75,317.75;235,124;338,160.75
5555;119.5,271.25;223.75,237;362.25,294.25;364.25,35.5;15.5,128.5;157.75,301.25;221.25,160;317.5,100.5
13216;126.75,292;248.5,245;359.5,294.5;365.5,24.25;31.25,75.75;157.75,301.25;221.75,161.5;317.5,100.5
3719;126.75,292;272.75,262.5;359.5,294.5;366,25;72.25,40.25;170.25,251;249.75,175.25;320.75,124.5
40451;145.25,311.25;276.5,256.25;303.5,310;366,25.5;72.25,40.25;118.25,252.75;249.75,175.25;332.25,137.25
1970;145.25,311.25;246.25,273.5;291,307.75;327,24.75;72.25,40.25;134.25,225;243.5,174.75;332,136.75
25805;95.75,300.75;259.75,244.25;292.25,317.75;302.5,41;72.25,40.25;156.5,224.75;248.75,133.25;332,136.75
39779;95.75,300.75;259.75,244.25;292.25,317.75;320.25,19;37,79.25;125.75,189.25;302.75,136.75;323.5,113
50076;144.25,311.25;259.75,244.25;283.5,312;312,63.75;22.25,112.75;125.75,189.25;272.75,110;303,86.75
820;144,312;273,218.75;306.75,320.75;312,63.75;78.5,121.75;125.75,189.25;224.5,127;280.5,108.25
2521;116,279;239.75,271.5;254.25,323.75;312,63.75;78.5,121.75;161.75,194.25;243.5,132.25;249.5,130.5
22154;120,241.75;242,259.25;254.25,323.75;286.25,103.5;77,129.25;165.25,186.5;243,134;249.5,130.5
49039;120,241.75;236.25,259;246,296.25;330,119.75;95.5,89.75;156,173.5;206.75,92.75;249.5,130.5
37378;106.75,257;235.25,301.5;236.25,259;292.75,116;128.5,60.75;164.25,161;192.25,96.25;249.5,130.5
21718;116.25,260.75;198.75,318.75;256.75,287.25;317.5,112.5;130.25,21.25;164.25,161;192.5,98.5;249.5,130.5
45357;115.75,255.25;200.75,315.75;251,283.75;359,135;130.25,21.25;188,188.75;192.5,98.5;228,151
49941;115.75,255.25;200.75,315.75;251,283.75;359,135;164.25,52;180.75,162.25;183.75,48.25;239.5,176.5
11259;82.75,311.75;196.25,266.25;250.75,282.5;366.25,148;116,79.5;180.75,162.25;183.75,48.25;204.25,209.75
2320;48.75,305.5;196.25,266.25;250.75,282.5;366.25,148;162,90.75;164.5,161.75;191.25,65;252.25,205.5
29052;48.75,305.5;206.5,259.5;250.75,282.5;366.25,148;113.75,103.75;131.25,140.25;235.75,97.25;303,199.5
19244;37.25,269.5;261.75,256.75;278,249;360,94.5;113.75,103.75;131.25,140.25;235.75,97.25;295.25,202.25
19294;66.25,243.25;261.75,256.75;277.5,246;360,94.5;127,113.75;150.5,88.75;261,63.75;314.25,180.75
15323;94.5,232.5;262.75,308.5;302,281.25;339.75,49.75;121.25,78.25;127,113.75;265.25,56.75;314.25,180.75
21581;94.5,232.5;240,288;302,281.25;345.5,89;93.25,66.75;154.25,88.25;264.5,56.75;294.25,199
18886;88,229;240,288;289.25,321.25;345.5,89;135.25,41.25;142.75,88;283.5,28.25;319.75,223
18599;115.5,181.5;203,307.25;277.75,260.75;284.5,87;135.25,41.25;180.25,125.75;282.5,37;319.75,223
37513;98.5,191.75;203,307.25;277.75,260.75;290.5,52;145.75,12.5;181,125.25;262.5,48;286.75,234.25
26993;98.5,191.75;203,307.25;280.75,295;330.25,25.75;130.75,19.5;181,125.25;217,63.25;263.75,214.25
36088;87.75,188;162.25,297.25;272.25,322.25;371,36.5;130.75,19.5;151,80.5;217.5,64.25;263.75,214.25
13175;103,139;162.25,296.75;272.25,322.25;331.5,31.5;79.75,11.75;101.75,67.75;217.5,64.25;274.5,243
10733;130,120;139.75,271.75;272.25,322.25;333.5,30.5;123.25,17.5;132.5,34.5;217.5,64.25;269.75,192.5
14766;110.75,84.5;169.75,271.75;272.25,322.25;333.5,30.5;74.5,34.25;107.75,15.5;218.75,63;277.25,185.5
17851;71,98.25;171.5,228.25;272.25,322.25;285,25;85.75,25.25;107.25,14.5;228.5,80;277.25,185.5
26364;71,98.25;187.25,250.25;298.25,320.25;299,14.5;31.5,31;107.25,14.5;228.5,80;298.25,140.25
15713;71,98.25;187.25,250.25;279.75,311.25;310,2.5;11.25,0.75;147.75,53;248.5,80.25;341,141.75
5718;86.5,116.75;189,249.75;279.75,311.25;339.25,37.25;5.25,4;109.75,77;235.5,49.75;341,141.75
15238;66,79;189,249.75;279.75,311.25;311.75,40.75;18.5,54.25;109.75,112.75;262.25,5.75;349.5,157
42621;65.75,84.5;203.25,260.5;279.75,311.25;311.75,40.75;18.5,54.25;62,100.75;263.75,16.25;343.25,184.25
3979;50.5,74.75;208.25,259.5;279.75,311.25;330.25,25.25;17.75,53.25;62,100.75;257.25,11.25;311.25,199
46989;20.75,29.75;208.25,259.5;279.75,311.25;287,56.25;44.75,33.5;61.75,97.75;257.25,11.25;314.75,248.75
32257;19.75,30;221.75,227.75;240,313.5;302,110.75;44.75,33.5;75.75,133.75;208.75,53;314.75,248.75
16524;19.75,30;216,275;218.25,271.25;327,146;58.75,10.75;69.5,174.75;208.75,53;354.25,279
34355;59.25,57.75;191.25,277.75;202.25,279.25;299.5,111.25;5,17;43.25,197;208.75,53;354.25,279
9276;115.5,60;191.25,277.75;208,308.25;299.5,111.25;43.25,2.75;54.5,232.5;209.25,53.5;362,265.25
49542;115,60;187.25,275.25;208,308.25;351.75,83.5;14,17.5;67.25,264;159.5,50;362,265.25
45314;154.75,87.75;187.25,275.25;208,308.25;351.75,83.5;0.5,57.75;24,265.5;143.5,90.25;362,265.25
34099;139,116;188.75,275.25;208,308.25;355.25,85.75;5.25,23.75;12.5,271;112,140;362,265.25
35924;112.5,81;204.25,278.75;238.25,278.5;316.5,113;5.25,23.75;12.5,271;77,154;353,289.75
36564;73.25,119.75;152,262.5;241.25,271.25;303,152.75;5.25,23.75;12.5,271;88,103.75;353,289.75
28340;71.75,121.25;149,227.5;232.5,246.25;268.5,178.75;5.25,23.75;29.75,306;88,103.75;316.75,300
6850;54,76.25;180,267.75;232.5,246.25;263,183;7.25,20.75;15.5,308.25;68.75,122;316.75,300
24756;66,85.5;167.5,297.75;232.5,246.25;291.5,135;7.25,20.75;9.25,317;68.75,122;282.75,286
35680;16,110.5;178.5,268;261.5,231.75;337.25,100.25;7.25,20.75;20,309.5;21,128.25;282.75,286
1790;16,110.5;174.75,317;246,218.25;337,99.75;9,33.5;20,309.5;54.5,142.75;323.5,243
15404;70.5,145.75;145.75,317;246,218.25;318.75,157;10,32.75;20,309.5;77.25,138.25;306.5,202.25
8246;86.75,90;124,272.75;261.25,254.75;337.5,146;9,69.5;24.75,252.5;77.25,138.25;306.5,202.25
26613;68.75,75.25;71,281;304.75,256;337.5,146;20,94.75;25,253.25;77.25,138.25;293,152.5
43582;68.75,75.25;71,281;304.75,256;321.5,143.25;19.25,102.75;47.75,252.25;78.75,190.5;239.25,137.5
44351;68.75,75.25;70.75,281.5;302,264.25;332.25,191.5;3,71.25;37.25,273.5;78.75,190.5;222,115.25
2736;68.75,75.25;70.75,281.5;331.25,235.5;332.25,191.5;32,89;79.5,267.75;88.25,198;249.25,133.75
18185;79,114.5;90.5,247.75;303.75,263.5;306.75,237;32,89;79.5,267.75;112.5,194.25;249.25,133.75
29653;78.5,114.75;81,256;277,231.75;303.75,263.5;20.75,59.75;79.5,267.75;153,186.25;221,167.25
10322;78.5,114.75;96.25,282;253.25,222.75;280.75,239.75;18,19.75;79.5,267.75;156,175.75;201.25,176.25
50001;78.5,114.75;96.25,282;253.25,222.75;306.75,288;9.25,18.75;92.75,268.75;186.25,139;248.5,169.25
35389;78.5,114.75;96.25,282;263.5,178.5;350,274.5;9.25,16.25;109.75,289.5;186.25,139;259.5,168.75
14846;78.5,114.75;89.75,298.25;256,133.25;343.25,288.5;47.75,33.5;83.75,319.25;229.75,133.5;259.5,168.75
30739;49,75.75;98.25,282.5;273,129.5;342.25,301;47.75,33.5;83.75,319.25;188.5,164.25;259.5,168.75
41583;58.25,56.75;98.25,282.5;273,129.5;344.25,314.75;47.75,33.5;90.25,314.25;215.75,147.75;224,142.75
11966;51.75,57.25;100.75,223.75;281.75,165.75;285.75,317.25;3.75,38.5;90.25,314.25;215.75,147.75;223.75,85.25
47553;75.5,43.5;122,257.25;280.25,167;285.75,317.25;3.75,38.5;90.25,314.25;211.25,96.5;256.25,93
45929;74.5,95.75;79,231.75;307,218;321.25,306.75;3.75,38.5;90.25,314.25;220.5,61.75;256.25,93
35944;21.5,102;106,197.5;309.75,230;331,320.75;3.75,38.5;90.25,314.25;225.25,50;255.25,93
48566;51.25,58.25;138.25,183.25;309.75,230;331,320.75;3.75,38.5;106.75,321;277.75,19.75;296.5,58.25
17953;19,63.25;135.25,128.75;278.25,195.5;368.25,314;3.75,38.5;155.25,296.5;277.75,19.75;296.5,58.25
23916;19,63.25;135.25,128.75;274.75,142.75;341,271;54.5,43;170.25,312.75;276.75,19.5;334,39.25
15442;48.25,58.25;151.75,126.5;274.75,142.75;351,290;52.25,84.75;141.75,289;276.75,19.5;334,39.25
37128;65.75,36.25;161.25,124.25;288,106;353,318.5;52.25,84.75;141.75,289;276.25,18.5;309.75,51.25
26820;107.5,59.25;112.75,121.75;288,106;344.5,320.75;43.25,89.5;108.25,321;276.25,18.5;327,81.5
23633;66.25,84.5;92.25,132.75;312.25,119.5;344.5,320.75;40,89.25;108.25,321;248.25,5.25;334,52.5
44274;55.75,97.75;92.75,175.25;312.25,119.5;344.5,320.75;18.75,142.75;108.25,321;302,7.25;335.5,62.5
43469;66.25,146.75;92.25,174.75;312.25,119.5;344.5,320.75;17.5,143;106.5,320.75;261.5,49.5;294,37
16417;35.5,196.75;105.5,144.5;286.75,105.25;344.5,320.75;17.5,143;106.5,320.75;234.25,47.75;237.25,41.75
49879;2.25,181.5;132,147.5;270,105.25;344.5,320.75;3,193.25;79.5,273;234.25,39.25;234.25,47.75
2495;8.5,178.25;139,116;270,105.25;344.5,320.75;32.75,227.5;77,273;233.75,46;273.75,23.5
43942;2,171.5;113.25,104.5;250.25,79.25;345.25,313.5;55.25,247;77,273;233.75,46;274.25,24
13929;39.5,197.25;70.5,98.75;219.75,92;345.25,313.5;67.25,212;77,273;247.5,77;274.25,24
2820;58,228.75;108.75,54.75;211.5,104.5;345.25,313.5;67.25,212;117.5,319.5;202.25,107.25;274,27.25
41082;47.25,279.5;64.5,89;211.5,104.5;309.75,320.5;67.25,212;156.25,319.5;183.75,98;273.25,27.25
43679;41.75,316.25;64.5,89;187,86;312.75,302;67.25,212;193.25,317.25;220.5,123;273.25,27.25
3420;31.75,305;64.5,89;187,86;305.5,290.25;49,188.75;188.75,283.25;259.5,141;274.5,27
32606;35.75,257.25;36.5,50.25;232,80;281.5,320.5;106.75,183.75;188.75,283.25;259.5,141;274.5,27
23333;10,309.5;36.5,50.25;250.25,101;289.75,322.25;57.5,175.75;166,299.25;205.25,145;274.5,27
41102;10,309.5;73.5,90;249.25,100.75;249.25,295.75;74,163.5;134.75,282.25;192.75,176.5;274.5,27
44516;45,270.75;73.5,90;190,119;283,319.25;74.5,163.25;114.75,276.5;192.75,176.5;265,6.25
24988;79,228;130.75,90.75;146.25,125;283,319.25;74.5,163.25;106.25,281.25;224.75,167;232.5,48.5
45670;99.75,191.25;114.25,72;146.25,125;283,319.25;109,143.5;142.5,299.75;193,180.75;232.75,52.25
22141;99.75,191.25;146.25,78;186,131.5;277.25,311.25;108.75,144.75;131.5,318.75;163,202.75;232.75,52.25
49795;117.25,199.75;118.5,72.5;186,131.5;277.25,311.25;82.5,168.5;108,324.25;163,202.75;259.5,76
15515;117.25,199.75;118.5,72.5;200,93;277.25,311.25;61,188.75;112.75,276.5;129.5,251.5;213.25,93
5659;77.75,200;150,27.5;165.25,73.75;277.25,311.25;75,133.75;112.75,274;129.5,251.5;216.75,93
48563;94.5,159.75;122.75,15;217.25,64;242,294.75;75,133.75;106,318.25;129.5,251.5;216.75,93
174;78,139.25;114.25,16.25;193.25,100.25;199,311.25;75,133.75;77.75,283;152.75,290.5;216.75,93
19826;78,139.25;114.25,16.25;161.5,106.75;179.25,308.5;67.75,148.75;113,276.75;154.25,288.5;246.25,131.75
36697;78,161.25;114.75,22;160,59;180.75,310.25;67.75,148.75;113,276.75;161.75,247;257.5,163.75
28079;73,142.75;128,40;160,59;180.75,310.25;21.25,120.25;110.5,293.5;141.75,224.5;257.5,164.75
6577;101,193.75;135.25,43.25;160,59;180.75,310.25;8.25,149;61,322.75;130.75,195.5;257.5,164.75
21571;62.5,230.5;105.75,51.5;130.25,59.25;176.5,320.75;8.25,149;62.5,323;77.75,186;257.5,164.75
2113;76.75,200;121.75,70.5;135.5,101.25;201.5,287;8.25,149;16.25,303.5;67.75,181.75;257.5,164.75
18330;71.75,205.5;88.75,73;135.5,101.25;201.75,287.5;8.25,149;35.75,264.75;92.25,152.25;250,214.5
27870;74,177.25;88.75,73;135.5,101.25;244.25,272.25;13.5,154.5;61.5,270.5;76.75,191;249.25,214.25
28285;74,177.25;102.75,46.5;106.75,121.25;250,306.75;1.75,136.75;59,306.5;76.75,191;253.75,198
34493;67.75,165;105,5;117.25,124.75;250,306.75;1.75,136.75;19,292.5;75.25,211;232.75,217.25
38441;67.75,165;109.25,21;118,124.25;263.5,295.75;1.75,136.75;3.5,298.75;112.5,197.5;264,219.25
12541;69.5,170.75;75,58.75;126.75,178.25;206.5,283.25;1.75,136.75;28.5,309.25;82.75,234.75;264,219.25
5438;60.25,170.5;121.5,44;124.75,178.75;244.75,285.5;1.75,136.75;7.25,310.25;46,248;264,219.25
35189;33.5,206.25;82.5,53.25;124.75,178.75;247,248.5;1.75,136.75;31.5,281.25;43,251.5;295.75,247.75
13963;21.5,177.25;82.5,53.25;125.25,179.25;214.75,228.25;5,146.25;10.5,296.25;66,248;295.75,247.75
42869;21.5,177.25;71.75,97.5;125.5,143.5;214.5,230.5;5,146.25;5.25,294;29.5,228.25;297.5,247.5
45533;21.5,177.25;71.75,97.5;96.75,165.25;214.5,230.5;2.75,137.75;22.75,265.25;31.75,189;271.75,217.5
28179;6.5,175.25;38.5,43.75;45.5,183.25;214.5,230.5;1,172.5;22.75,266;31.75,189;303.75,233.25
18021;1,188;4.25,36.25;49,229.75;214.5,230.5;1,172.5;22.75,266;33.75,212.5;303.75,233.25
1636;1,188;6.5,23.5;78.5,247.75;188.25,219.5;9,229.25;19.25,291.5;70.75,171;303.75,233.25
44372;1,188;10.25,8.75;123.5,254.75;188.25,219.5;9,229.25;22,317.25;96.5,151.75;265.75,254
50539;1,188;10.25,8.75;123.25,278.5;227.5,252.5;7.25,230.5;33,317.25;123.75,102.75;283.25,202.5
47002;10.25,158;59.5,6.25;142,239.75;222.75,208.75;6.5,230.5;33,317.25;123.75,102.75;335.75,197
23390;40,179.5;77,8;166,265.75;222.75,208.75;6.5,230.5;25.25,286.25;79,131.75;335.75,197
36670;1.5,171.25;40.75,13.75;220.75,230.25;255,203;6.5,230.5;25.25,286.25;79,131.75;313.75,210.75
8896;1.5,171.25;10,6.75;211,259.5;231,187.75;6.5,230.5;20,297.5;23.75,109.25;329.25,163.75
48276;1.5,171.25;66,7;200.5,307;231,187.75;22,203;36.5,311.25;46.5,100.5;343.25,116.25
2540;1.5,171.25;58.25,58;146.5,317;290.75,165.75;1,246.75;36.5,311.25;89.5,116;335,160.5
43073;1.5,171.25;34.75,64.25;181.75,317.25;285.75,167.5;10.75,203.25;36.5,311.25;102.75,109.5;312.75,197.25
32683;1.5,171.25;34.75,64.25;181.75,317.25;317.75,162.5;2.75,173.25;4.75,309;89.25,78.25;339.5,161
37527;4.25,170.5;7.75,33.25;181.5,317;356,136.75;2.75,173.25;7.5,293;98,58.75;339.5,161
29971;5.5,167;56.25,58;181.5,317;355.75,166.75;15.5,135;26.25,293;142.25,52.75;339.5,161
1389;1.25,173.25;48,93.75;199,308.5;355.75,166.75;15.5,135;71.75,298.5;182.25,41.25;334.5,162.5
47141;1.25,184;92.5,76;199,308.5;355.75,166.75;31.5,80.25;81.25,316;153,89.25;326.75,131
2198;1.25,184;50.25,58.5;188.25,266.5;356.25,210.25;64.75,92.75;81.25,316;126.25,104.5;321.25,131.5
44273;5.25,184.25;33,18;202.75,216.5;323.5,197.25;64.75,92.75;119,276.75;126.25,104.5;328.25,158.5
28450;28.5,170.5;37,40.5;202.75,216.5;323.5,197.25;71,79.75;115.5,278.5;136.25,142;311.25,196.75
10993;55.75,151.5;71.75,64.5;208,176;323.5,197.25;37.75,108.25;128,310.25;137,142.25;311.25,196.75
27402;55.75,151.5;88,59.75;206,168.25;343.25,228.25;37.75,108.25;130.75,297.25;137,142.25;359.25,197.75
3582;78.75,142.75;94.25,20.5;206,168.25;343.25,228.25;46.25,108.5;75.5,290.25;116.75,189.25;357,154.75
38653;78.75,142.75;94.25,20.5;256.25,188.25;300.5,243.75;35.75,118.75;115.75,294.5;123.75,161.5;337.5,132
16019;78.75,142.75;107,32.5;256.25,188.25;301.25,243.25;84.25,141;111.5,239.75;158.25,147;340.75,137.25
41697;90.25,155.5;136,44;216.25,198;353,224.5;84.25,141;111.5,239.75;126.5,131.25;335,132
5660;91,157.25;149,41.25;204.5,177.5;344.25,278;84.25,141;116,196;126.5,131.25;335,132
1227;143,128;159,60.25;212.5,131;340.75,277.75;80.5,98.75;116,196;119.75,116.75;335,132
31293;124.25,142;155.25,50;212.5,131;283.75,278.25;47,136.75;107.75,203;119.75,116.75;285.5,115
40800;158,129.25;168.25,91;179.75,141.25;234.5,277.25;47.25,136.25;107.75,203;119.75,116.75;314.25,97.5
28641;105.5,137.5;127.75,123;147.5,117.75;222.5,266.5;15,156.25;107.75,203;119.75,116.75;281.5,98.5
40436;78,146;93.25,103;191.5,141;225.5,230.25;15,156.25;107.75,203;119,114;235,127
12133;59.75,177.75;138.5,128.25;193,138.5;234.25,252.5;15,156.25;107.75,203;162.25,82.25;207.25,108
9686;50,219.25;138.5,128.25;188.75,113.25;244,306.25;15.5,172.75;107.75,203;162,53;200,99.5
29927;24.25,215.25;138.5,128.25;192.75,135;251.75,313.5;35.25,207.25;116.75,242;162,53;193.25,95
6245;24.25,215.25;138.5,128.25;192.75,135;202,310.25;70,208.5;82,258.25;188.25,66.25;235.25,97.75
35875;24.25,215.25;77.75,132.25;221,190;228.75,302.75;37,177.5;63,308;171,31.5;235.25,97.75
19258;16.5,177.75;77.75,132.25;223.5,136;232.5,246.25;24,231;90.5,280.75;171,31.5;212.25,68.75
27084;16.5,177.75;77.75,132.25;223.75,136.5;246.5,257.25;35.75,247.75;125.25,236.25;153.75,88.75;176.5,37.5
42490;0.5,214.75;71.75,190.5;182.75,110.75;246.5,255.25;63.5,206.75;71.25,210.5;153.75,88.75;176.5,37.5
31472;13.75,170.75;42,241.25;182.75,110.75;263.25,273;37.75,158;129.75,223.75;145.75,52.25;153.75,88.75
18418;61.25,161.25;63,219;182.75,110.75;290.25,262.75;19.75,159.75;84,255.25;116.25,92.25;145.75,52.25
44150;57.75,160;63,219;151.75,126.75;249.75,259.75;26.25,197.25;54.75,224.25;93,132.25;145.75,52.25
36829;40,135.75;66.25,171.75;151.25,125.75;263.75,307.5;26.75,197.75;54.75,224.25;93,132.25;151.75,43
12231;3,141;52.25,144.25;109.25,118.25;263.75,307.5;10.75,203.75;92.5,191;93,132.25;101,34.25
5644;8,108;52,190;109.25,160.25;258.75,299.25;10.75,203.75;61,191;93,132.25;99.25,33.25
32305;27,118.25;33,217;109.25,160.25;257.5,298;10.75,203.75;76.75,191;84.25,104.25;86.75,24.75
30871;27,118.25;29.75,230.25;147,125;279.5,284.75;2.5,195.5;76.5,206.75;84.25,104.25;88.5,25
46071;14.5,176.75;26.25,169.75;168.5,162.5;279.5,284.75;4.25,248.5;76.5,206.75;84.25,104.25;129,60.25
19692;14.5,176.75;26.25,169.75;123,149.25;331.25,313.25;22,226.5;82,209;102.25,67.5;181.75,25.75
30560;14.5,176.75;63.5,132.75;87.5,141.5;331.25,313.25;38,176.5;82,208;99.5,59.25;167.5,48
26253;19.5,176.75;78.75,128;87.5,176;354.75,313.75;38,176.5;82,208;129.75,39.25;167.5,48
45292;19.5,176.75;65,111.5;94.75,203.75;354.75,313.75;59,173.75;82,209;150.25,30.75;154.75,51.5
24976;19.5,176.75;86,140.25;94.75,203.75;346.5,319.75;42.25,111.25;82,209;129,40.25;155.25,15.25
18250;19.5,176.75;35,117.25;117.75,257.25;289.75,307.75;42.25,111.25;82.75,232;132.25,74.25;195,44
18159;18.5,178.25;35,117.25;135.5,227.75;298,322.5;3.5,136;37.25,253;132.25,74.25;189.25,54.5
39115;18.5,178.25;39.75,111.75;161.5,195.25;298,322.5;3.5,144;66.5,258.25;95.75,24.75;244.5,75.5
32371;18.5,178.25;66,84;206.25,177.5;301,317.5;11,112.25;49,267.75;100.25,20.25;244.5,75.5
9272;18.5,178.25;66,84;220.75,130;301,317.5;52.75,135;53.25,223.25;80.25,11;209,85
42622;11.5,144.25;29.25,67.75;262.5,153.75;357.25,305;52.75,135;57.75,214.75;68.75,41.25;209,85
27426;59,113.25;85.25,65;279.75,105.25;293.75,322;51.75,136.25;66.5,249;68.75,41.25;209,85
33806;44.25,125.5;80.75,110.25;281.5,142.25;293.75,322;11.75,91.75;53.25,253.25;68.75,41.25;247.75,46.5
17995;11.75,143.25;51.75,75.75;243.25,127;293.75,322;6.75,40.25;53.25,253.25;67,86.25;248.25,48.75
38393;11.75,143.25;91.5,92;267.25,105;290.75,319.5;16,55.75;53.25,253.25;80.25,116;247.5,48
18118;11.75,143.25;75.5,51.75;281.5,70.25;302.75,302;16,55.75;40.25,265.5;53.5,132.5;255.5,15.5
41954;12.5,176.75;52.25,56.25;256.75,69.25;283.5,312.75;16,55.75;27,293;89,117.75;255.5,15.5
50365;37.75,194.25;53,47.25;216.75,56.5;283.5,312.75;20,19.75;27,293;124.25,162.5;254.75,19.25
45258;50.75,239.75;61.25,56.5;273,71.75;283.5,312.75;23,21.5;60.75,318.25;124.25,162.5;257.25,9.75
20717;4.75,265;21.75,28.25;235.5,88.5;283.5,312.75;23,21.5;91.5,284;175.25,179.25;293.5,50.75
20657;4.75,265;29.75,33.75;274.75,105.5;283.5,312.75;23,21.5;80.5,246.5;205,219.5;341,79.75
43057;4.75,265;35.75,64.25;258.25,59.75;270.75,295;23,21.5;100.25,221.75;207.5,271.5;354.25,44
6164;7.25,307;35.75,64.25;249.75,11;300.75,319;23,21.5;100.25,221.75;194.75,249.5;352.25,17.5
28908;18,285.5;54,19;250.25,10.75;315.5,270;23,21.5;47.75,197.75;137.5,238.5;352.25,17.5
44987;18,285.5;54,19;250.25,10.75;354.25,273.25;8,18.75;17,203.25;137.5,238.5;347.25,32.25
33554;34.5,238.75;54.5,18.75;271,19;332.75,270.25;38.25,58;70.5,208.25;137.5,238.5;347.25,32.25
18143;47.75,237.75;75.5,59.5;275.25,57;333,270.5;38.25,58;92.5,171;102.25,268.25;347.25,32.25
26257;47.75,237.75;50,45.25;284.75,101.5;327.5,237;41.75,88.75;84.75,125.25;102.25,268.25;317,28.5
2541;32.25,238.75;33.75,79.25;262.5,60.25;280.5,238.75;41.75,88.75;78.5,115.75;107,317.75;317,28.5
3337;32.25,238.75;71.75,97.5;266.75,105.5;327.25,241;41.75,88.75;71.5,141;110.75,296;316.5,28.5
5777;48.25,270.75;109.25,122.75;266.75,105.5;310.75,268.25;45.75,91.75;54.25,115.5;110.75,296;316.5,28.5
29062;42.5,238.75;109.25,122.75;230.25,75.75;307.5,288.5;39.5,89.25;86.5,107;110.75,296;327.75,60
12912;71,221.75;105.75,120.25;218,43.5;321.75,293.75;24.25,104.25;86.5,107;152.5,291.25;327.75,60
49952;51,226.5;135.5,150;212.25,1;321.75,293.75;39.25,89;107.75,123.25;152.5,291.25;327.75,60
15321;33.5,256.75;135.5,150;164.75,23.25;322,294;80.5,97.75;88,105.75;152.5,291.25;334.5,63.5
14417;45,273.25;165.25,152.75;178.5,46.5;322,294;29.75,108.75;88,105.75;95.25,313.5;334.5,63.5
32610;70.75,323;167.5,154.75;168,22;302,286.25;26.75,119.75;87.25,100.25;95.25,313.5;334.5,63.5
40522;70.75,323;167.5,154.75;168,22;273,272.25;52.25,173.25;105.25,151.75;152.5,317.5;328.75,59.25
18359;70.75,323;165.5,163.75;185.5,42.5;282.5,320.5;53.25,116;141.5,145.75;152.5,317.5;343.25,118
21162;75.75,299.5;136,125;153.25,29.25;276,274;53.25,116;141.5,145.75;151.25,302.5;331.5,163.75
2618;64.5,254.5;136,125;143.5,21.25;255.25,302;8.25,146;141.5,145.75;176.5,305.25;317.5,184.25
1785;49.5,228.25;136,125;143.5,21.25;223.25,279;23.25,107.5;113.25,105.25;213.25,256.5;293.5,198.25
31464;63.25,171.25;136,125;175,37.75;223.25,279;50,76.25;56.5,122.25;212.5,256.75;244,190.5
3122;32.75,132.75;137,128.5;174.5,60.25;223.25,279;57.5,131.5;58.75,132;238,237.25;244,190.5
33297;32.75,132.75;168.75,106.25;174.5,60.25;224.75,230.75;22,128.75;47.25,104.75;265,224.25;276,152.5
2427;62.75,131.75;140.5,78.75;206.25,108.25;224.75,230.75;22,128.75;90.25,71.25;265.25,275;300,197.5
33749;62.25,157;167.75,104.25;206.25,108.25;209,235.5;52.75,135;90.5,32.5;238.75,258.25;300,197.5
13620;63.75,148.25;135.5,148;206.25,108.25;228,248.75;52.75,135;110.5,11.75;237,226.75;286.5,217.25
5776;66.75,127.5;130.25,177.75;208.25,93.75;228,248.75;108.5,143.5;110.5,11.75;288.5,225;320.75,199.75
2526;79.5,102.75;157.25,223.75;167.75,115.75;228,248.75;123,143.25;123.75,62;247.5,189.75;320.75,199.75
11198;91.25,140.25;125.5,259.5;167.75,115.75;217.75,268.25;96.25,152.25;153.5,48.25;280.75,184.75;320.75,199.75
30228;109.25,161.75;146,227.25;159,126.5;178,242.25;98.75,156.25;153.5,48.25;280.75,184.75;353,196.25
36679;111.5,201.75;146,227.25;159,126.5;183,260;97.5,156.75;142.75,34.25;251.25,187.5;320.25,162.75
36551;117.75,254.25;137.25,188.5;159,126.5;183,260;126.25,158;177.5,28.5;272.25,191.75;308.25,197.75
26127;66,231.25;137.5,213;170,184.5;212.75,252;125.5,197.75;176,30.25;272.25,191.75;308.25,197.75
28247;66,231.25;151,159.25;160.5,223.5;239.25,259.25;131.25,248;176,30.25;261.75,177;305,196
23002;77,222.25;159.25,109.25;172.5,260.25;257,296.25;131.25,248;176,30.25;226.75,190.25;305,196
18524;50.5,231.25;148,89;161.25,249;256.75,295.75;131.25,248;183.75,30.75;195.75,175;305,196
7415;52.75,243.25;134.75,129.5;161.25,249;256.75,295.75;80.25,268.25;180.75,26.75;182,213.75;325,205
26346;52.75,243.25;114.5,140.5;168.75,234.75;239.25,283.75;80.25,268.25;161.25,50.25;192.25,257.5;281.75,219.25
2081;83.75,207.25;114.5,140.5;137,227;239.75,283.75;112,258.75;161.25,50.25;227.5,283.75;283,245.5
17635;83.75,207.25;108.5,109.5;155.75,223;239.75,283.75;124.25,314.75;142.75,49.75;206.25,262.75;273.5,248.25
30963;83.75,207.25;99,114.5;155.75,223;239.75,283.75;119.25,259.5;157.25,30;168.5,303.75;263.75,257.75
47502;42,240.75;68,67.25;155.75,223;290.5,263.75;151.75,271.25;157.25,30;168.5,303.75;264.75,219
10724;27.5,267.75;89.75,19.25;125.5,250.5;263,237.75;151.75,271.25;157.25,30;168.5,303.75;270.5,172.75
14274;17.5,262;40.25,32.75;164,275.25;236,259.25;151.75,271.25;159.5,26;168.5,303.75;270,181.5
49283;17.5,262;40.25,32.75;216.75,302.5;234,252.5;135.25,266.5;159.5,26;195.5,302.75;334,147
47661;17.5,262;40.25,32.75;240.5,318.5;247.75,310;135.25,266.5;192.25,69.25;196.5,302.5;344.25,141.25
613;17.5,262;77.5,5.5;271.75,256.75;317.25,302.5;140.75,203.75;148.25,34.75;200,257;344.25,141.25
42504;15.25,267.25;34.75,38.5;271.75,256.75;363.5,305;124.75,196.5;148.25,34.75;164.25,282;322,90.25
20590;15.25,267.25;35.75,39;283,320.75;334.25,313;81,168.5;151.25,92.75;164.25,282;311.25,112
17999;15.25,267.25;43.25,17.75;252.75,322;334.25,313;43.5,136.75;155.5,95;170.25,310;311.75,159.75
19504;15.25,267.25;96.5,8.25;223.75,269.25;326.75,271;61.5,161.5;160,155.25;169.75,310.25;311.75,159.75
40956;27.75,233;94.5,19;223.75,269.25;332.25,266.75;67.25,211;150,143.25;155.25,319;311.75,159.75
9114;55.5,218.75;94.5,19;185.75,246.25;332.75,266.5;67.25,211;163.25,164.75;179,302.25;359.75,163.25
38237;37.5,261.75;145.25,47.75;185.75,246.25;326.25,321.75;78.25,210.5;163.25,164.75;219.75,283.75;348.75,138.25
44192;37.5,278;145.25,47.75;155.5,236.25;299.5,320.5;67,211.5;148.25,188.5;270,265.25;348.75,138.25
28749;37.5,278;143,35.25;169.25,227.5;282.5,283.75;40,198;148.25,188.5;322.75,264.25;338.5,148
43981;37,278.5;143,35.25;169.25,227.5;248.25,306.75;3,192;113,223.25;286.5,234;304,129.5
15569;80,299.5;143,35.25;175,267.25;272.5,261.5;1,229.5;81,230.75;286.5,234;304.75,128.75
25794;111,310.5;141,34.25;170.5,224.25;272.5,261.5;19.75,250;54.75,248;286.5,234;352.25,152
24538;111,310.5;141,34.25;170.5,224.25;295.75,304.5;23.75,231.25;101.5,261.5;265,199;360,140
18672;83.5,273.75;107.75,15.25;144.5,225.25;295.75,304.5;58,255.75;109,308;263.75,197.25;360,140
37004;53.5,295.5;108.25,14.75;123,214;295.75,304.5;40,308.25;109,308;278.25,174;359.5,149.75
24315;65.25,267.75;108.25,14.75;123,214;295.75,304.5;5.25,318;142.5,299.75;274,118.25;331,158.5
21400;65.25,267.75;108.25,14.75;119,213;319.25,307.25;2.75,279.5;127.5,296.5;231.25,134.25;330.25,160
9695;68.5,287;108.25,14.75;167.5,215.75;286,313;1.5,279.25;123,323.25;223.5,115.25;330.25,160
12115;57,241;123.5,8;216.75,240.25;234,313.25;45,308.75;123,323.25;236.5,121.5;330.25,160
151;55.75,295.5;103.75,13.5;202,216.5;235.25,315.75;54,257.75;162.5,298.5;236.5,121.5;330.25,160
18805;10.75,308.5;115.25,18.25;202,216.5;235.25,315.75;43.75,275;192,306.5;236.5,121.5;306.5,169.75
34449;31.25,312.75;83,28;202,216.5;235.5,313.25;43.75,275;230.5,304.25;254.25,76.5;310.25,160.75
455;10.75,308.5;91.5,70.75;153.5,203.5;235.5,313.25;56.75,288.75;233,283.75;248.25,85.75;310.25,160.75
15917;26.75,323.75;141,44.75;162,214.75;241.5,287.25;107.75,264;233,283.75;240.25,133;310.25,160.75
16766;26.75,323.75;123.25,8;196,216.5;209.5,259;129,252.5;193.25,310.25;219.25,107.25;310.25,160.75
8015;26.75,323.75;126.75,25.25;172.75,221.75;184,261.75;129,252.5;193,310.75;231.75,50.25;297,143.75
39638;5.75,297;126,26;169.25,226.5;206.5,310.75;129,252.5;193,310.75;228.5,18.5;291.75,115.25
32779;51.25,306.25;106.5,49;123.75,203.25;170.5,323;134,263.5;193,310.75;228.5,18.5;246.25,85.75
48188;82,315.5;106,49.25;123.75,203.25;170.5,323;99.75,262.75;151.5,319.5;232.75,55.25;272.5,76.25
44942;26.5,308.25;80.5,24.75;122,140.5;170.5,323;113,276.75;151.5,319.5;240.25,77;270.5,14.25
27612;26.5,308.25;111.25,48.75;134.25,177.75;170.5,323;120.75,230.25;190.25,305.75;233,80.75;330,25
38058;27,307.75;58.75,34.75;120.75,142;123.75,284.5;156.75,221;190.25,305.75;233,80.75;346.25,60.25
43192;27,307.75;118.25,19.75;120.75,142;144.5,297;149.5,179.75;190.25,305.75;258.75,48.75;331.75,97.25
32461;27,307.75;118.25,19.75;159.5,188;181.25,278.75;93.25,221.75;221,320;287.25,83.5;337.25,134.5
6848;49.75,307.25;149.75,29;160,188;181.25,278.75;107.75,263.5;264,322.25;289,79.75;337.25,134.5
47204;110,312.5;132,39.75;134.25,151.5;189.75,252.5;51.75,275;264,322.25;286.5,83.75;337.25,134.5
29500;140.25,296.5;144.5,34;179.5,176.5;190,251.75;13,309.75;264,322.25;308.75,79;337.25,134.5
41556;121.5,285;144.5,34;186.75,238.25;227.75,236.5;58,309;232,275;317.5,31;337.25,134.5
13171;118.25,257.25;144.5,34;186.75,238.25;227.75,236.5;57,289.75;214.5,275.5;311,8.25;338.5,148.5
20007;99.5,224.75;109.75,14.75;140.75,227;242.5,220;57,289.75;214.5,275.5;329.75,34.25;338.5,148.5
22172;99.5,225.25;122,6.25;170.25,238.25;242.5,220;34,281.75;227,272;327,82.25;338.5,148.5
42374;99.5,225.25;106.25,6.75;152.5,224.5;210.75,244.25;34,281.75;218,315.75;327.75,133;353.75,182.75
35032;65.75,171;106.25,6.75;214.75,203;245,267.25;19.5,272;218,315.75;311.5,130.75;358.25,182.5
19883;65.75,172.5;106.25,6.75;192.5,155;193.25,278.75;73,278.5;186.25,301.25;311.5,130.75;355,158.75
25910;65.75,172.5;121,45.5;150.25,129.5;162.75,265.75;115.5,273.75;184.75,248;311.5,130.75;326.5,199
20022;98.5,191;110.25,57.5;190,154.5;215.75,247.25;108.5,274.5;184.75,248;273.5,91.25;326.5,199
40685;98.5,191;110.25,57.5;155,166.75;205.25,201;120.5,273.5;169.5,258;238.25,54.5;360,238.5
25930;72,183;133.75,23.75;154.75,215.25;205.25,201;110.5,293;169.5,258;220,18.5;337.75,277.75
27936;113.5,162.25;133.75,23.75;138.5,264.25;160.25,214.25;150.5,303.75;170,257.5;220,18.5;352.75,313.75
6305;115.5,159.75;128,21.5;138.5,264.25;198,236;190.75,304.5;199,221;220,18.5;363.25,262.75
42786;115.5,159.75;129,12.75;161.75,243.75;249,244.5;143,300.75;150.75,226.25;193.75,39.5;363.25,262.75
110;105.25,161.75;131.25,21;169.25,310.5;245.75,249.75;143,300.75;185,252;249,73;363.25,262.75
42467;102,163;107.25,34.75;136.25,319.25;245.75,249.75;162.75,301.25;170,224;249,73;363.25,262.75
41571;85.25,148.75;107.25,34.75;136.25,319.25;255,287.75;118.5,295.5;196,178.25;249,73;323,242.25
46280;43.75,144.75;57.75,57.5;70.5,304;255,286.75;68.5,290.25;196,178.25;249,73;323,242.25
31857;37.75,95.75;41.75,14;88.75,312.25;293.5,320.25;42.5,309.75;196,178.25;248.75,77.75;323,242.25
23364;37,95.25;42.75,46.25;88.75,312.25;293.5,320.25;69.25,297.5;205.75,173.75;217.25,37;327.25,196.5
11619;20.5,63;37,95.25;88.75,312.25;293.5,320.25;19.75,292;183.75,196;228,49.5;339.75,169
41981;6.25,24.25;65.75,84.5;88.75,312.25;283,317.5;19.75,292;175,198;270,82.25;293.5,194.25
4796;28.25,15.25;65.75,84.5;88.75,312.25;283,317.5;45.25,292.5;146.75,201.75;236.5,76;262.75,219
3789;11,55.25;65.75,84.5;82.75,322.5;309,320.25;89,300.5;146.75,201.75;237.75,77.75;276.75,211
30527;49.5,31;122.5,45.75;124.5,282;325.25,293.75;39,319.25;146.75,201.75;237.75,77.75;312,218.75
48841;66,5;122.75,46.25;137.5,289.75;329.5,274.25;14,308.5;146.75,201.75;252.75,70.25;312,218.75
12744;72,64.5;102.75,34.75;137.5,289.75;328.25,274.5;44.25,301.75;127.75,222.75;252.75,70.25;368,235.25
43682;72,64.5;102.75,34.75;164.75,279.75;343.25,258.75;44.25,301.75;129.5,259.25;240.25,75.5;364,278.5
26865;43.75,63.25;92.5,63.5;114.25,283.5;343.25,258.75;50,270.25;85,249;277.5,37.25;364,278.5
39908;80.25,64.25;83,111.25;89.5,298.75;343.25,258.75;60,248;98.25,199;277.5,37.25;355,289.75
22338;36.5,57.25;72.25,166;89.5,295.25;343.25,258.75;84.25,251.75;129.5,223;277.5,37.25;353.75,276.25
5457;36.5,57.25;74,175.25;87.5,275.75;301.25,241.75;84.25,251.75;152.25,202.25;252.5,11;336.25,311.5
27515;57.75,76;83.5,160.25;87.5,275.75;351.5,210.25;84.25,251.75;165.5,189.25;202,26.75;288.5,286.75
21486;45,30;46.25,126;90,256.5;350.75,210.25;84.25,251.75;118.5,211.25;163,30.75;288.5,286.75
10804;40.75,21;62.5,148.25;99.25,308.5;355.75,170.75;61.75,285;151,248.75;163,30.75;288.5,286.75
25020;3.5,32;80.75,177;99,309;364.5,169.5;72.5,248.75;151,248.75;163,30.75;299,267.75
16205;3.5,32;76.75,193.5;99,309;316.5,132.5;117.75,289;170.5,294.25;194.25,20.75;299,267.75
44837;25.75,64.25;50.5,218.25;86.25,309.25;298.25,86;117.75,289;170.5,294.25;186.25,69.25;312.75,309.5
16588;25.75,64.25;55.75,241.75;74,270.75;284.75,54.25;117,288;168.25,319.5;186.25,69.25;354.75,314.25
10098;25.75,64.25;89,243.5;105,295.75;269.5,73;98,319.25;167.25,319.75;186.25,69.25;336.5,310
37026;25.75,64.25;84,261;120.5,267.75;299.5,52.75;98,319.25;168,319;190.5,109;309.75,298.5
26349;33,30.5;94,299.5;121.5,268.5;256.75,38.25;98,319.25;145,300;182.25,109.5;309.75,298.5
36049;49.5,9.25;121.5,268.5;123.25,303.75;256.75,38.25;54.5,307.5;194.25,322.75;221,105.25;309.75,298.5
24009;63.25,58.25;89.25,286.25;136,266.75;290.75,52.75;54.5,307.5;194.25,322.75;245,116.75;335.75,294.75
36386;80.25,85.25;95.75,297.75;135.75,228.25;258.5,19.5;57,306.75;194.25,322.75;245.5,110.75;335.75,294.75
28544;86,78.5;90,256.5;156.5,222.75;266.75,2.75;24.25,301.25;194.25,322.75;264.5,118.25;335.75,294.75
18687;79.75,118;121,259.25;157.25,225.25;266.75,2.75;24.25,301.25;192.75,322.75;269.5,93.25;327.5,312.75
24216;84,98;101.5,201.75;153.75,183;295.5,55.25;22.25,301.25;142.25,302.25;269.5,93.25;327.5,312.75
17464;121.75,76;133.25,187.5;199.5,158.5;292.5,55.25;22.25,302.25;142.25,302.25;271.25,61.75;327.5,312.75
27883;145.75,117.75;158.25,145;198,145.5;266.5,94.25;22.25,302.25;142.25,302.25;271.25,61.75;320.5,313
1574;129.25,62;132.25,184.75;198,145.5;272,105.5;39,286.25;97.25,314.25;271.25,61.75;310.25,313
31209;107,44.25;136.5,201;180.25,112.75;301.25,114.75;39,286.25;130.25,288.25;270.25,62.25;310.25,313
49601;107,44.25;118.25,212.5;180.25,112.75;301.25,114.75;26,247.5;125.25,315.75;288.25,14.25;314.5,311.25
49481;107.25,43.75;153,204.25;229,105.25;327.75,165.25;28.5,226.5;134,284;288.25,14.25;314.5,311.25
36132;107.75,43.75;166.25,216.25;201.75,92;357.5,130.25;4.75,231;160.75,302;288.25,14.25;314.5,311.25
14463;67.75,26.5;137.5,223.75;158.5,88.75;357.5,130.25;11.25,172.75;176.25,319;287.75,13;314.5,311.25
34171;27.75,42.75;126.25,239.5;151,51.75;343,167.75;11.25,172.75;176.25,320;298.25,26.75;314.5,311.25
46588;27.75,42.75;88,203.5;151,51.75;343,167.75;12,170.75;212.5,285;261.25,63.5;289.75,259.75
40640;28,42.75;49.75,183;178,49;355.25,153.75;12,170.75;218.75,307.75;261.25,63.5;299.5,206.75
49027;28,42.75;49.75,183;178,49;355.75,168.75;49.75,141.75;210.5,270.25;223.75,98;341.5,205.5
37832;58.25,34.25;89.75,196.75;208,94;322,210.5;51.25,90.25;210.5,270.25;223.75,98;341.5,205.5
41808;75.5,25.75;89.75,196.75;222.5,63.25;292.25,187.75;51.25,90.25;221.5,270.75;257,76;317.5,198
20320;40,55;63.25,146.5;179.5,35.25;285.75,165.75;90,77;221.5,270.75;284.5,42.25;317.5,198
39251;52,48.75;63.25,146.5;181.5,59.5;285.75,165.75;116.75,78.75;230.75,248.5;283.5,45.25;328,205.75
2432;52,48.75;54,170.75;192.75,16.5;285.5,171.5;123.75,113.25;207.75,233;252,12.75;328,205.75
28767;49.5,46.25;63.5,145.75;192.75,16.5;268,178.75;105.75,122.25;207.75,233;244.25,5.25;361.75,215.25
2025;13.25,52.25;49.75,191.25;192.75,16.5;292.5,212;53.25,111.25;240.5,225.75;244.25,5.25;359,164.25
11158;13.25,52.25;67.5,166.25;213,51.75;273.5,241;53.25,111.25;238.5,176.25;305.5,10.75;330,158.5
25869;31.5,85.75;87.5,206.5;220.25,55;268.25,287.25;79,151.5;238.5,176.25;305.5,10.75;330,158.5
19081;31.5,85.75;87.5,206.5;244.5,77.5;268.25,287.25;74.75,163.75;249,160.75;283,34.5;299.25,112.5
43216;31.5,85.75;87.5,206.5;238.25,31.75;268.25,287.25;103.5,152.25;274.75,142.75;319.75,65.25;324.75,136.5
39384;31.5,85.75;87.5,206.5;237.75,31;264.25,302.5;80.75,181.75;265.5,120;277.75,91.25;320.75,109.25
23844;4.5,46.75;72.5,175;202.25,19.5;273.5,311.5;33.25,216;264.75,119.5;277.75,91.25;320.75,109.25
2785;3.75,47.5;95.5,188;202.25,19.5;273.5,311.5;64,247;207.75,140.25;260.75,143.25;303,57.25
2174;3.75,47.5;126.75,239.5;146.5,13.5;260.75,304.5;64,247;251.25,128.25;276,133.5;305.5,9.75
4098;44,94.25;90.5,263;146.25,14;281.75,261;64,247;251.25,128.25;294.5,84.75;309.5,29.5
32535;26.75,111.25;116.5,303;123.5,11.25;281.75,261;64,247;240,128.25;299,85.5;308.5,28
6185;43.5,162.75;73.25,297.25;107.75,55;253.5,270.75;23.5,231.75;240,128.25;290,100.5;308.5,28
47701;0.75,149.5;73.25,297.25;89.75,84.25;211.25,259;3.5,245.5;240,128.25;289.5,101.75;324.25,62
33725;0.75,149.5;50.5,307.25;89.75,84.25;211.25,259;62.5,259.75;252,133.75;269.25,41.75;269.5,94.25
47671;0.75,149.5;17,312;89.75,84.25;240,217;74.25,254;251.25,134;315.25,38.5;328,97.25
3717;0.75,149.5;57.5,281.5;86.75,100;298.75,230;74.25,254;251.25,134;355.75,3;356.75,38.5
27139;24.25,154.25;57.5,281.5;62.75,57;316,195.5;51,282.75;251.25,134;339.25,32;355.75,3
36373;18.25,85;57.5,281.5;110.5,25;352,255.25;108.75,308.5;243.25,82.75;344.75,63.75;355.75,3
621;16.25,87;121.5,285;133.75,77.25;352,255.25;66.75,277;220.75,37;336.25,50.5;355.75,3
37689;42.5,138.25;109.5,315.5;159.5,110;329,237;10.5,292;220.75,37;355.75,3;358.5,40.5
13242;35,189.75;109,317.5;159.5,110;320,280.5;10.5,292;188.75,88.5;335,7.25;354.5,13.5
45711;54.5,193.25;160.75,290;171.25,140;283,321.25;10.5,292;211,99.75;335,7.25;354.5,13.5
32592;13.25,190.75;135,266.25;171,180.75;298,304.5;10.5,292;211,99.75;335,7.25;353.25,24.25
29852;13,190.25;170.25,218.5;207,131;298,304.5;6,306.25;247.75,132.75;335,7.25;350.25,79.5
46233;13,190.25;170.25,218.5;207,131;299.75,322;26.5,307;269.25,130.5;301.75,37.5;339.75,59.25
2948;39.5,237.75;149.25,160.25;156.25,91;299.75,322;29.25,304;258.25,85;296.75,103.5;301.75,37.5
37032;59.25,275.75;167.25,135.75;180.5,58.5;345.75,319.75;29.25,304;248,118.5;296.75,103.5;301.75,37.5
19159;32.75,311.5;167.25,135.75;180.5,58.5;341.25,315;29.25,304;241,168.75;325.75,59.75;339.75,63.5
8999;40.75,268.75;176.75,131.5;215.75,54.25;341.25,315;13.5,273;245,121;325.75,59.75;339.5,82.5
47335;40.75,268.75;159.25,177.5;215.75,54.25;341.25,315;10.5,303.75;196.25,98;280,37.25;308.75,37
34309;40.75,268.75;105.25,196.5;201.75,61.25;348,289.5;10.5,303.75;154,92;267,57.25;270.75,3.25
24524;43.25,266.5;98,155.75;201.75,61.25;360.5,253.25;57.75,270.25;154,92;232,62.5;247,41
46995;43.25,266.5;95.5,164;175,36;361.25,279.75;74.25,253;118.75,104.75;232,62.5;247.75,38.75
35971;43.25,266.5;95.5,164;186.25,43.25;361.25,279.75;46.75,289.5;97.25,64.75;187.5,99;268.25,33
46284;25.5,301.75;95.5,164;140,59.5;361.25,279.75;59.5,288.75;97.25,49.5;171,53.25;246.5,77
45521;47.5,294.5;128.75,204;145,111.5;357,294;59.5,288.75;97.25,49.5;161.5,91;217.25,113.75
41224;47.5,294.5;156.75,226.5;174.25,145.75;314,312.5;59.5,288.75;63.75,97.25;121.25,98.5;176,95
5699;47.5,294.5;121,183.25;222,184;290.5,317.75;88.75,301.25;92.25,99.25;141.75,87.25;176,95
10145;47.5,294.5;94,193.75;213.25,227.25;306.75,319.75;86.5,297.75;92.25,99.25;151,49.25;168.25,55
6576;47.5,294.5;94,193.75;201.75,260.5;261.75,323.5;59,266.75;73.25,124.75;163,31.75;167,55.25
12742;34,240;53,216.25;155.25,230.25;303.5,307;11.75,310.5;52.25,188.75;163,31.75;167,55.25
40328;56,238.5;63.5,230.5;103,229.5;298.25,318.25;5.25,310;95.25,151.75;163,31.75;167,55.25
946;56,238.5;65.5,189;84.75,213.5;244.75,312.25;19,309.25;70.5,138.75;163,31.75;167,55.75
41349;0.5,226.5;57.75,240.75;58,230.75;244.75,312.25;44,320;50.75,146;144,57.25;163,31.75
24451;4.25,212.5;16.5,263;24.75,232.5;265.75,254.75;44,320;51,146.5;91.25,24.5;163,31.75
43019;28.5,247.25;50.5,240;57,241.75;277.5,215.5;44,320;51,146.5;91.25,24.5;163,31.75
44120;11,263.75;37,189.75;84.25,213.25;277.5,215.5;17.75,270.5;51.25,145.75;64.75,7.5;163,31.75
46101;36.25,308.25;41.25,240.75;48.5,226.25;277.5,215.5;37.25,244;51,146.5;108,39.75;163,31.75
42005;15,310;28,262.25;65.5,217.75;322.25,186.75;36.5,244;67.5,89.25;108,39.75;163,31.75
7726;5.25,284;64.75,280.75;89.25,178.25;322.25,186.75;36.5,244;76.25,147.75;99.75,11.5;143.75,28.75
7208;4.5,284.5;80,267;90,205.25;342.5,131;31.25,242.25;50.5,170.75;99.75,11.5;143.75,28.75
26266;12,309;42,241;61,219;354.5,97.25;31.5,242.5;50.5,170.75;99.75,11.5;115.25,39.25
21453;12,309;16.5,264.25;36.75,206;308.25,114.25;31.5,242.5;50.5,170.75;90.75,63.75;160,12.25
41275;12,309;41,240.75;42.75,200;362,84.75;31.5,242.5;50.5,170.75;63.25,96.75;126.75,19
2547;12,309;35.75,237.75;43.75,200.25;362,84.75;3.5,240.25;35.25,109;109,137;126,62.5
39607;12,309;24.25,270.5;43.75,200.25;362,84.75;25.5,203.75;28.25,108.5;124.5,133.25;139.25,32.25
29819;12,309;24.25,270.5;65,184;362,84.75;15.75,134.75;18.75,143.75;150.25,192;187,44
28007;1.5,296.75;17,264.75;50.75,140;307.25,54;15.75,134.75;18.75,143.75;141.5,151.75;238.75,15.25
12719;2.75,295;32.25,242.75;50.75,140;369.5,72.75;15.75,134.75;67,176.5;128.75,106.25;262,75.5
39611;2.75,295;40.25,270.25;62,176.25;369.5,72.75;15.75,134.75;74,222.5;184.25,99.25;243.5,91.5
5413;2.75,295;40.75,271.25;56,217;332.25,98.25;15.5,155.5;56.5,235;184.25,99.25;255.5,123.5
20437;33.25,306.5;41.25,315.25;56,217;294.75,106.5;22.75,202.75;56.5,251.25;184.25,99.25;275.75,97.75
49088;38.25,312;43.75,270.5;56,217;273,68;22.75,202.75;84.25,250;151.25,92.75;278.25,97.25
48779;38.25,312;49.5,216.75;97.25,256;292,101.25;4.5,240.25;84.25,250;151.25,92.75;293,59.25
973;10,308;51,172.25;97.25,256;248.25,99;22.5,289.25;82.25,249.5;151.25,92.75;302,61.25
17010;10,308;75.25,193.5;135.5,287.5;202.5,71;18,323.25;75.75,215.25;151.25,92.75;300.5,27
48455;10,308;75.25,193.5;135.5,287.5;210.75,49.5;5.5,311.5;66.25,224.5;114.5,112.25;263.75,24.5
42870;40.5,306;63.75,210.25;135.5,287.5;244.75,64.5;19.75,291.5;52.25,184.75;114.5,112.25;238.25,53
47097;40.5,306;55,177.75;111,314;215.25,61.75;19.75,291.5;78,211.5;87.75,151.75;215.5,82
41178;1.75,271.25;99.75,205.75;109,317.5;215.25,61.75;19.75,291.5;62,222.75;74.25,169.25;268.5,89.25
5439;4.25,218;99.75,205.75;117.5,291;205.5,48.75;19.75,291.5;57.75,216.75;121.75,197.75;292.25,102
28009;10.5,175.5;116.5,185.25;117.5,291;152.25,45.25;19.75,291.5;37.25,229;155.75,186.75;292,100
48035;60.75,171.75;86.25,181.5;117.5,291;166.5,85.5;19.75,291.5;35.25,193;155.75,186.75;237,121
50009;60.75,171.75;63,219.5;162,309.75;166.5,85.5;28,322.75;98.75,189.5;127,223;255.25,174.75
24237;47.75,109.25;120,252.75;161.5,309.75;166.5,85.5;44.75,317.5;127,223;137.5,169.5;192.25,161.5
16493;71.5,88;120,252.75;161.5,309.75;166.5,85.5;57.75,295.25;151.5,222.75;158.5,144;183.5,135
5812;56,148.25;147.5,228;167.5,260.25;190.25,118.75;57.75,295.25;150.75,272.25;152.75,92.25;183.5,135
9963;82.25,170.75;167.5,260.25;168,227.75;191.75,145.75;37.25,306.25;150.75,272.25;158.25,90.5;180.5,166
37782;99.5,191.25;167.5,260.25;168,227.75;191.75,145.75;72.5,279;122.5,301.75;146.25,50;232.75,151.5
1956;86.5,151.5;167.5,260.25;205,229;206.25,132.5;55.25,246.75;122.5,301.75;160,87.5;194.25,175.75
38074;71.5,142.5;152.25,291.5;178.25,211.25;184.5,157;21.25,219;122.5,301.75;141,120.25;194.25,175.75
32214;94.75,155.5;167.5,312.5;173,189;228,189.25;21.25,219;94.25,318.25;117.25,136.25;194.25,175.75
23776;95.75,164.25;112,313.5;193,177.75;241.5,170.25;21.25,219;106.25,283;125,194.75;194.25,175.75
29716;102.75,197.5;140,265;228.75,206.25;262.25,120;21.25,219;67.75,265.75;125,194.75;194.25,175.75
2564;147.25,222.75;154,263.5;228.75,206.25;289.5,75;27,217.5;37.5,293;125,194.75;155.5,160
30500;145.5,227.25;156,300.5;231.75,202;289.5,75;27,217.5;47.75,253.25;93.75,153.25;108.25,161.75
24071;135.75,192;145.5,316;231.75,202;289.5,70.25;27,217.5;47.75,253.25;80.5,157.5;117,143.25
18293;133.25,241;140.25,272.5;235,202.75;289.5,70.25;27,217.5;46,296.5;84.25,139;144.5,126.25
20238;113.5,207.75;117.75,256.75;216.5,195.5;278.75,34.5;27,217.5;88.75,301.25;90,132.25;144.5,126.25
20994;67,230.25;89.25,212.75;211,201.5;323.75,37;27,217.5;88.75,301.25;103.5,164;184,98.5
13914;85.75,249.25;92.75,231.5;244.5,180;365,54;27,217.5;88.75,301.25;103.5,164;225.75,115.5
7259;85.75,249.25;101,226;230.75,206.75;350.75,29.5;5.75,202.25;44.75,319.5;100.75,163;225.75,115.5
25126;45.75,284.75;115.5,213.5;208.25,175;318.25,5.75;5.75,202.25;44.75,319.5;100.75,163;224.5,98.75
32945;49.75,294.5;103.75,231.25;208.25,175;349.5,24;3.75,186.5;44.75,319.5;99,161.5;183,130
38471;46.5,275.75;62,230.25;176.25,148.5;349.5,24;4,185.5;73.25,283.75;99,161.5;186.75,135.5
23394;21.25,228.75;70,190;160,116.5;349.5,24;20.25,210.25;73.25,283.75;103.75,118.25;208.75,105.5
21121;31.75,197.25;61.25,209.25;146.75,127.75;352,17.75;56,212.25;89.5,300.5;103.75,118.25;208.75,105.5
23644;31.75,216.5;61.25,209.25;146.75,127.75;309.25,53.5;61.5,163.5;136.75,287.25;144.5,90.75;211.75,92.5
13135;35,214;52.5,235;166.25,104.75;298.5,37.25;82.25,156.75;107,320.75;144.5,90.75;211.75,92.5
22069;34,228.75;93.5,234.25;166.25,104.75;257.25,37.25;111.5,140.5;112.25,292.5;137,52;211.75,92.5
25233;33.5,227.75;93.5,234.25;166.25,104.75;220.5,37.5;90.75,162.75;152.75,272.25;159.75,12.5;183.5,97.25
12385;35.5,203;64.5,189;137.75,124.5;182.5,9.75;90.25,163.25;152.75,272.25;162.75,12;183.5,97.25
4350;37.5,148;89.25,171.5;177.75,113.25;217.5,6.25;89.75,177;152.75,272.25;153,11.75;183.5,97.25
24601;37.5,148;90.5,205.75;180,48.5;215.5,41.5;35,183.75;151,278.75;153,11.75;246.5,76
8302;34,147.25;90.5,205.75;130.25,40.25;211.75,74.75;54.75,221;108.25,245;157.75,17.75;246.5,76
50146;34,147.25;90.5,205.75;115.25,22;236,34;52.25,247;114.75,274.5;157.75,17.75;278.5,115.5
38016;34,147.25;90.5,205.75;115.25,22;217.25,17.25;68,248.5;86.5,265;114.75,6;316.5,121.75
36938;73.75,110;90,229.25;116.5,76;202.25,72.75;68,248.5;86.5,265;159,12.25;341,110
17770;67.75,85.5;127.25,245.5;147.75,78.75;152.25,86.75;66.75,248.5;86.5,265;108.75,38.25;341,110
17691;67.75,85.5;88.75,284.25;179.5,37.5;187.5,81;59.5,194.5;73.25,254.5;106.75,10.25;341,110
23262;13.5,86.75;85.25,273;116.5,35.75;187.5,81;92.25,152.25;96.75,284.25;106.75,10.25;294.75,86.5
1812;37.25,112.25;85.75,272.75;87.25,63.5;187.5,81;92.25,152.25;156.25,272.75;158.5,31;319,132.5
3144;73.25,130.75;85.75,272.75;87.25,63.5;170.5,89.5;92.25,152.25;156.25,246.5;174.5,30;310.25,181.75
49298;33,165.5;46.25,264;87.25,63.5;175.25,109.75;54.5,131.5;156.25,246.5;182.25,52.25;344.5,144.75
41758;1.75,203.5;14,231;88.75,67;175.25,109.75;54.5,131.5;169.75,224.25;195.25,95.75;344.5,144.75
37525;34,162.75;40,240.25;88.75,67;133.5,126.75;43.25,78.5;166.25,221.75;195.25,99.75;344.5,144.75
960;35,163;40,240.25;43.25,64.25;134.25,148;58.5,112;179.5,196;195.25,99.75;355.25,155.75
40614;1.25,159;36.75,206;39.75,68.25;100.75,188.25;32.75,76.25;179.5,196;192,100.25;355.25,155.75
33779;1.25,159;37,206.5;88,113.25;94,148.5;32.75,76.25;174.25,164;190.25,102.5;346,210.75
6343;3.25,154.25;25.75,215.5;66.75,63.25;94,148.5;18,118;188.25,96;193.25,100;346,210.75
49512;11.5,111.25;25.75,215.5;46.75,15.5;90,159.25;18,118;152,88.25;193.25,100;294,198.25
35181;17,100.75;25.75,215.5;38.25,43.75;77,146.5;25.5,173;139.75,73.75;193.25,100;299,201.75
42445;22,62.25;25.75,215.5;32.25,86.5;37.75,139.5;25.5,173;126,73.25;190,110;260.25,202
23167;8.75,80;25.75,215.5;64.75,74.75;69.5,148.25;25.5,173;89.5,21.5;214.25,149;280,243
9452;36.5,31;41.5,239.25;54.75,32.5;69.5,148.25;31,118.25;89.5,21.5;210.75,143;295.5,196.5
19863;4.25,5.75;41.5,239.25;52.25,31.25;58.5,178.25;28.25,108.5;89.5,21.5;229,152;282.25,140.75
6342;4.25,5.75;30.75,238.75;36,78.5;59.5,219.75;28.25,108.5;127.5,43.75;253.75,132.25;304,198.5
42701;4.25,5.75;31.5,181.25;39.25,49.75;49,189.5;28.25,108.5;127.5,43.75;276.25,109.25;291.25,220.25
31762;4.25,5.75;28.25,183.25;37,24.25;76.25,132.75;28.25,108.5;143,4.75;230,132.25;328,273.75
47895;4.25,5.75;27.75,119.75;37,24.25;76.5,146.25;28.25,108.5;182,8.5;193.25,97.25;332,314.25
17838;4.25,5.75;59,113.75;80,63.5;88.5,189.5;24.25,124.25;171.5,30;193.25,97.25;301.5,282.75
10747;10.25,53.75;69,139.25;80,63.5;88.5,189.5;23.5,120.5;195,13.75;203.25,99.75;334.75,293
15057;44.25,45.25;66.5,153;109,113;120.5,145.5;14.75,94.75;174,28.5;203.25,99.75;334.75,293
626;44.25,45.25;66.5,153;74.5,86;143.25,129;45.5,75;173.25,30.25;204.25,95;321.75,312.5
37106;39.75,40;50.75,190.25;122.25,50.25;132.5,90;54.5,84.75;173,38;204.25,95;321.75,312.5
38607;39.75,40;48.5,234.5;141.5,40.5;172.75,90.25;36.75,92.25;170.25,48;240.5,117.75;321.75,312.5
46020;11.5,5.25;68.75,209.75;141.5,40.5;217,61.75;44.5,39.75;151.75,89.5;215,68.5;321.75,312.5
28658;39.5,54.25;51,228.75;126.5,22.5;239,99.75;44.5,39.75;107.75,123.75;243.5,77.5;321.75,312.5
46584;1.5,63.25;51,228.75;149.25,59.5;245.75,126;6.25,4.5;77.75,152.5;230.25,114.75;321.75,312.5
25334;10.5,36.25;50.75,175.25;129,61.75;242.75,160.75;6.25,4.5;91,157;278.5,115.5;321.75,312.5
39687;42,61.75;50.75,175.25;109,34;265,180.75;7.75,45;84,167.5;278.5,115.5;344.75,291.75
12406;42,61.75;52,172.5;78.5,11;308.25,158.75;1.75,58.5;84,167.5;303.75,137;321.25,300
24669;37.25,67.25;62.5,132.75;78.5,11;310.75,159.25;45.75,69;83.5,164;267.25,180.25;321.25,300
49419;37.25,67.25;40.75,133.25;78.5,11;277.75,166.5;43.5,45.25;76,189;274,144.25;353.75,294.25
44855;37.25,67.25;63.25,147.5;78.5,11;226.75,156.5;5.25,47.5;76,189;312,159.75;339,287.75
22505;55.25,75.25;112.75,169.75;114.25,35.5;251.5,155.25;5.25,47.5;76,189;270.75,167.75;339,287.75
2622;55,76.5;94.5,196.75;168,58.5;251.5,155.25;3,8;54.75,170.25;272.25,168.5;339,287.75
22507;26.75,92.25;71.5,231.25;198.25,85;251.5,155.25;1.25,29.5;54.75,170.25;254.25,163.25;343,288.25
33250;47.25,107.75;69.5,223.5;212.5,136.25;231.25,127.5;1.25,29.5;13.25,139.25;254.25,163.25;343,289.25
2527;32,110.75;80.5,177.25;229,136.75;270.25,120.5;6.25,23.75;13.25,139.25;254.25,163.25;343,289.25
41320;43.5,108;46.5,138.25;173.75,149.75;270.25,120.5;6.25,23.75;40.5,86.75;241.5,176.25;343,288.25
45910;43.5,108;46.5,138.25;173.75,149.75;281,167;8,70;79.75,102.25;234.75,210;322.75,314.5
4553;43.5,108;45,124.5;167.75,105.25;314.5,123;8,70;94.25,78.75;235.25,209.5;305.75,294.75
29717;71,127;72.25,96;163.5,142;356.5,128.5;45.25,30.75;94.25,78.75;236.75,208.75;305.75,294.75
32933;76.25,124.75;76.5,95.75;175.25,163;371,69.75;45.25,30.75;85.5,72.25;250.25,221;305.75,294.75
8961;36,133.5;76.5,95.75;164,212.75;362.25,22;24.5,39.5;85.5,72.25;249.25,220.5;301.25,241.25
34609;1,139.5;57.5,96;162.75,267;362.25,22;24.5,39.5;107.25,115.5;249.25,220.5;295,303.75
15334;29.75,122.75;67.5,41.75;127,239.25;351.75,40.5;24.5,39.5;153.75,92.5;249.25,220.5;295,303.75
26177;29.75,122.75;66.25,58;127,239.25;328.75,32;48.75,2;144.5,91.5;211.75,176.75;283.75,305.5
6091;26.25,76.25;26.5,42.75;157.75,243.75;328.75,32;48,2;110.25,68;195.25,177.5;283.75,305.5
45123;24.5,74.5;26.5,42.75;170,271;328.75,32;69.25,12.25;87.75,24.75;195.25,177.5;291,315.75
42721;2.75,69.75;65.25,76.25;169.25,273.75;277.5,31;64.25,8;113.5,33.25;195.25,177.5;291,315.75
16917;2.75,69.75;102.5,109.75;174.25,319.5;277.5,31;17.5,2.75;143.75,11.5;227.75,133.25;248.25,293.75
870;1.75,22.75;105.25,153.75;179,317;277.5,31;17.75,44.5;113.5,11.75;227.75,133.25;250.25,251
13248;18.5,62.75;150,128;162,275.25;294.5,55.75;37,38.5;113.5,11.75;196.5,173;250.25,251
6668;36.5,35;133.75,125;183.5,266.5;277.25,101.75;37,38.5;113.5,11.75;196.5,173;268.5,243
11673;35,35.5;133.75,125;183.5,266.5;251.25,116.25;19.75,46.5;143.25,31.5;180.5,166;264.25,275
11362;3.25,45.25;131.25,172.25;211.5,302;242.5,95;19.75,46.5;121,40.5;180.5,166;264.25,275
37730;50,48.25;131.25,172.25;232.75,302.75;237,80;19.75,46.5;153,68.75;187,162;273.75,245.25
43789;89.5,62.75;148.75,160.25;220.25,320.25;237,80;22.5,91.75;153,68.75;168,194.25;273.75,245.25
40687;115.75,17.75;119.25,201.25;220.25,320.25;289,74.75;22.5,91.75;152.5,68.25;154.5,197.75;276.25,212.75
813;172.75,38.25;177.5,202;198.75,268.75;252.25,44.75;22.5,91.75;148.25,34.75;159.75,221.25;276.25,212.75
34590;172.75,38.25;179.75,203;235.5,260;277.75,72.5;3.25,102;102.25,38;159.75,221.25;314,241.5
42355;151.5,33;221,190.5;268.5,256.25;307.5,95.25;2.25,102;102.25,38;159.75,221.25;310.75,234.25
32499;151.75,16.5;221,190.5;256.75,273.5;290,97.75;4.75,134.75;102.25,38;169.5,188.75;299.75,197.75
3142;167.5,38.75;221,190.5;255.25,264;294.75,72.5;29.5,147.5;102.25,38;167.75,187.75;272.25,223.25
38084;179,34;221,190.5;241,251.25;294,55.5;29.5,147.5;117,72.75;143,175;285.25,199.25
34989;189.25,3.5;221,190.5;241,251.25;257.5,30;29.25,148;85.5,89.75;99.5,195.5;266.75,170.75
50575;214.25,63.75;226.5,185;241,251.25;292.75,8.5;18,119.5;85.5,89.75;102.25,153.25;273.25,210.75
12883;177.75,111.75;232.25,204;241,251.25;314,3;18,119.5;93.75,125.75;138.75,142;226.75,188.75
12481;177.75,111.75;226.75,236;240,267.25;342,6.5;35,75.75;92.75,125.75;181.25,165.75;226.75,188.75
2642;165.5,142;180.75,251.25;245.25,316;337.25,2;29.5,39.25;93,124.75;181.25,165.75;226.75,188.75
30520;178.75,111;180.75,251.25;204.5,299.25;338,20.75;55,4.5;93,124.75;181.25,165.75;217.25,208.75
39167;124,88.5;180.75,250.75;204.5,299.25;365.25,35.25;83.75,20.5;132.75,130.25;181.25,165.75;237,183.25
17507;158.75,145;223.75,217.25;224.5,259.5;320.25,32;83.75,21.75;132.75,130.25;181.25,165.75;298.25,171
37488;158.75,145;197.25,178;271.25,255.75;305.25,41.25;84,30.75;123.75,105;181.25,165.75;299.25,169
8228;170.75,155.75;215,195.5;306.25,250.25;335.25,74.75;84,30.75;127.25,73;181.25,165.75;299.25,169
47199;170.75,155.75;264.5,178.25;306.25,250.25;326,105.75;85.75,25;155.75,30.25;181.25,190;310.75,195.75
30375;170.75,155.75;281.25,143.5;294.25,229.5;325.25,152.5;74.75,21.5;146,53;181.25,190;312.5,197.25
39021;173,156;281.25,143.5;301.5,189.75;306.75,192.5;74.75,21.5;118.5,72;159.5,226.5;280,176.5
4849;168.75,101.75;281.25,143.5;302.75,191.25;354,173.5;74.5,25.25;91.25,91.25;133.75,265.75;280,176.5
1519;165.25,103.25;286.75,188;322.25,138.75;359,215.75;74.5,25.25;107.75,121.75;133.75,265.75;242.25,131.75
40565;165.25,103.25;286.75,188;322.25,138.75;360.25,257.5;73,41.5;124.5,113.25;145.5,278.25;253.5,116.5
16465;137,78.75;285.75,168;322.25,138.75;365.5,243;92.75,64.25;124.5,113.25;145,278.25;259.75,143
44049;153.25,111.5;285.5,171.5;331.5,119.25;342.5,217.5;92.75,64.25;115,115.25;167.75,239.5;259.75,143
8358;153.25,111.5;268.5,134.75;331.5,119.25;343.5,177.25;66.75,52;113.5,116.75;157,223.5;267,99
28040;107,112;281.5,168.25;297.5,125;322.5,208.75;109.25,41;113.5,116.75;157,223.5;267,99
26555;135,75.75;243.25,173.5;273.25,168.75;291.75,208;109.25,41;113.5,116.75;128.75,276.25;267.5,99
14402;135,75.75;269,135.25;283,189.75;290.75,244.75;121,39.25;125,131.75;128.75,276.25;267.5,99
40131;130,24.5;273,130;283,189.75;290.75,244.75;127.25,46.25;168.25,153.5;177.25,303.75;238,85.25
6527;117.25,33.25;225.5,152;231.5,181.5;306.5,301.75;127.25,46.25;168.25,153.5;177.25,303.75;272.5,63.5
24477;76,11.25;256.5,196.75;261,179.5;315,275.25;116.25,82.5;168.25,153.5;177.25,303.75;272.5,63.5
11112;63.5,23.5;232.5,229.75;274.25,168;309,263.25;107.75,97;125,128.25;177.25,303.75;272.5,63.5
48389;24.25,41.75;222.25,278.75;271.5,138.5;309,263.25;87.75,107.5;125,128.25;143.25,272.25;297.5,63
15060;24.25,41.75;222.25,278.75;302.75,111.25;309,263.25;90.25,63.25;125,125.25;143.5,302.5;312.5,46.5
23111;49.25,53.25;236,316;291.5,136.5;309,263.25;98.25,52.5;125,125.25;142.75,318.5;313,45
1334;53.75,44.25;234.75,315.75;279.5,165.5;309,263.25;83.75,24.25;86.75,103.25;142.75,318.5;305,9.25
15972;91.25,84.5;225,266.5;246,178.5;309.75,249;83.75,24.25;86.75,103.25;101,316.25;304.25,8.5
42044;91.25,84.5;223.25,235.5;281,156.25;290.75,208.5;49.75,29;85.5,125.25;92.5,283.25;304.25,8.5
29015;79.5,86.25;224,232.75;289.75,161.5;290.75,208.5;49.75,29;57.75,92.25;99,263.75;302.5,4.25
17682;51.75,45.75;167.25,218.25;272,169;293.75,207;29,13.75;57.75,92.25;99,263.75;304.75,4.25
48438;11.5,42.75;140.5,225.25;286.5,169.25;334,217.5;29,13.75;53.25,90.25;81.75,301.75;304.75,4.25
46905;11.5,42.75;80.75,227.75;314,112;334,217.5;37,76.25;93.5,108.5;100.75,314.5;304.75,4.25
1913;44.25,97.5;47,252.5;336.25,113;365.5,170;30.5,32;93.5,108.5;100.75,314.5;327,6.25
3639;45.75,32;52.75,285.25;298.25,156;365.5,170;30.5,32;68.5,81;86.25,250;357.5,57.5
20677;15,29.5;57.5,248.5;289,167.5;346.5,112.25;30.5,32;34.5,89;86.75,248.5;357.5,57.5
18989;46.25,44.75;57.5,248.5;297.5,166.5;332.75,82;12,3.75;32.75,89.25;102.5,197.5;357.5,57.5
5472;5.25,53.75;57.5,248.5;300.5,210;306,110.5;11.75,10.25;65.75,54.25;102.5,197.5;362.25,45.5
13943;5.25,52.75;57.5,248.5;245.25,176;291.75,111.25;8.5,69;19.75,18.25;95,170;362.25,45.5
2258;5.25,52.75;61,241.25;273,172.5;306.25,155;33.25,79.5;40.75,2.75;95,170;316,39.25
37640;51.75,58.75;93,202.25;273,172.5;350.5,159.25;32.25,109;70.75,11;138.5,196.5;316,39.25
45828;7.5,45.75;48.25,175.75;249,207.5;356.75,172.75;32.25,109;74,32.5;149.25,223.5;316,39.25
726;7.5,45.75;49,214.5;230.5,170.25;356.75,172.75;29.5,76.25;86,21;156,256.25;349.75,80.5
22490;2,23.5;15,240.5;205.25,184.5;337.75,198.5;5,109.5;86.5,21.75;156,256.25;349.75,80.5
40355;2,23.5;15,240.5;205.25,184.5;324.5,254.5;8.75,143.5;59.5,13.5;137.5,279.75;338.25,97.25
50238;33.75,72.75;49,240.75;229,184;324.5,254.5;8.75,143.5;81.5,49.5;141.75,318.5;325.25,136.75
11510;36,119.25;52.5,249;211.25,204;305,304.25;0.5,145.25;81.5,49.5;141.75,318.5;325.25,136.75
46665;36,119.25;52.5,249;211.25,204;363.5,307.5;12.75,134.75;53.75,35.25;154.5,303.25;325.25,137.5
4788;36,119.25;84,261;147,195.75;363.5,307.5;15,131;50,7.75;110,297;309.75,115.75
47659;36,119.25;58.25,250.25;140.25,150.25;363.5,307.5;15,131;70.75,9.75;86.75,301.25;297.25,93.25
49508;42.5,138.25;73.5,256.75;86.5,107.75;363.5,307.5;15,131;100.75,38;109.75,284;297.25,93.25
9721;51.5,188.5;61.25,209.75;86.5,107.75;358,288;52,134.5;110,50.5;162.25,278.25;297.25,93.25
37034;78.75,186;87.25,243.5;100.25,164.25;311.5,258.5;4.25,146;110,50.5;162.25,278.25;323.25,107.25
42907;57,148.75;89.5,298.25;128.25,147;279.5,230.25;4.25,146;108.75,39.5;144.5,226;323.25,107.25
46653;57,148.75;89.5,298.25;128.25,147;266,182.75;55,157.25;76.25,21;172.5,231.25;322.25,137.25
28042;57,148.75;113.25,260.75;121,178.75;282.5,169.25;39.25,118.75;120.75,17.25;172.5,231.25;320.25,158.5
49846;62.5,123.25;135.5,223;160.75,212.25;278,165.5;5,155.75;120.75,17.25;172.5,231.25;319.75,156.25
6869;95,114.5;125.5,256;160.75,212.25;280.5,181;1,155.75;91,30.75;172.5,231.25;351.25,154.5
44182;59,74.75;109.5,308.5;160.75,212.25;264,128.5;1,155.75;73.25,13;172.5,231.25;356,175.25
25149;59,74.75;141,286.25;160.75,212.25;308,110.75;1,155.75;119.25,17.25;126.25,228;350.5,169.5
44687;8.75,93;116.25,254.25;193.25,184.25;337,152.25;22,141;119.25,17.25;139.25,272.25;350.5,169.5
42576;6.75,142.25;72.5,222.5;224.25,144.75;295.25,119.5;22,141;119.25,17.25;171.25,264.25;350.5,169.5
19598;6.75,142.25;85,196.5;224.25,144.75;337.25,107.5;20.25,143;104.5,34.25;166.75,226;326.25,162
13221;3.75,143.5;100.25,165.25;189.25,112.25;345.25,112;0.5,173.25;104.5,34.25;166.75,226;284.25,125.5
49813;3.75,145;100.25,165.25;149.75,125.25;331,82;8,135.75;116.5,74.5;134.75,265.25;284.25,125.5
18875;29,95.75;52.5,182.75;158,126.25;327.75,33;11.25,94.75;116.5,74.5;134.75,265.25;284.25,125.5
21207;29,95.75;52.5,182.75;135.25,125;327.75,33;36.75,79.5;102,48.75;148.5,240.25;310.25,163.5
29617;4,75.5;52.5,182.75;135.25,125;327.75,33;50.75,79.5;123.75,18;193.25,243.75;352.5,180.25
37716;18,85.25;94,149.75;158.25,148.5;327.75,33;80.5,41;113.75,39.25;192.25,243.25;352.5,180.25
8833;51.75,98.75;115.5,164.25;158.75,195.25;300.25,56;80.5,41;113.75,39.25;192.25,243.25;325.5,204.25
22890;88.75,73;150.75,129;207.75,175.5;281.25,73.5;80.5,41;113.75,39.25;176,241;325.5,204.25
27671;109,67.5;172,163.5;207,184.75;283.25,77.5;84.5,72.75;113.75,39.25;176,241;326.5,241
20649;105.25,77.75;188.25,159;226.75,202.5;283.25,77.5;89.75,66.75;124.75,72.25;143.75,222;326.5,241
13545;93.25,126.25;206,167.75;265.75,227.75;283.25,77.5;94.75,66;116,53.25;143.75,222;320.5,289
41775;75.5,159.25;206,167.75;265.75,227.75;306.75,52.25;92,53.25;106.25,40;141.75,238.5;320.5,301.5
19132;75.5,159.25;230.25,136;265,228.25;322.75,39;116.5,13.25;144,53;165.25,224.75;320.5,301.5
12304;75.5,159.25;230.5,136.5;289,248.25;339.25,88;71.75,9.5;187,99.25;205.25,252.5;320.5,301.5
6704;93.75,168.5;194.5,139.25;284.5,261.25;339.25,88;71.75,9.5;217,76;229.75,248;301.25,242.25
27620;93.75,168.5;149,113;284.5,261.25;339.25,88;80.25,25.75;191.75,39.5;274.75,252.25;324,241
12557;69.5,125;158,59.75;279.75,255.5;339.25,88;106.25,67.25;142.75,30.75;285.5,247.25;324,241
20754;74.75,168.75;158,30.75;249.75,259.25;311.25,52.25;104,69.25;142.75,30.75;288.5,246.5;324,241
6088;43.75,182.5;169.5,53;259.25,240;278.25,29.5;104,69.25;142.75,30.75;288.5,246.5;331,227.75
43039;64.5,147.25;188.5,48.25;249.5,218.75;310.5,24.75;70.75,57.75;142.75,30.75;288.5,246.5;331,227.75
11015;30.75,183;165.5,85.25;249.5,218.75;351.25,36.75;112.75,40.25;120.25,18;299.25,264;331,227.75
49533;27,144.25;131.25,39.25;249.5,218.75;350.75,36.75;101.75,38.75;145.75,30.5;299.25,264;359,239.25
2352;30.25,102.5;104.5,68;249.5,218.75;338,50.75;116.75,22.75;148,56.5;299.25,264;359.5,240.75
5138;68.25,70;131,96.25;246,183;337.5,50.25;116.75,22.75;142,89;281,293.25;359.5,240.75
40427;33,102.25;159.75,108.25;246,183;293.75,37.75;109,9;142,89;240.5,310.25;353.75,203
15545;47,74.25;159.75,108.25;265.75,171.75;273.25,63;109,9;138.75,117;241,321;320.25,227.25
32862;18.75,100.75;135.75,154.75;265.75,171.75;273.25,63;109,7.5;162.25,162.75;243.75,308.25;360.5,266.75
9691;62.25,121.25;135.75,154.75;207.5,167.25;284.75,106;153.5,44.5;180.25,163;203.5,303.75;360.5,266.75
25888;60,121.25;135.75,154.75;261.5,179.75;312.25,96.75;207.25,40.25;210.5,120.5;223,314.75;360.5,266.75
33912;53.25,170.25;139.5,110;213.75,197;303,84;207.25,41.75;210.5,120.5;268.75,304.5;360.5,266.75
7010;69.5,165.75;140,109.75;181.25,246.25;316.5,113.5;207.25,41.75;211.75,120.5;268.75,304.5;311.25,270
33867;69.5,165.75;152.5,109.25;220.5,260.5;326,127.75;207.25,41.75;211.75,120.5;256.25,288.5;289,287.25
25550;71,140;137.75,147.5;244.25,299.25;326,127.75;186,44.25;211.75,120.5;225,313.75;257.75,249.25
26965;41,179.5;137.75,147.5;226.75,313.25;301.25,81.75;181.25,39.75;211.75,120.5;222,314.25;281.75,233.75
11578;32,181.5;163.75,183.25;247.5,277.25;280,103;167.75,50.5;211.75,120.5;222,314.25;244.25,248.75
4428;39.25,121.75;176.75,184.25;218.5,278.5;296.75,103.25;110.25,68;152,116.25;222,314.25;244.25,248.75
34324;39.25,121.75;208.25,178.25;219.5,311.5;292.75,103;89.25,106.25;153.25,88.5;222,314.25;245,249.25
45076;63.75,117;157.75,157;172.25,309.5;292.75,103;104.75,66.25;182,134.5;222,314.25;245,249.25
41904;39.25,99;157.75,157;162,322;316.25,67;82.75,21.5;182,134.5;226.5,311.25;279.75,287.25
27486;69,86;145.5,147.5;151.75,298;316.25,67;83.75,21.75;222.25,102.25;226.5,311.25;322.25,263.75
36717;112.25,122.25;157.5,160;161.25,257.5;295.75,106;90,31.75;205,154.25;226.5,311.25;322.25,263.75
9792;78.75,141;125.75,200.25;145.75,227.25;295.5,132;88.25,25.25;182,161.25;226.5,311.25;322.25,263.75
4971;95.75,169;125.75,200.25;145.75,227.25;295.5,132;75.25,41.75;208.75,205;250.75,268.75;270.75,286.25
20170;70,176;125.75,200.25;140.25,224;238.25,126.5;21.25,69;186.75,173.75;235.75,257.5;270.75,286.25
26228;70,176;104.5,227.75;114,199.75;266.75,147;0.5,85.75;186.75,173.75;235.75,254.25;240.5,291
7043;70,176;107.5,238.5;114,199.75;266.75,147;37.75,78.5;158.5,144;228.75,284.75;249.75,291.25
34844;21.5,177;107.5,238.5;114,199.75;278.5,101.5;19.5,41.5;171.75,197;176,274.25;253.5,281.75
37148;47.25,176.75;61.25,248.5;166.5,180.5;250.75,82.75;19.5,41.5;156.5,199.75;169,298.75;253.5,281.75
32679;15.5,189.75;71.25,297.75;192.5,153;292.75,75.25;18.5,29.75;156.5,199.75;169,298.75;253.5,281.75
30821;42.5,206;67.25,304.5;192.5,153;288.5,102.75;17,30.5;156.5,199.75;159,313.75;225,305.25
4660;24.25,215.25;40,304.75;192.5,153;310.5,112.75;19.75,62;156.5,199.75;161.25,313.25;218.75,263.75
23116;57.25,240.25;89.5,303.5;192.5,153;315.75,113.5;19.75,62;155.25,242;161.25,313.25;254,290.75
43363;57.25,240.25;94.5,303.25;234.25,118;273.25,133.25;19.75,62;120.25,275.25;161.25,313.25;212.75,275
32136;57.25,240.25;126,285;253.5,117.25;273.25,133.25;20.25,62;118.5,294;190.25,305.75;222.25,290.75
29668;57.25,240.25;107,311.5;285,70.75;306,104.5;20.25,62;118.5,294;185,304.75;229.25,254.75
47889;53.5,216;140.25,317.25;285,70.75;362.75,122.75;20,60.75;70.25,268.25;185,304.75;206.25,203
17699;53.5,216;129.25,291.5;281.75,70.5;336.75,136;49.5,69;58.75,248;185,304.75;205.75,204.5
46010;53.5,216;129.25,291.5;290.75,56.75;336.75,136;50,75.75;70.25,258.5;149.5,299.75;196,174
24604;53.5,216;130.5,287.5;288,106.25;360,122.25;18.25,111.75;70.25,258.5;185,315;243,164.25
4301;53.5,216;164.75,266;304.5,79;360.5,91.75;20.25,108.5;70.25,258.5;184.5,274.75;236.25,137.5
1556;40,181.5;189.75,259;304.5,79;357.25,94.25;20.25,109.5;70.25,258.5;193.25,234.5;233.75,152.5
29882;41.25,183.25;217.25,259.5;341.5,75.25;372,54.5;15,128.75;70.25,258.5;193.5,236;233.75,152.5
30093;49.75,189.75;216.25,252.5;333.25,33;372,54.5;15,128.75;63,306.25;168.25,221;236.25,159
50191;77.25,147.5;216.25,252.5;327,33.5;350.5,9.75;15,131;77.75,258.25;168.25,221;197,174.5
13426;77.25,147.5;242,271.5;327,33.5;350,7.75;63,94;72.5,279;176,161.5;238,213.5
35672;107.75,128.5;242,270;335.5,21.5;369.75,36.25;60.5,42.5;72.5,279;220.25,167.5;238,213.5
14503;89.25,175.75;242.25,269.25;342.5,76.25;345,75.25;17.75,29.5;72.5,279;220.25,167.5;227.25,213.25
34361;87.75,148.25;243,278;292.75,98.25;297.25,88;17.75,29.5;42.25,300.75;220.25,167.5;227.75,213.25
15360;87.75,148.25;243,278.5;253.25,108;292.5,151;34,79.25;80.25,275.75;227.75,213.25;241.5,169.25
35264;135.75,128;243,278.5;247,133.5;313,149.25;29.25,109.5;85.5,252;227.75,213.25;286.5,151.5
26154;135.75,128;217.5,310.75;221.75,106.75;306.5,122.5;29.25,109.5;109.75,241;227.75,213.25;314.25,172.25
36466;125.25,78.75;217.5,310.75;221.75,106.75;274.5,130;18.25,141.25;130.75,227.75;169.75,226;358.25,183.25
2508;155.25,127.75;217.5,310.75;225,105.25;261.5,94.75;18.25,106.75;169,255.5;228.25,229.75;358.25,183.25
29659;165.25,180.5;217.5,310.75;225,105.25;297,137.75;18.25,106.75;158,225;223.5,229.75;352,152
18679;164.25,182.75;217.5,310.75;287.75,106.25;352,164;7,134.75;122.75,265.5;223.5,229.75;336.5,171.5
21902;173.75,203.75;177.5,320.75;270.25,98;352,164;9.25,173;83.5,283.75;223.5,229.75;328.5,139.75
17895;184.5,253;199.25,269.5;325.5,94.5;358.5,135;9.25,173;84.75,258.5;222,232.25;328.5,139.75
27223;160.75,212.25;180.5,253.25;353,84.5;358.5,135;35.75,178.25;115.25,251.75;222,232.25;289.5,132
26486;118.75,228;163.75,240.75;310.75,112.5;345,131;35.75,178.25;115.25,251.75;247,194.5;289.5,132
43727;118.75,228;166,265.75;267.25,105;337.25,137.5;19.25,206.25;115.25,251.75;223,188;289.5,132
22589;121.5,268;160.75,279.5;278.75,73.5;331.75,109.75;19.25,206.25;138.5,263.5;223,188;306,151
8397;121.5,268;160,322.75;267.5,103;328,65.5;50.5,248.5;96.75,265;249.25,228.75;306,151
39335;111.5,295;114.75,317;267.5,103;334.5,112.5;30.75,264.75;96.75,265;278.5,233;336,134.5
11697;77.5,317.75;111.5,295;297.5,128.5;309.75,115.75;57.25,295.75;96.75,265;259.75,198.25;357,155
23431;52.75,322.75;111.25,295.25;320,138.25;332.25,98.75;10.25,270.5;100,220.5;259.75,198.25;357,155
15352;50.5,279.5;115.25,258.25;320,138.25;332.75,98;15.25,285;133.75,215.25;260.5,198.75;357,155
1225;55,284;89.25,212.75;286,103.75;338.25,101.5;15.25,285;140.25,222.75;260.5,198.75;306.25,151.5
29872;77.25,300.25;101.75,164.75;286,103.75;361.25,66.75;27.25,311.5;140.25,222.75;233.75,183.5;309.25,150.5
44463;76.5,273.75;80.75,142.75;245.75,116;327.5,61;13,309.25;120.25,275.25;233.75,183.5;309.25,150.5
30281;76.5,273.75;103,141.75;215.25,131.75;327,61.75;13,309.25;119.5,248;211.25,173.5;320.5,163.25
31298;52.25,247.75;134,129.75;214.5,131.75;333.5,50.75;31,293;119.5,248;211.25,173.5;339.5,162.5
46526;99.5,243.75;163,101.25;209.5,184.75;333.5,50.75;25.25,286.25;139.75,256.5;211.25,173.5;307.25,152.25
10309;99.5,243.25;163,101.25;165.25,202.75;357.25,16.25;5,310.25;144.25,262.75;208.75,176.5;307.25,152.25
19683;99.5,243.25;150.75,129.25;170.75,221.75;357.25,16.25;32,310;89.25,258.25;208.75,176.5;299.25,123.25
31488;99.5,243.25;142.25,129.25;180.75,230.75;304.75,14.25;32,310;33.25,240.5;225.75,184.5;257.25,164.75
2595;80,268.25;142.25,72.75;147,260.25;304.75,14.25;8,303.75;49,195.75;234.5,204.25;257.25,164.75
49781;126.5,242.75;165,33.75;170.25,219.5;304.75,14.25;8,303.75;49,196.25;281.25,178.25;297.75,148.75
1218;123.75,266.25;124,51;171.5,260.25;304.75,14.25;8,303.75;70.25,153.25;294.25,219;296.75,150.25
31270;79,230.5;160,58.75;171.5,260.25;347.25,26.75;12,270;70.25,153.25;320.5,196.25;328,178.75
13239;130.25,243.5;160,58.75;192.5,267.75;346.75,26;7,308.75;84.25,138.5;328,178.75;335.75,221.75
42424;152.25,228.25;160,58.75;162.75,286;329.5,64.25;7,308.75;61,162;303.75,153.5;318,196
14336;131.75,184;157.25,2.5;188.75,290.75;324,11;7,308.75;70.25,181.75;277.25,186.25;303.75,153.5
33;80,187;104,18.5;241.25,297.75;300.75,14.75;16.75,254.75;113.25,194.75;277.25,186.25;303.75,153.5
39905;85.25,170.75;86.5,65.25;203,295.75;300.75,14.75;12,232.25;113.25,194.75;250.25,176.25;272.75,128.25
45859;97.25,212.25;107,88.25;242,316;246,18.25;10,230.5;113.25,194.75;250.25,176.25;272.25,126.25
14518;97.25,212.25;117.25,34.75;242,316;250.25,66;57.75,204.25;147.25,178.75;241,132.25;316.25,137.5
46302;138,216;158.25,28;221.75,315.75;278,105.75;99,201.5;147,178.25;241,132.25;316.25,137.5
37540;152,226;158.25,81.25;221.75,315.75;312,86.75;99,201.5;165.5,166;266.25,166.75;281,91.25
26536;118.5,239;141.5,128.5;223,313.75;335.25,75.5;107.75,162.25;165.5,166;254.5,168.25;281,91.25
40228;147.75,227.75;154.25,157.75;256.25,298.75;335.5,75.75;81.5,171.5;166.75,149.5;254.5,168.25;281,91.25
32555;138.5,240.25;167.25,163.5;261.25,254.75;335.5,75.75;46.5,137;166.75,149.5;231.25,210.5;294.75,87.5
40926;156.5,263.5;206.75,176.75;261.25,254.75;357.75,94.25;46.5,137.5;123.5,157.75;230.75,223.25;294.75,87.5
35387;156.5,263.5;173.75,212;269.75,256.25;334.5,48.5;7,156.75;163.5,163.75;231,221.5;294.75,87.5
11376;118.75,260.75;144,223;269.75,256.25;350.75,44;7,156.75;122.5,162.25;237.25,233.5;293.25,88.5
14190;81.5,256.25;118.75,223.5;269.75,256.25;371.5,73.25;7,156.75;109.75,115.75;234.5,248.5;293.25,88.5
6807;30.75,241.5;142.75,202;266.25,296.5;371.5,73.25;7,156.75;97.75,108.75;221.25,205.75;293.25,86.5
37153;30.75,241.5;142.75,202;282,317.25;371.5,73.25;34.75,197.5;64,100.75;196,221;336,91.75
13023;82,256.5;153.75,242.75;282,317.25;370,50.5;34.25,198.5;64,100.75;150,235;342.5,99.75
45875;87.5,270.75;118.25,253.75;323.75,315;356.5,101.25;6,246;64,100.75;150,235;342.5,99.75
35106;86.75,270.5;116.25,253.75;330,280.5;356.5,101.25;43.25,252.25;64,100.75;162.5,189.75;366.75,80.75
48862;51,295.5;116.25,253.75;337,266.75;356.5,101.25;18.75,296;64,100.75;182,162;342.25,62
15136;16.5,304.5;146.75,238.75;303,304.25;358,94.75;18.75,296;105.25,124;145.25,183.5;342.25,62
40456;17.25,285;101.75,196.75;344.75,289;367.25,145.75;30.75,252.25;105.25,124;146,185;342.25,62
30728;63.75,291.25;101.75,196.75;319.25,307.25;367.25,145.75;60,207;136.75,107.5;180.25,184.5;346.25,78.75
49078;72.75,305;91.5,204;319.25,307.25;367.25,145.75;60,164;118.75,113.25;152.75,221.25;341.5,77.75
48445;72.75,305;91.5,204;309.75,317.25;368,144.25;22.5,127;78,125.75;125.5,199;357.5,54.75
16829;72.75,305;114,208.75;252.75,296.25;330,134;15.5,94.75;25.75,125.25;112.5,198.75;357.5,54.75
26881;81.75,299.75;103,252;214.5,319.5;289,164;15,92.25;25.75,125.25;75,211.5;357.5,54.75
23288;84,280.5;114.75,212.5;222.75,261;314.25,206.75;15,92.25;32.5,139.25;106.5,161;357.5,54.75
4470;58.75,277.75;92,191.75;203.25,261;314.25,206.75;11.25,99.5;32.5,139.25;149.75,189.25;363.75,80.75
21701;58.75,277.75;92,191.75;203.25,261;333.5,208.75;23.5,104.5;61,163;142.5,203.25;352.5,50.5
11831;70.5,294;78.25,146.5;225.25,271.25;333.5,208.75;21.75,119.25;76.25,154;166.25,224;352.5,50.5
19445;95.75,300.75;105.25,121.75;258.25,305.5;333.5,208.75;21.75,119.25;75.5,153.75;149.75,202.25;318.75,62
5856;83.5,298.5;131.5,75.75;305,286.5;356,165.25;21.75,119.25;111,152.75;121.25,195;318.75,62
26265;83.5,298.5;188,49.75;285.75,319;323.25,196.5;40.5,75.25;102.75,153.75;121.25,195;349,78.5
43332;83.5,298.5;190.25,3.25;285.75,319;323.25,191;66,113.25;98.75,156.25;140.25,197.5;325.25,59
7090;89.75,316.75;166.5,5;254.25,313.5;344.5,224.5;25.5,128.5;98.75,156.25;140.25,197.5;325.25,59
37072;33.75,297.75;217.75,39.75;278.5,284.75;283.75,208.5;25.5,128.5;75.5,149;140.25,197.5;325.25,59
48228;33.75,297.25;174.25,62;225,271.75;264,256.75;25.5,128.5;61.5,161.5;140.25,197.5;289,92.5
17359;17.25,261.75;180.5,48.75;229,231;299.75,231;27,129.25;61.5,161.5;140.25,197.5;334,66.5
47184;10.75,242;181,37.75;267,235;297.5,208;27,129.25;61.5,161.5;129.25,197.25;362.75,80.5
42818;9.5,189.75;146.75,28;277,278.25;297.5,208;37.75,96;66.75,160;129.25,197.25;315.5,108.25
17806;25.5,166.75;146.75,28;245.5,291.25;315.75,248.75;20.5,69.5;70,163.25;129.25,197.25;338.25,78.5
936;0.75,176.75;180.25,59.75;204,294.25;271.5,256.5;20.5,69.5;69.25,164;125.25,200.75;338.25,78.5
43714;0.75,176.75;217.25,21.75;219.75,260.75;271.5,256.5;21.25,70.75;70,163.25;73.75,221.5;346,81
34224;44.5,227.75;171.5,38.75;219.75,261.25;309.5,207.25;21.25,70.75;62.5,223.5;64.75,161;346,81
34562;68.75,209.25;171.5,38.75;218.25,232.5;350,217.75;21.25,70.75;48,195.75;106.25,161.75;328.75,51
23565;68.75,209.25;177.5,87.75;220.5,260.5;357,177.25;13,47.25;34.75,174.75;106.25,161.75;325.25,48
40930;105.5,197.5;177.5,87.75;234.25,287;358,128.5;9.5,55;28,212;115.75,198;325.25,48
41596;105.5,197.5;150.5,89.75;262,254.75;371.5,121.25;9.5,55;39.5,189.5;68.5,183;314,82
20100;86.75,212.5;107.5,113.5;221.5,246.75;357.25,83.75;9.5,55;50.25,173.25;68.5,183;314,82.75
2649;55.75,234.75;68.5,125.5;190.25,240.25;357.25,83.75;9,54.75;18.5,156;104.25,203;314,82.75
25892;55.75,234.75;84.5,103.25;162.25,243.75;341.25,73.5;9,54.75;14.75,202.75;76.75,245.25;298,112.75
48723;25,267.75;112,68;136,266.25;341.25,73.5;6.5,35;14.75,202.75;70.75,286.75;324.25,81.75
34329;31.75,241.5;66,88;153,293.5;341.25,73.5;6.5,35;27.5,240.5;125.5,273.75;324.5,82
4329;32.5,191.25;91,113.25;174.75,279;325.25,37.25;6.5,35;21,264.75;125.5,273.75;324.5,82
14131;61.25,209.25;91,113.25;203.75,259.5;323.25,41.25;11.75,51.25;35.5,264.5;115.5,240;324.5,82
16040;27,181.25;131.25,137.25;203.75,259.5;298.5,34.25;11.25,51.25;37.25,251;144,248.75;324.5,82
7476;37.25,158.75;131.25,137.25;248.5,245;272,75.25;11.25,51.25;32.25,252.25;144,248.75;333.5,98.75
22429;37.25,158.75;92.75,130.25;286,231.5;292.75,98.25;11.25,51.25;18,273.5;157.75,279.25;288,102.25
1288;32.5,119.25;92.75,130.25;288.75,236.25;292.75,98.25;12,98.75;54.5,298;117.5,293;301.25,100.5
33274;32.5,119.25;109.5,112;236.5,259;319,111.5;9.75,46.75;54.5,298;96.5,260.75;328.25,135
15387;53,98.5;97.25,132.75;277.5,239.5;289.5,70.25;9.75,46.75;31,309.25;96.5,260.75;336.25,184.25
49255;80.25,84.25;90.75,132.75;257.5,231.75;268.5,104;9.75,46.75;31,309.25;96.5,260.75;313.75,159.5
12492;65,88.5;79.75,116.25;257.5,231;260.25,133;15.75,38.75;31,309.25;99,257;313.75,159.5
50047;62.5,147.75;65,88.5;253,226.5;323.25,150.5;17.75,44;31,309.25;45,248;322.25,181.75
27498;47.75,124;85.75,99.5;254.5,225.75;364.25,148.5;17.25,44.75;31,309.25;45,248;327,207.5
18836;66.75,166;107.25,126;267,179.5;314.5,151.75;17.25,45.25;31,309.25;51.25,269;327,207.5
43650;66.75,166;115.5,149.25;245,217.25;345.75,157;16,18.75;31,309.25;75.75,283;303.75,201.5
11099;26.25,170.25;109.75,121.75;219.75,225.75;291,147.25;4,68.5;31,309.25;46.75,275;303.75,201.5
849;32.5,212.75;75.5,126.25;221.25,226;282.25,167.75;3.25,22.75;31,309.25;43.75,276.25;303.75,201.5
6190;10.25,219;50.25,190.25;267.5,214.25;282.25,167.75;3.25,22.75;47.75,295.5;58.5,296;284.75,217
36775;52.5,175.25;68.25,249.25;282.75,220.25;286.25,183;3.25,22.75;17.5,262.25;68.5,270.25;284.75,217
7067;52,172.5;82.25,261.25;247,183.25;295.5,165.5;7,69.25;19.5,288.25;68.5,270.25;284.75,217
6281;59.5,113.75;95,313.5;207.75,167;317.5,137.25;7,69.25;18.25,309.75;27,310;284.75,217
34130;51.75,177.75;71.75,281.25;235.5,197.5;317.5,137.25;14,5.75;18.25,309.75;32.25,251.75;314,163.5
47658;39.5,135.5;52,241.25;272,167.25;303.75,136.25;10.75,43.75;18.25,309.75;32.25,251.75;359.5,173.25
3022;66.75,145.5;84.5,255.75;222.5,189.25;241.75,120.5;10.75,43.75;18.25,309.75;32.25,251.75;313.5,162
35618;66.75,145.5;112,313;222.5,189.25;265.5,92.75;13.75,4.25;21.5,319.75;34.25,248;335,133
45261;22.25,100;143.75,311.5;165,162.5;241,41.25;21.5,34.5;21.5,319.75;34.25,248;335,133
13047;29.5,119.25;111,307.5;165,162.5;285,55;12,68.5;23.25,308.25;34.25,248;335,133
17924;85.5,102.75;111,307.5;160,106.75;286.25,104.25;10.5,58.5;56.25,296.25;83,252;335,133
29630;115.25,127;147.5,303;155.5,108.75;286.25,104.25;49.5,66;56.25,296.25;82.75,249.5;312.75,159.75
4519;115.25,127;147.75,261;155.5,108.75;290,88.75;30,51.75;32.25,265.5;82.75,249.5;359.25,158.5
41726;136.5,125;137.5,272.25;171.75,161.5;290,88.75;11,99.75;32.5,266;61.75,221;359.25,158.5
32941;142.75,125.5;158.25,266;171.75,161.5;290.5,90.75;11,99.75;73,289.75;117.5,214.75;320.25,123.75
28472;150.25,127.25;154.25,223.5;171.75,161.5;261,123;11,99.75;89.25,300.5;117.5,210.25;310.75,158.75
9589;151.75,126.75;161.5,184.5;206,132.25;242.5,83;11,99.75;89.25,300.5;122.75,163.5;318.5,180.75
14530;146,126;171.5,234.25;201.5,186.5;242.5,83;48,137;89.25,300.5;118.25,112.75;304.25,221
9567;174.75,135.5;208,265.25;224.25,218;243.25,82.75;48,137;76.25,284.5;93.75,153.25;304.25,221
14513;144,151.75;175.75,307.25;213.75,197;228.25,87.5;48,137;76.25,284.5;96.25,151.75;307.75,170.5
16646;128,145.5;149.25,270.25;164.5,226.75;252,57.25;48,137;76.25,284.5;145.75,153.25;330,161
16532;83.25,135.25;115,279;164.5,226.75;200.75,64.25;47.25,136.25;76.25,284.5;115.5,143.25;308.75,171.5
16151;136.25,154.75;137.5,291.5;164.5,226.75;187.5,119;19,159;62,249;114.75,144;308.75,171.5
26317;136.25,154.75;138.25,291.5;182.5,252.75;187.5,153.5;19,159;81.25,216.5;99.25,189;293.25,184.25
36120;136.25,154.75;166,278.25;204,296.5;245.25,130.75;19,159;74.5,203.25;97.25,191.25;254.25,214.25
25907;148.25,188.5;166,278.25;224.5,266.5;277,106.25;19,159;47.75,197.75;104,171.5;255.5,215.75
45163;148,224.25;203.5,254.75;209.25,241.25;277,106.25;29,124.75;46.75,166;104,171.5;255.5,215.75
11323;126.25,265.5;168.75,221.25;250.25,259;299,84.5;29,124.75;47.25,166.5;104,171.5;287.5,218.75
1991;137.25,226.25;143.5,263.5;277.5,248;302.25,115;29,124.75;46.5,165;98.25,189;287.5,218.75
45898;78.25,233.5;143.5,263.5;277.5,248;299.25,167.25;26.25,91.75;38,176.5;98.25,189;236.5,226.5
22321;40.25,256.75;99.75,249;277.5,248;324,158;19.5,69.5;80.25,190;121.25,198;236.5,226.5
10484;17.75,262.75;49.5,240.25;277.5,248;314.5,149.75;36.75,120.25;80.25,190;125,161.75;268.75,244.25
17397;32,240.25;35.75,239.5;277.5,248;294.25,164;4.5,173;80.25,190;133.25,107.25;269,243.75
29250;32,240.25;65,187;228.25,209.25;241.75,131.75;31,120.25;80.25,190;142.25,91.5;268.5,243.75
36940;39.25,295.25;55.75,237.75;227.25,176.75;254,191.25;75.25,125;80.25,190;143.25,48.5;268.5,243.75
32452;42.5,302.25;55.75,237.75;227.25,176.75;254,191.25;59.75,170.25;95.5,197.5;103.75,48;277.75,191.75
43224;42.5,302.25;111,233.25;227.25,176.75;282.5,184;72,191.75;93,171.5;103.75,48;262.75,175.75
33754;42.5,302.25;59,230.5;235.75,194.75;318.5,152.25;52.25,222.5;73,168.75;103.75,48;278,176.5
47109;43,303.75;47.5,241.25;213.5,219.5;302,148.25;52.25,222.5;91.75,152.75;100.75,58;278,176.5
10285;15.75,261.75;28.5,284;213.5,219.5;270.75,130.5;72,211;98.25,191;100.75,58;311.5,162
26575;15.75,261.75;28.5,284;213,219;319.5,113.5;116,203.5;131.5,196.25;145.5,53.5;326.5,163.75
23825;41.5,240.25;51.75,243.25;244.5,218.25;322.5,136.25;116,203.5;148.25,224;166,14.75;326.5,163.75
23382;8.5,276.75;51.75,243.25;244.75,210.75;274,130;114.25,223;128.75,275.75;221.5,18.5;326.5,163.75
50488;34.75,300;51.75,243.25;224.25,218;275,126.75;114.25,223;158.5,298.5;177.75,31.25;323.75,211.25
49302;7.25,287;59,240;224.25,218;275,126.75;96.5,196.5;141.75,268.5;146.75,81.25;354,199.25
19340;52.75,317.5;59,240;239,220;277.75,75.75;96.5,196.5;110,276.25;187,99.5;361.75,243
29426;52.75,317.5;63,249;265.5,237.25;277.75,75.75;62,173.75;82.25,269.75;153.75,91.5;352.25,265.75
44308;13.25,287;43.25,239.75;268.5,177.5;277.75,75.75;62,173.75;83.75,283.75;183.25,103.5;367.5,276
39225;34,307.75;53,230.75;268,182.75;277.75,75.75;62,173.75;110.25,291.5;208.75,58.25;309.5,265.25
21873;34,307.75;56,250.5;249.25,134.75;259.5,65.5;60.5,152;110.25,291.5;208.75,57.75;273,266.25
38263;45.25,308.25;56,250.5;245,108.5;259.5,65.5;25.25,120.25;122.25,298.25;207.75,57.5;228.75,257
33000;45.25,307.75;56,250.5;222.75,71.75;224,80.75;52,101.75;158.75,298.25;169.25,92.25;228.75,257
26504;15.25,308.5;61,252.5;255.25,40.5;261,65;6,127.25;136.75,287.25;169.25,92.25;228.75,257
19412;39.5,299.75;78,276;216.75,22;272.5,31.5;40.75,108.25;136.75,287.25;162,53.5;228.75,257
44353;41.5,299.25;51.75,238;250.75,20.75;264.75,18;40.75,108.25;128.75,310.5;137.75,12;228.75,257
32343;16,264.75;29.25,198.75;250.75,20.75;264.75,18;85,89.25;107,318.25;137,11.75;207.75,264.75
18039;16,264.75;29.25,199.25;253.75,83;272.5,62.5;101.25,33.25;111.75,291.5;172.25,49.5;207.75,264.75
12772;16,264.75;29.25,199.25;197.75,71.25;318,24.5;39.75,58;111.75,291.5;161.75,60;187.75,249
22536;16,264.75;43.25,211;197.75,71.25;318,24.5;36,21.5;125.75,319.75;169.5,53;188,226.75
15274;24,301.75;71.5,256.25;197.75,71.25;342.5,71.5;62.75,10.75;161,286.75;162.25,80.25;188,226.75
17730;22,302.25;126,272.75;220.25,76.25;342.5,71.5;62.75,10.75;174.75,289;192.25,95.75;223.25,210
38896;22,302.25;152.75,228;220.25,76.25;342.5,71.5;56.25,12.25;151.25,271.75;203.75,72;231.75,247
37981;0.5,303;164.75,217.25;210.5,71.5;342.5,71.5;54.5,12.75;158,221;203.75,72.5;231.75,247
23351;0.5,303;155.25,183.75;244.75,92.5;310.5,114.5;88.75,20.5;110,251.5;203.75,72.5;231.75,247
11763;0.5,303;155.75,183;270.25,110.25;317.75,157.75;65.5,47.25;143.5,239.5;167.5,64.75;231.75,247
25904;30.5,265.5;155.75,183;316.25,124.5;336.25,145.75;65.5,47.25;134,197.25;167.25,66.25;260.25,291
32307;17.25,248;155.75,183;318.5,114;352,176;98.25,40.5;123.75,197.5;197,85.5;260.25,291
41009;34,241.5;155.75,184;279,125.75;357,136.5;98.25,40.5;131.75,198;197,85.5;220.5,280.25
47018;34,241.5;155.75,184;299.5,114.25;361.75,116.75;122.75,20.75;166.75,223.5;213.5,84.75;258.25,265
25035;52,248.75;155.75,184;268.25,104;314.25,120.5;122,71.25;203.25,262.75;213.5,84.75;227.25,283.25
37408;60.25,293.75;173.75,228.5;253.75,79;267,102.5;141.25,98.5;203.25,262.75;213.5,84.75;247.75,256
40370;18,309;209.75,236.75;251.5,30.75;267,102.5;141.25,98.5;176.75,231.75;213.25,62.75;294.5,263.75
20762;26,286;160,224.5;251.5,30.75;287.75,75.5;118.25,76.75;191.5,213.5;213.25,62.75;294,275.75
42191;53.5,272;146,264.5;252.75,30;275.25,105.75;138.25,58.25;191.5,213.5;241,92.75;294,275.75
47051;53.5,272;123.75,280.5;214,4.75;275.25,105.75;138.25,58.25;173,236.5;248.5,82.25;311,312.75
5003;44.75,222.75;168.5,272;209.75,10.75;275.25,105.75;138.25,58.25;139.25,268.5;236.75,52.25;312,315.75
32759;0.25,204.5;177.25,238.25;201.5,43;275.25,105.75;132.75,105.25;139.25,268.5;232.75,52.25;277.25,286.5
19503;0.25,204.5;177.25,238.25;188.25,10;275.25,105.75;123,133.25;149.75,300;250.5,6.25;305.75,292
48157;25.25,196.25;137.75,226.75;188.25,10;242.75,107.5;110,136.25;177.5,304.75;251.25,16.25;305.75,292
29623;62.5,176;128.75,212.5;182,23.5;242.75,107.5;110,136.25;176,310;222.25,19;300.5,281.25
44672;15,154.25;128.75,212.5;182,23.5;242.75,102.75;118.5,81.25;195.75,259;210.25,27.75;286.25,276.75
3866;15,154.25;116.75,178.25;162.25,5;268.75,104.75;157.5,67.75;178.5,295;210.25,27.75;282.5,277.25
21056;15,154.25;95.5,195.75;208.25,19;272.75,96.75;162.25,55.25;178.5,295;205.5,53.75;312.5,298.25
21393;15,154.25;86,248.25;202.25,71.25;310.75,67.25;154.75,50.25;178.5,295;197.5,11.5;275,276.25
30122;15,154.25;44.25,239;224.75,56.75;310.75,67.25;124,13.5;133,307.75;206.75,48.25;231.25,265.5
1607;15,154.25;52.5,215.75;225,57.25;347.75,100.75;124,13.5;133.25,266.5;191.5,1.75;250.75,309.25
20519;28.75,169.75;33.75,242.75;267.25,86.5;319.5,150.75;124,13.5;133.25,266.5;191.5,1.75;244,320.5
22304;18.75,143.25;33.75,242.75;283.75,88.75;287.5,101.5;131.25,20.5;163.5,317.5;217.75,5;244,320.5
48973;18.5,154.25;81,286.5;283.75,88.75;307.25,158.25;117,82;163.5,317.5;182.75,41.5;244,320.5
26854;47.25,110.25;47.5,293.5;283.75,88.75;297.5,160.5;158.75,92.75;163.5,317.5;181.25,40.75;279.5,312
41762;4.5,80.25;6.25,291.5;283.75,88.75;316.75,136.75;160,110.25;163.5,317.5;181.25,41.75;320.5,313.25
46188;4.5,80.25;6.25,291.5;310.75,53.75;319,201.5;116,74.5;163.5,317.5;236,10.75;310.5,309.75
21160;4.5,80.25;6.25,291.5;267.5,64.75;311,156.75;51,80.25;153.25,301.5;235.25,10.25;328,309.5
21654;4.5,80.25;31.25,295.25;267.25,87;311,156.75;2.5,71;178.75,263.5;235.25,10.25;362.75,267.25
2751;4.5,80.25;60.25,282.5;230.25,89;317,111;15.5,18.75;199,307.5;235.25,10.25;342,288.25
1076;4.5,80.25;95.75,311.75;188.75,100.25;321,143.25;15.5,18.75;183.5,307.25;188,7;343,288.25
13821;15.5,62.75;83.5,255.25;188.75,100.25;321,143.25;26.75,69.5;211,277;214.75,57.5;347.75,276.25
8087;39.5,30.5;40.75,278;159.5,128;290,114;47.5,90.25;211,277;215.25,57.5;347.75,276.25
32373;5,8.25;41.25,279.25;155,158.25;319.5,110.5;70,127.5;211,277;219.25,70;347.75,276.25
41940;8.25,42.75;41.25,279.25;155,158.25;353,129.5;105.75,119.75;211,277;224.5,59.75;328.5,313.75
47052;3.25,8.25;41.25,279.25;93.75,168.75;299.75,111.25;101,137.75;210.75,277.25;224.5,59.75;353.5,266.75
33781;5.75,25.75;50.75,250;96.25,212.25;299.75,111.25;100.75,138;210,233;256.25,19.25;353.5,266.75
41367;5.75,25.75;24.75,204.75;90.25,165.5;329.25,113;154.5,148.75;210,233;255.5,19.5;298.5,265.5
42129;11.5,3.25;74.75,188.5;77.75,205.5;329.25,113;138,148.25;196.5,276.5;255.5,19.5;298.5,265.5
24753;13.5,62.75;22.25,190.5;117.75,201.75;353.75,165.5;142.25,99;196.5,276.5;255.5,19.5;344.5,223.75
28827;8.25,69.75;34.5,170.5;84.75,213.5;353.75,165.5;142.25,99;152.5,289.25;255.5,19.5;329.5,201
3858;46.25,48.75;70.25,172.25;84.75,213.5;364,188.25;143.25,99;152.5,289.25;289.5,17;329.5,210.75
45776;46.25,48.75;70.25,172.25;79.75,249.25;364,188.25;117,81.75;204.5,275;254.75,16.25;352.25,190
42994;46.25,48.75;70.25,172.25;77.25,243;335.75,214.5;94.5,25.75;204.5,275;212.5,5;326.75,163.5
2661;7.5,6.25;70.25,172.25;122,250.75;306,160.75;94.5,25.75;171.25,308.5;174.5,40.5;288,186
14564;8,23;96.25,189.75;126,214;290.25,164.25;94,26.5;146.25,302.5;174.5,40.5;288,186
47423;1,68.75;54,158;126,214;294.25,155;94,26.5;121,274.75;174.5,40.5;335.75,200
27097;33.75,79.25;66.5,188;128.5,208;294.25,155;94,26.5;139.5,248.25;144.25,28.75;296.5,198.5
39923;19.75,42.75;34,208;128.5,208;287,168.75;94,26.5;142,225;150.5,51.25;307.75,199.5
29194;19.75,42.75;66.5,189;167.25,241.25;255.75,169.75;86,71.25;142,225;198.5,23.5;340.75,230.75
43175;3.75,3.25;36.75,208.5;138,222.75;255.75,169.75;86,71.25;122,259.75;227,20;340.5,230.5
40396;13.5,58;82,229.25;143.75,227.25;208.25,169.5;54.5,102;150.75,301.5;227,20;340.5,230.5
27540;22.25,62.75;67.5,188;175.5,222;232.75,210;54.5,102;150.75,301.5;255.75,53.75;340.5,230.5
20153;8,62.75;67.5,188;146.25,184.75;274.5,236;68,100.25;123.25,324.5;255.75,53.75;342.25,230.25
34109;4.25,113;67.5,188;174.5,138.5;272,255.25;68,100.25;123.75,319.75;264.25,34.75;318.25,191.75
22761;11,143.75;60,209.25;135,125.75;259.75,256.75;89.25,104.25;106,283.75;264.25,34.75;318.25,191.75
1493;31.75,170.25;53.25,188.25;135,125.75;264.25,255.25;89.25,104.25;112.75,283.75;287.25,37.25;317.75,191.5
15863;35,189.25;85,159;145.5,113.75;310.25,254.25;97.75,59.5;112.75,283.75;287.25,37.25;346,216.75
49823;44.5,227.25;72,141.5;112.25,112;354.75,241.25;97.75,59.5;112.75,283.75;299,50.5;346,216.75
9072;44.5,227.25;86.5,151.5;115.25,107.5;362,201;83.75,25.25;128,259.75;298.25,52.5;346,216.75
38392;58,243.25;110.25,120.75;146,127.25;362,201;43.25,2.75;123.5,198.75;316.25,17.5;346,216.75
31504;31.75,242.75;108,67.75;152.5,108.75;342.5,164.75;43.25,2.75;79.75,236.25;316.25,17.5;356.5,157.25
5573;87,249.25;102.75,52.5;152.5,108.75;354.75,117.25;43.25,2.75;117.25,215.5;280.5,35;356.5,158
15675;51.25,241.25;140,56.25;149,109.25;354.75,117.25;73.75,12.5;117.25,215.5;242.75,60;360,146.5
25653;25,189.5;84.25,40;148.5,109;306.75,111.25;73.75,12.5;127.25,174.5;242.75,60;336,133
14661;25,191;79.25,76.75;114.25,121.75;314.25,97;73.75,12.5;82.5,167;281,36.25;336,133
36933;35.5,148.5;79.25,76.75;93.75,140.5;309.75,93.25;64.25,8.25;82.5,167;276.75,26.5;313.5,146.5
24620;39,182.25;78,69.25;88,178;309.75,93.25;11.75,17.75;113.5,162.75;276.75,26.5;314.25,147.25
2444;1.5,223.75;78,69.25;88,178;278,106;35.75,53.5;105.5,137.75;275.25,26.75;281.25,187.5
19711;1.75,227.25;78,69.25;88,178;268.75,104;86.25,31;152.5,155.75;275.25,26.75;279.75,218.25
13306;1.75,227.25;78,69.25;97.25,213.75;252.25,44.75;60,80.5;163.5,160.5;275.25,26.75;310.75,229.25
35502;28.5,232.5;78,69.25;81.25,201.75;240.5,41.5;40.5,53.5;196.25,176.75;275.25,26.75;288.5,225
28372;28.5,232.5;34,102;96.5,189.25;270,2.75;40.5,52.75;196.25,176.75;235,33.75;324.5,207.25
18300;31.25,259.25;33.5,101.75;96.5,189.25;212.25,16.25;51,113.5;196.25,176.75;271.25,61.75;348.25,166.75
32777;34.25,241.75;40.75,92;44.75,184;212.25,16.25;9,148.25;196.25,176.75;238,31.5;318.5,194.75
592;31.5,239.25;46.25,65.25;47.75,184;272,1.5;3.75,196.5;196.25,176.75;222.75,93.25;318.5,194.75
39450;41,265.25;46.25,65.25;66.5,146;281.5,10.25;3.25,196.75;172,160.5;222.75,93.25;336.75,187.25
8268;0.25,296.75;14.25,49.75;66.5,146;281.5,10.25;12.5,146.25;180.75,165;222.25,92.25;335.75,133
25928;13.75,291.5;14.25,49.75;66.5,146;286.25,71.25;13.75,94;133.25,199.25;222.25,92.25;321,160.5
38170;7,284;14.25,50.25;52,171.5;286.5,90.75;2.75,135.75;133.25,199.25;222.25,92.25;330.75,136.5
23999;1.75,274.75;20.25,63.25;52,172.5;307.5,96.25;11.5,171.5;133.25,199.25;222.25,92.25;330.75,136.5
39199;5.5,261.75;14.5,57.5;70,186;307.5,96.25;20.75,214.75;133.25,199.25;221.75,91.25;294,95
46521;5.5,261.75;64.25,58.75;70,186;269.5,111.75;73.25,199.75;151.75,246.5;220.5,92;254.5,67
48725;6.25,308;48.25,31.25;73.25,209.25;266.25,128.25;73.25,199.75;165,279.25;220.5,92;254.5,67
20617;36.75,313.5;75,85.5;95,189.25;266.25,128.25;79.5,176.25;165,279.25;199.75,99.5;254.25,15.75
42861;37.75,319.25;75,85.5;106.25,243;229,126;84,199.5;145,300.25;186,155.5;254.25,15.75
20233;35.75,260.75;75,85.5;130.75,257.75;276.75,149.5;82,201.5;170,302;205.25,185.75;254.25,15.75
25447;12.75,263;43,45.25;184.25,238.25;318.5,142.25;80,174.5;170,302;229.25,189.25;254.25,15.75
45761;3.75,284.75;21,24.25;194.25,280.25;326.5,160.75;80,174.5;170,302;234.75,208.75;287.5,38
17848;3.75,284.75;74.25,16.75;215,311.25;326.5,160.75;81,174.25;175.5,273;221,163.25;307,15.75
13630;4.5,284.5;90,11.75;215,311.25;308.75,113.75;114.25,199.5;175.5,273;266.5,170.5;294.5,13.25
14087;25,298;103.25,47.5;215,311.25;310.25,96.75;160,223;165,239.5;266.5,170.5;295.25,14
49470;25,298;103.25,47.5;206.5,260.5;310.25,96.75;142.25,251.5;164,238.5;287,186.5;321.75,46.5
928;16.75,307;112.25,20;206.5,260.5;310.25,96.75;161,277.75;163.5,201.75;295.25,184.75;329,44.75
15363;21.25,306;132.25,50.75;165.5,227.5;310.25,96.75;161,277.75;198.5,235.5;321,197.5;340.75,78.5
36023;21.75,306.5;132,7.5;165.5,227.5;300.25,53.75;163.25,303.75;207,272;310,159;340.75,78.5
43202;33.75,308.25;132,7.5;165.5,227.5;276,15.75;118,296;207,272;305.25,152;339,118
45007;33.75,308.25;122,7.5;159.5,251;230.5,14.25;93,253;207,272;305.25,152;309.75,93
25346;55.5,323;64.75,4.5;159.5,251;247,20.75;117,308;225.5,320;305.25,152;337.25,59.75
4293;16.5,311;64.75,4.5;159.5,251;241.75,68.5;154.75,318;249.25,266;266,174;354,60
6972;21.75,311.25;64.75,4.5;114.25,284.5;197.75,114;125.25,323.5;279.5,235.75;313,205.75;354,60
13960;14,261.5;24.75,28.25;146,317.5;176.25,113.75;125.25,323.5;275,192.25;279.5,235.75;354,60
13027;14,261.5;31.5,40.25;197.25,265.5;200.25,177.75;119,318;268.25,233.75;275,192.25;345.25,62.75
30831;54,215;74,64.5;215,259;234,169.75;117.25,260;249,240.75;275,192.25;345.25,62.75
18122;54,215;74,58.75;204.5,280;272.75,190;93.75,221.25;226.5,274.75;242.5,226.5;345.25,62.75
9070;54,215;74,58.75;204.5,280;264,225.75;68.5,210.5;222.5,227.75;240.5,180.75;320,66
33075;54,215;74,58.75;204,279.5;264,225.75;59.75,204.75;224.75,219.75;242.25,164.25;282.5,27.5
41699;27,241;74,58.75;204,279.5;264,225.75;58.75,174.25;203,174.75;239,118;264.25,53.5
14573;27,241;90,11.75;204,279.5;282,232.25;93.75,135.75;165,161.5;196.75,96.75;293.25,83.5
42871;16.25,262.75;90,11.75;190.75,250.5;251.5,269.25;93.75,135.75;161.5,118;247.75,81.75;260.5,113.5
49604;16.25,262.75;105,16.5;171.75,223.5;273,271.25;107.25,144;175.25,164.75;247.75,81.75;260.5,113
10024;38.25,296.25;81.5,33.75;140.75,224.75;295.75,301.25;129.75,105.5;136.75,198.5;247.75,81.75;260.5,113
26156;77.25,280.25;92.25,64.75;162.25,253.25;263.5,291.75;135.25,132;136.75,198.5;247.75,81.75;260.5,113
1257;72.5,256.75;92.25,64.75;105,251.5;263.5,290.75;135.25,132;148.75,221.25;254.5,36.25;254.75,143
9648;58.75,294;71,75.25;88.5,281.5;221.5,267;135.25,132;144.75,269.5;254.5,36.25;293.25,148.75
11001;57.5,295.75;77.25,117.75;81.25,271.25;221.5,267;144.5,109.25;153.75,256.5;226.25,91.25;293.25,148.75
10127;57.5,295.75;82,128.25;83.5,223.5;272.75,233;144.5,109.25;158.5,294.5;200.25,100;325.75,178.25
1596;57.5,295.75;76.75,145.75;113,204.75;237.75,188.5;117,69.25;158.5,294.5;162.5,49.5;325.75,178.25
10050;57.5,295.75;76.75,145.75;113,204.75;273.5,181;123.75,44.25;184.5,286.5;195.75,95.25;366.5,210.75
15402;67.75,305.5;76.75,145.75;111.5,208.75;231.75,145;155.25,51;176.75,272.25;188,100;366.5,210.75
21204;67.75,305.5;75.5,160.75;111.5,208.75;231.75,145;179.25,45.75;202.5,275.75;221.5,85.5;331.25,190.75
3177;27,266.25;54,177.75;111.5,208.75;231.75,145;190.5,22;202.5,275.75;221.75,115.25;312,219.25
42252;27,266.25;51.25,183;103,256.5;245.75,126;156.25,11.5;162.75,292.5;221.75,115.25;329.5,180.25
12376;26.25,266.75;51.25,183;94,310;270.5,134.25;125.5,7.5;167.5,300;221.75,115.25;315.75,208.75
37862;20.5,258.25;51.25,183;94,310;284.25,120;67.25,11.25;167,299.25;258,132.75;311.5,158.75
27313;8.5,276.75;51.25,183;83.75,321.75;257.5,138;67.25,11.25;175,303.25;257.75,146;279.5,144.25
37900;8.5,276.75;51.25,183;84,322.25;257.5,138;18.5,43.5;191.75,275;317.25,121;331.25,162.25
8849;8.5,276.75;51.25,183;81.75,291.5;257.5,138;54.75,64;141.5,302.25;332.75,60.75;357.25,147
35803;8.5,276.75;54.25,184;140.25,283.25;299.25,136.25;54.75,64;144.25,302.5;346,77.75;355,155.75
20675;8.5,276.75;54.25,184;140.25,283.25;339.5,102;82.75,97.25;141.25,303;342.25,79;348,156
18335;28,232.75;85.25,207.5;140.25,283.25;369.5,121.75;82.75,97.25;135.25,289;294.5,63;338,158.75
19925;58.5,216.25;88,171.5;171.25,306.25;369,69.75;82.75,97.25;143,298.75;294.5,63;312.75,159.25
26705;76.75,190.5;103,141;171.25,306.25;331,82;45.75,78.5;159.75,299;264.5,98;312.75,159.25
35788;57.5,218.75;103,141;171.25,306.25;331,82;18.25,108.25;124.25,318.25;243.75,128.25;340.75,150
48683;97.25,253;129.5,122.5;205,311.75;288,105;20.25,109.5;88.25,303.75;243.75,128.25;340.75,150
34901;77.25,227.75;138,97.25;205,311.75;306.25,114.25;26,79.25;45.5,319.25;244.5,168.25;340.75,150
42784;89.25,175.25;137.75,89;247,280.25;306.25,114.25;26,79.25;56.75,310.5;244.5,168.25;331.25,148.5
19733;135.25,155.75;164,100.75;274.75,254.75;287.75,72.75;26.75,124.75;30,292.5;244.5,168.25;331.25,148.5
35544;135.25,155.75;197.75,62.5;258.75,240;302.25,52;13,129.25;38.25,305.75;244.5,168.25;295.75,153.5
35342;137.75,184.5;243.5,75.5;257,239.5;328.25,40.75;28.75,130.25;38.25,290.5;244.5,168.25;295.75,153.5
19076;112.75,225.5;215,104.5;232.25,230;328.25,40.75;28.75,130.25;47.5,295;291.5,194.5;292,198
37204;140,197.75;194.5,61.75;273.5,249.75;328.25,40.75;8,135.75;15.25,310.75;272.25,223.25;291.5,194.5
36443;165.25,180;204.75,73.5;273.5,249.75;317.75,63;8,135.75;31.75,321;229.25,231.25;257.25,164.25
18881;162,143.5;185,35.25;260.75,241.5;352,42.25;8,135.75;31.75,321;197,221;212.25,181.75
11944;150.5,129.25;185,35.25;215.75,227.75;350.75,43;8,135.75;38.25,305.75;193.5,173.25;226.75,231.25
15558;150.5,129.25;191.5,38;213.5,241.75;350.75,43;27,164.75;76.5,263.5;171.5,187.75;239.25,268
43408;166.5,96.25;191.5,38;256.25,246.5;350.75,43;76.5,141;118,291.5;171.5,187.75;224.25,279.5
33178;168.75,96.75;191.5,38;294.25,232.25;352.5,12.75;102.25,108.75;117.75,267.25;148.25,155.5;224.25,279.5
32248;144.75,126.5;191.5,38;335.5,252;352.5,12.75;81.25,135.5;116.75,267.25;164.25,161;185.75,246.5
24972;138,101.25;167,37;333.5,248;352.5,12.75;81.25,135.5;145.75,299.75;173.75,165;176.5,240
510;105,46.5;175.5,34;276.25,255.25;345.75,14;38.25,162;162.5,318.5;173.75,165;176.5,240
2143;105,14.75;175.5,34;286.75,286.25;311.5,17;87,171.25;117.25,324;172,172.25;176.5,240
26184;110,36.25;157.75,7.75;284,317.25;292.5,56.25;87,171.25;117.25,324;151.5,221.25;164,240
15781;108.5,38.75;187,8.25;254,302;299.25,85;87,171.25;107.5,275.5;151.5,221.25;194.5,248
34052;115.5,58.5;212.5,31.25;291.75,318.25;292,114.5;87,171.25;107.5,275.5;151.5,221.25;194.5,244.5
27179;88.5,108.25;205,45.75;277.25,256.25;306,69.5;87,171.25;107.5,275.5;193.75,176;194.5,244.5
36522;115.75,72;197,50.5;294,230;318,24.5;87,171.25;125.25,240;193.75,176;194.5,244
24594;117.25,34.75;197,50.5;271,256.25;293.25,54.25;39,197.25;124.25,252.75;193.75,176;220,247.25
40878;114.5,45.75;178.5,35;265.75,261.25;293.25,54.25;19.25,171.5;150.5,225.25;193.75,176;196.75,236
31588;77.75,32.5;168.75,18.5;265.75,261.25;295,19.75;61.75,151.25;140.75,226;182.25,164.5;196.75,236
30740;77.75,32.5;150.5,17.25;235,252.5;314.5,5.5;82.75,164;116.5,214.75;179.5,165;196.75,236
16011;85.75,62.5;153,34.75;215.75,219.5;272.5,19.5;82,164;117,195.5;179.5,165;196.75,236
7691;85.75,62.5;148,29;215.75,219.5;287,55.25;30,148;74.75,221.5;201,209.25;224.5,229.25
1426;90.5,86;159,30.5;250.75,264;287,55.25;72.75,124.75;74.75,221.5;222,232.25;241.5,174.5
2333;54.5,76.25;168,10.5;274,217;301.75,111;72.75,124.75;74.75,221.5;196.75,226.75;244.25,179
2505;54.5,76.25;183,43;224.25,203;272.75,133.75;55.5,138.75;86,267.5;179.75,233;244.25,179
26720;5.5,86.25;202.25,53.75;219.75,253;242.75,136;55,116.25;86,267.5;179.75,233;283.25,187.25
28311;35.5,37.5;202.25,53.75;219.75,253;242.5,135.5;27,118.25;116.75,293.5;209.25,285;328.75,210.25
2253;3.75,5.75;202.25,53.75;247.5,257.25;248.75,161.25;18.5,154.5;130.25,298.25;209.25,285;367,210.75
17527;3.75,5.75;244.25,28;247.75,303.25;292,147.25;18.5,154.5;119,252;174.5,294.25;316.25,189.5
31589;32.75,16.75;244.25,28;270.75,256.25;294.75,147;44.5,111.5;123.5,198.75;177,302.75;316.25,189.5
24211;50.25,49.25;246.75,18;253.5,272.25;274.25,138.25;12.5,145.25;98,191;177,302.75;316.25,189.5
47015;50.25,49.25;216.5,44.25;274.75,262.5;316.25,165.25;12.5,145.25;91.5,189.5;140.5,319.5;266.75,192.75
50149;50.25,49.25;216.5,44.25;274.75,245.25;316.25,165.25;9,192.5;110.75,224.5;149.25,269.75;293,225.25
18025;50.25,49.25;184,42;274.75,245.25;316.25,165.25;34,189;87,190.5;153.75,298.75;320,243.5
38168;50.25,49.25;184,42;274.75,245.25;368,169.5;54,236.5;139.25,188;144.5,299.75;348.25,205
15255;50.25,49.25;214,45;228.25,235.5;354.75,187.5;54,260.75;100.75,162.25;168,301.5;348.25,205
15655;71.25,49.25;213.5,44.5;228.25,235.5;354.75,187.5;23.5,284.5;53.75,158.5;208,276.5;333.75,207.5
26170;89.75,66.5;213,11.75;228.25,235.5;340.75,239;23.5,284.5;36.5,119.25;208,277.25;300.5,197.25
43742;89.75,66.5;167,3.25;215,242.75;348.75,276.5;35.75,277;64.75,160.5;208,277.25;300.5,197.25
3585;90.75,68;167,3.25;215,242.75;363.75,246.75;4.5,307.25;61.5,176.75;173.5,240;335.5,162.5
48082;90.75,68.5;220,33.75;262,244.75;331.5,252;4.5,307.25;48,168.75;159.75,201.75;335.5,162.5
6304;107.25,63;219.5,17.5;252.25,223;300.25,251.5;41,317.25;48,168.75;186.25,175.5;335.5,162.5
23306;108.25,63;241.75,28.25;281,229.5;335.25,245.75;31.25,281.75;50.5,122.25;186.25,175.5;335.5,162.5
41684;128.25,38.75;241.75,28.25;281,229.5;335.25,245.75;11.75,272;35.25,119.25;164,162.75;305.75,149
50185;91.75,10.5;241.75,28.25;257.75,191.5;340.75,257.75;11.75,272;44.5,139.5;203.5,184.25;278.25,184.25
39065;145.5,13.75;202.75,12.25;271.75,248;356,266.5;11.75,272;44,139.75;203.5,184.25;272.25,207.75
45505;145.5,21.5;202.75,12.25;296.25,239.25;363.5,264.25;11.75,272;15.5,94.75;190.25,223.75;234,228.5
17346;116.75,33.25;195.5,7;296.25,239.25;347.5,239.5;11.75,272;68.5,104.5;203.5,172.75;204.25,214.5
39815;127.25,34;227.25,43.25;335,277;357.25,230;8.5,270.5;68.5,104.5;183.25,164;204.25,214.5
42558;127.25,34;227.25,43.25;343.25,289.75;353.5,176.5;1.75,309;79,122.25;183.25,164;204,216.25
19859;147,78.5;268,26.25;343.25,290.25;357.75,231.25;1.75,309;110.5,152.75;195.5,178.25;204,216.25
24146;149.5,91.5;286,74;345.75,314.25;357.75,231.25;1.75,309;102.75,108;171,162;203.75,215.75
33420;105,90.25;281.75,74;288.5,299.25;357.75,231.25;1.25,282.75;102.75,77;162.25,164;203.75,215.75
9144;76,111.25;276,40.5;288.25,297.75;351.75,241.75;23,289;67,93.75;162.25,164;203.75,215.75
23090;76,111.25;276,40.5;288.25,297.75;364.5,194;63.5,247;112.5,111.75;186.25,108.5;186.25,173.5
2889;74.75,168.75;279.25,35;296.5,302.25;364.5,194;63.5,249.25;112.5,111.75;184.25,95;236.25,157
23665;61,209.75;268.75,17.25;343.75,279.5;364.5,194;31.5,279.25;111,94;184.25,95;254.5,133.75
8006;19.5,241;260,56.25;306.5,301.5;364.5,194;51.5,318.25;111,94;187,100.5;246.75,90.5
26952;80,229.75;260,56.25;357.25,295.25;364.5,194;61.5,317.5;161.25,117;174.25,139.25;256.75,141.75
21538;81.25,268.25;251,37.75;351.5,319.5;364.5,194;61.5,317.5;127.25,76.75;204.25,108.5;220.25,106.25
43860;137.5,284;251,37.75;351.5,319.5;353.75,180.5;61.5,317.5;132.5,98.25;187.25,125;247.75,85.75
47747;137.5,284;300.5,54;351.5,319.5;353.75,180.5;20.75,311;143.25,89.5;213.5,69.5;295.75,51.25
50222;137.5,284;289.25,72.5;313.25,303.75;353.75,181.5;20.75,311;194.75,67;227,97.75;345.75,79.75
1214;114.25,291;289.25,72.5;323.5,251.75;338.25,235.75;15.25,314.5;194.75,67;245.75,76.5;289.25,100
19401;114.25,291;270.5,104.5;315.25,262.5;343.75,279.25;15.25,314.5;165,79.5;196,96;289.25,100
18579;169,305;270.5,104.5;315.25,262.5;354,319;14.25,311.25;205.25,53;220.25,49.25;246.75,115
28233;169.25,304.5;289,75.5;315.25,262.5;344.75,313.5;14.25,311.25;186.75,96;201.25,57;239,62.5
8484;205.5,265.25;296,36.5;326.25,266;364.75,322.75;14.25,311.25;186.75,96;201.25,57;222.5,90.5
864;202,221.5;322.5,54.25;325.75,314.5;351,319.5;14.25,311.25;183.5,111;201.25,57;239,117
9465;194.25,234;327.5,33;331.25,293.75;351,319.5;15.5,280.25;183.5,111;201.75,56.5;241.25,137.5
3471;138,237.25;327.5,33;331.25,293.75;351,319.5;10,269.5;162.5,92.25;242.25,69.5;289,143.25
41452;197.5,266.25;277,72.75;302,264.25;351,319.5;31.5,309.75;156.25,96;266.5,6.25;289,143.25
41694;245.75,258;267,105.25;314,230.5;351,319.5;80.75,301.25;155.5,96;241.25,15.25;289,143.25
21116;245.75,258;262.25,58.75;351.75,239.25;365.25,323.5;123,264.25;155.5,96;273.5,55;289,143.25
1732;275.5,242.75;309.75,86.25;351.75,239.25;356,297.5;115.75,216;184,108;274.25,55;289,143.25
25585;294.25,230;316,111.25;318.25,227.25;320.25,306.25;128.25,224.25;159.5,92;274.25,55;289,143.25
22339;278.25,284;316,111.25;322.75,279.25;357,288.75;128.25,224.25;143,48;274.25,55;290.25,140.5
8594;291,230.5;316,111.25;317.75,312.75;357,290.25;141,221.25;143,48;237.5,41.5;254.5,176.5
42188;276,231.75;316,111.25;321.75,312;356.25,230.75;141,221.25;192,19.75;208.5,100.25;216,143.5
23300;294,231;316,111.25;321.75,312;358,215.25;141,221.25;164,32.25;171.5,51.75;241,95.75
38178;241,209;334.25,137.5;356,260.75;363,142;141,221.25;171.5,51.75;174.25,29.25;240.5,95.75
29463;241,209.5;315.75,113.5;356,260.75;365.75,90.25;152.75,164.75;174.25,29.25;175,96.5;210,93.5
33916;241,209.5;315.75,113.5;318.75,283.75;365.75,90.25;100.5,137.75;196.25,39.75;213.25,58.75;254.25,77.5
50045;238.5,259.75;289.5,165;306.25,303.75;317,116;100.5,137.75;164.75,39.5;213.25,58.75;274.25,22.25
38948;256.5,286;289.5,165;306.25,303.75;355.25,156.75;126,113.75;139.25,31.25;184.25,95;275.25,21.5
49808;291.25,319.5;324.5,213.25;344.5,266;355.25,156.75;120.25,94;139.25,31.25;165.25,81.25;274.75,21.5
20983;277.25,312.25;283.75,262.25;320.5,231.75;355.25,156.75;84.25,124.75;139.25,31.25;159.75,91.25;274.75,21.5
49005;277.25,312.25;288.75,242;327.75,241.75;350.25,210;84.25,124.75;92.75,21;142,119.25;274.75,21.5
22886;272.75,249;283.5,284;300,304.25;316.25,230.75;90.75,105.25;92.75,21;142,119.25;274.75,21.5
1811;216.75,252.5;255,292.25;292.25,321.5;345.25,242.75;71.25,126.75;92.75,21;116,147.75;274.75,21.5
49320;216.75,252.5;263,256.75;286.25,320.5;345.25,242.75;54.25,132;92.75,14.25;96,157.25;290.5,6.5
44078;241.75,207.25;263,256.75;273.5,290.5;364.5,261.5;54.25,132;92.75,14.25;96,157.25;278,35.25
29603;259.5,176.75;290,317.25;308.25,231.25;364.5,261.5;54.75,164.75;92.75,14.25;120.25,103.25;278,35.25
16558;236.75,201;306,314.25;308.75,231.25;349.25,235.75;33.75,215;117.5,23.5;120.25,103.25;278,35.25
37071;211.25,199;242.5,313.25;319.75,207.75;351.75,198.5;33.75,215;117.5,23.5;143,91.5;324.75,52.5
18516;163.75,214.25;279,276;297.75,164.5;319.5,150.25;61,224.5;117.5,23.5;143,91.5;324.75,52.5
36257;166.5,210.75;277.75,277.75;319.5,150.25;322.5,209.75;61,224.5;173,42;175,35.5;355,24
12092;142.25,241.25;305.25,303.5;319.5,150.25;341,242.75;61,224.5;167,52;172.5,36;353.25,26.25
14976;123,254.75;264.25,255.75;330.25,158;362.75,228.75;61,224.5;114.25,87.5;172.5,36;349,26.75
26050;161.5,260.25;250,216.5;332.5,115.25;362.75,228.75;75.5,268.5;114.25,87.5;159,58.25;336.75,62.25
3959;126.25,240;250,216.5;332.5,115.25;362.75,228.75;61.5,290.25;113.5,81.25;129.25,45.75;302.25,95
30670;117.75,281.5;250,216.5;332.5,113.5;349.75,231.25;76.5,276.75;109.25,82.5;144.25,50.75;302.25,95
47504;117.75,281.5;205.25,198;326.25,139.75;352,263.25;57.5,249;108.25,80.25;147.25,57.75;302.25,95
35983;125.5,269.75;205.25,198;298,114.25;336.25,270.5;36.5,232.75;108.25,80.25;156.25,34.25;302.25,95
3411;164.75,251.5;205.25,198;274.25,143.5;337.5,271.25;14.75,202.75;120.25,113.75;133,73.5;302.25,95
50006;170,220.5;222.25,237.5;275.25,102;345.75,314.5;38.5,229.25;82,87.25;133,73.5;302.25,95
2349;170,220.5;202,261;280.5,75;345.75,314.5;55.25,270.75;81,91.5;137.5,59;298.25,60.5
38747;155,226.5;212,241.75;270.75,101.25;345.75,314.5;40.5,294;93.5,99.75;137.5,59;334.75,61
42936;195,245.75;226.5,267;233.25,76.25;345.75,314.5;71.5,295.75;114,98.25;137,53.5;334.75,61
45086;170.25,201.25;205.5,299.25;290,86.5;345.75,314.5;78.25,295.25;117,72.75;128.75,20.25;334.75,61
48284;173.25,231.5;200.75,279.5;294,87.5;343.5,279.25;116,292.5;117,72.75;128.75,20.25;337.25,78.75
50600;183.5,271.25;223.25,313.25;294,87.5;303.5,242.5;116,292.5;117,72.75;162,50.25;301,52.5
45499;184.75,276;205,266;268.5,32.5;303.5,242.5;79.25,315.5;102.75,109.5;162,50.25;265.75,5.75
12164;181.5,265.5;218.25,279.5;280.25,40.75;303.5,242;45,319.5;88.75,136.75;162,50.25;265.75,5.75
5819;203.75,268.75;234.25,252;280.25,40.75;332.25,266;18,322.25;88.75,136.75;137.5,57;267.25,5.75
48733;203.25,261.25;234.25,252;317.5,59;317.75,276;18,322.25;132.5,133.25;142.25,107.25;243.75,16.75
33397;168,242.5;250.75,261.25;285.25,54.5;305,241.25;22,266;132.5,133.25;144.5,112.25;243.75,16.75
1590;187.5,248.75;241.5,217;294.25,53.75;298.5,210.5;13,311.5;132.5,133.25;143,114.75;243.75,16.75
18867;161.5,213.75;256,220;318.25,5.75;348,215.25;48.75,316.5;132.5,133.25;143,114.75;243.75,16.75
8564;205.5,184.75;256,220;316.25,4.5;320.25,262.75;48.75,316.5;111,77.5;126.75,111.75;190.75,4.5
3355;163,194.25;248.5,217.25;270.75,35;275,231.25;48.75,316.5;118.75,39.5;126.75,111.75;185.75,6.5
8626;125.5,139.5;248.5,217.25;273.5,70.75;275,231.25;89.5,267.75;98.75,64.5;102.5,153.25;206.75,52
11129;125.5,139.5;248.5,217.25;268.25,101.75;275,231.25;41.75,251.75;81,41;83.25,125.25;163,84
34470;76.5,165.25;242,255.25;315.25,129.25;318.5,257;41.75,251.75;55,95.5;55.5,72.5;163,84
17116;73.75,168.5;227.75,209.25;282,169.25;318.5,257;41.75,251.75;62.75,94.25;100.75,68;177,43.75
28135;37.75,134.5;231.5,237.5;249.25,179.25;318.5,257;41.75,251.75;63,97.75;117.5,73.25;167,14.75
37339;39,133;231.5,237.5;245.5,133.5;342.25,225.5;30.5,243;71,153.5;146.25,88;167,14.75
42564;39,133;231.5,237.5;255,117.25;340.75,244.25;74.5,251.75;109.25,168.75;114.5,78;128.25,19
12801;94.75,155.5;275.75,255.25;294.5,114.25;340.75,244.25;26.75,227.25;87,211.5;115.25,80.25;128.25,19
23286;115.5,165.75;275.75,255.25;308.25,115;327.25,238.75;26.75,227.25;104.75,183.25;119.75,105.25;175,8.25
11911;115.5,165.75;275.75,255.25;319,135.25;327.25,238.75;59.5,204;75,203.75;152.25,82.5;211.75,35.75
4630;159.25,177.5;242.75,206.5;357.25,166.75;364.5,227.75;59.5,204;70.75,242;152.25,82.5;211.75,35.75
21292;159.75,178;253,172.75;342.5,209.5;343.75,224.5;70.75,242;81.25,191;190,111;211.75,35.75
8175;138,124.5;296.25,176;305.75,254.5;344.5,266.75;70.75,242;94.5,189.5;190,111;207.25,41.75
37171;137.75,129.25;280.5,164.25;303,312.75;316.25,306.25;92.5,255.25;94.5,189.5;190,111;207.25,41.75
13211;157.75,111.25;280.5,164.25;303.5,264.25;307.75,319.75;92.5,255.25;123.25,198;172.25,95;259,27
17162;155.25,129.25;294,146.75;306,264.5;341.25,301;54.25,269.75;123.25,198;172.25,95;302.5,35
14881;185.5,125.75;281.75,168.25;311.25,253.75;316.25,322.25;47.5,296;138,238.25;172.25,95;302.5,35
29777;186.25,124.75;254,218.25;284.75,263.25;316.25,322.25;47.5,296;161,224.75;168,49.75;254.25,11.5
49854;184,126.75;254,218.25;284.75,263.25;316.25,322.25;46.5,291;150,223.25;190,5.75;271.75,7.5
37019;217.5,157.75;251.5,203.5;279,237;299.75,319.25;91.75,301.75;150,223.25;190,5.75;271,8.5
17023;183.25,144.5;241,159;300.5,208.5;344.5,279;91.75,301.75;150,223.25;161.5,31.75;271,8.5
3663;221,135.25;226.5,186;312.25,198;344.5,279;91.75,301.25;148.75,203.75;162,79;271,8.5
19905;221,135.25;230.5,183;312.25,198;369.75,321.75;106,320.25;152.5,225.25;210.25,64.75;270.5,8.5
8000;162.25,116.25;227,129.75;360,213.75;369.75,321.75;55,296.5;167.5,278.25;182,103;270.5,8.5
19832;112.5,114.5;227,129.75;323.75,210.5;346.5,289;19.75,288.5;167.5,278.25;202.75,97.5;270.5,8.5
18795;70.5,86;227,129.75;323.75,210.5;363.75,290;3.25,307.5;183.5,300.25;210,100.5;271,8.5
47430;61.25,74.25;244.75,130.75;275.5,181;363.75,290;4,307.75;185.25,294.75;210,100.5;252.5,10.25
43264;8.5,93.75;274.5,90.75;318.5,149.75;352,306.75;4,307.75;185.25,294.75;247.5,130.5;250,12
41615;0.5,75.25;226.25,93.25;318.5,149.75;342.75,290;43.75,302;146.75,302.25;242.25,137.5;250,12
2524;2,74.5;226.25,93.25;304,163;319.75,302.5;85.25,252.25;196.5,312.75;242.25,137.5;253.25,10.25
24567;25.5,85.25;226.25,93.25;248.5,170.75;311.25,322.5;90.5,236.5;189.75,273.25;242.25,137.5;253.25,10.25
27119;22.75,86.25;178.25,131.25;294.25,210.5;311.25,322.5;64.5,180.25;226.25,222;242.25,137.5;261.25,28.75
48578;22.75,86.25;145.75,127.5;289.25,246.25;368.75,317.25;95.25,137.25;169.75,190;242.25,137.5;261.25,28.75
10298;48.25,53.5;179.25,111;291,208;356.25,313.25;116,113.75;169.75,190;242.25,137.5;261.25,28.75
32275;66.5,23.5;187,131.25;281,168;356.25,313.25;116,113.75;190.25,163.5;244.25,117;247,11.5
34070;78,38;204.5,176.5;281,168;351,319.5;151,112.25;155.75,183.5;205.5,93.5;247,11.5
17813;52.25,4.25;204.5,176.5;294.5,116;365.75,315.75;141.25,99;193,182.25;205.5,93.5;266.5,41.5
2984;52.25,4.25;179.5,176.5;258.25,110.25;317.25,315;100.5,107;169.5,197.5;199.75,95.25;266.5,41.5
17523;52.25,4.25;160.75,206.75;269,149;324.75,294.5;100.5,107;146,154.5;168.25,92.75;266,42.5
41136;52.25,4.25;189,253;307.5,111.5;324.75,294.5;80.25,131;130.25,130.25;154.75,91.5;236,49.5
29658;52.25,4.25;140,240.5;266.5,104.5;304.25,304.5;74,101.75;84.25,135.75;134,74.75;236,49.5
11136;52.25,4.25;141,284.25;266.5,104.5;298.75,248.75;34.25,125;85.5,168.25;132,78.75;253.25,27.25
11237;104.25,15.5;141,284.25;208.5,92.5;250.25,258;23.25,104.75;85.5,168.25;132,78.75;254.5,24
46474;132,21.75;141,284.25;223.25,61.75;249,218;24,155.25;85.5,168.25;132,79.5;271,34.5
1669;116.5,35.5;175.75,279.5;176,36.25;249,218;21.5,144;91.25,136.75;113.25,40;271,34.5
44873;116.5,35.5;170.5,290;195,85.25;245.25,260.25;20.25,143;106.25,151.5;113.25,40;237,77.5
10459;116.5,35.5;182.25,234.25;192.75,86.75;277,274.75;32,177.75;50,173.75;113,8.5;237,77.5
25874;102.75,69.75;182.25,234.25;192.75,86.75;289.75,312.75;38.75,188.25;62,164;72.5,19.5;237.75,77.75
29721;102.25,69.75;149.25,260;179,104.5;297.5,304.5;38.75,188.25;62,164;64.75,11.75;221.25,40
27507;102.5,71.25;144,264.75;179,104.5;308.5,314.75;50,180.75;75,128.25;106.75,15.25;221.25,40
9644;95.5,59;155,293;193.75,158.75;293.5,319.75;50,180.75;77.75,86.75;106.75,15.25;256,10.5
28307;67,8.75;164.5,240.75;166,187.5;293.5,319.75;29.75,187.25;88.75,106.25;106.75,15.25;214.75,11.5
34929;46.5,11.5;164.5,240.75;182.75,155.75;293.5,319.75;13.5,128.5;56.5,102;67.5,29;195,44.25
16814;47.75,13;164.5,240.75;182.5,157;257.75,323.5;15,71.5;61.75,111.75;108.75,53.25;195,44.25
14462;78.25,22.25;164.5,240.75;182.5,157;257.75,323.5;4.25,39;51.25,78.75;150.5,28.75;167.5,64.25
1108;78.25,22.25;160.5,274;186,212.5;293,320.25;4.75,39.25;51.25,78.75;124.75,8;204.75,96.5
31414;78.25,22.25;160.5,274;186,228.5;242.25,295.75;4.75,39.25;30,120.25;65.75,7.5;154.25,87.5
39769;93,12.25;179.5,318.5;186,228.5;206.5,310.75;1.25,38.75;56.75,93.75;99.75,39.5;154.25,87.5
16671;109.5,60.25;157,265.75;172.75,227;178.25,276.75;1.25,38.75;56.75,93.75;102.75,66.25;195.75,99.75
35044;73.75,86;162.5,274.75;172.75,227;197.5,267.75;1.25,38.75;31.5,80.75;70.75,20.5;195.75,99.75
4054;73.75,86;160.25,228.25;211.75,253;229.5,302.5;0.75,37.75;31.5,80.75;139.25,30.25;187.75,133.5
45790;63.5,85.5;163.25,186.25;165.5,281;194,269.5;0.75,37.75;31.5,80.75;146.75,12;187.75,133.5
7911;63.5,85.5;154.25,157.75;156,267.25;215.25,261;0.75,37.75;53.25,91.25;146.75,12;184.75,173
10586;90.75,66.25;157,169.25;157,223;215.25,261;1.25,38.75;51.25,76.25;146.75,12;206.25,161.75
24714;97,19.5;131.25,151.75;153.5,263.5;215.25,261;1.25,38.75;54,94.25;156.75,32;205.5,161.25
1531;96.25,19.5;152.25,204.5;183.25,276.75;184.5,228.5;1.25,38.75;102.75,111.75;156.75,32;227.5,193.25
13021;119.75,75.75;127.25,240;162.25,280.25;235.75,223.5;1.25,38.75;121.25,156.5;156.75,32;227.5,193.25
34977;119.75,75.75;135.25,240.75;171.25,262.5;180.25,233.75;3.25,50;142.5,162.5;156.75,32;219.5,248.5
30773;110.25,81.25;126.5,274.5;152.25,226.5;171.25,262.5;27.25,42;141.5,194;156.75,32;260.25,258.75
23208;64.75,88;86,280.5;140.25,266.5;171.75,266;27.25,42;141.5,194;196.25,6.25;260.25,258.75
14511;30.5,113.25;68.75,318.5;140.25,266.5;170,271;35.75,34;116.25,194.5;196.25,6.25;260.25,257.25
6307;65,159;69.5,322.75;86.5,238;170,271;8.75,94.25;116.25,194.5;228.75,55.75;272,322.75
7139;75.5,165.25;101.5,295.25;103.5,281.75;170,271;7.25,93.75;126.5,224.5;225,82;272,322.75
2454;74.75,109.75;84.5,273.75;87.5,275.75;157.75,311;9.75,100;113.5,241.75;225,82;272,322.75
20118;19.25,100.75;52.5,238.25;87.25,275.25;211,311.75;9.5,135.25;113.5,241.75;243.75,23.25;272,322.75
42444;40.25,41.75;51.75,278.25;61.75,247.75;211,311.75;36.5,186.75;113.5,241.75;243.75,23.25;277.5,310.5
5287;41,30;51.5,277.75;61.75,247.75;211,311.75;9.5,146.25;122.25,215;226,37.75;316.5,301.25
18991;41,30;51.5,277.75;86.75,247.75;211,311.75;23.25,215.75;150.75,272.5;232.25,50.5;328.75,312
1408;22.75,63.25;59.5,237.75;124.25,272.25;200,254.75;23.25,215.75;108,309.75;232.75,52.25;328.75,312
15314;28.25,98.5;59.5,237.75;136.75,227.25;231.5,236.5;23.25,215.75;105.75,309.75;257.25,12.25;278.75,293.5
1058;52.25,74;67,219.5;92.75,190.5;274.75,255.75;23.25,215.75;105.75,309.75;233,48.75;288.5,258.75
14332;32.5,21;52.25,177;67,219.5;297.75,231.5;23.25,215.75;104.5,283;207,5.5;248.25,292.25
42324;5.25,4.75;18,176.25;67,219.5;279,256.75;23.25,215.75;108.5,245.25;206.5,6.5;263.75,264.5
26289;5.25,4.75;36.75,183;80,271.5;317.75,250;55.25,168.25;161.5,224.5;206.5,6.5;228.5,255.75
35205;5.25,4.75;36.75,183;95.5,308.75;317.75,250;91.75,190.5;161.75,199.75;219,37.75;253,281.75
5957;5.25,4.75;15.5,175;138.25,317.5;306.25,289.5;69.25,216.5;162.5,204;249.25,71.75;253,281.75
37174;5.25,4.75;39.5,156.75;200.5,296.5;349,290;22.75,214.75;162.5,204;249.25,71.75;252.25,288
22133;15.5,59.5;39.5,156.75;232.75,313.25;345.75,319.75;16.75,271;162.5,204;194.25,39.75;252.25,288
16882;24.5,75;39.5,156.75;180.25,318.25;306.5,303.75;16.75,271;178.25,153;251,46.25;251.5,288.75
8142;24.5,75;39.5,156.75;168.5,275.75;308,314.75;6.5,239.75;157,203;190.75,39.5;294.25,277
12448;24.5,75;39,157.25;163,274.25;355,284;28.5,211.5;142.5,241.75;185.75,4;294.25,277
6277;24.5,74.5;39,157.25;161.25,257.5;348.5,288;28.5,211.5;145,303;205.5,54.25;256.5,235.75
26767;18.5,99.25;39,157.25;162,226.75;365.5,259;43,252;182,290.25;251.75,47.75;256.5,235.75
41174;2,149;93.5,159.25;169.25,188;365.5,259;72.5,224.5;193.25,242;229.5,80.25;256.5,235.75
15939;10.75,113;93.5,159.25;159,214.75;334.25,301;121.25,234.5;209,296.75;229.5,80.25;256,235.75
9953;14,110;77.5,146.25;159,214.75;313.75,307.25;121.25,234.5;215,296.25;253,131.75;288.5,217.75
47008;14,110;77.5,146.25;159,214.75;284,263;167.75,252.75;184.75,287.5;230,134.25;275,249
49316;59,113.25;86,114.75;135.5,226.75;284,263;140.25,237.5;195,267.25;230,134.25;271.75,294
35179;55,75.5;62.75,75.25;135.5,226.75;250,244.5;156.5,188;206.5,303.5;230,134.25;256.5,292.75
23114;55,75.5;105.25,70.25;130.5,242.75;280,231.5;145.75,178;206.5,302;212.75,97.5;256.5,292.75
24721;55,75.5;134.25,24.25;143.25,202;308.5,264.25;141.5,223;194.75,276;209,125;256.5,292.75
49722;82.75,73.5;134.25,24.25;143.25,202;320.25,301.5;150.75,222;154.25,299.25;166.5,163.25;256.5,292.75
21097;104.75,20;121,16.75;149,193.25;268.75,273;118,251.5;154.25,299.25;185,178.25;256.5,292.75
40675;146.75,28;170.25,44.25;177.5,172.75;299.25,259.5;67.25,288.75;153.75,278.75;185,178.25;256.5,292.75
21901;156.5,35;170,18.5;177.5,172.75;305.25,242.25;83.25,268.25;153.75,278.75;161.5,221.75;257.5,288
189;116.5,77.75;129.25,62;177.5,172.75;327.75,207.5;84.75,270.25;161.5,221.75;213,257.25;238,309.75
12749;68.75,44.5;129.25,62;177.5,172.75;327.75,207.5;111.25,225.5;131.5,264;254.75,257.25;271.75,287.25
24810;15,62.75;142.75,20.5;177.5,172.75;278,180.5;124.75,198.25;131.5,264;250.25,288.25;311,254
40441;31.5,50.25;130.75,33.5;208.25,198;252.5,186.75;93,222.25;131.5,264;250.25,288.25;306.25,242.75
39599;60.5,76;89.75,62.5;208.25,198;251.25,181.25;82.5,269.5;149.5,279.25;250,288.75;306.25,242.75
19010;33,119.25;40.5,42;190,153.5;291.75,189.75;82.5,269.5;149.5,279.25;260.75,290.75;306.25,242.75
13653;10.75,124.5;27.75,42.25;167,136;304.25,154.5;99,257;149.5,279.25;260.75,290.75;306.25,242.75
23439;8,78.75;31.75,21;134.25,137.25;304.25,154.5;119.75,227.75;145.75,278.25;250.25,255.5;306.25,242.75
42634;6.75,53;31.75,21;163,105.25;304.25,154.5;62.25,223;145.5,300.25;250.25,255.5;356.5,265.25
49262;11.5,33.5;32,20.5;184.5,89.25;304.25,154.5;104,195.5;106,273.25;250.25,255.5;338,309
14465;53,13.75;63.75,4.75;184.5,89.25;292.25,114.25;56,172.75;118.25,268.25;255.25,289;338,309
38486;54.25,13.75;63.75,4.75;162,98.25;298.25,89.5;92.5,171.25;126.25,273.5;256.75,309.25;338,309
43153;54.25,13.75;106.25,8;158,134.25;279,104.5;92.5,171.25;167,300.25;256.75,309.25;364,266.25
29357;54.25,13.75;148.5,33.5;162,161.75;279,104.5;93.25,221.75;154.75,299.25;256.75,309.25;332.5,263.75
9266;54.25,13.75;148.5,33.5;165.5,178.75;279,104.5;99,268.5;145.5,278.75;261.5,320.25;353.25,292.25
30482;108.25,19.5;129.25,50.5;202.5,189.5;284.75,106.25;99,268.5;151.75,242;261.5,320.25;360.25,276.25
36505;59.75,57.5;111.25,16.25;154,207.25;232.75,72.5;99,268.5;155.25,271.5;261.5,320.25;335.5,290.5
39828;74.75,87;111.25,16.25;152.25,208;186.25,59;90.25,250;155.25,271.5;269.75,304.5;284.25,286.75
44200;74.75,87;107.75,36.25;178,240.25;192,37.75;89.5,250;132.5,279.5;269.75,304.5;301.75,244.5
7295;67,87;123,86;138,223.5;175.5,41;91,249.75;132.5,279.5;269.75,304.5;321.5,199.75
25236;64.75,74.75;123,86;152.25,259.25;204.25,64.25;82.5,268.5;129.25,298.25;269.75,304.5;319,195.25
27715;64.75,74.75;150.25,49.25;152.25,259.25;204.25,64.25;42,286.25;141.5,300.5;266.25,269.25;314.25,161.5
2777;41.5,30;105.75,34.25;144.75,208;204.25,64.25;45.25,284.75;141.5,300.5;224.5,275.5;351.5,173.25
33346;42.75,32;77.5,6;104.25,204.25;217.25,62.75;4.25,289.25;122.75,266;224.5,275.5;351.5,173.25
18859;34,41.5;78.75,26.75;143.75,209;206.75,80.75;31.5,321;122.75,266;224.5,275.5;312.25,139.75
34037;4.75,43.25;62.25,68.25;132.75,169;195,37.75;33.75,277.5;84.5,249.75;224.5,275.5;312.25,139.75
25543;14.5,80.75;62.25,68.25;123.5,202.5;184.5,41.5;1.75,310.25;111.75,283;224.5,275.5;336,169.5
2296;14.5,80.75;112.25,80.25;155,243.75;183.75,41;1.75,310.25;154.5,303.5;199.5,313;342.75,171
37312;14.5,80.75;82.25,103;163.75,248.5;183.75,41;42,293.5;170.25,282.5;245.5,318.5;327,184.5
32576;14,30.75;50.5,61.25;191.25,278.75;216.5,74;29,284.5;170.25,282.5;245.5,318.5;327,184.5
18307;14,30.75;50.5,61.25;164.5,317.75;216.5,74;18.75,249.75;146.5,319.5;276.25,304.75;357,171
31710;45.5,63.75;61.75,4.25;186.5,259.5;217.25,74.5;18.75,249.75;142.5,319.5;321.75,314;357,171
25056;91.25,91.5;111.75,12.75;150,259.75;234,82.5;20,250.5;109,276;321.75,314;357,171
8972;91.25,91.5;124.5,10.75;156,257.25;233,51.5;35,242.5;109,276;310.25,301.25;324,211.75
16433;68.75,74;152.25,31;154.75,226.75;233,51.5;33.25,197.5;45.25,291.5;310.25,301.25;355.25,244
23970;8.25,79.75;152.25,31;189.25,251;241.75,5.5;27.25,191;45.25,291.5;284.25,318.25;356.25,243.5
40996;6,92.75;141.25,19.25;192.75,280.75;264.5,28.75;5.75,171;45.25,273.5;284.25,318.25;356.25,243.5
20174;38.75,68.25;172.75,18;211,311.25;269.25,19;5.75,171;44.75,309.75;284.25,318.25;356.25,243.5
30723;38.75,68.25;172.75,18;211,311.25;316,54;53.75,189;70.5,283;293,287.75;354.5,286.75
35930;84,84.25;163.5,17;211,311.25;310.25,56;10,195.75;106.75,320.5;293,287.75;355,285.5
23086;88,114.25;198.25,18.5;205,308.75;328,66.25;38,192.5;106.75,320.5;293,287.75;355,283.5
44268;134.25,129.25;198.25,22;205,308.75;277.25,71.75;38,192.5;146.5,319.5;322,312.5;335.75,311.5
18217;114.25,126.5;198.25,22;205,308.75;292,56.25;38,192.5;170,298.75;315.5,313.75;339.75,310.5
7638;68.25,170.25;183.25,13.25;213.25,319.75;314,112;20.75,203.75;170,298.75;312,315.75;339.75,310.5
49081;22.75,169.75;122.25,4.75;213.25,319.75;253.5,123;22,204;225,278.25;311.25,312.25;339.75,310.5
50197;8.75,124.5;122.25,4.75;213.25,319.75;253.5,123;22.25,197.75;226,280.25;263,319.75;314,301.75
32948;8.75,124.5;120.25,11.25;213.25,319.75;275.5,128.5;21.5,198.5;217.75,246.5;320,309;362,264.25
14059;9,177.5;106,73.5;237.25,283;252.25,134.25;33.5,176.75;206.5,256.75;320,309;362,264.25
24421;18.5,178;104.5,73;256.75,257;279.5,181;66.25,164;225.75,302.75;320,309;362,264.25
39354;18.5,178;105,72;256.75,257;279.5,181;90,110;215,276;283.25,259.75;352.75,289.25
3646;18.5,178;85.5,65.25;278.25,200.25;315.5,152.25;145,92.25;189.25,310.5;247.75,214.5;352.75,289.25
41170;57,170.25;87,72.75;251,157.75;277.75,164;160.25,89.25;191.25,303.5;247.75,214.5;352.75,289.25
28103;33.25,131.75;40,41.5;256.25,116;292.25,110.75;103.25,98.75;191.25,303.5;247.75,214.5;314.5,311.25
28579;33.5,161.75;70.75,19.5;256.25,116;305.75,115;90.75,71.25;191.75,303.25;299.5,234;314.5,311.25
39179;31.75,162.25;108.25,21.5;271.75,102.25;305.75,115;49.75,76.25;238.5,293.5;299.5,234;352.75,306.25
4252;18.25,169.75;76,16.5;262.75,88;352,128.25;48.5,81.25;238.5,293.5;299.5,234;323.5,313.75
38072;48.75,172.25;76,16.5;283.25,40.75;328.75,88.25;63.25,49.5;238.5,293.5;300.5,266.75;319.25,313.25
15239;32.5,213.25;80.5,57.5;297.25,45.25;351,83.5;63.25,49.5;233.5,274.75;317.75,223;319.25,313.25
43941;58,193.25;102.5,10.25;324.75,63.25;351,83.5;75.5,19.75;183,272.25;317.75,223;320.5,313.5
23849;39.25,206.5;102.5,10.25;327.5,61.75;355.25,81.25;75.5,19.75;133.75,290;310.5,243;353.5,276
22277;61.5,248.25;102.5,10.25;298.5,95.25;355.25,85.75;110.25,22.75;149,318.5;310.5,243;361.25,247.75
33999;70,255;96.25,10.25;317.75,112;331.25,79.5;143,7.75;149,318.5;310.5,243;337,290.5
9056;70,255;96.25,10.25;275.75,105.25;302.75,115;90.75,21;149,318.5;310,300.5;353.5,293.75
27533;70,255;96.25,10.25;265.5,153.75;305.5,101.75;119.25,16.75;154.25,296.25;336.75,262.25;344,255.75
33929;64.5,210.25;118.5,4.5;311.25,115;326.5,158.5;119.25,16.75;199.75,307.75;336.75,262.25;344,255.75
13270;45,217;118.25,5;322,124.5;348.75,128.25;152.5,52.5;203.75,276;336.75,262.25;344,255.75
1310;45,217;112.75,6.25;306,140.75;319,152.75;118.5,73.5;244,309.75;337.5,263;344,255.75
23813;44,216.25;72.5,29.25;306,140.75;360.5,129;77.5,84.5;244,309.75;310.5,261.75;322,211.25
19272;6,177.75;132.25,3.75;252,157.75;360.5,129;77.5,84.5;245,310.5;301.75,199;306.25,243
49886;6,177.75;132.25,3.75;274.5,168.75;339.75,131;60.25,41.75;245,310.5;289.5,185.5;313.75,250.5
26716;45.25,138.5;79.5,11;292,136.25;366.25,122.75;34.5,38.5;245,310.5;289.5,185.5;313.75,250.5
1813;47.75,140;79.5,11;321.75,103.75;327,112.5;3.5,71.5;245,310.5;323.5,218;362,224.75
27836;35,108.75;82.75,38.75;276.5,103.75;311.25,96.75;3.5,71.5;223.5,296.5;321.75,160;362,224.75
49664;35,108.75;89.75,63;285.5,103;347.75,100.75;6.5,69;223.5,296.5;337.5,124.5;362,224.75
5334;61.25,75.25;104.75,61.75;285.5,103;355.75,123.25;19.75,94.75;222.75,296.5;294.5,115.5;362,224.75
6417;54.75,74.25;91.75,94;285.5,103;325.5,115.25;19.75,94.75;222,297.25;309.75,161;340.25,233
19429;54.75,74.25;126,57;244.5,64.5;325.5,115.25;39,118.25;221.25,296.5;315,163;341.25,262
29895;27.5,67.5;152,35.25;214.75,80.75;270.25,105.25;39,118.25;221.25,296.5;323,164;362.75,243.75
39915;36.25,79.75;152,35.25;179,102.75;292.5,55.25;2.5,71;195.75,319.75;323,164;338.25,231.5
41151;36.25,79.75;146.75,31.25;217.5,132.5;296.75,104.75;2.5,71;151.75,302.25;298.25,172;347.25,256.25
9137;74,83.5;109.25,17.75;233,170.25;289.5,70.75;2.5,71;151.75,302.25;329,139.25;347.25,256.25
31898;102.25,63;150.5,33.5;239.25,135.25;285.5,26.5;48.25,77;109,295.5;329,139.25;347.25,256.25
3742;63.5,72.75;150.5,33.5;238.75,135.75;281.25,71;52.25,94.25;127.25,296.75;329,139.25;367.5,277.25
22512;49.75,57.75;152.75,41.25;206.25,167;281.25,71;101,107.25;151.25,318.25;360.25,156.75;367.5,277.25
11387;19.25,87;141.25,20.25;159.5,169.25;266,19;101,107.25;151.25,318.25;320,126.75;367.5,277.25
11489;19.25,87;124.25,30;130.75,202;316,15.75;147,82;151.5,299.75;319.75,124.75;367.5,277.25
44568;13.75,62.75;124.25,30;130.75,202;316.5,15.5;152,79.75;167.5,278.25;329.75,162.5;364.75,233.75
37492;12.75,57.5;118,8;139,227.5;314.25,5.75;152,79.75;184,274.75;329.75,162.5;332.25,229.5
44292;12.75,57.5;102.75,5;139,227.5;320.75,18.75;152,79.75;177.75,272;309,170.75;313.5,235
25778;6.5,6.75;102.75,5;139,227.5;320.25,18.5;173.75,117.25;174,241.5;285,115.5;345,265
27532;6.5,6.75;102.75,5;139,227.5;365.25,32.5;162.5,105.25;222.5,274.75;245,88.25;297.25,305.75
31263;4.5,3.75;52.25,4.25;195,245.75;365.5,33.25;162,79.5;222.5,274.75;245,88.25;329.75,313
43874;4.5,3.75;53,46.75;235.25,199.5;348,7.25;162,79.5;222.5,274.75;243.25,40;331.25,309.25
42167;34.75,39.5;86.5,58.5;244.25,179.25;355.25,34.5;162,79.5;222.5,274.75;283.25,19.5;327.5,312.75
7723;64.75,57.75;93,26.5;278,165;355.25,34;155.75,72.75;171.5,295.75;283.25,19.5;327.5,312.75
12740;46.25,15.75;63.25,43;246,127.5;355.25,34;144.5,111.75;144.5,298.25;261.5,53.75;327.5,312.75
4473;46.25,15.75;63.25,43;247.25,129.75;355.25,34;137.75,57.25;182,296;272,102.5;352.25,298.25
39716;62.75,42.5;73.75,16.5;292.5,128.5;355.25,34;99,35.75;230.5,302;243,86.25;352.25,298.25
27626;58.25,61.75;80.5,36;264.5,110.25;349.75,44;68.25,8.25;233.5,302;243,86.25;352.25,298.25
7825;55.25,5;132.5,20.5;237.25,150;369,37.75;68.25,8.25;233.5,302;246.5,72;352.25,298.25
42080;103.75,43.25;165.25,1.5;297.5,158;334,64.5;68.25,8.25;207.5,251.75;222.5,50.75;352.25,298.25
8515;65,6.5;146.75,7.5;270.25,109;355.25,104.75;68.25,8.25;207.5,251.25;223.25,51.75;352.25,298.25
10622;23,41.75;146.75,7.5;257.75,153.25;349.75,162.25;99.75,11.5;207.5,251.25;223.25,51.75;313.5,253.5
13050;23,41.75;127.5,30.25;204.25,166.25;353.75,162.5;99.75,11.5;207.5,251.25;234,68.25;323,242.5
25986;66.25,70;127.5,30.25;228.75,206.25;353.75,162.5;100.25,10.25;149.5,257.75;209.75,99.5;294,247.75
6894;66.25,70;127.5,30.25;256,183;353.75,162.5;93.25,20;186.75,252.5;215.5,43.75;245,235.25
16784;54.75,58.5;179.5,48.75;291.5,210;353.75,162.5;92,21.75;214.5,291;215.5,43.75;226.5,272.25
35569;54.75,58.5;188,48.75;322,264.25;353.75,162.5;88,72.25;193.5,240.25;213.75,45.75;246.25,241.5
17435;53.25,74.75;207.75,63.75;322,264.25;353.75,162.5;90.75,25.25;160.25,225.5;225.5,48;246.5,242.75
3140;53.25,74.75;207.75,63.75;328.25,237.25;353.75,162.5;131.5,24;147.75,248.75;243.25,77.25;256.5,246.75
17421;72,29.25;219.25,84.75;313,243.5;359.25,151;128,71.5;147.75,248.75;233.25,70;256.5,246.75
36531;72,29.25;243.25,49;313,243.5;359.25,151;114.75,78.25;126.5,259.25;231.75,114.5;242,290.75
45345;71.75,30;290.25,53.25;292.75,262.5;330.5,138;114.75,78.25;158.25,301.5;231.75,114.5;242,290.75
4262;110.25,19.5;260.75,29;294.75,243;365,164.75;61.25,112.25;184.75,248;231.75,114.5;242,290.75
15149;110.25,19.5;277,2.75;327.5,227;356,130.75;41.5,105;209.25,250.75;231.75,114.5;244.75,288
31219;53.25,54.5;268.25,34.5;327.5,227;356,130.75;2.5,128;192.75,246.5;221.25,116;280,312
39596;53.25,54.5;266.25,88;337.75,178.5;353.25,98.25;1,129.25;144.75,272.25;231.5,114.25;280,312
12064;51,4.5;266.25,88;299,185.25;353.25,98.25;1,128.25;98.5,282.75;230.5,111;273,276.25
33373;52.25,35.75;273.25,113.75;277,231.75;295,75.75;1,128.25;98.5,282.75;230.5,111;289.25,288.25
10337;105.5,18;223.75,135;277,231.75;283.75,122.75;6.25,187;113.25,240;180,106;289.25,288.25
40883;105.5,18;223.75,135;244,190.5;283.75,122.75;13.75,149.75;141.25,222.5;238,117;254.5,308.25
22310;105.5,18;222.5,136;244.25,191;289,168;13.75,149.75;140.5,221;264,61.25;264.75,262
44183;105.5,18;222.25,85.5;229.25,136;310.25,157.5;20,118.75;165.25,225;264,61.25;280.75,226.75
37224;112.5,58;222.25,85.5;242.75,116.5;280.5,144.25;20,118.75;137.5,266.5;246.25,48.5;302,194.75
48322;112.5,58;222.25,85.5;250.5,160.75;283.25,183.5;20,118.75;131.25,260;250.75,15.75;345.75,207
49970;112.5,58;185.75,112.25;250.5,160.75;328.25,206.5;57,79.25;98.25,225;250.75,15.75;355,164.75
37434;119.5,40.5;163,149.5;270,128.25;319.25,208;57,79.25;98.25,225;250.75,15.75;335,162.25
12161;119.5,42.5;202.5,188;257.5,134.25;293,161;40,87.5;47.25,248;250.75,15.75;335,162.25
35809;126.25,4.75;173.25,224.5;296.75,104.75;324.25,117;55.25,122;77,207;250.75,15.75;335,162.25
38848;126.25,4.75;128.75,242.5;273.25,134.25;358.25,83.25;51.5,115.75;91.75,220.75;250.75,15.75;324.25,138.75
41411;86.25,22;128.5,244.5;299.75,132.25;317.5,60.25;6,144.75;91.75,220.75;253.75,5.75;324.25,138.75
14872;92,27;123,258.25;305.75,110.5;317.5,60.25;48.75,170.25;61,208;255.75,15.75;324.25,138.75
49680;67,16.75;121.5,291;290,126.75;317.5,60.25;12.5,188.75;74.75,155;255.75,15.75;349.75,154.5
36523;67,16.75;121.5,291;255.5,108.25;287,26.5;12,188.75;114.5,116.25;291.5,26.25;330,131
16068;78.75,26.75;81.5,300;234.75,124.5;280,12.25;12.25,188;96.25,67.25;291.5,26.25;330,131
9603;52.5,45.75;67.5,286.5;265.5,154.25;309.5,41.5;43.75,160;106.75,38;291.5,26.25;330,131
39663;37,65.75;65,293.5;278,106.75;293.75,75;34,120.25;143.75,30.25;291.5,26.25;330,131
48832;26.75,86;56.75,284.75;249.75,108.75;283.75,106.5;34,120.25;143.75,30.25;310.75,34.25;330,131
40592;5.75,63.25;75,248.25;249.75,98.5;308,140.75;13.75,70.75;143.75,30.25;310.25,34.25;330,131
27180;26.75,86.5;75,248.25;272.25,58;341.25,142.25;29.25,32.25;174.25,10.5;310.25,34.25;330,131
2469;29.25,86.25;38.5,213.25;281.25,73.25;341.25,142.25;29.25,32.25;202.5,5.5;278.5,50.75;355.5,80.5
43548;29.25,86.25;63,217.5;275.75,103.5;353.25,99.75;43,30.75;202.75,5.75;254,9;355.5,80.5
27060;16.75,81.75;65.5,223.5;292.25,98.75;353.25,99.75;95.5,33.75;199.5,11.25;289.75,26.5;355.5,80.5
36414;35.75,119.75;48.25,242.75;307,132.75;365.75,144;127.25,18.25;199.5,11.25;289.75,26.5;355.5,80.5
8157;8.5,109.5;96,229.5;307,132.75;365,145.25;139,5.75;199.5,11.25;289.5,28.5;338.5,32.5
47239;42,85.5;131.75,282.25;307,132.75;362.5,191.5;87.25,12;199.5,11.25;276.25,56;318.5,29.5
33170;36.75,97;139.5,265.25;278,128.25;364.75,247.25;87.25,12;249.75,10.5;276.25,56;355,11.5
11496;65.75,63;125.25,294;263.5,180.5;364.75,247.25;87.25,12;276.5,56.5;315.25,35.5;344.75,31.75
45130;28.5,84.25;89.25,261.5;228.5,190.75;364.75,247.25;109.25,9.5;249,17.5;314,35;344.75,31.75
42537;52.75,35.75;89.25,261.5;231.25,193.25;364.75,247.25;107.5,9.25;261,14.25;309.25,13;350,80.75
762;50.75,35;89.25,261.5;184.75,152.75;302.75,244;87.75,63.75;261,14.25;316.5,42.75;323.75,52.75
15174;50.75,35.5;89.25,261.5;184.75,152.75;302.25,268.25;85,17;248.25,12.75;356.25,13;357.5,80.75
18149;95.25,8.5;130.5,284;168.25,125.25;360,266.25;90,77;242.5,6.25;356.25,13;357.5,80.75
45672;62.25,27.25;86.5,286.5;168.25,125.25;331.75,282;121.25,19.75;242.5,6.25;356.75,57.25;358,147
28962;62.75,28.5;63,248;214.75,131.5;363.25,316;121.25,19.75;245.25,46;354,17.5;358,147
16115;62.75,28.5;112.75,232;171,162;306.25,319.75;121.25,19.75;245.25,46;311.75,26.25;343,204.25
47988;63.25,28.25;112.75,232;171,162;336,269.75;74.5,20;256.25,9.75;279.25,11.75;304.25,172
44893;63.25,28.25;135.5,239.5;158.25,144.5;335.5,218.5;74.5,20;239.75,17.5;246.25,37.25;330.25,129.5
36153;12.75,4.75;134.5,204.5;138,160.25;325.75,240.25;112.75,39.25;239.75,17.5;246.25,37.25;330.25,129.5
39548;15.25,63.25;76.75,183.5;85,139.75;344.25,209.25;160.75,52.75;239.75,17.5;246.25,37.25;359,158.75
27214;37,72.5;76.75,183.5;85,139.75;344.25,209.25;194,98;222.5,60.75;224.5,60.25;311.5,195
2669;88.5,92.25;110.25,230.5;142.25,126;342.25,242.75;194,98;222.75,61.5;224.5,60.25;298.75,233.75
35934;88,115.75;137,224.25;166.25,96.75;313,243.75;194,98;224,60.5;264,33.5;298.75,233.75
13745;88,115.75;148,223.75;166.25,96.75;294.25,210;144.25,76.75;251.5,55.25;264.5,52.25;303.25,248.75
22092;85,113.25;148,223.75;198.75,62.25;274.25,164;130,91.25;245.75,10;264.5,52.25;277.75,206.5
16893;80.75,90.5;152.5,228.25;228.25,88;251,203.25;155.75,69.25;245.75,10;264.5,52.25;277.75,206.5
46832;47.5,68.75;129.25,254.5;223.5,44.5;251,203.25;181,37;262.5,15.75;264.25,53;277.75,206.5
40253;4.25,85;129.25,254.5;211.5,45.5;221.5,184.5;145,60.25;244.25,5.25;264.25,53;276.25,203.75
19938;9.5,139.25;81.5,248.25;167.75,21.75;231.5,192.5;131,74.25;244.25,5.25;264.25,53;309.75,196.25
19311;45,158.75;102.5,251.5;184,36.5;234.25,190.5;131,74.25;233.5,4.75;264.25,53;335.5,163.75
24630;13.5,117.75;102.5,251.5;141,15.25;234.25,190.5;95.5,34.75;228.5,10.25;264.25,53;358.5,175.5
2378;11,140.25;102.5,251.5;141,15.25;234.5,189.5;98.5,9.25;219.25,36.5;254.75,23.25;302,152.5
5025;32.25,130.25;64,229.75;183.25,41.75;238.25,202.25;98.5,9.25;219.25,36.5;275,18.25;283,115.5
41913;32.25,130.25;65.25,256.25;217,48;256.5,156;60.25,6.75;219.25,36.5;275,18.25;282.5,172.75
19229;32.25,130.25;64.75,255.75;222.5,61.75;256.5,156;106.25,13;177,28.5;230.5,19.5;313.5,181.25
14545;32.75,130.75;74.25,242.5;226.25,31;251.5,129.75;69.25,9.5;177,28.5;230.5,19.5;317.5,219.5
33454;32.75,130.75;74.25,242.5;225.75,31.25;251.5,129.75;113,11.75;189.75,26.75;192,8.5;317.75,204.75
32735;35.25,189.5;52.5,285.5;187.5,49.5;220.25,91.75;113,11.75;189.75,26.75;240.25,17.5;326,217.75
9240;33.75,193.25;66.25,313;187.5,49.5;200.75,73.5;144.25,43.75;189.75,26.75;216,6;328.25,229.25
9763;48.5,227;66.25,313;162.5,34.5;230.5,127.5;140.5,46.5;163,89.25;255.75,5.75;328.25,229.25
18394;71.5,231.25;84.5,286;171,16;240.25,136.5;140.5,46.5;163,89.25;269.5,17.25;328.25,229.25
30708;51.25,277.25;82.75,243.5;153.5,41.5;279.75,168.25;140.5,46.5;163,89.25;268.75,16.5;356.5,210.75
13475;51.5,277.75;119.25,284.5;179.5,41.5;318.5,206.75;119.5,98.25;140.5,46.5;257.75,9;356.5,210.75
33395;58.5,240.25;113.25,232;179.5,41.5;318,207;110,137.75;136,48;298,10.25;356.5,210.75
33836;90.75,268.75;113.25,232;204.75,91.75;318,206.5;102.25,104.25;110,81.5;298,10.25;357,167.25
31543;90.75,268.75;113.25,232;204.75,91.75;327.75,156.75;66,96;97.25,51;283.5,35.25;310,199.25
12825;90,324.5;113.25,232;200,137.5;323.25,123.5;66.5,95.25;96.25,40.75;308,15.5;310,199.25
17900;104.5,303.25;113.25,232;171.5,156.25;323.25,123.5;50.5,134.5;80.25,21.5;257.5,5.75;282.5,198
29118;67,315.75;111,209.25;163.25,213.25;286.75,73.5;60.25,92.25;80.25,21.5;257.5,5.75;321.25,180.25
33931;14.75,306;63.5,218;205,253.25;278.5,60.5;60.25,92.25;78.75,3.5;257.5,5.75;282.75,196.5
1893;14.75,306;19,177.25;153.5,261.5;278.5,60.5;23,41;86.75,25.75;313.75,4;336.5,184.25
30054;6.25,273.75;66,170.75;123.75,235.75;250,19.5;13.5,41;86.75,25.75;313.75,4;352.75,145.25
18383;30.5,323;78.25,123.5;151,266.25;248.75,68.75;13.5,41;86.75,25.75;313.75,4;337.5,161.75
18674;30.5,323;78.25,123.5;181.5,311.75;263.5,68.25;11,47.25;89.75,53.25;297.25,22.75;330.75,161.75
33852;30.5,323;86,70.75;158.25,299.25;263.5,68.25;73,41;98.25,39.75;294.75,83.5;309.25,199.5
11414;30.5,323;87,70.75;174.5,298.25;222.75,67;74.75,11.5;98.25,39.75;302,99.5;347.75,172.25
29543;12.75,265;57.75,32;170.25,241.75;219.75,131.75;74.75,11.5;98.25,39.75;300.5,101;355,149.25
50429;12.75,265;60,32.5;155.5,293;264.25,167.25;85.5,25.75;98.25,39.75;299,85.5;305.75,122.5
29275;18,258.25;65.5,7.25;203,307;285,143.25;85.5,25.75;98.25,39.75;296.25,88.5;308,125.75
26577;54.75,277.75;65.5,7.25;239.75,313;242.75,109;80.25,12.25;103.25,41.5;296.25,88.5;308,125.75
699;54.75,277.75;71,49.25;233.25,302;294.75,113;68,41.5;103.25,41.5;241.25,114.25;358,78.25
18061;17.5,311.5;71,49.25;233.75,303;281.25,71;72.5,42;103.25,41.5;249,75.5;353.25,62.75
25903;17.5,311.5;64,23.5;183,260.75;233.25,76.25;72.5,42;144.75,89.25;195.25,95.5;333.5,52
31419;17.5,311.5;79.5,13;137.5,224.5;248,44;66.25,11.75;95.25,65.25;156,65.25;333.5,52
45317;21.25,309.75;46.5,9.25;137.5,224.5;285.5,72.5;73.5,28.5;91.75,64.5;126.75,105.5;333.5,52
27544;21.25,309.75;50.25,54;149,190.25;253,18.25;33.75,29.25;91.75,64.5;171.25,96;346,80.75
26318;21.25,309.75;50.25,54;126,144.5;252.5,18.5;78.75,40.25;137.75,73.5;152,46.5;327.25,46.5
39089;4.5,283.25;55.25,7.5;155,129.25;252.5,18.5;78.75,40.25;151,52.25;187.25,41.25;327.25,46.5
14760;14.5,236.25;45,45.75;155,129.25;252,13.75;79,44.25;151,52.25;225.25,5.75;316.25,51.25
9067;14,263.75;45,45.75;129.25,177.75;252,12.75;126.75,77.75;130.25,20.25;184.75,27.25;316.25,51.25
49415;14,263.75;35.5,40;163.5,223.75;297,35.25;102.5,36.25;126.75,77.75;231,61.5;332,82.75
27872;53.25,295;67.5,76.25;116.5,238.5;297,35.25;136.75,6.25;153.5,87.5;231,61.5;332,82
22699;58,294;76.75,109.75;86.5,230.25;315.5,64.75;136.75,6.25;153.5,87.5;246.25,77;331.25,82.75
43645;10.5,284;76.75,109.75;95.5,174.75;261.25,54.75;78.5,19.5;212.5,107.25;227.5,105.25;331.25,82.75
47363;35.5,239.75;76.75,112.5;95.5,174.75;261.25,54.75;78.5,41;221.75,84.75;240.5,132.25;329.25,97.25
33377;2.25,197;93.5,92.25;112.75,127.5;267.75,32.5;38.25,35.75;221.75,84.75;240.5,132.25;326,97.25
8745;37.25,163.25;79.5,139.25;94,148.75;216,47.5;38.25,35.75;221.75,84.75;240.5,132.25;348.25,51.25
22522;11,140.75;31.25,123.75;135.75,125.25;216,47.5;7.25,42.25;229.75,70.5;240.25,134;348.25,51.25
14628;13.25,85.5;48,75.25;161,163.75;265.5,8;7.25,42.25;169.5,89.75;222.5,135.25;348.25,51.25
8673;36,39.75;37,49.75;161,163.75;267.75,9.25;38.5,86.75;172.75,40.5;222.5,135.25;346.25,82.75
19297;4.5,5.75;13.5,53.5;202.25,167.5;267.75,9.25;38.5,86.75;172.75,40.5;244.5,121;313,127.75
10575;4.25,6.25;4.5,95.75;237.75,169.75;268.25,70.25;38.5,86.75;172.75,40.5;301.5,87.5;357,154.25
25636;28.25,18.75;54.75,97.75;239,168.5;285.25,105.75;38.5,86.75;172.75,40.5;339,63.25;359.25,186.75
24036;5.25,50.25;24.25,85.5;239,167;245,101.25;52,91.75;123.25,19.75;339,63.25;359.25,186.75
33169;5.25,50.25;31.25,135;239,167;267,131.75;104.75,93.75;121.25,30.75;339,63.25;348,207
22735;4.5,36.25;9,160.5;239,168.5;269.5,126.75;99.75,40.5;112.75,38.25;339,63.25;348,207
41162;4.5,36.25;9,160.5;244,126;264,66.75;126.25,18.75;131.5,91.25;338.25,64.5;351.75,154.5
17016;4.5,36.25;68.5,170.5;206.75,93.25;264,66.75;93.75,7.75;142.75,106.5;319,111.25;337,191.75
23234;0.25,73.75;83.75,187;206.75,93.25;264,66.75;94,7.5;146.5,124.25;343.5,97.75;359,163.25
10809;0.25,73.75;83.75,187;160,117;264,66.75;60,11;116.25,79.25;325.25,61;359.75,150.5
30822;25.75,126.75;120.25,149;135,96.25;264,66.75;86.5,21.5;133.25,124.25;325.25,61;336,159.25
5466;27.5,181.5;125.25,150.25;135,96.25;299.5,82.5;88,79;133.25,124.25;298.75,115.75;310.5,159.5
32001;66.5,186;154.75,127.25;166,135.5;284,55.75;127.5,78;133.25,124.25;298.75,115.75;310.5,159.5
49094;39.25,223;138.25,129.25;216,160;284,55.75;110,81.25;153.75,146;251.25,133.75;310.5,159.5
46478;39.25,223;138.25,129.25;258.75,153.25;289.25,75;123.5,98.25;160.5,118.5;261.5,176;310.5,159.5
12704;42,238.5;138.25,129.25;260.75,134.75;318.5,55;123.5,98.25;163.5,92.75;245,198.25;316.5,188.75
19526;8.25,261.25;151,160.25;260.75,134.75;318.5,55;110.25,113.25;170.5,52.5;247,200.25;277.75,174.5
42499;8.25,261.25;159.5,129;260.25,135.5;323.5,89.25;130,93.75;130.25,39;247,200.25;292.25,174.75
11979;26.5,268.25;194.75,145.5;260.25,135.5;315.5,140.25;84.5,72.25;139.5,4.75;247,200.25;292.25,174.75
46934;27.25,268.5;164.25,161.75;262.25,150;293.5,111;66,55.25;139.5,4.75;247,200.25;310,162.5
11168;14.25,308.5;167.5,148.75;262.25,150;278.5,88.75;31.75,53.75;139.5,4.75;226,158.5;351,172.75
3784;32.75,316;121.75,141;230.5,190.75;269,32;43.25,79.5;139.5,4.75;251.5,141.25;351,172.75
13393;92.75,298.75;123.75,202.75;245.75,171.25;283.75,52;43.25,79.5;139.5,4.75;251.5,141.25;335,205
6574;122.25,292.5;123.75,202.75;245.25,168.5;250.25,66;39.5,104.5;124,9.75;251.5,141.25;303.25,242.5
28074;122.25,292.5;153.5,159;245.25,168.5;279.75,106;82,80.25;160.25,49.75;298.75,153.75;319.75,261.5
25882;96.25,321.25;177.75,113.75;224.75,208.75;279.75,106;55.5,101.5;160.25,49.75;249.75,164.25;359,225.25
1869;84.25,320.25;143,126.5;224.75,208.75;308,115.25;79,89;160.25,49.75;220.75,161.75;360.5,226.25
2750;84.25,320.25;143,126.5;224.75,208.75;317.5,81.75;38.75,88.75;144.75,79.5;187.5,137.75;361,278.25
16776;70.75,299.25;115.5,166.75;270.25,225.5;357.25,84.25;38.75,88.75;144.75,79.5;187.5,137.75;320.5,301.5
28673;24.75,308.25;143.25,118.5;301.5,208;309.25,88.75;88,108.25;144.75,79.5;195.75,96;320.5,301.5
23767;24.75,308.25;145.5,148.5;298.25,248;367.75,89.5;37.25,109.5;87,71.25;187.5,105;320.5,301.5
41425;10,306.5;89.75,149.75;297.5,247.5;325.25,127;2.5,156;98.25,40.5;187.5,105;320.5,301.5
876;9,303;118.25,149.5;312,259.5;326.75,112.25;48.5,180.75;76.25,25.75;187.5,105;320.5,301.5
1136;9,303;100,189.5;301.25,303.25;335.25,145.25;37,190.75;76.25,25.75;172,96;354.75,276
40770;9,303;64.75,205.5;303,320.25;340.25,103.75;37,190.75;76.25,25.75;219.75,108.5;338.5,269.75
26715;9,303;56,200.25;291.5,303.5;312.25,56.75;32.5,197.25;76.25,25.75;279.5,126.75;306.25,242
8930;12.25,263;66.5,171.75;305.75,302.75;309.75,17.75;37,198;76.25,25.75;279.75,127.75;306.25,242
38890;59.5,295.5;97.25,156.5;294.75,245.25;311.5,52;37,198;76.25,25.75;279.5,117;306.25,242
24542;59.5,295.5;132.5,151.75;295,245.75;333.75,29;15.5,207.25;76.25,11.75;264.75,130.25;306.25,242
27417;71.75,304.5;155.25,129.5;295,248.5;362.5,34.25;15.5,207.25;76.25,11.75;287,101;306.25,242
446;62.75,294.5;129.75,124;264.75,229.75;362,34;15.5,207.25;76.25,11.75;269.5,55.5;327.5,207.25
34323;85.25,321.5;99,162;303.75,237.25;325.25,51;15.5,207.25;76.25,11.75;253.75,48;327.5,207.25
19937;85.25,321.5;153.5,166.75;303.75,237.25;325.25,51;33,223;90,54;269.75,79.75;338.25,150
36296;101.5,283.5;153.5,166.75;306.25,288.5;325.25,51;34.25,223;48,33.5;235.75,96.5;355.75,145.5
5770;101.5,283.5;162.25,109.75;306.25,288.5;325.25,51;29.5,201.75;60.5,43;228.75,95;328.25,136
25982;124.75,285.5;135.75,125.5;299,321.75;325.25,51;29.5,201.75;74,21;227.25,96.5;287.5,151
43764;124.75,285.5;179,103;275.5,295;324.5,51.25;11.5,247.25;74,21;248,76;328.5,138.75
49992;90.75,248.75;145.5,118.75;275.5,295;368.75,50.75;65,248;72.75,21.75;248,76;340.25,79.75
10426;90.75,248.75;158,129.25;283,313.5;368.75,50.75;105.5,274.5;111.25,49;248.75,77.75;316.75,87.25
34464;95.5,231;109.75,125.5;253,315;368.75,50.75;95.75,222.25;111.25,49;235,45.75;282.5,127.25
37759;68,230.5;88,148.5;253,315;362.5,85.75;95.75,222.25;122.75,17.5;243.5,72.5;283.25,127.75
7594;68,230.5;88,148.5;209.25,282.25;333.75,39;76,204.25;166.25,39;201.75,106.5;274.25,180.75
36718;30.5,273.75;88,148.5;240.25,282.75;333.75,39;70.75,152.75;142.25,52.75;230.5,153.5;300.25,216.5
11002;30.5,273.75;52.5,175.75;238.75,282.75;333.75,39;81.25,127.75;164.75,37.5;186.25,139;337,196
5006;7.25,303;52.5,175.75;283.25,318.5;330.75,10;90.75,108.75;164.75,37.5;186.75,139.5;311.25,241
43964;7.25,303;52.5,175.75;283.25,318.5;307.25,56.75;37,120.25;106.25,13;149.5,143.25;292,197.25
29241;5.5,300.5;52.5,175.75;304.75,301;307.25,56.75;11.25,107.5;81.25,11.5;186.25,175;303.25,198.5
37040;5.5,300.5;35.5,121.25;300,286.75;308.75,77.75;31.75,76.5;81.25,11.5;159.75,125.75;303.25,198.5
17847;5.5,300.5;35.5,121.25;329.75,321;336.5,30.5;40,80.25;91,24.75;153.5,91.25;303.25,198.5
22125;5.5,300.5;35.5,121.25;285.75,319.25;336.5,30.5;42,80.5;120.5,36.25;132.75,140.25;297.5,139.5
27226;2.5,231.5;35.25,121.75;306.25,321.25;323.75,53.25;42,80.5;131.25,21.25;132.75,140.25;297.5,139.5
4573;54.5,230.5;78.75,103.5;281.5,319;323.75,53.25;32.5,142.5;84.25,24.25;132.75,140.25;254.25,132.25
47314;84.5,207;119.25,147;281.5,319;285.25,56.75;32.5,142.5;71.5,50.25;135.25,182.75;289,138.5
47937;89.75,229.75;134.25,159.75;300.25,302;309.75,100.25;32.5,142.5;71.5,50.25;108.5,140.5;247,130.5
31423;70.5,223.5;134.25,159.75;250.75,288.25;270.25,102.75;25.25,109.5;67,100.25;152.75,142.25;247,130.5
28965;110,209.25;134.25,159.75;251.25,289.5;320.5,125.25;52.5,75.75;90.75,73.25;152.75,142.25;245.25,77.5
38067;68.5,186;93.75,169;237.5,280.5;285.25,143.25;52.5,75.75;117,72;152.75,142.25;238.5,86.25
3126;69.5,142.25;72.5,140.25;250.5,272.25;295.5,167;52.5,75.75;142.25,59.5;152.75,142.25;214.25,58.75
7955;69.5,142.25;73.25,136.75;242.5,312.75;273.5,150;52.5,75.75;124.25,19;152.75,141.75;210,100.5
23242;69.5,142.25;73.25,136.75;289.5,321.5;291,115;85.25,80;118.75,15.75;153.75,141.75;202.25,53.25
31493;16.75,154.25;36.75,168.25;333,299.5;337,150.75;51.5,79.25;118.75,15.75;153.75,141.75;218.5,99
35814;11,178.25;30.25,194.75;333,299.5;350,161.5;68,81;118.75,15.75;167,96;218,98.5
9537;1.25,173.25;35.5,240.75;290.25,320.25;338,179.25;68,81;119.75,12.25;167,96;220,116.25
18624;22.5,176;56,230.75;281.5,286;352.25,157.25;68,81;119.75,11.25;158.25,143.5;220,116.25
4556;27,122.25;115.25,240.75;282,256.25;352.25,157.25;76.5,81.75;119.75,11.25;174.25,164.5;207,120.5
44151;27,122.25;115.25,240.75;254.75,264;330.75,179.25;50.75,127;119.75,11.25;212.5,209.75;225,127
12610;27,122.25;115.25,240.75;247.5,218;301.75,139.25;10.5,128;119.75,11.25;219,165.75;244.75,93
43828;27,122.25;148.75,226;266.5,178.25;330.5,116.25;7.75,135.5;119.75,11.25;228.5,193.25;244.75,93
20900;4.5,158;133.25,213.5;227,145.5;279.25,129;18.25,108.25;119.75,10.5;228.5,193.25;244.75,93
15720;4.5,158;113.75,225;252.75,182;255,134.75;51.25,129;107.25,38.5;228.5,193.25;244.25,92
10864;56.25,155.5;113.75,225;218,203.5;239,158.5;20.25,125.5;60.5,11;228.5,193.25;244.25,92
2992;29.5,177.75;102.75,283.75;218,203.5;240.5,159;20.25,125.5;44.75,8.75;185.75,184.75;243.25,114.25
48415;29.5,177.75;57,294.5;245,168;293.25,176;20.25,125.5;86.25,20.5;196.5,221;298.75,113
7168;29.5,177.75;65.75,318.5;209.25,204;264.75,143.5;20.25,125.5;103.5,34.75;189.25,250.5;297.25,93.75
17187;31.5,193;107,310.5;170.5,189;270.75,102.5;10.5,127;103.5,34.75;189.25,250.5;296.25,88.5
209;23,229.5;107,310.5;205,227;278.25,143.75;10.5,127;96.25,94;160,301.75;296.25,86.5
45431;23,229.5;109,308;249,217;266.5,110.25;29.5,124;96.25,94;174.5,303.25;258.75,82.5
37101;39.25,239.5;109,308;249,217;277.75,75.5;52,132.5;90.25,76.75;169.75,312.75;230.75,114.75
12500;68.75,209.25;109,308;249,217;291.25,113.5;21.25,140.75;121.75,107.5;186.5,305.25;231,149
19601;49.25,249.5;109,308;270,179;296.25,103.25;22,171.25;121,74.25;157.25,272;231,149
28068;52.25,247.75;70,306.25;243.25,192;283,57;22,171.25;121,74.25;188.75,251.5;231,149
7426;52.25,247.75;88,282;218.75,157.75;262,57.25;21.5,171;121,74.25;199.75,275;266.5,167
17582;63,254.5;136.5,290;197.5,167;262,57.25;21.5,171;121,74.25;199.5,243.75;309.25,147.25
5709;39,285.5;136.5,290;167.5,141.75;273,74;11,172.75;90,108.5;199.5,243.75;316.75,128.5
9331;14.5,306.5;153,259.5;154.25,127.5;277.25,71.75;11,172.75;125,131.75;198.75,242.5;316.75,128.5
12234;26.5,284;153,259.5;179,176.5;315.75,110.5;11,172.75;77.5,141;253.5,232;316.75,124.75
23905;31.75,238.25;162.25,281.25;168.25,163.5;306.75,114.25;18.5,156;77.5,141;242.5,201.25;316.75,124.75
33361;36.25,217;148.75,287.75;154.75,212.25;335.75,81;18.5,156;77.5,141;293.75,194.75;316.75,124.75
31057;36.25,217;122,259.75;154.75,212.25;335.75,81;20.75,198.5;130.25,151.75;321.75,160.25;339.75,161.5
6999;53.5,202.25;87.5,298.25;142.25,177.75;335.75,81;59,221.5;147.25,179.25;293.75,142.75;339.75,161.5
49010;73,218.75;116.75,315.5;135.5,225.75;356.25,80.25;27,216.5;147.25,177.5;293.75,142.75;339.75,161.5
11007;31.5,240.25;116.75,315.5;163.25,212.25;311.75,57.5;56.25,251.25;179.5,215;239,117;339.75,161.5
2665;51.75,241.75;135.75,266;172.75,228.5;316,58.75;82.5,251.5;136.75,196;239,117;339.75,161.5
44821;51.75,241.75;135.75,266;219.75,225.75;338.75,38.5;98,284.25;136.75,196;236.25,75.5;318.5,159.25
30591;42,242.25;130.5,287;180.75,231.25;341.75,49.25;98,284.25;136.75,196;229.75,57.75;319.75,156.25
11345;55.5,228.25;119,303.5;135.75,227.75;351.5,10.25;91,283.75;163.75,164.25;229.75,57.75;319.75,156.25
12987;30.75,260.5;137.75,286.25;165.5,275.25;351.5,10.25;91,283.75;159,142.25;184.25,45.75;319.75,156.25
15734;19.25,309;127,242.25;165.5,275.25;321.75,11;121,259.25;162.75,185.5;184.25,45.75;302,196
19520;10.75,256.75;127,242.25;165.5,275.25;350.25,26.25;127.75,228.75;202.25,178;216,40.25;292.75,171.75
32639;10.75,256.75;107,227;184.25,320;326.75,32;104.75,200;202.25,178;255,27;317,181.75
1047;41.75,257.25;107,227;207.25,319.25;277.5,29.5;139.75,198.5;202.25,178;223.25,5.5;304.25,223
47156;4,241.5;107,227;170.5,323;291.75,55;169.25,186.5;175,153.5;223,5.75;304.25,223
15161;3.25,241.5;117.25,239.25;214,310.25;292.75,75.5;169.25,186.5;209.75,142.5;223,5.75;278.5,235.75
46029;24.5,248.5;97.5,282.25;214,310.25;292.75,75.5;167.75,187.75;230,117;230.75,46;235.25,228.5
46773;24.5,248.5;65.25,263;163.25,310.75;267.75,106.25;192.25,162;225.5,108;230.75,46;235,230
17445;10.75,300.75;62.75,268;107,308.5;267.75,106.25;192.25,162;206.25,63.5;218.25,72.75;265.75,263
39512;10.75,300.75;62.75,268;107,308.5;298.5,114;187.25,109.5;201.75,95;224,113.75;262.75,305.5
19856;45.5,273.75;62.75,267.5;107,308.5;348.75,89;160,160;232,134.25;256.75,94.5;262.75,305.5
23316;45.5,273.25;104.5,253.5;107,308.5;348.75,89;135.75,106.5;258,77.5;260.25,86.25;260.5,239.75
46422;45.5,273.25;104.5,253.5;125.75,299.75;348.75,89;158.75,119.75;231,114.25;284.25,40.5;299.75,195.75
42103;54.5,229.25;62.5,234.5;164,273.75;322,93.75;158.5,119.25;231,114.25;284.25,40.5;332.75,211.75
10167;52,219.5;60,242.5;145.75,227.75;322,93.75;158.5,119.25;214.25,118.5;261,21.25;333.5,211.75
9758;40,252.75;48,258.75;107.5,226.75;322,93.75;145.25,156.5;208.75,173;260.5,19.25;333.5,211.75
2553;2.5,264;47.5,257.25;87,196;322,93.75;105.75,136.75;183.5,184;235.75,35.75;333.5,211.75
2525;2.5,265;25.5,286.5;55.25,175.75;306.5,112.5;105.75,136.75;183.5,184;252,72.75;290.75,217
8894;2.5,265;25.5,286.5;55.25,175.75;287,122.5;114.25,170.5;165.25,162.5;242.75,15.75;308.5,271.5
5487;25.5,286.5;40.25,242;56.25,171.75;270.5,167;127,223.5;165.25,162.5;248.75,70.5;263.5,291.5
17454;23,311.25;81.5,256.75;82.75,169;256.5,198.75;137,253.25;165.25,162.5;248.75,70.5;263.5,291.5
9830;5.75,292;81.5,256.75;105.75,195.25;257,198.75;137,253.25;155.5,156;242.25,47.25;256,293.75
3101;30.5,276.75;55.25,295;116.75,203.25;296.75,168.5;102.25,269.25;155.5,156;242.25,47.25;256,293.75
42924;30.5,276.75;34.25,314.75;116.75,203.25;323.25,161;67.5,260.25;201.5,176.25;251.5,6.25;256,293.75
306;11,241.5;34.25,315.25;82.5,231.75;354,176.5;116.5,237.25;201.75,161.75;251.5,6.25;256,293.75
4284;11,241.5;68.5,294;118,184.5;326,141.25;143.25,188.5;183.5,162.75;251.25,5.75;256,293.75
35377;35.25,215.5;52,306;131,147.5;310.25,165.75;142.5,188;183.5,162.75;251.25,5.75;256,293.75
5801;49,247.5;51.5,306;153.25,126.75;320.75,211.25;147.5,192;179.75,114;251.25,5.75;256,293.75
5638;15,226.25;51.25,273.5;108.75,161.75;349.5,229;110.25,152.25;179.75,114;251.25,5.75;281.75,236.5
5945;0.5,215.75;51.25,273.5;109,110;328.5,229;84,146.75;142.25,88.5;251.25,5.75;281.5,237
47696;0.5,215.75;10,307.5;109,110;335.75,266;84,146.25;96.25,95;250.75,14.5;297.5,202
24417;27.5,266.5;31,243;80.5,91.25;335.75,266;28.75,147.75;45.75,54;244.25,16;297.5,202
10565;37,252.75;52.5,217.25;113.25,122.25;335.75,266;26.75,123.25;45.75,54;255.5,10.5;293,197
23543;2,220.25;77.25,243.25;83.75,86.75;346.75,275.5;26.75,123.25;31,45.25;255.5,10.5;266.5,222.75
22561;2,220.25;121.5,258.75;132.5,44.5;346.75,275.5;65.5,122.25;75.5,89.25;233.75,2.75;313.5,172
47509;48.5,228.5;121.5,258.75;176.25,59;349,225.5;27.25,118.75;57.75,93.25;235.75,2.25;313.5,172
46638;69.75,183.5;143.5,224.5;176.25,59;361,198.25;52.5,132.5;55,127.5;235.75,2.25;307.75,140.75
7883;69.75,183.5;154,243.75;176.25,59;369.25,143.5;23.25,108;101,123.5;188,19.75;308.5,139.75
26027;48.5,181.25;170,234.25;176.25,59;331.5,105.75;23.25,108;100.75,125;153.5,48.5;294.75,96.75
24698;82.75,178;145.25,223.25;167.25,96.75;307.75,112;23.25,108;85.5,98.75;153.5,48.5;294.25,98.25
35593;82.75,178;171,226.75;192.25,119;345.75,89;16.5,127;88,71.75;153.5,48.5;267.5,107
48096;113.5,166.75;119.25,225.75;168.25,98.25;345.75,89;16.5,127;115.25,54;207.75,45;262.25,82
13590;93,150;118.75,225.25;136.75,128.25;345.75,89;16.5,127;132.5,72.25;187,100.5;302.5,115
4715;74.5,142.75;82.75,202;136.75,128.25;339.25,88.25;42.5,77.25;132.5,72.25;223.5,58.25;320.5,160.75
28919;74.5,142.75;81,202.5;136.75,128.25;315.5,51.5;48.75,111.25;168.25,111.25;230,39.5;285,197.5
3703;76.5,119.75;81,202.5;157.25,150.5;315.5,51.5;29.5,104.5;194,99.5;254.25,19.25;301.75,202.25
38560;76.5,119.75;132.75,188;136.25,183.25;327.25,29.5;20,71.5;185.75,59;266,4.75;301.75,202.25
25325;76.5,119.75;89.5,176;136.25,183.25;356.75,10.75;55,95.5;163.75,50.5;242.25,16;335.25,194.5
33094;48,124.5;66,183;89.75,187;356.75,10.75;25.75,123.25;104.25,49.25;242.25,16;321,181.75
15741;37.75,129;58,241.75;61.25,178.25;356.75,10.75;29.5,75.25;104.25,49.25;270.5,13;325.5,206
33130;20.5,73.25;39,229.5;74.5,128.75;344,71.5;29.5,75.25;104.25,49.25;270.5,13;358.5,158.75
45046;15.75,42.75;38.5,228.25;122.25,144;369,52;7.5,128.5;110.25,23.75;270.5,13;358.5,158.75
49522;48.75,57.75;91.5,223;130.25,151.75;369,27.25;26.25,70.75;79,24.75;270.5,13;358.5,158.75
14990;48.75,57.75;60.5,239.25;190,157;368.75,28;19.5,124.75;79,24.75;254.25,37.5;358.25,182.75
30671;48.75,57.75;67.25,205.5;201.75,168.75;368.75,28;60.75,153.5;64.75,11.25;221.5,19;358.25,182.75
11536;4.25,38.75;97.25,155.5;182.75,131.25;368.75,28;60.75,153.5;64.75,11.25;228,14;358.75,183.5
250;19.75,87;127.25,122;191.5,142.75;368.75,28;81,171.25;104.25,35;255.5,10.5;358.75,183.5
41671;19.75,87;117.5,161.5;219.5,198.5;368.75,42.75;81,171.25;135.75,20.25;271.25,16;358.75,183.5
34970;68.75,76.25;104,143.25;211.75,244.25;333.5,32.5;81,171.25;159.5,50;269.25,44;358.75,183.5
7990;87.75,85.5;91.75,96;211.75,244.25;333.5,32.5;121.25,194;145.75,11.5;268.25,42.5;349.75,167
4888;113.75,47.5;143,74.75;165,223.25;370.5,73.25;125.25,200.75;145.75,11.5;268.25,42.5;349.75,167
27250;51.75,49.75;106.75,41.25;165,223.25;370.5,73.25;125.25,200.75;194.5,1.75;287.75,42.5;297,143.25
47918;51.75,49.75;91.5,70.75;121.5,209.25;362.25,21.5;74.5,204.75;219.25,36.5;235.75,49.5;297,143.25
12641;14.5,59.75;49.75,58.25;71,219.25;317.5,58.25;74.5,204.75;230.5,69.25;294,52;297,143.25
2976;6.75,69.75;58.75,57.5;105.25,193.5;317.5,58.25;122.75,198.75;270,97.5;277.25,88.5;297,143.25
10614;49.75,54.25;51.75,65;105.25,193.5;298.5,55.75;122.75,198.75;225.25,137.5;234.75,50.5;337.5,133.5
351;0.5,75.25;49.75,54.25;122.25,229;298.5,55.75;82,166.5;222.25,173;265.25,100.75;332.75,137.5
27809;57.25,63.75;73.75,29.75;162,223.75;264.75,65;82,166.5;222.25,173;247.75,118.5;332.75,137.5
6139;33.25,72.5;118.5,3.25;173.5,207.25;256,45.5;82,166.5;222.25,173;235.75,131.75;338.5,147.75
40743;6.25,35.75;118.5,3.25;214.75,218.5;306.75,53.75;60.25,201.75;222.25,173;224,126.25;336.5,130.5
19299;6.25,35.75;143,19.5;216,219;295.25,98.75;65.5,151.75;193,176.5;224,126.25;355.75,150.5
46689;7.25,5.75;143,19.5;249.25,208;291.5,114;91.75,196;156,181.75;224,124.5;355.75,150.5
31492;7.25,5.75;144.5,17.25;277.5,239.5;291.5,114;114.5,199;130.25,195.5;214.75,118.5;330.75,178.5
13156;7,5.25;117.75,35.25;272.75,250;317,151.5;114.5,199;130.25,195.5;214.25,120;326.25,164
15537;7,5.25;108.25,82;276.75,286;295,127.75;64.5,208.25;121,198.25;247,81.25;326.25,164
10739;7,5.25;108.25,82;251.25,312;295,127.75;43.25,254.25;166.75,186.5;209.25,55.75;286,133.5
23332;7,5.25;109.5,71.5;284.5,322.25;293.75,103.75;76.5,264;166.75,186.5;211,96.5;261.25,175.75
15596;4,9.25;109.5,70.75;284.5,322.25;315,124.5;112,292;182.25,164.5;211,96.5;283.25,198.75
34587;4.75,57.75;110,69.75;284.5,322.25;356.5,95.25;69,268.25;182.25,164.5;233.5,72.75;292.25,171.75
41851;4.75,57.75;110,69.75;284.5,322.25;310.75,120.5;63,259.75;171,163.75;191.5,108;291.75,141.75
888;27.25,85;65.75,43;302,321.75;310.75,120.5;63,259.75;140,198;222.75,127;312,87.5
44880;29.25,58.25;70,22.5;283,282.5;290.75,112.75;61.25,222;140,198;222.75,127;312,87.5
10053;27.75,14.5;29.25,58.25;283,282.5;290.75,112.75;70.75,254.5;133.5,215.5;181.25,161.5;357,79.5
36372;28,16;48.25,98.75;283,282.5;290.75,112.75;101.5,267.75;141.5,246;212,145.5;352,66.75
36553;45.5,48.25;80.25,142;241.25,250;329.5,89.75;124.25,296.75;149.75,255.75;212,145.5;352,66.75
32548;50.25,54.75;82.75,178.25;243,259.75;359.5,135;124.25,296.75;149,255.25;231.5,134.5;352,66.75
23780;36.5,58.25;82.75,178.25;243,259.75;351.75,83.5;122.75,296.25;173.5,237.5;262.25,113.25;339.75,79
46408;73.75,45;104.5,227;246.5,286.75;331,41;141.5,300.25;173.5,237.5;262.25,113.25;354.5,79
41932;63.75,1.5;95.5,197.5;241.5,273.75;353.75,24.5;141.5,300.25;166.75,223.25;262.25,113.25;354.5,79
8390;31,17.75;134.25,155.25;242.25,302.25;351.5,8.25;118,296.5;166.75,223.25;262.25,113.25;354.5,79
44076;31,17.75;134.25,155.25;242.25,302.25;357.25,41.75;159.5,298.5;167.75,160.5;227.25,89;312.5,63.5
20607;31,17.25;161.5,194.5;237.5,272.25;320.25,23.25;159.5,298.5;167.75,160.5;220,134.5;296.5,36.5
34059;29.75,18.5;159.75,218.25;264,311.75;326.5,30;133.25,288.5;167.75,160.5;220,134.5;301.5,10.25
9256;38.25,63.25;124.5,185.5;226,277;326.5,30;112.25,323.5;167.75,160.5;179.25,114.25;294,3.75
14709;10.75,48.25;135.75,157.25;220.25,218.25;361.25,27.75;70.25,296.5;167.75,160.5;180.75,113.75;294,3.75
4418;12.25,79;134.75,156.25;220.25,218.25;360.25,28;44.25,302.25;139.75,157.5;208,96.5;294,3.75
31437;18.25,30.5;134.75,156.25;220.25,218.25;324.5,25.5;90.25,268.25;97.75,194;215.25,81.75;294,2.5
20625;38.25,61.25;135.25,126;235.75,259.25;369,34;59.75,271;97.75,194;259.75,51;294,2.5
16484;75.5,23.25;137.5,124.75;235.75,259.25;369,34;79,267.5;97.75,191;218.25,72.75;257.5,15.25
15185;71.25,20.5;138.5,124.75;280.75,298.5;330.25,49.75;79,267.5;97.75,191;189,43.75;257.5,15.25
41038;103.75,12.25;138.5,124.75;294,318.5;332.25,19.5;54.75,221.25;97.25,191.25;202.25,99.5;257.5,15.25
39689;131.25,64;139.75,118.75;294,318.5;337.5,20;69,269.25;97.25,191.25;238.25,52.25;296,34.75
50278;136,76.75;146,128;294,318.5;366.5,43.75;69,269.25;150.5,223.25;285.5,24.75;287,37
42565;136,76.75;159,173.25;260.5,312;361,84.25;77.75,283;140.75,271.25;250.5,46.25;285.5,24.75
36325;140,19.75;144.75,129.5;220,276.75;370.75,38.25;77.75,283;126,252;250.5,46.25;285,24
42837;140,19.75;144.75,129.5;205.25,294.5;370.75,38.25;23.5,292;116.75,267.75;296.75,60.5;322.75,57
44141;140,19.75;144.75,129.5;219.75,320.25;350.25,94.25;31.5,285.75;116.75,267.75;309.5,15.5;330.25,67.75
2483;77.75,22;193,135.25;270.25,323.75;310,120.75;46.25,307.25;116.75,267.25;309.5,15.5;330.25,67.75
48679;68.75,28.75;178.75,138;284.5,320.75;310,120.75;46.25,307.25;116.75,269.25;306.75,52.25;339.75,81.5
11197;69.5,28.25;195.25,166.25;319.75,295;331.5,97.25;36.75,294.5;145.25,298.75;306.75,52.25;339.75,81.5
838;63.75,7.75;245.25,180;304.5,310.5;330.5,96.75;20.75,270.5;145.25,298.75;293.25,88;339.75,81.5
31636;63.75,7.75;245.25,180;283,283;330.5,96.75;80.5,283.5;175,301.75;245,70.75;322.25,83
43911;49,1.75;246.5,180;283,283;298.5,95.25;80.5,283.5;144.25,302.75;208.75,86.25;353.5,45
24148;14,4.75;246.5,180;263.75,310.5;334.75,145.75;39.5,294;162.25,247.5;235.25,133.25;353.5,45
38595;44.5,21.25;247.25,180.25;289.25,320.5;352.25,171.25;39.5,294;206.25,261;236.25,126.5;353.5,45
50330;44.5,21.25;265,183.25;342.5,313.25;359,176.75;39.5,294;225,255.75;228.5,152.5;353.5,45
11497;46,21.75;230.25,206.75;326.25,322.75;365,196.25;39.5,294;161,226.5;184.75,174.5;353.5,45
35489;66.5,74.75;222.75,206.75;306.25,300.75;365,196.25;83.75,320.25;120.75,198.75;215.25,202.5;353.5,45
12917;54,74.25;170.25,201.75;291,286;323.25,213;72,271;120.75,198.75;214.25,202;353.5,45
10824;8.5,59.5;203.75,166.25;291.5,286.5;323.25,213;72,271;123.25,199;226.25,249;356.75,5
5521;4,103.75;221.75,129.5;247.75,269;353.75,215.75;72,271;123,200.75;226.25,249;355.75,14.5
7434;16,153.25;226.5,169.75;297.75,249.75;316.75,264;72,271;144.25,222.5;226.25,249;355.75,14.5
47779;16,153.25;226.5,169.75;297.75,249.75;312.25,299.5;99.75,300.5;136.5,264;178,269.75;332.75,59.5
46107;16,153.25;225,169.75;275.5,287;286.25,317.25;99.75,300.5;144.25,302.5;178,269.75;355,49.5
17203;32.75,101;274.25,169.25;275.75,286.5;299.5,317.75;41.25,282.5;144.25,302.5;167.75,237;355,49.5
36345;32.75,101;218.5,164;243.75,278.5;337.5,283.75;40.75,282.25;128.25,310.5;167.75,237;346.25,61
11399;33.25,92.5;226.5,184.5;248.75,257.75;351.25,273;40.75,282.25;113,293.5;158.75,223.5;346.25,61
49532;32.75,92.5;226.5,184.5;247.75,279.75;305,304;84.25,252.25;110,295.5;112.25,240;346.25,61
31633;13.5,84.25;241.5,191.25;280.75,239.25;296.75,302.25;73,203.75;110,295.5;133.5,251.5;346.25,61
37010;35.25,61.25;241.5,191.25;313,244.75;322.25,301;88.25,195.5;90.5,282.5;134.25,251.75;346.25,61
39001;14.75,36.25;258.75,244.75;287.75,189.25;290.25,287;90.5,196;90.5,282.5;188.5,214;346.25,61
43772;14.75,36.25;216.5,204.5;236.75,204.25;240,273;55.25,156.25;90.5,282.5;190.75,180.5;346.25,61
45597;51.5,18.5;216.5,204.5;235.5,202.25;270.25,322.25;97,170.5;104,284;190.75,180.5;347.5,62.5
34883;50.5,20;225.75,207.75;254.75,194.5;289.25,322.25;93.75,222.25;104,284;244,175.5;347.5,62.5
23943;29,67;204.5,180.25;235.25,223.5;275.75,321.5;58.25,198.75;104,284;271.75,194.5;347.5,62.5
17932;16.25,78;235.25,223.5;240,171.25;293,321.25;9.5,202.75;123.5,252.5;246.25,229;347.5,62.5
24203;16.25,78;235.25,223.5;240,171.25;276.25,284;5.5,228.25;178,269.75;245,193.5;320,50.75
32580;16.25,78;208.5,265.25;231.25,193.25;310,263.75;7.75,191.5;184,248.5;245,193.5;345.75,35.25
35287;16.25,78;208.5,265.25;231.25,193.25;359.25,279.25;7,137.75;222.5,274.5;230.75,208.75;335.25,8.75
37638;28.75,100.75;167.75,271.75;225.5,171.25;364,240;7,137.75;184.5,276.25;230.75,208.75;333.25,64.25
15751;28.75,100.75;159,308.5;225.5,171.25;364,240;53.75,148.5;215.75,247;244.5,237.75;288.5,41.25
23232;25.25,104;177,316.25;242.5,167.75;364.5,227.75;53.75,148.5;239,294;244.5,237.75;333.5,64
24198;25.25,104;199.5,311.25;242.5,167.75;364.5,227.75;49.5,147.5;260.75,293.75;277.25,212.75;340.5,79
13945;7.5,59.75;194,281;242.5,167.75;364.5,227.75;49.25,147;263.5,317.75;293.75,197.75;299.5,51.5
29061;14.25,48;194,281;249,216.5;345.25,228.5;84,105.75;262.25,262;266.5,228;299.5,51.5
27101;14.25,46.5;244.25,277.25;268.5,229.75;296.75,210;84,105.75;262.25,262;304.75,242.75;357.25,54.75
15737;13.25,46.5;216,231.25;223.5,218.75;290.5,208.5;107.5,161;262.25,262;279.5,226.25;357.25,54.75
32603;6.75,24.25;161,226.75;228.5,189.75;342,217.75;107.5,161;237.5,309.75;278.5,223.75;357.25,54.75
40290;62.25,24.5;153.25,260.75;282.5,167.75;340.75,218;107.5,161;275.75,288.25;317.75,227.5;357.25,54.75
20537;64.75,5.75;140.5,224.75;293.25,208.5;325,249.5;107.5,161;274.5,288.5;353.25,267.25;357.25,54.75
7769;13.5,8.25;164.25,185.5;279.5,256.25;293.25,208.5;118,164.25;250,290.75;348,266.5;357.25,54.75
13012;13.5,8.25;164.25,185.5;224,266;293.25,208.5;134,198.5;294.25,281.5;319,313.75;331.5,43.5
27282;20,63.75;195.75,142.25;199.5,279.5;273,180.75;134,198.5;272.5,252.25;319,313.75;331,44.5
17017;29,95.75;175.75,113;221.25,302.5;253.5,157.75;134,198.5;259,251.5;327.5,283.75;331,44.5
1530;72.25,88;175.75,113;235.75,257.25;237.25,193.25;134,198.5;279.75,260;295.5,296.75;330.5,44.5
14199;84,97.5;118.75,140;235.25,224.5;235.75,257.25;93.75,232.75;306.75,244.25;319.75,301.25;330.5,44.5
14271;102.25,52;105,111.5;235,224.25;271.5,256.25;114.5,258;303.25,248.75;319.75,301.25;330.5,44.5
21094;82.75,33.25;105,111.5;235,224.25;276.75,283.5;83.25,221.75;244.75,233.75;274.5,287.5;330.5,44.5
40965;82.75,33.25;136.75,129;235,224.25;276.75,283.5;58.5,194.5;211.25,202;271,295.5;328.75,43.5
15063;82.75,33.25;142.75,113.5;263,183;276.75,283.5;85,169;196.75,177.25;316.5,319.25;329.25,43.25
27624;55.25,4.25;163,143.5;269,169;281.5,231.25;109.25,170.75;196.75,177.25;314,311.5;329.25,43.25
19988;51.25,45.75;182.75,178;269,169;281.5,231.25;138.75,194.75;139,149.5;313.75,314;355.5,80.5
44900;51.25,45.75;157.75,217.25;208,178;257,202.5;138.5,192;174.5,165;285.5,301.5;355.5,80.5
22630;114.75,52.5;123.75,181.5;190.25,239.75;204.25,170;112.25,194;174.5,165;246.25,315.25;355.5,80.5
15259;120.75,82.25;123.75,181.5;146,225.75;204.25,170;79,231.25;223.25,151.25;273,294.5;320.5,51.5
6321;120.75,82.25;153,171.25;167.75,204.25;204.25,170;113,251.5;214,175.25;276.75,305;336.75,2.75
10797;92.5,98.5;114.75,126.5;185.25,152.75;228.5,156.5;113,251.5;196,176.25;239.5,274.5;336.75,2.75
45657;117.25,63;138.25,96.25;147.25,152.75;204.25,177;83.25,222.25;233.75,183;239.5,274.5;336.75,2.75
25332;117.25,63;138.25,96.25;147.25,152.75;174,208;107.75,263;184.75,197.5;195.75,317.25;363.25,46
6402;83,115;116.5,63;146.75,127.75;153.75,233.75;55,249;141.75,248.75;195.75,317.25;363.25,46
45217;82,114.25;94.5,26.5;159.75,142.5;173.75,222.75;55,249;119.5,251.5;161.25,300;363.25,46
36460;48,113.25;94.5,26.5;155.5,195.5;203.5,236.75;55.25,249.25;122,206.75;174,265;363.25,46
38167;8,100.75;94.5,26.5;155.5,195.5;188.75,262.25;95.25,263.25;103.75,226;147,262.5;366,73
11188;28.75,56;135,21;152.25,157.5;201,261;95.25,263.25;103.75,226;146.25,259.25;345,110.5
24659;28.25,57.75;109.5,32.5;152.25,157.5;197.25,259;60.5,233;125.5,275.25;150.5,222.5;345,110.5
26524;50.75,58.25;67.5,41.75;126.5,138.5;197.25,259;60.5,233;125.5,275.25;165.25,186.5;319.75,72.25
29823;17.25,57.75;36.5,25.5;126.5,138.5;209.75,260.5;60.5,233;106.25,283;166.75,189;317.75,112
24424;38.5,64.75;65.25,57.75;147,126.5;182.25,231.25;60.5,233;82.75,318.75;166.75,189;317,111.75
22535;65.25,82.5;80.5,57.5;147,126.5;186,270.75;6,245.5;82.75,318.75;165,187.75;359.75,147.75
19170;111.25,58.75;115.75,19.5;147,126.5;154.5,263.5;6,245.5;105,282;172.25,196;337.5,160
14338;89.75,44.5;94,12.25;147,126.5;163,298.25;6,245.5;144.25,270;192.5,174.75;297.25,140
7650;77.5,10;90.25,20;119.75,123;137,265.25;6,245.5;155.25,319;192.75,196.5;297.25,140
2977;118.5,40.5;126.25,24.25;130.25,173;140.5,240.25;36,193.25;155.25,319;192.75,196.5;315.5,85.25
4368;55.25,58.5;72.25,32.25;94,159.25;140,226.75;36,193.25;140.75,250.25;192.75,196.5;315.5,86.5
1087;53.25,54.25;72.25,32.25;112.5,162.25;140,226.75;86.75,190.5;174,274.25;197.25,173.25;352.75,49
12425;32.25,58;69,17.25;101.5,161;117.75,257.75;107.75,189.25;174,274.25;197.25,173.25;352.75,49
3851;32.25,58;69,17.25;75.75,200;117.75,257.75;155.75,167.75;167,298.25;199.25,218.5;315.25,75.25
34169;32.5,110;69,17.25;75.75,200;137.75,317.75;118,175.75;163.5,318.5;199.25,220.5;313.5,52
30459;68.5,141;69,17.25;75.75,200;146.75,302.25;157,202.5;183,276.25;241.25,231.5;311.25,53.25
15248;65.25,171.25;69,17.25;94.5,193.75;147,302.75;184.75,178.25;189.5,221;190,242.75;311.25,53.25
26672;9.75,190.75;65,24;76.25,208.75;197,287.5;184.75,178.25;189.5,221;190.5,243;308,36.5
22545;12.5,175.5;12.75,42.25;89.75,247.75;256,300.75;182.75,161.25;189.5,221;221.25,278.5;308,36.5
28996;12.5,175.5;43.75,66.25;44,284.25;257.5,300.75;164.25,166;189.5,221;225.5,273.75;346,50.25
36163;1.75,203.5;43.75,66.25;81.5,298.75;243,311.75;159.25,166;186.5,232.25;225.5,273.75;354.5,77.5
23223;1.75,203.5;58.75,76.25;117.25,314;279.75,310.5;159.25,166;167.5,253.25;174.25,281.25;347.75,24.5
1715;31.75,239.25;58.75,76.25;91,287;311.25,248.75;159.75,166;172.75,286.5;222,320;347.75,24.5
42779;4.25,193.5;58.75,76.25;91,287;302.25,193;149.25,222.5;158,226.5;178.25,288.75;354.25,2
34518;4.25,193.5;51.25,56;131.25,282.75;352.25,230.25;105.5,237.25;158,226.5;218.75,293.5;353.25,1.5
47279;4.25,193.5;87.5,83.75;131.25,282.75;343.75,230.25;149,256.75;188.25,178.25;218.75,293.5;359.75,2.5
23557;2.75,192.75;76.5,102.75;161.75,280.5;353.75,239.25;143.5,298.75;146.75,174.5;218.75,293.5;359.75,2.5
41837;2.75,192.75;20,109;170,274.25;353.75,239.25;142.25,303.25;149.75,225.25;218.75,293.5;345.5,32
12460;2.75,192.75;61.25,56.75;210,243.75;309.75,256.25;142.25,303.25;186.5,197.5;267.75,245.25;342.5,99.75
15086;8,153.75;31.75,73.25;210,243.75;309.75,255.5;171.75,287.25;186.5,197.5;261.75,293.75;341,62.25
44331;28.75,122.75;56.75,51.75;225.75,231.25;309.75,255.5;142.25,301.75;144,223.75;261.75,293.75;341,62.25
4484;10.5,139.75;91.25,94;210,279.75;309.75,255.5;105,280.75;136,280.75;261.75,293.75;341,62.25
44316;10.5,139.75;91.25,94;162,294.5;309.75,255.5;57.75,268;109.5,317.5;289.5,278;354.25,14.5
5219;12.5,177;79.5,91.25;161.75,295;328.25,207.5;16.25,255.25;109.5,317.5;284.75,282.75;354.25,14.5
38334;22.75,228.75;78.75,120.75;188.75,278.75;328.25,207.5;12,307.75;109.5,317.5;246,281.75;332.25,9.75
26310;35,258;70,140.5;178,275.5;346,165;46,297;118.75,290;246,281.75;332.25,9.75
8025;13.25,263.75;70,140.5;178,275.5;346,165;25,319.75;138.25,251.25;246,281.75;358.25,3.5
12723;65.25,268;70,140.5;198,309;346.5,164.75;47.5,293;173.5,272.5;231.75,248.5;358.25,3.5
40872;86.5,259.25;113.75,127;203.5,310.5;346.5,164.75;80.75,318.75;184,303.75;231.75,248.5;329,35
42898;86.5,259.25;89,114.75;244,283.75;346.5,164.75;46.5,291;184,303.75;228,219.75;352.25,14.75
24537;50.25,264;136.5,126;217,311;371.5,120.75;46.5,291;184,303.75;232.25,186.5;352.25,14.75
41646;50.25,264;173.75,142;263.75,316;371.5,120.75;30.5,310;178,300.75;200.75,141;352.25,14.75
26756;52.75,308.25;114.25,123.25;229,316.25;369,164.75;46.5,269.75;175.5,240;200.75,141;352.25,14.75
19924;52.75,308.25;138.5,102.5;174.5,318.25;362.5,118.75;46.25,269.5;185.5,231.25;200.75,141;316.25,17.5
24073;88.5,286.5;138.5,102.5;227,313.25;356.25,85.25;46.25,269.5;191.5,239.5;217.75,177.75;359.75,58
31429;47,261.75;138.5,102.5;291.25,320.25;333.75,30;46.25,269.5;191.5,239.5;244,201.25;319.5,34.5
50417;47,261.75;141.5,63.75;291.25,320.25;333.75,30;16.5,297.5;192.5,214;279.5,222.25;341.25,78.5
17715;47,261.75;141.5,63.75;305.5,311.75;333.75,30;21.75,271;202,172.75;288.75,263.25;366.25,78.25
39315;21.75,228.25;163.5,117.25;302.5,307;320.75,25;21.75,271;222.75,170.5;323.25,309;366.25,78.25
45032;31.75,240.25;165,149.5;274.25,287.25;352,8.75;21.75,271;222.75,170.5;323.25,309;338.5,98.75
25561;28,240.5;150.75,126.5;273.5,287.25;357.25,32.5;37.25,308.25;222.75,170.5;320.25,313.5;338.5,98.75
16245;16.5,264.75;160.5,126;273.5,287.25;327,34;80.25,318.75;189.5,191;328.5,313.75;338.5,98.75
8138;36,240;160.5,126;264.25,323.25;297.25,71;114,275.25;158.5,188.5;282,276.25;338.5,98.75
42072;41.5,238;160.5,126;240.25,305.5;292.5,85;114,275.25;158.5,188.5;279.75,260;355,77.5
28601;37.5,201.25;160.5,100.25;240.25,305.5;322,57.5;128.25,290;144,226.25;279.75,260;353.5,53.75
22978;36,241.5;160.5,100.25;207.75,269.5;293,71.75;127.75,290;183.75,249;254.25,233.5;353.5,53.75
6774;69.25,243;188.75,95.75;207.75,269.5;265.25,60.75;166.5,298.75;183.75,249;255.5,233;339.25,77.75
16292;63.5,218;188.75,95.75;207.75,269.5;265.25,60.75;147.25,261.75;180.75,197.5;250.75,245.25;307.5,83.75
31782;65.5,222.5;194,73.5;207.75,269.5;265.25,60.75;144.25,253.5;181.75,152.75;250.25,293.25;353.5,78
13009;48,226.25;194,73.5;207.75,269.5;265.25,60.75;118.25,259;220.25,120.5;225.5,302;358.75,78.25
28975;30.75,239;158,109.5;222.25,259;246.25,109.25;153.5,222.25;220.25,120.5;225.5,302;358.75,78.25
30485;7,261.25;163.5,118;252.75,272.75;277.75,106;153.5,222.25;174.75,103.75;225.5,302;346.5,79.75
26063;7,261.25;165.5,143;245.5,257.75;275.5,104.5;168,239;174.75,102.25;237,253;346.5,79.75
45815;52.25,243;158.25,126.75;213,253;287.5,74.25;168,239;176.75,102.25;280,295.5;346.5,79.75
36793;52.25,243;165.25,131.5;205.25,296;310.25,115.5;168,239;219.75,139.25;242,321;343.75,119.25
9600;52.25,243;135.25,89;153.25,306.75;310.25,115.5;169.5,279.25;202.25,96.5;240.75,318.75;310.5,126.75
2471;65.5,186;135.25,89;174.25,278.25;267,131.75;127.25,275.25;148.25,68.75;222,321.5;310.5,126.75
7915;79.75,230;165.75,98.25;174.25,278.25;265.75,135.5;110.5,316;186.75,57;222,321.5;290.5,143.75
9848;71.5,247.75;134.5,97.25;174,302.5;265.75,135.5;110.5,316;146.5,57.25;175.5,304.25;290.25,140.5
38492;90,221.25;134.5,97.25;158,266.75;252.75,119.5;110.5,316;167.5,79;210.25,276;290.25,140.5
2848;40.75,217;130.75,102;158,266.75;206.75,132;110,309.25;133,47.75;210.25,276;298.5,114.5
49544;40,277.5;130.75,102;196.25,234.25;239.75,127;66,306.25;88.25,14.75;240,229.75;298.5,114.5
50179;47.75,262.5;130.75,102;183.25,248;239.75,127;30.25,321;117.5,6.75;240,229.75;286,106.25
50355;59,219.25;164,141;182,201.75;239.75,127;30.25,321;112.5,57;240,229.75;302.5,115
30364;59,219.25;142.25,136.75;182.25,201.25;272,96.25;82.25,319.75;91.5,91.5;240,229.75;305.5,110.25
44689;36.5,208;162.75,140;219.5,203.5;276.5,138;82.25,319.75;109.75,123.25;240,229.75;305.5,110.25
14943;36.5,208;193.25,114;243.5,197.5;293.75,115.5;87,280.75;95,137.75;239.5,230;305.5,110.25
26597;72,183;223.25,132.25;239.5,215;293.75,115.5;87,280.75;108.75,121.25;239,231;301.75,113.5
3544;92.25,178;222,106.75;269,181;309.25,110.5;87,280.75;108.75,121.25;235.25,257.25;300.25,111.25
34665;92.25,178;222,106.75;269,181;280,73.75;91,254;107.25,117;244,231.5;265,72.5
8036;136,151.75;256.75,147;280.25,166;319.75,41.25;91,254;143.75,89.75;244.5,231.25;265,72.5
2624;180,156.25;240,192.5;244.75,175.75;319.75,41.25;62.75,296.75;94.25,105.25;244.5,231.25;265,72.5
15957;194.75,114;217.75,243.25;278.25,168;321.75,5.5;7.75,318.5;87.75,66.75;244.5,231.25;265,72.5
36977;194.75,114;248,206.75;278.25,168;323,5.5;19.25,268.5;45.75,48.5;215.5,216.25;276.25,91.25
33370;158.5,88.75;202.25,195.25;230,188.25;300,37.75;12.25,269.5;45.75,48.5;234.5,207;276.25,91.25
6377;161,126;170.75,242.75;250.25,204;300,37.75;12.25,269.5;45.75,48;247,213.5;314.75,130
41638;161,126;170.75,242.75;231,237.75;260.5,64;12.25,269.5;107.75,51.5;235,210.5;312,127.75
41996;161,126;170.75,242.75;226.75,202.5;258.75,42;3,308.25;88.5,35.75;234.75,212;314.5,132.5
27162;161,126;170.75,242.75;202,223.5;230,22.5;11.75,306;74.75,59;266.5,221.5;345.75,140.25
25457;146.75,124.75;198.25,245.5;206,178;223.25,67.25;11.5,304;74.75,59;266.5,221.5;347.5,83
28315;143.75,88.75;198.25,245.5;205.75,135.25;245.75,120.5;15.5,310.25;99.25,38.25;266.5,221.5;329,117.75
26538;176,69.75;191.25,246;205.75,136;270.25,129.75;13.75,296.5;99.25,38.25;287.25,186.25;329,117.75
7022;180.5,42;249.5,245;271.5,138.5;273.25,97.5;13.75,296.5;125,5.25;287.25,186.25;330.25,115.5
47340;148.75,15;223.5,244.75;260.5,177.75;273.25,97.5;17.75,297.25;125,5.25;313.25,159;336.25,58.75
39798;117.5,34;223.5,244.75;260.5,177.75;273.25,97.5;21.5,310.5;152,5.5;305,196.75;354.75,18
11610;82,25.5;230.25,206.75;260.5,177.75;316.75,80.25;14.5,295.75;152,7.25;294.75,218.25;354.75,18
37657;82,25.5;231.75,201.5;250.5,200.5;298.5,52.25;22,292.5;152.5,7.25;346.75,204.25;354.75,18
36580;117,35.5;195,223.5;206.5,177.5;298.5,52.25;22,292.5;152.5,7.25;345,210.75;352.25,25.75
6819;88,92;204.5,168.25;206,166.75;341,16.25;22,292.5;152.5,7.25;316.75,203.75;352.25,25.75
17478;34.25,115.75;212.75,203;247.75,210.75;341,16.25;12.75,317.5;162.5,17.75;316.75,203.75;352.25,26.25
3863;32.75,113.75;191.25,256.25;242,216;324.5,9.25;12.75,317.5;162.5,17.75;290.5,170;363,40.5
15707;32.75,113.75;143.25,238.75;261.5,180.75;271.25,33;11.75,293;188,66.5;321,199.75;363,40.5
47037;3.75,62.25;143.25,238.75;261.5,180.75;268.75,25.5;13.25,286.5;191,29.25;321,199.75;363.5,58.25
5320;4,64.5;143.25,238.75;250.5,193;303.5,41.5;13.25,286.5;210,71.75;308.75,233.25;311,79.75
17267;4,64.5;143.25,238.75;250.5,193;348.5,17.75;59,306.5;185.25,98.75;296,198.5;298.5,91.25
30756;4,64.5;175,201.75;216.75,203;348.5,17.75;78,274;143.25,87.75;296,198.5;331,124
14795;27.25,67.25;147.25,227;216.75,203;349,20;124,296;143.25,87.75;316,196.75;352.5,163.75
4698;27.25,67.25;168.25,279.25;186,229.25;349,20;145.25,246.5;200,85.5;334.75,205.5;338.5,184.25
21518;42.25,30.25;121,283;186,229.25;349,20;149.75,221.5;192,109;284.5,196;313,195.75
28792;42.25,30.25;106.75,246.5;186,229.25;326.25,38.25;165.25,221.25;223.25,117.5;309.5,196.25;354.75,191.75
34570;57.75,58.25;93.75,196.5;163.5,216.75;315.75,25.5;124.75,196.5;223.25,117.5;309.5,196.25;349.25,193.25
19164;48.5,65.75;49.75,189.25;163.5,216.75;347,29.75;124.75,196.5;174.75,95;300,184.5;342.5,218.75
19596;48.5,65.75;51.75,150.25;163.5,216.75;346.75,30.5;145,223.5;186.25,65;312.75,160.25;334.75,207.25
31814;48.5,65.75;92.75,132.75;215.25,229.75;337.75,75.25;93.75,244.75;144,68.75;333.75,177.75;334.75,207.25
24394;4.5,84.5;117.25,109.25;220,271.75;308,111.5;115.75,241.5;144.75,49.5;333.75,177.75;334.75,207.25
9861;8,64.25;117.25,109.25;220,271.75;256.75,116;114.75,243.25;154.75,90.25;335.25,204.75;340.25,173
7611;31.75,99.75;118.5,52.75;220,271.75;223.5,129;119.5,274.75;174,37;335.25,204.75;342.75,168.5
10549;68,111;112.25,75.5;220,271.75;223,130;105.5,319.25;174,37;312.25,162.25;338,196
21792;74.5,88;151.5,98.5;231.5,253;276,106.5;105.5,319.25;174,37;354,191.75;357,211.75
41437;57.25,139;151.25,129.75;191.25,261.75;266.5,102.5;82.25,285.75;174,37;354,191.75;359.25,247.25
26660;69.5,140;140.5,157.75;176.25,316.5;271.25,71.25;110.5,282.25;174,37;354,191.75;359.25,247.25
32604;15.25,140.75;155.5,195;211.5,292.5;227.5,49.5;110.5,282.25;174,37;347.25,207.25;359.25,247.25
24701;17.25,170.75;142.75,197.25;211.5,292.5;225.25,89.5;77.25,297.75;145.75,11.5;347.25,207.25;358.5,246.75
5382;53.5,215.25;197.25,178.25;199.25,246;268.25,104.25;93.5,281.5;145.75,11.5;347.25,207.25;358.5,246.75
35399;58.5,248;200.25,185;216.25,243.25;224.25,71.75;104,276.75;145.75,11.5;347.25,207.25;358.5,246.75
46801;32,238;154.25,210.25;216.25,243.25;259.25,43.75;104,276.75;145.75,11.5;350.5,163.5;365.25,279
39488;60,231;132.5,213.5;234.75,272.75;270.5,19;104.25,269.5;145.75,11.5;334.25,205.25;365.25,279
28248;60,231;113.5,227.75;218.75,271.25;256.5,31;105.25,304.25;152.5,7.25;293.75,170.25;365.25,279
39508;60,231;111,220.25;185.5,260;282.75,54.75;105.75,309.75;160.5,51.75;269,143.5;365.25,279
5999;60,231;103.25,231.5;185.75,259;275.5,19.5;105.75,310.5;151.75,79;287.25,131.5;365.25,279
16659;60,231;90,247.75;231.25,251.5;293.75,72.5;160.25,299.25;176.25,103.75;322.75,158.75;365.25,279
36241;26.75,233.25;92.25,213.75;234.75,251.5;286,73.5;127.75,273.5;217.5,74.75;322.75,158.75;365.25,279
616;50,230.75;70,230.25;276.75,276.5;308.25,54;127.75,273.5;254.75,53.75;314.5,130.75;365.25,279
5263;50,230.75;99.5,196.75;277.75,277.75;360.5,44.25;127.75,273.5;226.75,66.25;308,80.25;338.25,312.25
41002;20.5,189.5;97.25,248.5;293.75,304.5;300,52.75;145,222.5;226.75,66.25;269.75,94;338.25,312.25
6018;53.5,219.75;130,255.5;289.5,302.75;300,52.75;145,222.5;209.5,98.5;273,117.5;352.5,293.75
34468;53.5,219.75;122.75,291;289.5,303.25;343.5,72.25;145,222.5;184.5,142.25;317.5,101.5;347,321.25
5877;53.5,219.75;113.75,315.5;337.75,311.25;350.5,37.25;145,222.5;202.5,153.5;320.75,51.75;335.5,312
34365;52.25,247.75;162.25,299.25;294,321;350.75,36.75;145,222.5;202.5,153.5;277.75,19.75;314.5,313.25
33652;87.5,270.75;158,247.75;294,321;302.75,73.75;82.75,235.75;202.5,153.5;278.25,19.5;331.75,311.25
47248;87.5,270.75;173.25,233.5;241,309;302.75,73.75;85.75,190;174.75,162.75;243.75,17.25;331.75,311.25
15946;78.75,311.75;160.5,225.75;292.75,317.75;312.5,68.25;86.25,191.25;174.75,162.75;205.75,57.25;331.75,311.25
14833;69.25,295.5;160.5,225.75;292.75,317.75;309.25,97.75;116.25,195.75;167.5,162.25;186.25,98.75;298.75,261.5
74;100.5,322;140.75,264.25;246.5,288.25;334.25,78;161.5,221.25;167.5,162.25;186.25,98.75;306.75,243.25
35614;65.25,295.5;117.25,315.5;278,286.5;292.25,115.75;161.5,221.25;167.5,162.25;184.75,88.5;306.75,243.25
37325;65.75,295.75;136,264.75;240.25,304;277.25,165.75;161.5,221.25;167.5,162.25;195.25,96.25;272.75,191.75
15794;65.75,295.75;155.75,224.5;242.25,258;277.25,165.75;113.75,196.25;164,117.5;202.75,97.5;240,174.5
48033;65.75,295.75;170,190.75;249.5,216.75;278.25,126.5;101.75,153.25;164,117.5;229.25,84.75;240,174.5
15146;88.25,295.75;161.75,163.75;228.25,235.5;323.5,120.25;84.5,157.25;161,118.25;229.25,84.75;240,174.5
254;88.75,296;161.75,163.75;198,246.25;325.5,151.75;84.5,157.25;158.75,119.75;211.5,117.5;257,132.25
30339;122.75,266.5;161.75,163.75;162,227.75;325.5,151.75;72,115.75;132.75,131.75;168.75,89.25;279,91.25
24889;94.5,295.5;121.75,145;126.5,243.75;358.5,131.75;94,132.25;166.5,146.25;168.75,89.25;279,91.25
19906;65.75,305;69.5,130;134.5,272.25;324,159.5;94,132.25;165.75,185.5;194,98.5;279,91.25
32078;65.75,305;76.75,146.25;137.5,226;291,164;121.75,104.75;165.75,185.5;194,98.75;258.75,48.75
11283;65.5,298.5;73,97.25;137.5,226;291,164;132.25,128.25;141.25,145.25;192,97.5;247.75,76.5
7800;7.75,309;73,97.25;113.25,254.25;266.5,201;96.25,77.75;141.25,145.25;227.75,66.5;269.25,27.25
47493;59,295;99,116.25;113.25,254.25;266.5,201;100.75,66;141.25,144.5;242.75,16.25;301.25,4.5
23907;87.25,286.75;99,116.25;111,237.25;285.5,167.5;100.75,66;141.25,144.5;193.75,10.5;314.5,25
11424;96,320.75;99,116.25;116.75,242.75;318.25,195;69.5,51.75;141.75,144.75;193.75,10.5;329.5,35
904;68,286;99,116.25;164.25,253.75;335.75,150.25;69.5,51.75;93.25,131.5;186.75,40.5;336.5,19.5
2066;82.75,300.75;90.75,92.25;125.25,212.5;367,169.5;69.5,51.75;94.5,171.25;186.75,40.5;336.25,18.75
28674;83.5,261.5;108.75,42.5;143.5,197.5;367,169.5;97.75,36.25;109,137.5;157.75,68.25;336.25,18.75
45501;50.75,272.5;108.75,42.5;115.75,169.75;325.25,152;57,86.25;109,137.5;143,88;347.5,82.75
28685;32.25,317.75;84,83.75;162,186;355,136.5;94.75,68;109,137.5;143,88;347.5,82.75
24966;35.25,305;84,83.75;162,185.5;309.25,101.75;85.75,20.5;109,137.5;168.25,81.75;302.5,109.75
21366;74.25,299;90.25,85;162,185.5;277,75.5;61.75,62;98.25,190.5;188.25,96;302.5,109.75
49851;72,248.25;90.25,85;162,185.5;315,113.5;95.5,36.25;141,171.25;174.25,96;321,149.5
725;103.5,221.5;137.25,76.75;162.5,193.25;352.25,98.25;95.5,36.25;140.5,170;157,95;321,149.5
24812;105,195.75;137.25,76.75;201.75,194.75;337.25,75.25;121.5,73.25;140.5,170;181.25,64;276.25,174
41072;82.5,161.75;146.5,75.75;219,156.75;337.25,75.25;92.75,35;126,175.25;181.25,64;299.25,207.5
15540;66.5,172.25;143,43;217,157;337.25,75.25;55.25,10.75;126,175.25;193.25,41.75;339.5,224.75
20095;83.5,158.5;94.5,26.25;217,157;337.25,75.25;75.5,33;143.25,202.5;230.25,20.5;339.5,224.75
20904;83.5,158.5;95.25,84.75;217,157;286.5,72.25;119.5,41.25;123.25,163;238,24.25;339.5,224.75
29456;52,170.25;91.25,64.25;232.75,170.75;285.5,24.5;119.5,41.25;123.25,163;265.25,39;341,227.5
45109;52,170.25;84.25,85.5;240.5,214.25;243.5,13.25;76.75,31.25;123.25,163;246.5,33.5;341,227.5
19946;49.25,190.25;50.75,47.25;248,217.75;275.75,18;76.75,31.25;123.25,163;242.25,46;312,202.25
1370;39,241.5;87,62.75;248,217.75;270,30.5;88.25,13;135.25,179;242.25,46;327.25,197.5
20225;52,227;105.5,18;254.5,207.25;270,30.5;75,24.75;138.75,157.25;242.25,46;357,210.75
15297;52,227;60.5,6;269.75,165.5;274,65.25;75,24.75;139.25,157.25;257.25,76.5;337,163.75
35209;52,227;60.5,6;276.5,143;287,24.5;71,78;139.75,157;283,37.25;335,128
12440;60,217;60.5,6;238.5,127;249.25,27.75;71,78;188.75,180.5;282.5,40.75;329.5,136.25
15576;60,217;104.5,14;203,168;205,43.5;49.5,75.75;188.75,180.5;283.5,45.25;357.25,154.25
9507;60,217;117.75,34;202,176.5;212.5,44.5;22.75,58.5;162.75,165.25;283,45.25;357.25,154.25
21405;66.5,231;78,7.25;167.75,203.75;187.5,5.5;22.75,58.5;162.75,165.25;288.75,35.75;357.25,154.25
46969;71,223.25;78,7.25;158.5,195;187.5,5.5;77.5,50;181,187.5;314.75,19.5;330.5,115
23635;57.75,282;78,7.25;158.5,195;162.5,49.5;103,57.5;224.75,191.5;336.25,42;357,155
46235;43.75,281;116,59;158.5,195;185.75,5.75;105.5,55.75;188,165;314.25,4.5;357,155
44405;12.75,294;116,59;168.5,161.5;185.75,5.75;92,5.25;159.25,119.5;302,10.75;350.75,168.5
44247;52.25,249.75;95.25,84.75;121.25,145;218,0.75;92,5.25;160,155.25;302,10.75;310.25,158.5
8170;60.25,240.75;95.25,84.75;121.25,145;218,0.75;65.5,54;166,103.75;293.5,37.75;298,112.25
20945;56,200.5;87.75,69;131.75,168.5;218,0.75;65.5,54;195,100.5;309.75,12.5;316,131.25
44819;50.5,242.5;87.75,69;161.75,124.25;239.25,39.5;76.75,15.75;195,100.5;309.75,12.5;339,78
35031;28.25,259.75;111.75,110.5;143.25,125;295.25,70.25;76.75,17;221,50.5;309.75,12.5;339,78
16959;11.5,262.5;71,141.25;189.25,112.5;295.25,70.25;82.25,24.25;235.5,47.75;309.75,12.5;324.5,62
13878;38.75,305.25;94.5,159.75;163.5,103.75;301.25,114.25;65.25,55.25;232.75,52.25;309.75,12.5;324.5,62
38862;33,259;85,158.75;160,58.5;281.25,70.75;65.25,55.25;222,85;309.75,12.5;358.75,79.5
46853;32.5,258.5;79.25,165;120.25,47.25;240.5,77.25;65.25,55.25;261,64.25;309.75,12.5;353.5,80
30102;5.75,292;75.25,165.5;99.5,58.5;240.5,77.25;64.5,94.25;261,64.25;309.75,12.5;353.5,80
23070;1.25,293.25;72,139.25;78,38;282.25,89.25;64.5,94.25;297.25,83.5;309.75,12.5;353.5,80
25372;1.25,293.25;30.5,119.25;72.25,32.75;259,110.25;63,95.25;297.25,83.5;319.75,31.25;346.5,51.75
13555;1.25,293.25;30.5,119.25;72.75,32.5;224.25,56.5;80.25,127.75;269.25,130.5;299,10.25;337,77.75
12159;1.25,293.25;20.5,153.25;78.5,8;225,57.25;81.5,170.5;212.5,125.5;279.75,60;337,77.75
50077;1.25,293.25;46.5,123;52.5,49.25;267.5,92;81.5,170.5;181,165.75;278,16;337,77.75
43675;1.25,293.25;3,109;32.25,77.5;267.5,92;81.5,170.5;178.5,102;227.75,46;296.75,83.5
14620;1.25,293.25;3,109;49.25,90.5;267.5,92;66.5,202;203.25,72.5;238,4;347,78.75
22624;1.25,293.25;38,135.25;108.5,108;267.5,92;130,196;186,29.5;238.25,3.25;321.25,64.5
4714;5.25,272.25;16,142.25;135.75,124.25;290.75,92.75;94.75,189;186,29.5;239,3.5;321.25,64.5
133;5.25,272.25;56,177.75;135.75,124.25;322.5,104.75;70.25,181.75;144.5,55.75;239,3.5;357.5,81
22590;62.25,250;68.25,130.75;112.25,105.5;322.5,104.75;44.25,136;164.5,100;238.5,41;357.5,81
34875;44,216.75;57.25,96.25;132,62;322.5,104.75;45.5,137.5;145,88;223.75,85.75;357.5,81
42143;52.75,239.25;75.5,51.75;132,62;356,102.75;56.75,95.75;145,88;223.75,85.75;348.5,83
2919;52.75,239.25;75.5,51.75;132,62;332,113.25;74.75,72.75;106.5,111.75;232.25,114.75;349.5,25
28411;52.75,239.25;75.5,10.25;104,86.5;331.75,112.75;56.25,91.5;74,114;232.25,114.75;338.75,21.5
9771;62.5,248.25;116,36;122.25,55.25;324.75,149.25;66,99.75;72,80.5;232.25,114.75;338.75,21.5
21181;97.25,247.5;116,36;123.5,55.25;362.5,112.5;20.5,119.75;49.5,130.5;232.25,114.75;297.5,63
36393;87.25,247.75;146.75,30;175,60.25;362.5,112.5;23,112.75;28.75,155;232.25,114.75;298.25,9.5
13785;130.75,254.5;146.75,30;160.75,109.25;318,139.25;18,145;22.5,113;218.75,105;298.25,9.5
45535;130.75,254.5;146.75,30;160.75,109.25;294.75,112.75;49.75,180.5;71.5,101.5;231.75,46;254.75,39
23754;130.75,254.5;141,35.25;160.75,109.25;259,110.25;26.5,182;49.5,96;209.75,96.5;292.5,25.5
30168;77.5,247.75;175.5,35.25;203.25,96.75;261,66.5;26.5,182;37.5,64.75;209.75,96.5;292.75,26
37168;39.25,239.25;215.75,62.25;232,135.75;286.25,56.25;28,182.25;37.5,64.75;209.75,96.5;267.25,40.5
20560;48.5,249.75;205.75,15.5;232,135.75;267,61.5;27.5,182.25;37.5,64.75;204.25,95.5;223.25,41.75
38962;48.5,249.75;185.75,1.75;247.5,127;302.25,64;27.5,182.25;30.5,86.25;186.25,95.5;255.75,16.5
5847;48.5,249.75;183.5,49.5;268.25,103.25;277.5,71;13.25,203.75;51.25,115.5;186.25,95.5;256.25,19.75
2902;48.5,249.75;203.25,99.25;280.5,142.25;306,102.25;5,236.25;36.75,79.5;186.25,95.5;255.5,19.5
34922;77.25,205.5;167.75,101.75;263,177;270.5,66.5;5,236.25;36.75,79.5;141.25,119.5;255.5,19.5
46523;89.5,176;154,98.5;240,219.5;270.5,66.5;4.25,232;78.25,87.25;141.25,119.5;255.5,19.5
9500;100.5,191.25;154,98.5;224.25,231.25;270.5,66.5;21.5,250;78.75,110.25;140.5,119.25;306.25,17
14056;100.5,191.25;182.5,91.5;203.5,246.5;219,69.75;19.75,248.75;78.75,110.25;125.25,156.25;324.75,51.5
25547;100.5,191.25;182.5,91.5;218.75,230.25;235.25,66;30.25,275.25;47,140.25;70.25,149.75;299.25,86
21456;75.5,177.5;213.75,53.75;218.75,230.25;273,70.5;5.25,288.5;31.25,188.75;70.25,149.75;304.75,94.25
13428;44.75,222.25;198.75,69.25;218.25,231.25;269,73.5;13.5,303.75;31.25,188.75;70.25,149.75;326.75,72.5
28646;43.25,222.25;189.75,10.25;200.25,234;212.75,77.25;20,294.25;31.25,188.75;114.25,148.25;326.75,72.5
27739;3,173.75;173,50.25;224,294.25;269.75,73.25;20,294.25;31.25,188.75;76.75,115.5;308.75,80
22792;39,217;185.5,105.25;224.5,293.75;265.75,17.5;23.75,300.5;73,221.5;76.75,115.5;308.75,80
13671;62.5,229;141.25,108.75;224.5,293.75;288,25.5;20.75,311.5;54.25,185.75;76.75,115.5;308.75,80
48323;39.75,266.5;140.5,107.5;241,309;260.75,27;20.75,311.5;69.75,163;84,132.25;308.75,80
38511;39.5,265.75;113.5,153.75;197,280.5;260.75,27;61.75,308;106.25,161.75;118.5,113.75;308.75,80
12797;21.5,228;168.75,163.25;238.5,272;260.75,27;61.75,308;79.5,184.25;99,136.75;292.25,121.75
24556;65.25,264.25;168.75,163.25;238.25,271.5;293.75,56;61.75,308;91.75,191;148.5,167.75;272,175
43761;65.25,264.25;168.75,163.25;251,257.25;293.75,56;23.75,300.5;139.25,199.5;148.75,203.5;300.75,153.5
39822;98.25,256;168.75,163.25;252.5,219;293.75,56;14.75,306.75;141.75,223;163.5,165.5;316,194.5
14635;92.25,231.5;167.5,162;283.5,194.5;288,101.25;14.75,306.75;141.75,223;163.5,165.5;295.25,197.25
5201;42.75,238.5;137.75,183;253.75,188;331.25,113;14.75,306.75;176,238.5;189.25,180.5;295.25,197.25
42927;14,264.75;163,171.75;253.75,188;290.25,111.75;4.75,308;146.25,271.75;186.25,198;295.25,197.25
11052;38.5,221.5;201,152.5;263.25,143.5;303,149;4.75,308;146.25,271.75;179.25,161.25;294.5,169
37451;34,270.75;161.75,150.5;247.5,109.25;303,149;4.75,308;130,295;214.25,143.5;266.5,170.5
35464;21.75,229.5;164,185;252.25,131.25;286.75,104.75;14.25,283.25;130,295;207.25,106;266.5,170.5
3793;11.25,265;134.25,215.75;269.5,150;283.25,109;14.25,283.25;109,290.5;207.25,106;273.5,133.75
26110;11.25,265;143.75,185;230.75,127;242.75,107.75;16.25,282.25;112.25,260;207.25,106;304,109.25
48242;10,227;143.75,185;223,113;242.75,107.75;40.25,265.5;139.5,248.25;184.5,99.25;298.75,113
41982;17.5,265;125.25,207.25;239.5,165.5;242.75,107.75;94.5,267.75;143.75,303.25;184.5,99.25;298.75,113
2297;8.75,307;77.5,223;201.75,194.75;269.25,137.75;70.75,288.75;143.75,303.25;184.5,99.25;297.5,111.25
9660;33,269.75;50.25,242.25;201.75,194.75;231.75,136;56.5,236.5;142.75,270.25;169.75,148.5;297.5,111.25
13439;33,269.75;86,256.5;201.75,194.75;211.75,135.5;83,269;104.25,283.25;131.75,127.75;293,51.5
23069;0.5,219.25;69,280.25;207.75,175;211.75,135.5;47.5,272.75;70,275.25;131.75,127.75;291.75,52.5
30115;44.5,238.25;69,280.25;150.75,184.5;166.75,182.75;58.75,271;126.75,276.5;170,103;291.75,52.5
38375;1.5,218;61,295;127.5,143.5;166.75,182.75;58.75,271;138.5,259.25;166.75,92;291.75,53.25
3875;9.5,177;56,243.25;112.5,199.25;127.5,143.5;18,231.75;169,277.75;185.25,37.5;291.75,53.25
14761;9.5,177;67.25,294;98,196.75;134.75,81.75;15.25,231.5;137.5,265.5;185.25,37.5;335.25,58.75
22983;19.25,141.75;67.25,294;76.25,232.5;185.75,59.5;27.5,203.25;137.5,265.5;237.25,26.75;303.25,90.75
39353;2,174;78,248.25;90.25,187;168,57.5;27.5,203.25;137.5,265.5;237.25,26.75;326.25,133
21534;2,174;79.5,187;142.25,183.25;148,47.5;12.25,196.5;137.5,265.5;234.75,25;359.5,158.75
35051;2,174;91.75,142.75;134.25,182.75;181.25,21.25;53.75,185.25;144.75,262.25;238.5,30.5;359.5,158.75
19163;2,174;118,146.5;144,129.25;145.25,47.25;40.25,178;142.5,301.5;239.75,33;359.5,158.75
6210;37,212;118,146.5;138.75,129;184,20.5;41.5,178.5;106,307.75;257.25,53;359.5,158.75
166;26.25,233.25;134,148.25;155.25,125.75;158,7.75;53,158.5;106,307.75;301.25,37;359.5,158.75
22343;26.25,233.25;165.25,97.75;176.25,111.5;184.5,22.5;51.25,157.25;168,278.75;301.25,37;356.5,173.5
22588;26.25,233.25;168.75,96.75;180.25,131.5;217.25,0.75;95,135.75;187,252.5;301.25,37;320.5,180.75
44616;61,238.25;163.5,96.25;199.75,69.25;216.5,2;53,187.75;187,252.5;301.25,37;307,235
21806;51.75,280.25;143,56.5;156.25,50;252.75,41.25;53,187.75;187,252.5;251.75,39.5;273.5,266.5
10151;39,243.25;119.75,21.5;127.75,29.5;252.75,41.25;72,168.75;188.75,254.75;251.75,39.5;273.75,240.25
38978;41.25,213.75;116,36;119.75,21.5;214.75,62;72,168.75;165.75,224.75;262.25,58.5;306.75,249.25
45101;52,177.5;123.75,5.75;131,48.25;194.5,61.75;72,168.75;135,265;260.75,58;306.75,249.25
45600;50.75,161.25;123.75,5.75;153.25,87.75;193.25,83.5;72,168.75;80.5,236.5;253.75,34.75;297.25,305.75
25821;29.25,202.75;97.25,32.5;150.25,124.25;193.25,83.5;69.25,152.75;88.75,248.25;222.5,75.75;297.25,305.75
29616;71.25,187.5;117.5,25;162,149.5;184.75,114;69,115.75;88.75,248.25;204.25,100;297.25,305.75
35640;50.75,239.75;112,25;120.5,123;189,117;77,131.25;123.75,208;204.25,100;297.25,305.75
38219;3.5,255.25;112,25;158.25,146.5;163.5,128;57.75,91.25;123.75,208;246.5,133.25;308.75,301.5
47142;3.5,255.25;131.25,64;138.5,118;160.25,178;25.75,124.25;138.25,173.75;217,117;308.75,301.5
48815;21,283.25;131.25,64;138.5,118;168.5,179.75;27,127.25;187.5,176.5;226,159;353.75,292.75
4019;68,280.25;102.25,54;108.75,122.25;139.5,223.5;31.5,178.75;187.5,176.5;268.5,197;353.75,292.75
43001;22.75,298.5;55.75,75.25;108.75,122.25;118.25,256.25;16.25,149.75;185.5,174.75;268.5,197;330.25,313.5
25619;8,258.25;30.5,30.5;108.75,122.25;143.75,264.5;20.75,118.25;156.25,138.75;232.75,191.25;330.25,313.5
19020;8,258.25;22.5,25.25;108.75,122.25;143.75,264.5;15,98.75;142.25,107.25;241.5,161.75;353,303.75
19819;17.25,251.5;22.5,25.25;108.75,122.25;138,224.5;9,145.25;129.75,126.75;275,196.25;327.5,319.5
43495;8.5,310.5;57,61;85.75,172.5;138,224.5;10.5,144;72.25,124.75;289,138.5;327.5,319.5
3983;8.5,310.5;41.5,84;84,173.25;171.25,266;5,128.75;119,113.5;299.75,151.5;327.5,319.5
17997;8.5,310.5;72.5,70;98.75,190;217.75,278.5;30.5,119.75;119,114;299.75,151.5;300.5,280.5
27484;47.75,264.75;71.5,84;148.5,209;245.25,292.75;30.5,119.75;119,114;294,143.75;297.5,294
38959;69.75,295.5;71.5,84;149.25,209.25;211.5,291.25;30.25,150.25;96,89.5;267.25,168.75;297.5,294
25824;73.5,286;97.75,114.5;180.75,254.25;203,246;61,175.75;96,89.5;268.75,168.5;297.5,294
5817;73.5,286;97.75,114.5;189.75,232.75;210.25,240.25;87.75,180;98.5,90.25;309.25,211.75;353.5,296.25
10012;73.5,286;111.75,113.5;137.25,224.25;265.5,238.75;100,135.75;159.25,96;309.25,211.75;341,294.5
35826;73.25,308.5;111.75,113.5;115.5,280;272.5,180.25;71,153.5;128.75,153;283.75,187.5;341,294.5
40114;101.5,314.5;110.5,104.5;115.5,280;282,217.25;106.25,128.5;114.25,198.5;259,169.25;341,294.5
8710;101.5,314.5;110.5,104.5;115.5,280;243.25,174.25;70.5,150.5;121.75,228.75;286,143.25;318.25,243.25
8383;101.5,316.75;104.5,67;134,246.25;207.75,166.25;70.5,150.5;148.75,278.75;286,143.25;319.75,244.25
14122;90.25,317.25;125.25,29.5;134,246.25;248,191.5;67.25,151.75;169.5,309;286,143.25;309.75,211.75
3124;44.75,299.5;118.25,19.75;138.75,225.75;295.75,180;24,122.75;169.5,309;286,143.25;308.75,211.75
48207;47.25,270.75;139.5,59.5;170,193.75;256.25,154.75;24,122.75;169.5,309;286,143.25;305,238.5
7166;65.5,309.75;163.5,38.5;185.75,156.25;256.25,154.75;24,122.75;184.5,293.25;306.25,121.75;323.5,205.5
31596;65.5,309.75;163.5,38.5;182.25,112;289,130.75;7.75,142;144.25,261.75;288.5,84.25;318,163.5
46495;73.5,281;162,83;176.5,85;289,130.75;7,144;187.75,276.25;259.5,114.25;318,163.5
1983;81.5,315.5;159,82.25;209.25,62.75;289,130.75;24.25,118.75;187.75,276.25;246.5,120.5;294,143.25
32079;81.5,315;170,49.25;220.5,16.75;289,130.75;24.25,118.75;186,232;269.5,137.5;327.25,162
41252;72.75,297.25;170,49.25;236.75,36.5;263,133.5;24.25,118.75;156.25,259.25;298.5,114.5;347.5,157
12692;124.5,272.75;182,49;212,29;280.25,109;23.5,120.5;193.75,247.5;298.5,114.5;347.5,157
6079;101.5,250.5;159.25,10.5;184.5,5.25;288,143;23.5,120.5;194.5,244;298.5,114.5;347.5,157
33012;49.75,285.75;103.25,19.5;181,49.5;272.25,110.25;23.5,120.5;225.25,186.5;298.5,114.5;347.5,157
14432;47.75,286.75;76.5,28.5;200.5,8;252,138.5;32.75,147.75;225.25,186.5;298.5,114.5;354,202
1923;34,314.25;93.5,11.75;192.75,10.75;289.5,167;32.25,148;181,163;298.5,114.5;354,202
9425;33.75,313.75;93.5,11.75;192.75,10.75;327.5,139.25;5.75,193;179,165.5;242.75,131.75;335.5,205
49738;33.75,313.75;119.5,45.75;192.75,10.75;306,136.75;8.75,203.75;153.25,221.75;265.5,120;274,223
16748;33.75,313.75;83.25,86.5;248.5,12.5;292.75,101.5;55,172.75;158.75,242;230,117.25;274,223
689;18,308.5;76.75,40.25;272,19;282,54;55,172.75;189,250.5;230,117.25;272,267.25
28784;56.75,286.25;68.25,76.25;236.5,70.25;272,19;55,172.75;184.25,299.75;211.25,176.25;305.5,278.25
21031;43.5,243;104.5,76.5;263.25,55.75;277.25,65;15.25,202.75;184.25,299.75;229.75,133;305.5,278.25
46769;59.5,217;111.75,123.75;257.5,62.25;277.25,65;15.25,202.75;182.5,319;204.25,96.5;310.75,277.75
45011;96.25,212.75;134.75,156.75;282.75,53.75;283.5,102;15.25,202.75;189.75,276.75;204.25,96.5;310.75,277.75
26727;76.5,165.75;134.75,156.75;277.25,106.5;294.5,134.5;40.5,252.75;208.25,251.25;256.75,82;310.75,277.75
7057;63.25,171.75;134.75,156.75;267.75,104;270,167.5;23.25,219;194.25,249.5;256.75,82;329.25,279.5
37338;74.25,156.75;91.25,149.25;246.75,129.75;247.25,126.5;23.25,219;147.25,249.5;256.75,82;330.5,279
48661;85.75,99.5;142.25,128.25;233.75,135.25;277.25,164.25;23.25,219;147.25,249.5;213.25,63.25;330.25,278
2287;86.5,113.75;105.5,140;233.75,135.25;277.25,164.25;15,206.75;146.75,249.5;171,50.5;335.75,290.5
2877;85,113.25;147.25,178;281,138;316,141.25;15,206.75;149.75,221.5;171,50.5;329.5,309.5
26491;113.75,122.25;121.5,140.5;281,138;308.25,112.25;20.5,198.25;111,223.25;176.75,52.25;329.5,309.5
5165;76.5,119.25;100,114;299.25,111.5;338,152.75;1.5,171.25;111,223.25;176.75,52.25;311.25,271.25
26101;65.5,84.5;100,114;322,123.25;340.5,156;1.5,171.25;114,217.75;143.75,88;299.25,291.25
40400;78.75,41.5;90.75,126.25;278.25,132;340.5,156;12.25,135.25;114.25,198.75;168,39;299.25,291.25
27386;78.75,41.5;90.75,126.25;306.5,111.25;340.5,156;9.75,185.5;80.5,163;185.25,84.5;252.75,308.75
16006;77.75,41.5;90.75,126.25;359,128.75;368.5,168.25;4.75,142;114.5,197.25;212.5,126;252.75,308.75
16714;84,58.75;136,125.75;368.5,168.25;369,147;46.5,141.75;99.75,152.25;180.75,163.75;252.75,308.75
39284;84,58.75;136,125.75;368.5,146.75;368.5,168.25;35.5,142.5;50,190.75;211,208.25;312.75,314.25
37391;135.75,20;161.5,58.5;336.25,151.5;368.5,168.25;5.25,195.25;81.25,141;225,230.75;312.75,314.25
28174;147.75,8;185.25,87.25;304.25,119.5;358.75,209.25;5.25,195.25;34.25,125;225,230.75;312.75,314.25
14468;147.75,8;185.25,87.25;304.25,119.5;354.25,214.25;18,144.5;24,119.75;259,233.5;316.25,300.25
40766;121,51;229,78;311.25,67.5;342,272.5;18,144.5;24,119.75;259,233.5;339.25,274
41508;72.75,32;198.25,53.75;311.75,67.5;315.75,242.25;5.75,143;48.5,87.5;259,233.5;339.25,274
43586;72.75,32.5;242.5,22.25;270.25,34;365.5,260.5;5.75,143;68.75,40.25;278.75,187;339.25,274
14874;52,50.75;262.25,8.5;276,40.5;335.5,254.75;5.75,143;68.75,40.25;333,181.25;336,261.25
30854;29.25,67.25;291.75,54;310.5,83.75;318.5,252;5.75,143;120.5,71.75;333.5,181.25;336,261.25
46522;29.25,67.25;267.25,94.75;310,69;360,249.75;5.75,143;143.75,51;312.5,162.5;353,230
14260;53.75,48.75;267.25,94.75;332.25,64.5;354.25,255.5;5.75,143;122,40;320,131.25;351.75,230.75
10157;3.5,50.5;268.5,73;309.25,100.25;360.5,202;5.75,143;90.75,63.5;320,131.25;351.75,230.75
31738;2.5,50;268.5,73;291.5,105.25;356.5,224;53.75,172.25;90.75,63.5;292.25,122.75;298.75,246
21100;3,50.25;248,116.5;268.5,73;360.5,213.75;39,198;65.5,57.25;292.25,122.75;318.5,249
6430;6.75,22.75;221.75,92;268.5,73;357.75,230;74.5,182.25;97.75,67.25;286.75,125.25;318.5,249
27643;6.75,22.75;184.75,61;268.5,73;357.75,230;25.5,174;144,88.5;312.5,80.25;354.5,213.25
38141;6.75,22.75;183,50.5;226.25,85.5;363.5,231.25;38.5,177.75;145.5,51.75;312.5,82.75;354.5,213.25
39642;3,50.75;155.25,53.5;278.5,63.5;317.75,260.5;38.5,177.75;163.5,90.5;312.5,82.75;354.5,213.25
11741;3,50.75;131.75,90.25;307.5,101.25;347.25,289.5;38.5,177.75;151.25,87.25;279.5,104.25;336,201.5
19824;3,50.25;183.75,78.25;285.75,52.25;338.25,301;40,139.5;151.25,87.25;226.5,106.25;336,201.5
20354;52.75,36.25;182.75,78;297.25,20.25;326,294.25;39,139.5;151.25,87.25;226.5,106.25;367.75,211.5
32113;65.75,79;161.5,34.5;290,3.5;326,294.25;39,139.5;172,51.25;251,91.5;367.75,211.5
32611;113.5,68;125.75,27.75;290,3.5;352.75,257;29,120;169.75,55.5;241.5,90.75;367.75,211.5
50280;67.25,98.5;97,58.75;290,3.5;348.5,254.75;8.25,150.25;185.5,70.25;266,59;367.75,211.5
33570;49.25,93;99.5,58.5;290,3.5;346.5,311.5;24.25,125.75;227.25,90.25;266,59;369.5,213.25
22027;35.25,112.5;88.75,44.5;285.5,56.5;285.75,321.75;24.25,125.75;227.25,90.25;265.75,58.75;320.5,217.5
19397;4,102.75;29.5,57.5;306.5,13.5;322,279.25;24.25,125.75;227.25,90.75;251.25,5.75;320.5,217.5
12107;5.25,85;26,84.25;317.75,39;320.75,278.5;24.25,125.75;216.25,140.75;251.25,5.75;329,211.75
12313;7.25,52.75;26,84.25;275.75,57;348.75,320.5;34,76.25;182.75,162;280.5,31.5;329,211.75
38931;2,23.5;53.75,57.75;287.75,75.75;306.5,314.25;34,76.25;182.75,162;259,47.75;329,211.75
31242;43.5,30.5;76.75,37;267,113.75;351.25,319.5;54.75,90.25;182.75,162;259.5,48.75;329,211.75
45070;43.5,30.5;75,21.75;233.25,122;356.25,313.25;98.25,107.5;182.75,162;259.5,48.75;331.25,177.75
34472;65,41.25;123.5,50.75;233.25,122;329.75,294.5;64.75,64.5;182.75,162;256.25,12.5;360.25,155
18860;67.25,40.5;97.5,26.25;250.5,155.25;321.75,260.5;64.75,64.5;186.25,134.5;284,37.5;360.25,155
16669;69.25,75.25;97.5,26.25;236.75,186.75;307.75,253.5;106,52.75;165.5,163.25;282.5,40.75;360.25,155
41964;35,61.75;148,46.75;236.75,186.75;280.25,287.5;71.25,11.5;205.5,173.25;282.5,40.75;360.25,155
8392;46,98.5;125,77;248.5,162.25;290.75,264.5;91.25,7.5;190.25,196;282.5,40.75;360.25,155
50173;34.75,61.25;125,77;273.25,165;280,287.5;91.25,7.5;219.75,210;302,63;360.5,149
40100;68.25,67.25;122.5,52.25;244,127.5;249.5,280.75;91.25,7.5;219.25,210.25;277.5,93.5;360.5,149
34126;102.5,48.5;145.25,50.5;200.75,84;233.75,230.75;91.25,7.5;172.75,232;277.5,93.5;359.5,167.25
29390;102.5,48.5;138.5,96.75;172.25,87.5;278,232.25;91.25,7.5;148.75,224;242.5,83.25;339.25,169
20981;87.5,73;166.25,101.25;197.25,85;278,232.25;62.75,13.75;140.25,256.5;242.5,83.25;323.5,162.75
21098;93.5,103.25;195.5,83.75;227.5,82.5;278,232.25;61.5,12.75;147.25,282.5;242.5,83.25;358.75,175
300;119.25,150.25;179.75,114;263,57.25;279,238.75;78.25,11;128.75,288.25;242.5,83.25;358.75,175
23831;119.25,150.25;221.5,82.75;257,33;323.75,208.5;127.75,23.25;186,288;242.5,83.25;349,136.75
31539;150,134.5;221.5,84;277.5,30.5;359.75,201;127.75,23.25;145.5,299.75;254.5,35.75;349,136.75
29932;130,96.25;209.25,60.75;277,23.25;301,207;127.75,23.25;195.75,319.25;219.75,79.75;349,136.75
14749;130,96.25;241,20.75;246,6.25;295.75,166.5;127.75,23.25;192.75,322.75;222.25,78.75;305.75,151.75
43230;130,96.25;241,20.75;246,6.25;309.75,110.75;86,24.25;169.5,313.5;199.75,65.75;271.5,121.5
45774;130,96.25;203.25,62.25;220,71;311.5,57.5;79.25,41.25;168.25,312.5;199.75,65.75;310.25,122.25
16242;163,98.75;218.25,22;222,109.5;305.75,27.75;79.25,41.25;169,311.25;247.25,33.75;310.25,122.25
26095;118.75,61.75;219.5,22.25;279.25,104.75;334.5,15.5;79.25,41.25;151.75,271.5;300,22.5;310.25,122.25
18869;85,108.25;269.5,35.5;303,158.25;332.75,15.5;79.25,41.25;151.75,271.5;337.25,3.75;358,156
49045;87.5,58.5;266.5,59.5;279.25,135.25;332.75,15.5;119.5,71.25;151.75,271.5;324.75,57.5;329.5,204.25
47171;118.25,18.25;278,24.75;314,120.75;339.25,36.75;119,78.75;151.75,271.5;324.75,57.5;355.75,162
22580;91,19.5;232,22.5;290.25,169.5;313.75,6.25;119,78.75;151.75,271.5;324.75,57.5;358.5,153.5
4886;143.25,22.25;244.5,13;270.5,129.75;313.75,6.25;118.75,106.25;181,290.25;324.75,2.75;358.5,153.5
42932;143.25,22.25;244.5,13;281.5,180.5;313.75,6.25;70.5,101.5;241.5,317;256.75,9.75;350.5,153.5
44843;113.75,77.25;196.25,6.25;226.75,201;284,52.75;77.5,101;186,315;256.75,9.75;350.5,153.5
13889;81.5,92.25;213,10.75;216.25,252.5;256.75,55.75;30.5,119.25;186,315;281,60.5;350.5,153.5
40217;30.75,76.75;170.5,49.5;249,248.5;302.25,37;14.5,91.75;186,315;242.75,96;350.5,153.5
31147;29.5,67.5;170,50.25;228.25,204;324.75,33.5;7.5,139.25;218.5,303.75;242.75,96;350.5,153.5
37763;68.75,51.75;164.75,16.25;228.25,204;360,34.75;27.25,94.75;218.5,303.75;241.75,96.25;352.5,192.25
16154;116.5,52.75;210.25,10;258.25,206.75;313.75,14.75;26.75,94.25;218.5,303.75;279.5,130.25;352.5,192.25
45878;143,19.5;210.25,10;294.5,230.5;317,3;27.25,94.25;218.5,303.75;320.5,159.75;354,205.5
25314;144.5,17.25;180.75,16.75;294.5,230.5;297,36.75;82,98.75;218.5,303.75;295,196.5;326.75,160.5
33049;122.5,11.5;182.25,13.5;275.25,255.75;297,36.75;82,98.75;275.25,304.75;306.25,244;327,124.25
4668;122.5,11.5;182.25,13.5;283,218.5;297,36.75;81.25,45.25;276.5,272.5;290.75,218.5;311.75,122
49988;103.25,69.25;154.75,29.25;288.5,169.25;297,36.75;32.75,76.25;287,315.75;290.75,218.5;331.75,96.25
19005;90.75,11;154.75,29.25;259,228.25;297,36.75;11.25,21.25;255.5,256.5;283.5,266.5;326,97.25
43185;111.5,35;177,49.75;209,198.5;297,36.75;3.25,13.25;276,223.5;283.5,266.5;326,97.25
50078;131.75,11;137,93.25;162.5,186.25;255.25,30;32.25,13.75;276,223.5;283.5,266.5;326,97.25
14312;145.5,56;157.75,142.5;183.5,147;268.75,33;32.25,13.75;276,223.5;283.5,266.5;314.25,41
26888;98.75,34.5;144.25,182.75;162.5,195.5;299,57.5;91.5,30.5;276,223.5;283.5,266.5;314.25,41.5
34614;98.75,34.5;168.25,183.25;209.5,204.5;244.75,42.75;91.5,30.5;270.5,273.5;273.5,264;353.5,50
8814;117.75,48.5;132.75,174.25;223.5,219.5;303.5,54.25;91.5,30.5;270.5,273.5;280.75,264.25;320,52.5
16973;76,14.25;164,140.5;242,216.25;284,57;91.5,30.5;270.5,273.5;280.75,264.25;294,2.25
28886;90.5,65;167.25,97.75;242,216.25;284,57;72.25,9.5;244.75,308.25;262.5,291;293.5,2.25
48403;90.5,65;160.25,149.5;272.75,190;297.75,111.25;96.25,24.75;244.75,308.25;262.5,291;326.75,35
26352;90.5,65;160.75,143;287.5,229.5;332.5,89.25;91,9;245,310.5;262.5,291;298.5,22.5
40073;131,20.25;177.5,148.75;283.25,171.75;335.75,102.75;91,9;245,310.5;262.5,291;273.25,62
31384;109.5,43.5;132.25,183.25;260,138;309.75,86.25;91,9;186.5,305.25;262.5,291;273.25,62
48892;109,44.5;132.25,183.25;286.75,101.5;297.75,93.25;73.5,26.25;186.5,305.25;237.25,267.5;304.75,25.75
12882;117.75,43.25;132.25,183.25;303.25,53.5;323.5,115.75;73.5,26.25;150.25,301.5;213,211.5;303.5,24.75
16452;81.5,62.5;132.25,183.25;294.25,53.5;353.25,97.75;74.75,26.5;108.25,318.25;213,211.5;296.5,38
4381;73,47.5;132.25,183.25;318,57.75;318.5,110.5;102.5,48.5;161,318;261.75,198;296.5,38
49409;73,47.5;114,200.75;276.75,18.5;318.5,110.5;59.5,14;159,315.25;293.25,196.25;297,51.5
9469;105,12.25;114,200.75;252.5,55.25;302.5,67.75;2,5.5;159,315.25;286.25,202;297,51.5
35508;105,12.25;114,200.75;254,58.25;295.5,53.5;13.75,3.25;159,315.25;281.75,218.25;336.75,50.75
8670;142.75,13.75;162.5,184.75;276.25,33;296,88;13.75,3.25;159,315.25;311.75,194.25;336.75,50.75
19680;142.75,13.75;162.5,184.75;277,18.5;296,88;27.5,34.5;153.5,298.25;345.25,223.25;354,79
13709;128.5,58.5;137.75,227.5;286.25,54.5;319,63;27.5,34.5;136.25,248.25;345.25,223.25;354,79
48918;96.75,19.25;114.5,282;281.5,73.5;317,111;36,56.75;137.25,247.5;345.25,223.25;354,79
14901;96.25,19.5;114.5,282;289.75,72.75;317,111;32.75,108.75;188,250.5;303,204.75;339.75,78.5
14252;98.5,58.5;114.75,316.5;289.75,72.75;317,111;37.25,75.25;186.25,254.75;310.5,160.5;340,73
36852;98.5,58.5;113.5,307.5;314,24.5;327.5,119.25;38.75,40.25;186.25,254.75;302.25,109;340,73
10592;98.5,58.5;152.75,259.25;314,24.5;327.5,119.25;57,93.5;152,300;311.25,107.25;336.25,97.25
18448;134.25,63.5;152.75,259.25;315.75,24.25;358.75,160.5;57,93.5;144,298.75;320,160;348,153.5
11050;86,31;129.75,282.25;311.75,52.5;358.75,160.5;12.25,70;144,298.75;319.5,131.25;354.5,190.75
38536;45.75,60.25;167.5,279.25;311.75,52.5;358.75,160.5;38.5,34.75;150.75,318;279.5,110.75;324.5,211.25
31697;45.75,60.25;118.5,292;311.75,52.5;358.75,160.5;5.5,14.75;183,304.25;319.75,142.25;326.5,243.5
42714;14.25,64.25;115.75,280.5;311.75,52.5;358.75,160.5;59.25,10.75;183,304.25;349.5,173;353.5,267.75
17937;36.75,98.25;115.75,280.5;278,33.5;330.5,138.5;120.5,38.25;183,304.25;294.5,142.75;348,268.5
32138;36.75,98.25;115.75,280.5;267,9.25;328.25,195;175.5,38.5;234,275;296.25,185.25;348,268.5
38664;8.75,90;115.75,280.5;293.75,8;351.5,198.75;156,52.5;239.75,256.75;298.75,153.75;348,268.5
126;34.5,56.5;87.5,324.25;294.75,55;351.5,198.75;120.75,20;191.5,234;262.5,176;348,268.5
12597;18.5,99.75;86.25,324;286,74.75;351.5,198.75;120.75,20;206.5,202.25;224.25,212.75;328.5,285
24871;67,125.5;86.25,324;286,74.75;363.5,208;73.25,11;206.5,202.25;274,192.25;311.75,314
39418;52,170.75;83,281.25;286,74.75;363.5,208;52.25,8;214.25,174.5;254.25,228.75;314.75,257
15229;34.75,221.75;81.5,286.5;286,74.75;363.5,208;16,3;215.25,167.5;282.5,196.75;300.25,296.75
24568;33.5,221.5;127,292.5;313.25,80.25;363.5,208;12.75,21.25;234.75,188.25;249.5,173.5;300.25,296.75
5628;65,202.75;159.25,306.75;330.25,117;343.25,231;12.75,21.25;246.5,204.25;249.5,173.5;300.25,296.75
24072;65,202.75;152.25,259.25;279.75,106.75;365.25,259;18,9.75;247.25,204.5;249.5,173.5;337.5,281
41156;65,202.75;164,228;330.5,93.25;353.75,242.5;15,16.25;247.25,204.5;249.5,173.5;337.25,280.5
50534;59.75,161.25;164,228;334.5,30.5;353.75,242.5;15,16.25;277.75,238.25;296.25,185.5;339.5,310.5
20184;79.25,142;164,228;271.5,19.25;320.5,232;7.75,34.25;272.75,188;328.25,195;339.5,310.5
43569;52.5,175.75;126.5,184.75;271.5,19.75;306.75,195;19.25,9.5;272.75,188;328.25,195;335.5,268.5
49535;52.5,175.75;150.25,160.25;280,75.75;341.75,242.75;18,68.75;222,195;335,171.5;335.5,268.5
29656;52.5,175.75;150.25,160.25;302.25,57;354.5,240.5;24.25,40.75;244.5,197;299.75,196.75;328.5,217.5
794;31.25,131.25;122.5,145.5;267,8.25;324.75,294.5;24.25,40.75;187.5,174.75;328.5,217.5;331,160.25
38196;40,179.5;137.5,127.5;267.25,18.5;351,306.5;24.25,40.75;158.5,197;328.5,217.5;344.75,187.25
10348;38,121.25;109.25,165.75;290,5;299.75,321.75;24.25,40.75;159,222;328.5,217.5;344.75,187.25
4439;46,64.75;144.75,188.75;271.5,17.75;348.75,289.25;15.75,40.25;159,222;328.5,217.5;330,163
38251;27.75,55.25;144.75,188.75;275.25,15.75;302.75,317.75;5.75,44.75;159,222;292.75,187.25;355,155.75
41500;4.25,64.25;144.75,188.75;258.75,17.5;302.75,317.75;15,70;103.75,201;262.75,218;335.75,149.5
787;6,49.5;188.75,183.75;257.75,19.75;302.75,317.75;19.5,70;88.5,190.5;278.25,206.25;335.75,149.5
20567;6,49.5;188.75,183.75;272,32;302.75,317.75;46.25,42.5;99.5,190.5;233.5,193.25;340,204.25
42691;5.75,50.25;205.75,139.25;272,32;347.25,274.25;11.75,5.75;99.5,190.5;178,172.75;340,204.25
802;20.25,85.5;182.75,156.25;259.25,30.75;347.25,274.25;11.75,5.75;53.25,221.25;172,161.25;347.25,207.25
2347;63.75,86;170.25,141.5;275.5,2.75;347.25,270.5;11.75,5.75;14,202.25;208.75,177.5;347.25,207.25
33118;85.75,147.75;170.25,141.5;269,32.5;304.5,302.25;11.75,5.75;57.5,194.5;211.25,141;352.25,153.5
11100;63.5,148.25;170.25,141.5;264.75,88;354.25,321.25;11.75,5.75;56.5,194.5;187.75,134.5;336,163.75
15226;75.25,145.25;145.75,190.5;264.5,90.75;360.75,296.25;11.75,5.75;77.75,202.5;187.75,134.5;308.5,115.5
31867;96,164;113.5,160.75;280.25,70.5;330.25,266;11.75,5.75;105,200.5;232.25,115.5;308.5,115.5
25030;72.5,183;142.25,147.5;280.25,70.5;329.75,266.5;11.75,5.75;77,163.5;278,125.5;312.5,63.75
3986;72.5,183;144.25,152.75;280.25,70.5;329.75,266.5;44.25,8.75;93.25,158.5;296.25,87;333.25,58.25
47776;72.5,183;144.25,152.75;299.25,55;326.75,267.25;78.25,11.75;99.5,189.5;286.25,93.75;333.25,58.25
38567;82.5,221.5;147.75,186.5;326.75,14;326.75,267.25;65.75,8.5;99.5,189.5;277,36.75;332.25,58
18794;82.5,221.5;153.5,159;313.25,2.25;326,267.25;44.75,47.5;107.5,162;257,9.25;332.25,58
37877;82.5,221.5;168.5,163.5;313.25,2.25;326,267.25;22.25,94.75;136.25,171.25;269.25,56.75;341.5,96.75
34548;82.5,221.5;159.25,210.25;313.25,2.25;326,267.25;7,139.25;119.5,162.75;251,28.25;339.5,82
37948;28.25,197.75;127,246.25;275.25,17.5;298.75,250.5;7,139.25;152,163;207.5,65.5;339.5,82
8189;27.25,197.5;127,246.25;299.25,55.5;334.75,266;7,139.25;193.5,173.25;218,51.75;319.75,51.75
18912;68.5,171;139.75,227.5;299.25,55.5;356.5,224;7,139.25;178.25,187;216.25,35.5;348.25,29.5
50319;48.75,182;139.75,227.5;283.25,42.25;356.5,224;9.5,135.25;153.5,222.5;201.25,6.5;347.75,28.25
48334;15.25,152.75;160,217.75;297,14.5;356.5,224;34.5,125.25;121,251.5;201.25,6.5;347.75,28.25
41945;15.25,152.75;160,217.75;297,14.5;344,225;86,132.25;148.5,245.5;170,32;360.75,49
41177;15.25,152.75;103.75,219.75;296,20;353.5,241.75;104.5,137.75;151.5,203;194.25,41.25;360.75,49
11925;8.5,104.75;58.25,209.75;286.25,74.25;352.5,255.75;104.5,137.75;151.5,203;221.5,54;338.25,83
7217;33.5,76;75.5,165.75;284.75,26.25;302.5,251;104.5,137.75;162.25,230;221.5,54;338.25,83
28835;12.75,48.5;34.25,193;292.25,52.5;302.25,250;104.5,137.75;162.25,230;170.5,48;341.75,50.5
14739;3.25,6.75;74.75,186.5;309,115.25;365.5,244.5;104.5,137.75;133.5,194.75;170.5,48;341.75,50.5
38900;37,37;37,234.5;309,115.25;345.75,230.25;81.25,156.75;133.5,194.75;139.75,73.5;335.25,60.5
42651;37,37;55.5,229.25;314.25,99.5;363,227.75;77.25,189.5;133.5,194.75;143.5,68.75;320.5,26.75
2116;22,63.25;33.5,241;324,149.5;349.25,231.25;77.25,189.5;161,203.25;163.75,48.25;320.5,26.75
11371;11,47.25;33.5,241;269.75,169.25;343,270.25;38.5,192;162.25,153.25;195.5,95;320.5,26.75
84;3.5,109;25.25,231.5;285,141.75;348.25,290;38.5,192;162.75,152.25;195.5,95;319.5,26.75
39595;43.25,138;43.5,260.5;341,158.5;348.25,290;38,191;162.75,152.25;195.5,95;289,14.25
45306;43.25,138;43.5,260.5;326.75,140.75;358.75,230.25;1.5,240.75;149.5,163;156.25,81;289,14.25
3830;43.25,138;43.5,260.5;314.25,161;358.75,230.25;10.75,283.75;164,152.75;191.75,88.75;283.5,36
41219;17.5,144.25;86.75,291;279,189.5;354.5,183.25;10.75,283.75;164,152.75;186.75,98.5;310.5,81.75
39278;46.5,125;86.75,291;279.75,165.75;362,189.75;38.25,231;178,183.25;186.75,98.5;311.75,82
20911;1.5,93.25;86.75,291;266.25,120.5;353.5,242.5;55,252;166.25,226.5;186.75,98.5;311.75,82
21732;42.75,66.25;95.75,313.25;287,168.75;315.75,244.75;8.75,232.5;166.25,226.5;186.75,98.5;311.75,82
14277;55.75,97.25;88.5,286;253,172.75;304.75,192.5;8.75,232.5;184.25,178;233.25,66.75;311.75,82
35601;37.5,59;88.5,286;253,172.75;328.25,211;19.25,203.25;191.5,165;254.75,75.5;323,35.75
38496;38.25,58.5;88.5,286;253,172.75;300.25,188.5;14.75,143.75;145.25,163.75;249,133.75;280.5,10
49090;38.25,58.5;88.5,286;253,172.75;300.25,188.5;12.75,136.25;187.75,184.25;263.25,101.25;310.25,25.75
50220;41.25,67.25;88.5,286;253,172.75;326.25,193.75;23,189;229,149.5;241.25,137.5;266,44
14111;41.25,67.25;80.5,300.5;259.5,180;349.25,230.75;23,189;240.75,133.75;244.25,115.75;254.5,6.25
24431;41.25,67.25;133.25,289.25;259.5,180;345.5,225.5;12.25,142.5;240.25,134;249,80.25;250.75,34
4647;41.25,67.25;133.25,289.25;259.5,180;294.5,246.75;13.75,93.5;206,154.75;210.5,98.75;279.75,11.75
4184;41.25,67.25;133.25,289.25;275.5,201.25;301.5,237.25;27,33.5;203.75,147.5;219.5,65;276.25,22.75
29236;69.5,48.25;128.5,239.25;299.75,229;317.5,233.5;84,15.5;185.75,133;219.5,65;276.25,22.75
25957;54.25,57.25;88,222.25;278.25,219.5;317.5,233.5;94.75,68;140.75,159;189.75,26.25;276.25,22.75
8229;59.75,9;66.5,255.75;278.5,220.5;357.75,216.5;94.75,68;125.25,199;180.25,32;276.25,22.75
49563;59.75,9;66.5,257.25;239,214.5;357.75,216.5;144,88.75;147.25,235.5;180.5,31.5;329.5,4.25
2856;71,28.25;97.75,253.5;239,214.5;322,213.5;110.75,116.75;147.25,235.5;180.5,31.5;324.5,62
17577;71,28.25;133.5,285.5;239,214.5;322,213.5;90,107.5;123,264.75;139.75,21;328.25,6.75
31036;125,38.75;133.5,285.5;219.25,242.25;321.25,213.75;117,91.5;123,264.75;189,31.5;329.25,33
29154;113,32.5;133.5,285.5;209.5,261;341.5,210.5;100.75,123;123,264.75;197.75,87.75;330.25,33
17994;116.75,84.75;155.75,248.5;218.25,259;349.25,214;122.75,162.5;123,264.75;197.75,87.75;330.25,33
23585;146.5,41.25;156.25,248.25;218.25,259;364.5,250;121.5,198.25;166,293;226.75,67;330.25,33
10227;120.25,79.5;160.75,218.25;264.5,244;364.5,250;131.75,199.5;166,293;226.5,67.25;312.5,65.75
8843;73,89;160.75,218.25;312,239;365.5,256;125.25,200.75;127.25,318.25;226.75,116.25;312.5,65.75
12428;17.5,116.75;132.75,216.5;313.25,300.5;328.75,275.5;124.75,201.25;127.25,318.25;226.75,116.25;338.5,31.75
48761;0.75,142;164.75,246;312.75,299;360,298;67.75,181.75;122.5,275.75;226.75,116.25;338.5,31.75
33423;3.25,186;164.75,246.5;285.25,287;360,298;44,163.75;139.75,272.75;226.75,116.25;357.5,7.5
20329;5.75,184.25;136.75,288;281.25,256.25;359,296;24,201.75;111.25,292;226.75,116.25;357.5,7.5
2557;16.5,139.75;115.25,311;281,256.75;340.75,258;5,196;111.25,292;227.75,120.75;357.5,7.5
17358;16.5,139.75;141.75,299.5;296,304.5;348.5,254.75;11,173.75;158.75,301.25;246,76.5;357.5,7.5
24751;24.75,170.25;92.5,283.75;278.25,296.5;325.5,208.75;30.5,229.5;158.75,301.25;246,129.75;357.5,7.5
29541;45,161;99.25,252;299.75,319.25;319.75,232.5;55.75,221;147,259.25;246,129.75;357.5,7.5
43620;73,111.25;99.25,252;299.75,319.25;365.25,248.5;7.75,229.5;138.25,268.5;245.75,134;300.25,10.5
48426;73,111.25;99.25,252;310.25,317.75;330.75,270.5;32.25,215.5;103,276.75;245.75,134;300.25,10.5
27633;107.75,122.75;122.5,214;264.5,309.75;334.25,299.25;47,249;103,276.75;245.75,134;300.25,10.5
13619;74.25,156.75;78.5,232.75;220.75,302.5;331,270;38.5,229.25;103,276.75;245.75,134;300.25,10.5
816;74.5,113.5;91.25,284.75;170.25,289.5;340.75,257.25;22,191.25;103,276.75;270.5,131.25;300.25,10.5
5232;13.5,118.75;90.5,284.75;179.25,260;340.75,257.25;31.75,186;81.75,253;270.5,131.25;354.5,14.5
29515;30.5,156.75;101.75,321.75;200.5,269.5;340.75,257.25;57.25,153.5;81.75,253;269.75,130.5;338.5,33
14057;30.5,156.75;99.25,322;239,258.5;322.25,230.25;103.5,136.75;131.25,264.25;262.75,119.25;338.5,33
9283;13,176.5;99.25,322;239,258.5;322.25,230.25;88,137.25;134.75,310;284.25,92.5;331.25,34.25
7902;11,177;99.25,322;254.5,248.5;322.25,230.25;103,183;134.75,310;328.5,82.25;355.5,18
39566;16.25,141.25;90,314;241,209;321.25,262.5;103,183;144.75,272;337.5,123.75;355.5,18
46092;57.5,170.25;90,314;257.75,237.5;264,256.25;95,169.25;194.25,250;327.25,81.75;355.5,18
46144;13.75,170.75;90,314;277.5,261.25;290.75,262.75;96,171.5;194.25,250;331.25,58;355,25.5
12911;13.75,170.75;87.5,323;277.5,261.25;290.75,262.75;97.5,109.25;162,225.75;302.25,15.75;363.25,39.5
16969;13.75,170.75;86.75,298.75;247.25,300.75;316.25,230.25;74.75,59.75;127.5,264.75;241.25,46;363.25,39.5
31129;41,179.5;109.5,311;248,302;301.25,207;28.5,32.25;127.5,264.75;254.75,76.5;363.25,39.5
35837;41,179.5;138.5,313.25;245,303.75;255.25,194.5;70.75,12.75;127.5,264.75;252.75,98.75;362.5,36.75
41680;41,179.5;166,289.75;289.75,311.75;297.5,167;15.25,13;154.25,298.5;252.75,98.75;362.5,36.75
44012;36,214.75;203.25,316;248.75,282.75;256.75,159.5;15.25,13;154.25,298.5;252.75,98.75;323.75,4.75
7801;44.5,239;192.5,268.25;248.25,282.75;256.75,159.5;15.25,13;167,300.25;207,92;355.5,9.5
26643;44.5,239;208.75,266.5;245.5,219.75;297.5,114.75;13.5,12.5;175.5,306.75;211.75,108.5;355.5,9.5
4195;58.5,235;215.25,218.75;262.75,169.75;334.75,107.75;18.75,20;175.5,310;211.75,108.5;355.5,9.5
47426;54,188;176,221.5;303,159.25;330,112.5;11.5,51.75;175.5,310;211.75,108.5;355.5,9.5
27051;92.5,184.75;136,202;263.25,167.25;323.5,64.75;11.5,51.75;185.5,304.75;211.75,108.5;355.5,9.5
44717;104.25,221.75;115.5,163.75;270.75,164.75;334.75,101.25;11.5,51.75;185.5,304.75;258,127;355.5,9.5
8591;47.5,248.25;109.5,109.5;278,141.75;368.25,146.5;11,51.75;166,298.75;258,127;355.5,9.5
27874;94.5,233.5;122.5,55.75;278,141.75;368.5,146.75;55.25,10.75;176.5,231.5;238,132.75;355.5,9.5
44705;86.75,195.75;110.75,20;323.5,116.25;359.25,123.25;55.25,10.75;155.25,202.75;238,132.75;343.25,60.75
33294;86.75,195.75;97,12.25;299.25,120.5;359.25,123.25;53.25,11.25;150,177.5;257.5,176.75;352.25,62.5
9374;84,195.5;97,12.25;299.25,120.5;331,134;33.25,57.5;192.5,173.75;203,176.5;297.5,57.25
20893;84,195.5;97,12.25;239.5,113;331,134;37.75,111.25;234.25,186;242,132.75;312.25,81.5
17283;84,195.5;131.5,3.25;268.25,70.5;331,134;36.5,111.5;189,214.75;246.5,193.5;286.5,134.5
29076;99.25,247.5;146.25,51;268.25,70.5;331,134;7,68.5;148,258;189.25,182.5;284,133.75
12607;89.75,213;130.25,92.25;263.75,65.5;339.5,143.5;4,31.5;148,258;189.25,182.5;252.5,120.5
116;89.75,213;135,129.75;291.75,52.5;316.5,149.5;4,31.5;155,301.5;213.25,149.25;253.75,120.75
5916;89.75,213;135,129.75;315,5;316.5,149.5;0.75,38.25;168.75,312.25;191,103;224.25,134
45100;96.25,230.25;154.5,97.5;311.75,53;334.25,98.25;0.75,37.75;168.75,312.25;201.75,105;224.25,134
18852;96.25,230.25;154.5,97.5;269.25,60;367.75,73.25;2.5,70;172,322.75;208.25,143.5;257.25,144.25
31839;139.75,195;207.25,78.75;215.5,54;347.25,22.5;2.5,70;170.5,323.25;208.25,143.5;257.25,144.25
28698;157,228;206.25,77.75;243.75,32;303.25,56;2.5,70;171.25,298.25;208.25,143.5;257.25,144.25
36948;172.5,278.5;243.25,98;255,85.5;259.75,72.75;2.5,70;204.75,284.75;208.25,143.5;257.25,144.25
31536;172.25,233.5;207.75,63.25;269.25,77.5;292,101.25;11,58;204.75,284.75;208.25,143.5;295.25,186.5
33436;136.75,224.25;216.75,61;269.25,77.5;322.25,128.25;18,60.25;204.75,284.75;209.25,143.75;297.75,225.5
2766;138.25,224;226.5,56.5;268.5,105.75;344.25,157.5;18,60.25;204.75,284.75;209.25,143.75;313.75,253.75
3015;138.25,224;252.75,31.75;268.5,105.75;344,156.5;42.25,58.5;169.75,299.25;196,90.25;310,273
39794;176.5,174.25;282.25,38.25;296.75,106.25;343.75,157.75;33.5,77.25;169.75,299.25;196,90.25;341.75,277
10200;126,146.5;244.5,38.75;278.5,129;287.25,164.25;34.5,77.5;169.75,299.25;196,90.25;318.75,244.5
37686;160.75,147.5;220,16.5;263.75,173.75;281.75,164;5,39.75;169.75,299.25;196,90.25;318.75,244.5
28840;160.75,147.5;220,16.5;277,229;281.75,164;33.75,49.75;122.25,302.75;163.75,52.75;319.5,197.5
25475;133.75,149.5;180.75,16.75;290,209;293.75,115.5;33.75,49.75;122.25,302.75;210.25,45.5;326.5,164
5764;119.75,123.75;165.5,5;259.5,180.75;278.5,71.5;33.75,49.75;122.25,302.75;209,67;351.5,151.5
17354;119.75,123.75;176,37.5;259.5,180.75;278.5,71.5;14.5,98.75;103.5,305;171.5,50.5;336.75,130.5
3374;148,157.25;176,37.5;240,190.5;310.75,96.25;18,98.75;85.75,304;155.25,16.25;336.75,130.5
15331;148,157.25;169.25,90;210,180.25;358.25,80.25;57,133.5;86.5,267.5;122.75,18.5;336.75,130.5
10263;175,163.75;189.5,49.25;239.5,202.25;316,51.5;57,133.5;84.75,269.5;120.25,62;336.75,130.5
13497;176.75,111.75;214.5,78;239.5,202.25;330,5;52.75,126;60.5,240;149.25,32.25;336.75,130.5
25558;176.75,111.75;196.5,83.75;239.75,203.25;292.75,2.5;36,76.25;60.5,240;147.5,52;344,137.75
14100;136,129.75;192.25,83.5;281,192.75;354.75,23.75;19.5,29.75;27.5,202.5;147.5,52;344,137.75
36828;96.25,161.25;192.25,83.5;281,192.75;354.75,23.75;12.25,17.5;56.5,176.75;119.75,104.75;308.25,172
40005;129.25,150.25;192.25,83.5;293.75,167.5;364,31.75;12.25,17.5;50.75,144.25;97.25,65.5;315.5,169
50215;158,160;182.5,86.25;277.5,164.5;335.5,58;12.25,17.5;49.75,144;97.25,65.5;302,197.5
39281;159.75,184.5;196,49.75;269.75,168.25;336.75,58.25;29,50.25;36.25,176;97.25,65.5;302,197.5
8051;159,173.25;196,49.75;303.75,156.25;336.75,58.25;4.5,32;10,156.75;94,33.25;343,204
18315;139.25,224.75;220,33.75;257.75,173.75;300.75,53.75;3.75,32.75;10,156.75;140.75,20.25;343,204
1407;139.25,224.75;226.25,56.75;231.5,128.75;249,67.25;3.75,32.75;8.5,128.5;140.75,20.25;335.5,184.75
32011;125.25,278.5;205.5,45.25;242.5,119.25;278.5,102.75;3.75,32.75;8.5,128.5;140.75,20.25;354,183.75
11997;145.5,259;155.75,41.5;212.75,163.25;270.25,97;3.75,32.75;8.5,128.5;161,48.5;323.25,163
28276;145.5,259;155,41.75;234.75,199.25;303,72.5;7.25,14.5;14.25,94.75;111.5,77.5;323.25,163
28746;145.5,259;177.5,58.75;204.25,177;286,71.25;7.25,14.5;64.75,87;120.25,76.75;311.5,198
42010;145.5,259;187.25,13.5;218,230;275.25,66;30.25,29;91,107.5;119,78.75;311.5,198
45750;171.5,230.75;187.25,13.5;218,230;275.25,66;73.75,10.25;99.25,81.25;100.5,107.5;353.5,199.25
33031;156.5,261;217.75,1;218,230;322.25,37.75;73.75,10.25;74.25,56.5;94.25,120.25;329.5,178.25
34085;109.5,282.5;217,2.75;275.75,213;322.25,37.75;66.75,29.75;74.25,56.5;127.75,106.5;352,153
6315;81,298.5;248.75,8.5;300.25,246.25;322.25,37.75;52.75,33.5;60.75,93.5;127.75,106.5;334.75,133
28759;24.25,277.25;248,7;298.75,304.25;322.25,37.75;63.75,91.25;68.5,38.5;89.75,71.75;334.75,133
6132;57.75,234.25;260.5,17.75;285.5,318.75;286.75,53;29,56.5;63.75,91.25;89.75,71.75;332.75,137.5
43365;15.75,264.5;272.75,23.5;299,317.75;302.25,36.5;29,56.5;86.5,110;89.75,71.75;332.75,137.5
6236;12,309;220,48.75;258.25,289.75;329.25,7;5.25,55.5;86.5,110;89.75,71.75;296.75,115.75
6805;4.25,300.5;199.75,61.25;203,260.5;329.25,7.5;12,30.5;86.5,110;131.25,23.75;296.75,115.75
24482;5.5,303;181,72.75;196.25,259;276,34.5;2.75,17.75;108.75,137.75;131.25,23.75;296.75,115.75
16354;38.75,311.75;222,110;264.75,256.75;287.25,55;2.75,17.75;125.75,198;131.25,23.75;296.75,115.75
5419;38.75,311.75;229.5,53;253.75,309.25;275.75,106;19.5,36;125.75,198;146.75,52.25;294.25,90.75
10712;50,253;229,52.25;243.75,257.25;275.75,106;77.5,25.25;130,252.5;137.75,72.75;294.25,90.75
22981;83.75,266.75;229,52.25;243.75,257.25;271.25,73.75;77.5,25.25;121.25,199.25;169,49.5;350.75,82.5
33821;83.25,268.25;214.75,5.25;217.75,247.25;265.25,93;120,41.5;121.25,199.25;169,49.5;334.75,33.75
35265;34,242.75;214.75,5.25;253,286;265.25,93;82.25,25.25;121.25,252.75;183.25,70.25;319.75,24.5
14758;36.75,230.25;214.75,5.25;253.75,286.5;268.75,71.75;70.5,34.25;82,235;183.25,70.25;286,12.75
25877;33.25,238.75;216.75,46.5;253.75,286.5;271.75,26;70.5,34.25;102.25,268.25;145.75,50.5;286,12.75
39983;48.25,238;156,33.75;228,271.75;285.5,75.25;74.5,24.75;102.25,268.25;148.75,57.25;286,12.75
22540;34.75,241.25;164.75,74.5;228,271.75;293.75,106.75;74.5,24.75;82.75,283;120.5,47;294.5,52.5
4614;34.75,241.25;199.75,61.75;204.5,310;331.75,81;38.75,54;82.75,283;121.25,48;280.5,42.75
9599;34.75,241.25;156.75,45.25;218,265.5;339.5,33.75;37.75,54.5;82.75,283;143.75,52.25;312.75,3.5
9438;85.25,228.5;156.75,45.25;178,241.25;366.75,69.75;37.75,54.5;81.75,284.5;143.75,52.25;355.5,5
5887;88,176.25;161.5,36.5;203.5,236.75;356.75,94.25;3.25,91.75;89.75,245.75;143.75,52.25;355.5,5
5122;88,176.25;161.5,36.5;203.5,236.75;357,130.5;21.25,99.5;116.25,241.5;174.5,40.5;343.75,48.5
37547;112.75,126.5;149.25,81.5;242,279.75;349.25,167.25;37.75,100;116.25,241.5;218.75,76;343.75,48.5
6583;95,155.25;149.25,81.5;285,322.75;303.75,132.75;21.25,140.75;113.25,274;249.5,57;343.75,48.5
11616;76.75,200;181,38.5;297.75,319.5;323.75,137.75;21.25,140.75;113.5,273.75;249.5,57;343.75,47.25
26870;34.75,206.25;185.25,87.25;290,319.5;293.75,167.5;21.25,140.75;111.25,316.5;249.5,57;343.75,47.25
5556;34.75,206.25;185.25,87.25;254.25,279;300,211;23.5,171.75;159.25,302;197.75,41;302.5,38
47395;20.5,176.75;172.75,69.75;223.5,243.75;318,201;23.5,171.75;176,305.25;197.75,41;302.5,38
7179;8,190.5;154.5,96.5;185.25,254.75;318,201;23.5,171.75;158.75,301.25;239.25,11;270,25
37623;23.25,222;143.25,112;145,225.25;347.75,197.25;23.5,171.75;158.75,301.25;238.75,10.75;330.5,8.25
33008;23.25,222;200,100.25;201.5,188;350,230;8,171.5;129.5,289;177.75,28.75;330.5,8.25
14192;25.5,222;160.5,96.25;238.25,146.75;334,217.5;8,171.5;162.5,260;169.5,28.5;330.5,8.25
26053;45.25,213.25;150,129.5;248.5,120.5;355.5,162.25;27.75,227.75;162.5,260;163.5,69.75;330.5,8.25
40712;56.25,250.5;107.5,105.5;213.5,81.5;322,124;18.75,192.75;130.75,281.75;163.5,69.75;330.5,8.25
44644;98.5,282.75;160.5,109.5;213.5,81.5;345,158.75;4.75,195.25;90,282.75;163.5,69.75;330.5,8.25
25042;128.25,239;177.5,85.75;213.5,79.5;303.5,190.75;9,173.5;90,282.75;162,49;330.5,8.25
33234;128.25,239;135,93.25;204.25,62.25;323.25,207;46.5,137;86.25,268.75;156.25,42.5;330.5,8.25
42452;113.25,252.75;135,93.25;230.5,105.25;303,251.75;46.5,137.5;105.5,281;162,32.25;330.5,8.25
12484;131.5,240.75;171.25,134.75;198.25,62;283.25,286.5;28,93.75;123,283;162,32.25;330.5,8.25
40603;142,239.75;171.25,134.75;225,53.75;282.5,286.5;28,93.75;149,317.5;167.25,14.75;308.5,13.25
28099;124.5,272.75;194.5,93.5;210.75,13.75;293.25,319.5;27.25,94.25;157.75,318;167.25,14.75;308.5,13.25
23038;153,309.25;194.5,93.5;211.75,12.5;316,309.25;15.5,150;157.75,318;177.75,11.5;352.25,10.75
5612;97.75,284.25;157.75,108.25;282.75,10.25;343.25,240;15.5,150;157.75,318;231,59.25;352.25,10.75
25927;98,284.75;158,127.75;330.25,12.5;361,279.25;40.5,198;170.75,314.5;231,59.25;352.25,10.75
25389;98,284.75;187.25,152.75;330.25,12.5;361,279.25;68.5,210.5;126.5,275.25;213.5,105.75;351.75,44
44531;98,284.75;158,125;330.25,12.5;361,279.25;74.75,195.5;153,237.25;253.25,70;305.25,25.75
35708;57,284.25;131.25,102;279.5,15.75;361,279.25;102.75,229.75;196.5,214;223.75,84.75;305.25,25.75
4196;57,284.25;131.25,102;273.25,38.75;361,279.25;78.25,222.25;194,176;278.25,107.5;355.25,16
20099;65.75,293.25;131.25,102;273.25,38.75;361,279.25;117.25,237.25;208.75,175.75;299.25,109;348,24.25
21238;56.5,241.5;152.5,110.25;273.25,38.75;356.5,288.5;117.25,237.25;186,177;317.75,112.25;347.75,23.75
31335;83.25,207.5;162.5,144.5;265,25.25;356.5,288.5;101.5,270;187,232.5;312.5,62.75;347.75,23.75
42021;83.25,207.5;162,124.5;250,18.25;348.75,320.25;146.5,301.25;176,197.5;312.5,62.75;347.75,23.75
6890;83.25,207.5;162,124.5;250,18.25;305.5,302.25;154.75,318.5;185,199.75;250.5,70.5;305.25,7
19012;42.75,199.5;163,149.5;272.5,74.25;366.25,315.5;154.75,318.5;185,199.75;207.25,72.5;307.25,12.5
34117;52.5,215.25;216.75,159.5;271,101.25;364.25,290;154.75,318.5;160.25,224;207.75,72.5;307.25,12.5
11606;17.25,170.25;239.5,165.5;265,133.25;314,263.25;154.75,318.5;160.25,224;207.75,72.5;286.5,28
4394;67.75,165;258.25,167.25;290.75,175;319.25,239.5;154.75,318.5;160.25,224;207.75,72.5;257.25,51
24924;77.75,141;258.25,167.25;290.75,175;319.25,239.5;128,294.5;158.25,272.5;202.25,86;303.25,56.75
44945;59,148.5;247,135.5;287.25,168;340.5,243.75;128,294.5;173.75,309.75;193,85.5;303.25,56.75
26704;91.25,141.5;213.5,157.25;251.5,154.75;311.25,222.75;83.25,283;174.25,309.75;193,85.5;303.25,56.75
10695;92.75,188.5;168.75,186.25;251.5,154.75;301.25,188.25;46,260.5;174.25,309.75;238.5,85.25;264,78.5
13732;78,139.25;203.5,176.5;224.5,191.25;286.75,138.25;73.75,222.5;174.25,309.75;238.5,85.25;263.5,77.75
48466;37.25,139;203.5,176.5;254.5,153.25;284,102;73.75,222.5;174.25,309.75;236.5,118.5;253,55.25
18202;12,177.5;165.5,147;240.75,199.25;267.5,103;86.75,268.25;174.25,309.75;236.5,118.5;269.5,77
12249;36,189.75;162.5,102.75;240.75,199.25;290,92.25;86.75,268.25;189.5,304;209,91.5;221.75,84.75
33798;36,189.75;162.5,102.75;240.75,199.25;289.75,72.25;82.25,316;184.5,289.25;185,96.25;186.5,99.5
12940;43.5,240.25;160.5,103.75;204.5,177.25;281,70.75;79.25,313.5;175.25,301.25;185,96.25;186.5,99.5
23688;34,270.75;139.75,75.75;226.25,207.75;305.75,111;79.25,313.5;128.5,316.75;141.5,92;186.5,99.5
20666;33,308.75;111.25,121.25;226.25,207.75;305.75,111;71.75,297;132,313.75;154.5,55;169.75,145.25
48123;33,308.75;106.75,127;203.75,261;270.5,133.75;54,254;78.75,286.75;105.75,52.5;169.75,145.25
20947;10.5,287;89,121;173,207.75;247.75,109.25;54,254;78.75,286.75;86,100.75;170.75,143.75
23125;32.5,309.5;36.25,145.5;173,207.75;247.75,109.25;17.5,271.5;30.25,306;103.5,93.25;204,177.25
25363;28.25,279.75;29.5,170;145.25,224.5;218,50.75;17.5,271.5;30.25,306;72,133.5;268.25,160.5
39676;28.25,279.75;72.5,176.5;146.5,240.75;270.25,24.5;30.25,306;43.25,260.5;56,153.5;263.5,177
2714;27.75,279.75;72.5,176.5;164,275.25;287,11.5;12.5,308.5;31.25,266;38.25,159.5;263.5,177
38389;29.5,313.5;100.25,161.25;184.25,320;247.5,6;12.5,308.5;29.5,265.25;38.25,159.5;286,203.25
37992;45,316.25;82.5,102.75;184.25,320;271,25.25;11.25,269;34.75,319.5;54.5,115.75;286,203.25
36191;44,315.25;44.5,137.25;160.75,290.5;320.5,21;28.25,310.5;46.75,311.75;54.5,115.75;286,203.25
21839;44,316;44.5,137.25;137.25,318.75;353.5,14.75;10.5,306.75;46.75,311.75;103.25,129;249.25,241.75
11096;37.25,286.25;44.5,137.25;172,303.25;353.5,43.25;10,304;46.75,311.75;117.5,73;208.5,252.25
6824;61.5,229.25;75,111.25;142,261.5;306.5,69.75;10,304;46.75,311.75;105.25,124.5;269.25,249.25
24242;50,200.75;62.25,68.25;185.25,239.75;306.5,69.75;19,311.25;53.25,263.25;131,97.75;269.25,249.25
27359;70.75,181.5;87,73.25;227.75,271.25;285.25,70.25;19,311.25;75.25,301.75;131,97.75;269.25,249.25
29442;70.75,181.5;91.25,62.75;267.75,295;285.25,70.25;34.75,308.75;59,286.25;94.25,77;267.75,248.5
38499;70.75,181.5;131.5,32.25;245.25,292.75;276.75,74.25;13.5,310.75;83.25,248.5;94.25,77;228.5,274
12553;96.75,165.25;122,22.5;245.25,292.75;291.5,125;13.5,310.75;99.25,202;127.25,71.25;245.25,317.25
11472;96.75,165.25;141.5,13.5;257.75,275;322,91.75;44.75,305.75;109,200.5;127.25,71.25;244.25,318.75
41912;63.75,158.25;111,59.75;225.5,231;322,91.75;44.75,305.75;53.75,198.75;148.25,34.75;233,273.25
18806;63.75,158.25;65.5,75.75;245,279.75;286.25,71.75;11.5,310.25;78.25,163.25;122.75,21;233,273.25
578;41.25,199.75;75.25,48.5;265.25,323.25;327.25,104.25;11.5,310.25;78.25,163.25;153.25,5;223.75,251.75
39002;24.75,223;75.25,48.5;264.25,299.5;327.75,106;14.75,306;95.25,137.5;153.25,5;229.75,215.5
30074;77,221.75;109,90.5;264.25,299.5;295.25,106.25;14.75,306;88,156.75;142.75,29.25;258.75,169.5
37785;100,190.75;133.75,126.75;244,270.5;277.75,105.25;14.75,306;61.25,111.75;163.25,50.25;258.75,169.5
13267;100,190.75;168.5,163.5;244,270.5;277.75,105.25;30.5,279.75;39.75,78.5;174,42;242.25,131.75
48041;75.5,160.5;168.5,163.5;264.5,314.75;277.75,105.25;31.25,279.75;34.75,77.25;170.75,11;287.25,107.25
7366;98.5,188.25;160.25,203.25;289.75,309.25;301.25,135.25;31.25,279.75;34.75,77.25;168,37.5;287.75,107
31402;135.5,191.75;144.5,227.25;289.75,309.25;331,102.75;31.25,279.75;69.5,78;157.75,29;323.5,139.75
41664;135.5,191.75;165.25,246.75;302.5,304.5;331,102.75;31.25,279.75;110.75,121.75;188.5,5.75;322.5,163
12174;89.25,187;153.75,225.75;292.5,321.5;330.5,103;31.25,279.75;79.75,148.75;188.5,5.75;285.5,134
41800;130.75,172;147.75,225;292.5,321.5;330.5,103;8.25,232.5;82,153.25;188.5,5.75;340.75,140.25
47922;83.5,197.5;183,232.75;319.5,294;366.75,144;34.25,221.75;49.75,172.25;188.5,5.75;340.75,140.25
525;83.5,197.5;204.5,259;277.75,323;325,143.25;20.75,230.75;84,141;188.75,55.25;340.75,140.25
29544;83.5,197.5;170,271.5;307,313.75;355.75,175.75;29,211.5;78,118.25;190.5,56.5;340.75,140.25
41089;110.75,222.25;170,271.5;285.5,317.25;355.75,175.75;24,175;93.25,144;168.25,91.75;312.25,102
28038;115.75,251.25;170,271.5;277.5,283.75;355.75,175.75;22.5,159;101.75,109;127.75,61.5;305.75,122.5
36181;115.25,250.75;170,271.5;273,261.25;322,215.5;22.5,159;109,82.25;111.5,51;312.75,106.25
23763;68.25,248.75;170,271.5;288,237.25;337.5,199.25;22.5,159;54,91.25;75,41;326.75,60
37506;31,286.5;182.75,255.25;288,237.25;336.25,224;11.75,171.5;59.75,92.5;75,41;329.25,16.5
12226;44,239.75;152.25,226.75;303.25,264.5;305.75,247.25;21.5,127;59.75,92.5;75,41;322.25,27.25
18444;27,268;146.5,222.75;280.75,284;306,248.25;21.5,127;59.75,92.5;118.25,16.75;363.25,43
1757;10.25,309.5;146.5,222.75;301.25,286;307.25,248;40.25,163.75;59.75,92.5;71.75,19.5;331.25,37
2419;10.25,309.5;102.25,205.25;282,320.75;307.25,248;10.75,203.75;25,127.75;129.25,18.5;331.25,37
44013;0.25,270.25;120.5,254.75;234.25,291.25;307.25,248;10.75,203.75;25,127.75;145.25,48;324.75,2.75
47229;30.25,268.25;126.5,287;171,279.25;249.5,218.75;10.75,203.75;34.5,105.5;153.5,49.5;324.75,2.75
10525;42,238;126.5,287;216.75,259.5;237.75,169.75;11,204;34.5,105.5;129.75,43.75;351.75,2.5
26807;43.5,197;126.5,287;200,308.75;276.5,125.25;11,204;17.75,144.75;171.25,37.5;305.25,26.25
9974;87.25,205.75;126.5,287;238.75,288.5;296.5,104.25;19.75,232.75;21,91.75;171.25,37.5;298.75,10.5
36652;58,176;70.25,300;198,311.25;302.25,52.25;19.75,232.75;21,91.75;115.25,40.25;327.75,51.75
48274;57.5,172.5;70.25,300;198,311.25;350.25,20.75;7,240.25;60.25,64.5;114.5,44.75;354.5,8
36205;0.5,185.25;16.5,263.5;214.5,319.5;292.25,35.25;7,240.25;55.25,14.75;114.5,44.75;354.5,8
42054;27.5,181.25;52,240;251,259.75;294,56;7,240.25;46.5,57.25;142.75,31.5;354.5,8
38680;54,217.75;61,218;242.5,312.75;268.75,105.5;7,240.25;46.75,56.25;142.75,31.5;297.5,10.25
8789;75.5,177.25;92.5,183;242.5,312.75;284.75,138.25;18.25,227;46.5,55.25;175,31.5;297.5,10.25
13292;51,231;87.75,238;288.75,309.25;306.25,112.75;18.25,227;33.75,118.75;169.75,11;297.5,10.25
34452;44.5,211.25;59.25,275.75;281,320.25;306,154.75;15,172;33.75,118.75;169.75,11;297.5,10.25
30582;44.5,211.25;103.5,248;284,319.75;346.5,159;3,135.5;15,172;214.75,5.75;296.5,8.5
17364;44.25,210.75;103.5,248;276,263.5;299.5,115.75;3,135.5;78.5,175.25;255,27;290,12.5
34978;1.75,176.75;138.75,238.75;302.5,314.75;309,112;3,135.5;61.5,224.5;255,27;290,12.5
12429;1.5,170.25;154.75,247.25;302.5,314.75;325.25,91.5;33.75,188.25;112.25,196.75;255,27;330.75,38.25
25194;15,176.5;155.25,248.75;264.25,307;325.25,91.5;33.75,188.25;147.5,158.75;257.5,45.75;280.5,35.5
25686;24.25,153.75;174.75,266;264.25,307;286.5,72.75;16.25,227;147.5,158.25;265,32.25;280.5,35.5
23651;54.25,167.5;174.75,266;281.25,320.25;299.75,115.25;6.5,245.5;186.75,135.5;239.25,38.25;280.5,35.5
31254;85.5,184.25;155,242.75;281.25,320.25;316,86.25;32.75,246.25;196.25,100.25;238.5,38.25;280.5,35.5
2920;121,178.75;155,242.75;281.25,320.25;358.25,83.25;32,245;201.25,119.5;206,53.5;302.5,7.25
11918;82.25,178;146.75,228;291,322.25;334,35.5;37.5,190.25;201.25,119.5;206.5,53;302.5,7.25
50283;82.25,178;146.75,228;291,322.25;333,14;9.5,243;144.75,126;147.75,34.75;269.25,49.5
10720;67,131.25;203.25,259.25;240.25,295.75;333,13.25;9.5,243;144,143;147.75,34.75;307.5,34.5
5522;66.75,119;187.5,248.75;240,296.25;333,13.25;24.5,283;130,162.25;147.75,34.75;325.75,82.5
45676;66.75,119;186.25,278.25;240.75,303.75;333,13.25;37.75,305.75;94.25,131.5;147.75,34.75;309.5,50.75
5207;62.5,122.25;229,301.75;248,270.75;333,13.25;37.75,305.75;94.25,131.5;107.75,12.5;313.25,98.5
18960;62.5,122.25;229,301.75;302.25,264;333,13.25;67,290.25;94,136.25;100.25,35.25;309.5,51.5
49287;62.5,122.25;228.5,302.25;302.25,264;303,35.5;105.25,261.75;108.75,136.25;118.75,21.25;309.5,51.5
29881;107.75,83;250.75,308.5;262.25,255.25;312,14;67,306.5;108.75,136.25;118.75,21.25;334.25,72.25
18900;115,53;239.75,283.25;255.5,220;265,2;56.75,249;108.75,136.25;118.75,21.25;286.75,42.5
37733;115.25,52.5;239.75,283.25;255.5,220;255.75,17.5;21.25,213.75;72.5,102;149.75,12;251,41.5
34462;64.25,86.5;254.75,293.5;285.25,261;286.5,10.25;47.75,198.5;72.5,102;149.75,12;248.75,38
40331;44,110.25;235.5,283.25;285.5,229.25;286.5,10.25;95.75,197;100.75,137.5;193,8.25;248.75,38
4737;90.75,140.75;235,283.25;285.5,229.25;339.75,48.5;136.5,237;164,113.25;193,8.25;262.25,6.25
6984;90.75,140.75;203.5,310.75;280,185.25;364.5,54;120.5,274.75;161.5,116.5;198.75,39.5;262.25,6.25
45001;90.75,140.75;151.75,301.25;317,201.5;336,4.5;159.5,303;160.5,116.5;198.75,39.5;262.25,6.25
13331;114,162.75;117.5,301.75;317,201.5;327,33;159.5,303;179.5,126.75;188.75,40;248,9
2709;49.25,146.25;116.75,242.75;264.25,237.5;277,73.5;159.5,303;179.5,126.75;239.25,75.5;298.75,6.5
32494;30,124.25;146,223.75;261.5,237.25;335,82;159.5,303;178.75,127.25;261.5,77.75;298.75,6.5
798;1.75,139.5;146,223.75;222,245.75;322,123.25;159.5,303;178.75,127.25;256,47.75;283.25,51
41479;1.75,139.5;162.5,195.25;192,228.5;344.75,131;111.75,282;178.75,127.25;242.75,60.75;283.25,51
11705;9.75,140.75;129.25,150.75;159.75,261.25;354,177.5;111.75,282;134,170.25;242.75,60.75;283.25,51
27732;15,160.5;90,114.25;159.75,261.25;355.25,177.75;115.75,240;148.75,222.25;242.75,60.75;286.5,94.75
27820;23,153.25;90,114.25;160.25,257.75;364.5,209.75;89,280.75;148.75,222.25;280.75,88.25;317.25,126.25
22682;23,153.25;89,111.5;139.25,265.5;352.25,185.75;63.25,260;158.5,221;280.75,88.25;349.75,155.5
28473;23,153.25;89,111.5;116.75,271.5;330.75,143.5;91.5,282.75;114.75,215.5;269.25,79.75;306.75,148.75
44488;36.75,124.75;89,111.5;97.75,255.5;303.75,135.25;77.25,254;126.5,259.25;241.25,75.5;306.75,148.75
7033;70,118;90.5,116.25;145.5,226;348.5,164;83.75,283.75;126.5,259.25;267.5,79.75;306.75,148.75
17167;43.75,61.25;147.25,140.25;165.5,224.5;319,113.75;83.75,283.75;126.5,259.25;268,79.5;309.75,148.5
22150;43,30;152.25,156.5;168,224.25;355.75,123.25;83.75,283.75;126.5,259.25;239,46.25;328.25,130
46407;52.75,48.25;136.25,126;168,224.25;355.75,123.25;95.5,265;167,225;197.5,23.5;355.5,150.5
34898;52.75,48.25;139.75,78.75;168,224.25;358,136;90.75,221.25;158.25,221;236.5,41.5;318.5,161
21271;56.25,57.5;132,78.5;168,224.25;341.5,166.5;62.75,201.75;158.25,221;206.5,68;320.25,163.75
19773;48.75,55.25;115.75,122.75;152.75,223.25;354.75,187;62.75,201.75;158.25,221;259,75.5;318.5,199.75
26935;48.75,55.25;92.5,155.25;93.75,213.5;332,133;62.75,201.75;139,166;249.75,77.5;305,196
11462;63.5,84.5;84,184.25;128.25,240;340.25,133.75;62.75,201.75;171.75,197.5;249.75,77.5;305,196
23031;38.75,87;130.5,189.25;144.25,227;325.25,149.25;62.75,201.75;171.75,197.5;249.75,77.5;318.5,195.75
47933;8.5,84.25;105.25,214.25;112.5,200.25;325.25,149.25;62.75,201.75;121.25,195.5;249.75,77.5;347,223.75
4610;9.75,86.25;85.75,171.5;105.25,214.25;358.75,183.75;86.25,222;119.25,171;225.5,117;347,223.75
7858;9.75,141.25;68.25,209.25;96.75,163.25;352.25,172.75;65.25,165.5;86.25,222;225.5,117;347,223.75
8984;12.5,177.5;68.75,189.5;105,140.25;300.75,176;65.25,165.5;86.25,222;276.5,119.25;347,223.75
29948;2.75,180.25;30.75,164.75;92.5,94;274.25,203.75;65.25,165.5;114.5,198.25;276.25,119.75;347,223.75
28702;55.5,181.25;70.5,178;92.5,94;259.75,221.5;65.25,165.5;82.5,211.5;276,119.25;360.75,264.25
16346;54.25,183.25;70.5,178;73,64.5;262.5,220;15,144;34.25,213.5;248.25,128.75;360.75,264.25
2133;39,138.25;69.5,222;74,59.75;283.5,261.25;13.5,112.25;36.25,252.25;248.25,128.75;360.75,264.25
17090;39,138.25;53.5,218;74,59.75;300.5,231.5;13.5,112.25;30,292.5;272.25,112;344.75,291.25
41439;39,138.25;49,228;74,59.75;301,263.25;19.5,71.5;36,280.75;269.75,126.5;344.75,291.25
37080;31,101.75;52,229.75;107.25,34;301,209;19.5,71.5;36.5,281;329.75,131.5;344.75,291.25
27350;10.5,143.75;29.5,257.5;73,88.5;363.5,195;19.5,71.5;36.5,281;329.75,131.5;331.75,312.25
43855;35.75,110;50.75,299;73,88.5;331.75,187.75;19.5,71.5;89.75,320.5;310,87.75;352.5,299.25
1107;43.5,95.25;50.75,299;87.75,110;331.75,187.75;40,31.75;136.75,287.25;312.5,84.75;329,310
9337;43.5,95.25;50.75,299;65.75,144.75;309.75,228.25;2,71.25;136.5,287.75;274,94.5;314.75,310.25
40794;43.5,95.25;87.75,299.5;116,142.5;327,293.5;2,71.25;156.25,239.25;248.25,86.75;361.25,278.5
19930;8.5,68.75;81,281.25;98.75,161.25;292.75,319.75;2,71.25;149.25,270.25;248.25,86.75;361.25,278.5
47913;46.75,48.25;73.5,305.25;83.75,212.5;338.5,313.75;2,71.25;155,319.5;224.5,48.5;361.25,278.5
33700;66.25,2;73.5,305.25;83.75,212.5;338.5,313.75;64.25,105;111.5,291.5;222.25,14.5;340,313.5
48998;66.25,2;73.5,305.25;94.75,189.75;355.5,274.5;64.25,105;114.5,252.5;168.75,55.5;341,257
5338;35.5,36;73.5,305.25;94.75,189.75;355.5,274.5;83.75,158;100.25,281;117.5,36.25;365.5,213.75
4721;57.25,62;73.5,305.25;95.25,197;341.5,272.75;78.25,173.75;100.25,281;100.75,68;314.5,206.25
11562;57.25,62;73.5,305.25;123.25,183.5;327.75,213.5;60.75,204.25;128.5,276.75;146.75,92.25;266,224.25
22542;69.75,77.5;98.75,295.75;175.75,184.25;292,209;60.75,204.25;128.5,280;146.75,92.25;279,243
38909;64,86.5;72.75,281.25;165,226.5;334.25,217;38.5,186.25;128.5,280;146.75,92.25;279,243
22694;64,86.5;74.75,299.25;162,240.75;334,218;89,170.5;122.5,275.5;123,127.75;279,243
41566;71.75,129.75;123.5,275.25;127.5,245.75;339.25,235.25;89,170.5;122.5,275.5;165,160.75;309.5,194.5
47270;72,130.25;138.25,227;143.5,244;364.75,229.25;89,170.5;117.25,308.5;165,160.75;349,195
5571;72,130.25;121.5,260.25;138.25,227;364.5,275.25;91.75,137.75;110.75,282.25;155.75,181.25;355.75,150.5
44505;94.75,157;115.25,254.75;138.25,227;367.25,309.5;85.5,167.5;144.5,298.75;155.75,181.25;325.5,149
46612;50.5,175.75;89.5,221.5;100.75,257;329.5,275;88.5,163.75;144.5,298.75;187,161;325.5,149
46551;34.25,190;116.5,268.5;122.75,303.5;329.5,275;88.5,163.75;93.5,283.75;237.5,168.25;300.75,109.5
19182;50,155;66.5,280.25;122.75,303.5;297.5,321;76.75,149.75;117.25,246.75;256,164.25;300.75,109.5
3009;63.75,208.75;84,243.5;123.5,304;245,306;76.75,149.75;88.75,221.25;256,164.25;314.75,161
32937;34.75,178;84,243.5;133.5,285.5;245,306;18.5,144;50.25,222.5;254.5,133.75;322.5,163.25
21109;34.75,178;62.5,231;104.5,255.5;245,306.5;2.25,104.5;50.25,222.5;231,132;358.25,158.25
21153;45.75,182.5;62.25,256;137.5,224;273.5,290.5;2.25,104.5;17.25,203.25;239.75,121.25;358.25,158.25
38166;47.5,231;52.5,226.75;129.75,202.5;284,319.5;2.25,105;17.25,203.25;239.75,121.25;331.5,160.25
17704;7.5,227.25;59.75,250.5;101.5,252;277.25,287.25;2.75,105;17.25,203.25;236.25,126.5;331.5,160.25
19743;3.75,241.5;59.75,250.5;101.5,252;291.5,259.5;2.25,105;19.75,270.5;273.75,182;349.5,154.5
21466;3.75,241.5;40.75,268.25;140,224.5;247,258;6,127.75;28.5,306.5;257.25,221.75;349.5,154.5
44649;3.25,241.5;26.75,317.75;140,224.5;245.75,249.75;18.5,123.75;23.75,307.75;303.75,202.25;349.5,154.5
40121;56,284;88.75,297.5;158.5,209.5;245.75,249.75;37.75,179;66.5,259.25;264.5,218;349.5,154.5
117;74.5,275.5;88.75,296;158.5,209.5;245.75,249.75;27.5,228.5;45.5,278;226.75,247.25;337,173
3417;67.75,310.25;86.25,298.5;139.75,255;245.75,249.75;27.5,228.5;44.5,277.5;235,275.25;326,205.75
50230;8.25,291.5;88.75,296;172.5,304.5;242,188.25;8.5,284;27.5,228.5;275,264.75;326,205.75
38634;52.75,308.25;103.5,256.5;172.5,304.5;272,242;18,270.5;51.5,175.75;256,233.75;326,205.75
23254;52.75,308.25;110.5,237.25;176,320.75;276,231.5;16.75,269;51.5,175.75;210.25,252;309.5,196.5
3248;45,252.75;49,226.5;176,320.75;240,209.25;3.25,308.5;51.5,175.75;273.25,245.5;335.5,163
29718;45,252.75;48.5,229;163.75,281.25;245,217;4.25,309.75;78.75,163.75;273.25,245.5;291.75,171.25
5682;48.5,229;70.5,255.75;163.75,281.25;298.75,230.25;15.75,282.25;79,163.25;292.75,195.25;304.25,129
23733;35.5,242.25;103,247;163.75,281.25;324.75,258.25;15.75,282.25;79,163.25;305,233.5;341,99.75
26859;35.5,242.25;119.75,202.75;162.25,295.5;340.75,224;44.5,248.5;77.5,208.75;278,272.75;341,99.75
24848;34,238.25;101.25,213.25;163.25,295.5;355,213.5;74.5,284.5;90.75,190.5;278,272.75;341,99.75
13997;54.5,217;101.25,213.25;163.25,295;348.25,165.75;47.75,248;90.75,190.5;245.5,266;340.75,79.5
9365;54.5,217;101.25,213.25;218.5,302;348.25,165.75;55.25,222.5;75.25,216.5;214,296.25;336.75,133
23569;98.75,207;136,201;246.25,298.75;338,151.25;55.25,222.5;75.25,216.5;186.25,306.25;332.75,137.5
8684;135.25,200.75;153.75,230.25;217.75,260.5;366.5,120.5;51.25,223.75;75.25,216.5;210.5,276.5;332.75,137.5
15932;111.75,169.75;173.75,203;231.25,208.75;341.25,143;19.75,179.5;55.5,251;210.5,276.5;332.75,137.5
11712;107.25,169.25;159.25,182.75;188.75,235.75;341.25,143;4.25,150;55.5,251;227.75,248.25;348,160.5
25110;89.75,127.75;139,157.25;188.75,235.75;341.25,143;9,155.25;19.75,219;204.5,284.25;322.5,161.5
19956;50.75,161.25;139,157.25;176.5,191.5;349.75,101.75;9,155.25;16.75,215.25;214,270.75;292.25,122.25
760;105.25,164.25;134.25,126.5;149.25,136.75;349.75,104.25;9,155.25;26,230.75;175.5,239.5;292.25,122.25
16570;70,142;119,141.5;152.75,159;294.25,115.25;9,155.25;26,230.75;133.25,283.5;286.5,185.75
48298;39.75,138.5;137.25,129.75;152.75,159;247.75,116.25;9,155.25;26,230.75;159,251.25;287.75,184.75
42307;74.75,146;121.5,80;171.25,136.75;292.75,112.75;9,155.25;24.5,262.5;159,251.25;312.25,198.75
26041;34,163.75;121.5,80;203.5,132.25;257.75,134.25;22.5,127.5;36.25,233.5;159,251.25;302.75,204.25
14500;4.25,189.5;143.5,55.25;203.5,132.25;267,129.25;53.25,126;59.25,214.5;159,251.75;302.75,204.25
15936;38.5,183.25;113.75,83.5;203.5,132.25;291,113.75;53.25,126;85.25,190;169.25,221.5;312.5,196.5
16943;27.25,194.25;103.5,79.5;220.25,86;293,74.25;53.25,126;112,194.5;169.25,221.5;288.75,217.25
33380;9.5,177.5;103.5,79.5;212.75,38.75;306.25,114.5;29.25,146;114,222.25;116.75,202.25;288.75,217.25
26418;4.25,184.5;108,61.5;213.25,38.25;306.25,114.5;29.25,146;80,230.75;86.5,169.25;271,240
8204;48.75,171.75;117.25,20.5;192,48.25;334.25,117;36.25,109.5;80,230.75;86.5,169.25;281,226.25
31317;49.25,172.5;117.75,33.5;199,93;280,105.75;45,98;64.25,259.5;86.5,169.25;281,226.25
18656;39.25,117.75;117.75,33.5;170.75,118;309,139.25;27.75,118.75;53.5,247;119,163.25;281,226.25
16960;58.25,74.25;117.75,33.5;170.75,118;309,139.25;11.25,109.25;82.75,231.5;163.5,160.5;307,234
48597;57.75,76.5;116.75,12.75;170.75,118;276.75,135;56.25,122;114,195.75;123.25,156.5;307,234
41820;57.75,76.5;116.75,12.75;149.75,129.25;276.75,135;98,108;133.25,140.25;151.25,156.75;354.5,212.25
37251;48,122.5;65.5,5;151.75,86.25;255.75,167.25;133.25,140.25;142.75,90.5;151.25,156.75;326,180.25
35135;39.25,68.25;44.75,46.75;163.5,127.25;215.75,161;133.25,140.25;142.75,90.5;150.5,156.5;288.5,216.25
3160;2.25,75.5;6.5,23.5;162,126.75;225.25,217.75;105.5,153.25;142.75,90.5;150.5,156.5;325.25,180.75
13560;3,75.25;4,4.25;162,126.75;242.5,218.75;82,167;117,72.25;166.25,150;325.25,180.75
34057;3,75.25;51,5;120.5,143.5;242.5,218.75;80.5,163.5;95.5,26.25;144.5,169.25;325.25,180.75
17803;17.5,63.75;44,9.25;145.5,187;270.25,230.5;81,110;95.5,26.25;144.75,169.75;325.25,180.75
36245;9.5,62.5;59.5,5;134,245.25;284.25,277.5;88.5,163.75;95.5,26.25;144.25,170;325.25,180.75
36865;4.5,75.5;12.25,4.25;134,245.25;304,246.75;81,203.5;95.5,26.25;156.5,221.25;358,223
39271;3,75.25;51.25,8;85.25,281;304,246.75;81,203.5;146.5,49.5;204.5,178;337.75,233.25
26986;8.5,47.75;51.25,8;85.75,280.75;300.75,251;81,203.5;175.25,37.5;189.25,223.75;324,217.75
37704;13.25,48;43.25,45.25;47.25,242.75;300.75,251;86.5,162.5;175.25,37.5;227.75,185.5;350.75,163.25
25768;2.5,84.25;42.25,68.25;67.5,209.25;300.75,251;128,137.25;196.25,95.25;204.5,231.25;350.75,163.25
31818;27.25,122.75;33,36.25;67.5,209.25;273,268.75;163,163.25;196.25,95.25;233.25,189.75;319.75,162.5
38522;29.5,146;50.75,45.25;73,208.75;217.25,244.25;163,163.25;196.25,95.25;262.25,175.75;296.75,115.25
26161;50.25,138.5;50.75,45.25;110.75,240;212.5,251.5;131.5,199.5;226.5,116.25;262.25,175.75;338.5,78.75
36767;50.75,183.5;82.75,69;125.75,235.25;212.5,251.5;131.5,199.5;202,119.75;256.25,164.25;335.25,96.25
34515;50.75,183.5;85.5,70.25;147.75,192.5;172.25,232.5;131.5,199.5;174,162.25;252.75,182.75;342.75,94.25
19435;50.75,183.5;87,111;147.75,191.75;172.25,232.5;121.5,209.75;195.5,174.25;244.5,225.5;331.5,136.25
13507;64,172.25;68,84.5;92,187;225.75,231.25;82,171.5;195.5,174.25;244.5,225.5;323.25,178.75
45045;64,172.25;67.5,98.75;92,187;218.75,231;60.5,132.5;173,198;275.75,246.5;288.5,151.5
46385;37,138.25;61.75,64.25;117.75,200.75;219.75,227;85,87.25;173,198;275.5,246;288.5,151.5
46396;42.5,124;99.5,27;154.25,223;216.75,253;85,87.25;141.5,173.25;275.5,246;279.25,175.25
16842;42.5,124;103,16.5;206.75,203;248,245.5;85,87.25;102.25,152.25;275.5,246;316,208.5
8751;15.25,127.75;99.25,19.5;206.75,203;247.75,269;59,100.75;110,144.25;281.25,218;316,208.5
13667;25.75,94;100.5,27;174.25,179.75;201.75,295.5;59.5,97.75;71.25,150.25;281.25,218;316,208.5
47302;23,81.25;100.5,27;149,201.5;245.25,257.25;51.75,135;92.75,131.5;292,217.75;316,208.5
39033;2,62.75;45.75,47.75;148.5,201.25;245.25,257.25;12.75,172.5;84.5,101.75;280.5,175.25;316,208.5
3434;1.75,68.25;76.5,6.25;169.25,226.5;264.25,309;12.75,172.5;55.5,72.5;282.75,144.25;316,208.5
21500;1.75,68.25;70.25,47;189.25,235.75;291,322.25;11.5,202.75;55.5,72.5;313,161.25;330.75,196
12268;39,19;99.5,27;184,176.25;325.5,294.25;22.75,229.75;55.5,72.5;313,161.25;330.75,196
42172;42.5,30.5;60.25,6.25;184,176.25;358.5,314;2.5,243;54.75,68.5;313,161.25;330.75,196
31321;60.25,6.25;77.75,45;208.25,132;361,308.75;3,295.25;32.5,123.25;313,161.25;331.25,192.25
40270;94.75,9;95.25,91.75;193,135.5;316.75,297;3,295.25;32.5,123.25;330.5,191.5;334.5,163
15376;94.75,9;95.25,91.75;193,135.5;321.25,304.75;43.75,284.5;55.5,93.25;290.25,217.25;344.5,145.75
42423;94.75,9;136.25,129.5;193,135.5;291.75,248.5;20,309.25;55.5,93.25;340,191.75;350.25,156
22858;84.75,37.75;122.25,180.75;163,126.5;271.5,249.25;40.75,317.25;63,94;340,191.75;350.25,156
25129;113.75,5.75;135.25,225.5;136.75,124.5;271.5,249.25;46.25,290;82,56.5;338.75,192.25;350.25,156
31533;175,34.5;176.25,221.25;179.75,112;254.75,261.25;46.25,290;82.5,55.75;286.25,228.5;350.25,156
49957;122.25,13;123.5,200.5;168.25,85.75;218.75,218.5;46.25,290;147.75,42.5;261.75,239.75;350.25,156
41222;79.5,10.75;123.5,200.5;155.75,46;186.25,252.5;70.75,264.5;123.75,18.5;261.75,239.75;308.75,197.5
21693;79.5,10.75;123.5,200.5;132.75,89.75;186.25,252.5;59.75,248;89.25,47.25;235,283.25;261.75,176.5
31597;79.5,10.75;123.5,200.5;145.75,76.25;186,253;57.5,207.25;67.5,28;271.5,313;273.75,130.5
4379;79.5,10.75;79.75,230;120.5,75;192.5,295.75;40.25,262.75;67.5,28;245.5,308.75;292.5,170
24235;64,1.25;79.75,230;146,78.5;194.75,245;17.75,263.5;118,51.75;245.5,308.75;274,129.25
20317;77.5,12;79.75,230;117.75,35.75;160,230.75;17.75,263.5;167,89.75;283.75,286.75;292,79.75
48198;77.5,12;85.25,184.25;131.25,33.5;149,259.75;9,286.5;124.5,112;282.25,305.25;292,79.75
22796;45.25,9.5;49,218.5;72.75,26.75;92.5,234.25;5.25,306.5;100.75,66;282.25,305.25;292,79.75
1774;8.75,69.75;20,242;72.75,27.25;92.5,234.25;31.75,254;100.75,66;313.5,311.75;333.25,82.5
6394;8.75,69.75;31.25,182;70.75,49.25;83,187;43.75,319;139.5,71.75;313.5,311.75;340.5,149.75
23251;8.75,69.75;30,182.25;80.25,66.25;99.25,248.5;48.5,316.75;170.25,48;313.5,311.75;329.75,196.5
45154;8.5,70.25;51.5,139.75;80.25,66.25;99.25,248.5;44.75,260.5;134.5,73.75;253.25,309;301.5,239.25
43651;61.25,57.25;80.5,141.75;93.5,54;99.25,248.5;13.5,296.75;134.5,73.75;224,315.25;300.5,281
45117;60,60.75;80.5,141.75;93.5,54;125.25,213;33.25,297.25;162.5,51.5;193,306;352,292.25
31660;66.75,70;76.75,120.25;93.5,54;164,178.5;5.5,307.25;94,26.25;193,306;334.75,274.5
39098;76,134;77.75,121.5;104.75,17.75;216,160;5.5,307.25;69.75,10.75;193,306;330,227.5
38913;57,138.75;77,174.75;104.75,17.75;238.75,209.5;31.25,300.75;46.25,7;193,306;304.5,236
22909;18.5,120.75;86.5,118.5;145.75,51;205,227.5;43.5,250.75;46.25,7;192,306;304.5,236
32121;18.5,120.75;86.5,118.5;145.75,51;230.5,186.5;3,241.75;51.75,8.5;168,299;312.5,218
5038;33.25,113.75;67,118.5;145.75,51;236.75,135.25;2.25,190.5;53,8.25;173.75,320.25;312.5,218
6446;33.25,113.75;66.5,118;167.75,101.25;290.5,110.5;2.25,190.5;80.75,25.25;154.5,300.5;332,262.75
33097;33.25,113.75;95,161.5;192.25,113.25;258.5,96.5;2.25,190.5;112.25,10.25;177.25,300.25;315,309
11700;32.75,113.75;95,161.5;165.75,100.25;216.75,71.5;2.25,190.5;94,25;188.25,273.75;341,292.5
23276;32.75,113.75;95,161.5;185.25,113.25;216.75,71.5;22,144.5;128.25,71.75;180.75,296.5;355.25,290.25
18339;4.75,154.25;121,183.25;185.25,113.25;276.75,65;5,144.75;128.25,71.75;186.25,233.25;351.75,279.5
21408;17,175.5;84.5,166.25;219.25,67.25;258.25,26.25;38.75,112.25;128.25,105.5;186.25,233.25;351.75,279.5
17723;0.5,225.5;49,177.75;253.5,98.75;275,67.25;38.75,112.25;128.25,105.5;189.75,234.5;317.75,302
25098;27.5,233.75;49.75,138.5;257.25,143.5;260.75,26;38.75,112.25;127,127.75;189.75,234.5;322.25,310.25
4569;27.5,233.75;38.5,121.25;217.5,106.75;282.5,57.5;21.25,69.75;169.75,90.25;181.75,197.5;322.25,310.25
38795;28,240.5;71,70;246.75,73.75;269.25,18;21.25,69.75;115,112.25;181.75,197.5;339.25,320
49826;54.75,209.75;82.5,57.5;248,73.25;268.5,8;21.25,69.75;115,112.25;169.25,252.25;326.75,311.5
21301;79.75,247.75;82.5,57.5;195,105.75;269.25,9.75;21.25,69.75;146,88.5;154.25,301.25;343.25,279.25
34870;76,280.75;107.75,51.5;238,127.5;309.5,24;8.75,37.75;146,88.5;154.25,301.25;339.75,281.5
16902;40.5,303.75;107.75,51.5;238,127.5;262.75,24;11.25,23.75;123.75,105.75;162.75,301.75;339.75,281.5
33777;40.5,303.75;107.75,51.5;222.75,154.75;262.75,24;3.75,53.5;75,129.25;203.75,290.75;356.25,265.25
6393;15.75,295.5;115.25,15.25;183.75,113.25;263,26;3.75,53.5;75,129.25;251.25,261.5;349.5,314
26614;15.75,295.5;159,7.75;183.75,113.25;260.5,18.5;2,54.75;57.75,127;256.5,290.75;356.25,287.25
14452;61,273.25;153,35.25;170.75,96.5;276.5,32.5;2,54.75;31,125.75;256.5,290.75;356.25,287.25
33321;95,294.75;202,44;225.25,75.75;320.25,22.25;2,54.75;31,125.75;244.75,317.25;312.75,313
5962;143.75,267;181,59;199.25,69.25;297.25,44.25;2.5,54.5;60.25,175.25;244.75,317.25;312.75,313
27867;129.75,215.5;181,59;222.25,90;297.25,44.25;2,54.75;18,154.75;220.75,296;352.5,289.25
35182;160,226.75;181,59;222.25,90;316,60.25;2.5,54.5;22.75,186.75;213.75,252;326.5,312
37582;119.25,250.25;181,59;266.5,105.25;277.25,71;2.5,54.5;32.75,231.25;207.25,204.75;352.75,302.75
35831;119.25,233.25;189,38;251.5,119.5;268.5,30;2.5,54.5;32.75,231.25;197,175;352.75,302.75
295;119.25,233.25;159,28.25;278,169;315.25,58.75;2.5,54.5;25.25,279;197,175;313.75,312
9286;117.75,253.25;138.25,20;325.75,151.5;326.75,103.75;2,54.75;25.25,279;197,175;329.5,312.75
34836;156.25,224.75;156.75,46.75;296.75,103.5;309,119.75;2,54.75;25.25,279;156,145.5;310,300
22633;130.75,175;156.75,46.75;337.5,79.5;358.5,138.25;2,54.75;25.25,279;104.75,162.75;338,313
13236;71,171.75;107.5,48.75;293.75,73.75;352.25,101.75;2,54.75;21.25,212.75;148.75,158.5;338,313
49149;110.5,154.75;151,31.25;293.75,73.75;356.75,118.25;17.5,102.75;31.5,197;148.75,158.5;338,313
9630;73,139.25;139.75,77.25;285.5,56.5;356.75,118.25;36.75,76.25;59,152.75;148.75,158.5;304,306
21041;37,157.25;164,85.25;255.5,50.25;325.5,139.25;3.75,55.5;59,152.75;147.5,158.25;304,306
14031;45.5,183.25;176.25,111.25;210.75,62.25;343.25,133.75;21.5,41.75;59,152.75;147.5,158.25;310,302
32925;82.5,165.25;137.75,90;184.5,47;317,150.75;21.5,41.75;62,100.75;147.5,158.25;342.75,279.5
44864;69.5,131;137.75,90;199.75,22;292.5,115.25;43.75,7.5;62,100.75;192.75,177.75;340.25,279.25
14822;86.75,84;162.5,105.75;223.5,61;301.75,142.25;6.5,20;48.5,145.25;192.75,177.75;340.25,279.25
42793;86.75,84;163,148;223.5,61;336,103.75;6.5,68.5;48.5,145.25;176.25,230.5;321.5,287.5
42510;52.75,50.25;174.5,163.5;245,108;336,103.75;24,54.25;48.5,145.25;176.25,230.5;323.25,314
4979;52.75,50.25;189.75,152.25;271.5,149;365.75,70.75;15.5,2.75;49.25,144.5;216.25,265.25;323.25,314
50428;53.75,57;126.25,150.25;266.75,143.5;369.5,21.25;15.5,2.75;84,168.5;222.5,321.5;323.25,314
31095;15.5,62.25;94.75,177.75;303.75,141.75;369.75,21.75;15.5,2.75;84,168.5;261.5,322.75;344.75,290.75
10045;30.5,35.5;33.25,189.5;303.75,141.75;369.75,22.25;15.5,2.75;60,141.5;314.5,309.75;329,320.25
48165;5,63.25;71.5,141;278,143.25;348,16.25;12.25,56;34,76.25;314.5,309.75;329,320.25
1709;7.75,35.5;46,106;278,143.25;310.25,52;27.25,50.25;31.5,79.25;262.75,275;329,320.25
28090;7.75,35.5;92,74;242.75,118.5;265.25,25.5;19,19.75;31.5,79.25;272.25,306.25;280.25,287.75
37132;20.5,102.25;123,141.5;242.75,118.5;285,57.5;19,19.75;29,81.25;262,248;311,310.75
13835;5.5,64.25;165,118;242.75,118.5;246.5,31.25;19,19.75;45.75,77.25;254.5,292.5;318.5,310.5
11568;17.25,32;165,118;210.75,81.25;239.25,70;4.5,71.25;92.5,26.25;253,288.75;318.5,310.5
4609;9.75,7.25;111.75,113.5;184.25,21.5;257.75,11;8,11.5;92.5,26.25;253,288.75;318.5,310.5
49241;43.5,45.75;163.5,142.5;184.5,58.75;319.5,24.5;8,11.5;136.25,20.75;201.75,275;318.5,310.5
26219;4,9.25;135.25,160.75;229.75,42.75;314.25,5.25;33,32;136.25,20.75;171.75,289.75;318.5,310.5
769;4,9.25;153.25,129.25;229.75,43.25;314.25,5.25;91,47.75;92.75,64.75;221.5,319.5;331.5,319.25
4255;4,9.25;135.75,129.5;229.75,43.25;314.25,5.25;114.25,23.75;120.25,107.25;221.25,297.25;352.25,286.75
40320;6,24;135.75,129.5;229.75,43.25;333.25,2.5;71.75,20.5;129.75,105.75;266.25,272.75;352.25,286.75
13297;6,24;134.5,127;229.75,43.25;333.25,2.5;80,25.75;115.5,78.5;311,236.25;352,306.25
24694;6,24;174.25,145.25;253.75,55.75;303.75,32;87.75,67.75;136,38.5;334.5,225;352,306.25
31124;1.25,23.25;148.5,107.5;285.5,71;311.25,4.25;87.75,67.75;121.75,17.75;334.5,225;352,306.25
1397;0.75,25;112.25,159.25;285.75,54.25;336.75,30.5;87.75,67.75;121.75,17.75;277.25,246;292,295
47106;12.75,3.25;153,169.75;300.75,54;364.75,70.25;87.75,67.75;121.75,17.75;261.25,304.75;276.75,245.75
50525;12.75,3.25;153.5,226.25;300.75,54;364.75,70.25;50,87.5;97.75,41;223.5,283.75;253,233.75
43968;12.75,3.25;117.75,206.25;300.75,54;360.75,41.75;50,87.5;97.25,67.75;207.75,276.5;275.25,252.25
36381;54.25,36.25;147.25,178;270.25,74.25;360.75,41.75;36.75,111.75;109.25,118;207.75,276.5;307,233.5
235;14.75,36.25;143.5,126;306.25,115.5;358.5,31.25;14,106.75;109.25,118;207.75,276.5;314.5,188.75
6452;51.25,60.75;143.5,126;292.5,111.25;359,32;30.75,124.5;87,108.75;207.75,276.5;269.75,166.75
1934;51.25,60.75;138.5,75.75;278.25,117;359,32;14.5,156.5;117.25,143.5;248.75,293.75;314.25,159.25
46315;51,9.25;94,62.5;291.25,106;359,32;56.5,132.5;123.75,117.5;248.75,293.75;281.75,173.5
14869;51,9.25;57,74.75;275,134.25;340.5,3;26.25,120.25;123.75,117.5;255.25,257.25;286.75,121.5
18026;51,9.25;57.75,76.5;268.25,128.75;354.75,43.75;53.5,158.25;123.75,117.5;261.75,291.5;266.5,106
34611;51,9.25;57.75,76.5;261.25,147.5;354.75,43.75;22,142.5;82.25,162.75;284.75,247.75;323.25,92.25
9402;51,9.25;57.75,76.5;272.75,198.75;353.75,44.25;69.5,151.5;121.75,162;265.75,192.5;316.5,79.5
11365;19.5,62.25;44.5,50.25;297.25,148.25;313.25,80.25;69.5,151.5;121.75,162;265.75,192.5;324.75,56.25
9640;3.5,103.25;44.5,50.25;297.25,148.25;339,78.5;61.75,175.25;132.25,195;249.5,227;339.25,80.5
42362;27.5,119.25;32.5,90.75;297.25,148.25;333.25,120.5;61.75,175.25;137.25,198.75;194.25,226.75;339.25,80.5
27829;27.5,119.25;33.75,91.75;323.5,189.75;336.25,107.25;61.75,175.25;184.25,176;223.25,192.5;337.75,82
29805;3,63.25;27.5,119.25;323,190;372,69.25;61.75,175.25;158.5,123.25;215.75,184.5;305,50.5
28930;1.5,103.25;3.5,68.25;323,190;372,69.25;37.5,144;196.25,98;204.5,218.75;340.5,82.75
17288;28.75,107.25;51.5,46.75;323,190;357,29.75;37.5,144;160.5,87.75;226,273.25;311,32.25
41313;29.25,107.25;92,26.25;310.75,235.25;352,8.75;83.5,154.75;172,97.5;226,273.25;311,32.25
44599;3.25,91;42.5,13.25;303.75,262.75;352,8.75;53.75,195.75;142,90.25;213.75,275;311,32.25
48142;3.25,91;42.5,13.25;254.5,284.5;340.75,12;22.75,218;160.25,117.25;213.25,232.5;343,64.5
12008;3.25,91;19.5,29.5;254.5,285;301.75,55.25;63,260.25;111.25,137.25;256.5,246.75;343,64.5
12824;3.25,91;19.5,29.5;254.5,285;285.5,54.25;76,255.25;76.75,132;301.75,244.5;337.75,42.75
19907;4.25,91.75;53.25,57.25;203,246.75;272.25,72.75;51,263.25;54.25,128;301.75,244.5;337.75,42.75
30593;18.25,63.75;53.25,57.25;165,223.5;281.25,85;12.75,286.25;54.25,128;283,252.75;324.25,7.75
31478;16.25,57.5;94.75,86;140,241;226,93;12.75,286.25;54.25,128;313,271.5;355.75,4.5
3971;31,75.75;91.75,44.75;166,217.75;242.75,108.5;11.75,321;54.25,128;318.75,313.5;355.75,4.5
14314;67,30.5;91.75,18.75;140.75,195.5;227.25,135.5;11.75,321;54.25,128;354.25,263.75;355.75,4.5
22055;66.75,30;91.75,18.75;140.75,195.5;245,176.5;14.75,307.25;37.25,77;317.75,226.5;353.5,34.25
7253;82,25.5;111.25,33.25;140.75,195.5;247,218.5;14.75,307.25;37.25,77.5;336,173.5;354.75,18.5
15267;33.5,19.75;47,16.5;136.75,129;247,218.5;14.75,307.25;25.75,123.75;323.25,241;341.75,81.75
4073;5.75,18.75;9.5,7.25;176.75,109.5;247,218.5;14.75,307.25;27,128.25;314.75,265.75;317,126.75
24100;8.5,68.75;9.5,7.25;165,144;264,181;14.75,307.25;45.5,136.75;296,199.75;356.75,147.75
29308;9.5,7.25;23,42.75;107.25,120.25;203.75,168.25;14.5,304;108.75,121.25;296,199.75;334,118
46617;21.75,64.25;62.5,5.25;75,113;239,217;14.5,304;108.75,121.25;295,203;334,118
2390;42,47.75;62.5,5.25;75,113;227.5,267;7,310.75;103.75,153.25;244.25,213;296.75,152
13177;34.25,37;62.25,24.5;71.25,86;260.25,255.25;7,310.75;106.25,111.75;226.25,186.5;296.75,152
41561;11.5,64.25;65.25,74.75;94.25,90.25;251.5,288.5;7,310.75;106.25,111.75;218.75,205;296.75,152
48613;33,99;57.5,64.25;107.25,55.5;251.5,288.5;49.75,279.5;125,72.25;215.75,199;296.75,152
50176;48.25,58.25;64.75,58.25;90.5,66;251.5,288.5;49.75,279.5;141,43.25;193.5,213.5;325.5,148.75
18910;34.75,77.5;66.25,2;70.5,49.25;251,289;31.75,253;141,43.25;194.25,234.25;325.5,148.75
15236;30.5,18;70.75,44.75;109.75,17.75;251,289;22,201.5;164,52.75;194.25,234.25;346.75,207.25
49816;30.5,18;94.5,83.75;135.5,63;283.5,320.75;22,201.5;107.5,38.75;162,225.75;294.5,225
38568;31,17.25;87.25,141.5;111.5,59.75;263.75,273;19.25,192;156,50;162,225.75;294.5,225
46753;11.25,6.75;87.25,141.5;112.25,59;240,273.5;42.75,143.5;184.5,65;214.5,212.75;294.5,225
47294;6.25,5.75;105,144.75;112.25,59;273.75,254.75;32.25,147.25;184.5,65;252.5,215.5;308.25,266
48000;6.25,5.75;81.5,118;107.25,62.5;301.25,255;48,130.5;196.75,86.25;285,196.5;308.25,266
50489;6.25,5.75;81.5,118;107.25,62.5;264.25,226.25;16.5,155;248,73;282.5,203.25;303.25,262.75
4189;43.25,23;89.75,89.75;153.75,31.25;264.25,226.25;26.25,120;245.25,84.75;282.5,203.25;316,301
20928;22.5,43.25;89.75,89.75;125.5,56.25;228.25,206.75;38,75.75;245.25,84.75;283.25,203.75;288.5,276.25
30285;62.5,74.25;96.5,58;104.25,72;228.25,206.75;57.25,68.5;245.25,84.75;310.5,160.75;326.25,241.5
40946;91.5,86.5;123.75,80;132.25,102;228.25,206.75;69,52;243.75,90.25;262.25,175.5;326.25,241.5
7422;91.5,86.5;121.75,55.25;180,67.5;276,180.5;69,52;208.5,92.5;303.5,194.5;353.5,265.25
40729;72,97.75;115.75,15.25;220.25,73;272,168;69,53;168.25,63.5;303.5,194.5;353.5,265.25
35866;72,97.75;99.25,20;219.75,72.5;282.25,165.25;77.75,25.25;151.75,91.75;321,164;353.5,265.25
50477;72,97.75;99.25,20;219.75,72.5;309,208.25;76.75,12.25;151.25,90.25;322.75,158.75;359.25,232.5
13812;72,97.75;75.75,44.5;205.75,77.25;310,239.75;76.75,14.5;151.25,90.25;299.75,151.75;311,235.75
19749;41.75,124;81.25,40.75;169.75,124.75;346,278;95.25,49;151.25,90.25;269,114;311,235.75
44841;41.25,146.25;83,85.25;176.5,161;352.75,275;95.25,49;151.25,90.25;228,133.5;311,235.75
25918;41.25,146.25;64,85.5;185.25,156.25;351.75,320.25;104.75,67.25;151.25,90.25;225.75,124;272.25,208.75
40945;78.25,115.25;111.5,61.75;137.25,137;351.75,320.25;114.25,39;143.5,89.5;214.5,72.5;272.25,208.75
28508;31,99;111.5,61.75;120,120.75;331,276.75;61,42;143.5,89.5;220,19;280.75,226.75
16414;30.25,99.75;113.75,77.25;155.25,125;324.5,260.5;61,42;145.25,49.5;255.75,16.5;280.75,226.75
33317;23,74.75;143,76.25;155.5,97.5;357,273.5;64,42.25;145.25,49.5;226,39.75;280.75,226.75
40325;14.5,30;179,34.25;179.75,87;357,273.5;64,42.25;120,71.25;205.25,40.25;312.25,254.75
32361;3.25,22.75;179,34.25;184.75,78.5;357.75,313.75;98.75,38.25;150,90.25;205.25,40.25;289.75,286.75
35108;5.5,62.25;186.25,18.5;220,50;357.75,313.75;107,39.5;150,90.25;186,31.5;291,288.5
33669;5.5,62.25;187.25,63;277.5,31.5;357.75,313.75;84,100.75;96.5,52;229.25,9;244,320.5
16975;5.75,60;145.75,50.25;332,64;357.75,313.75;84,100.75;117,71.75;241.75,16.5;312.25,314.25
48446;5.75,60;203.25,60.75;357.25,15.75;357.75,313.75;71.75,125.75;156.5,65.25;242.75,77.5;285.5,282.5
6256;5.75,60;267.75,56;357.25,15.75;357.75,313.75;118,112.25;187.25,95.25;196.75,97;333.25,278.5
4806;2.5,51.25;261.25,88;356.25,20.25;357.75,313.75;118,112.25;244.25,90.25;251,131.75;337.5,290.5
41066;46.25,33.75;271.5,72.5;326.75,39;357.75,313.75;129.25,107.5;225.5,135;240,181.75;337.5,290.5
31638;70,67.25;253.5,117.25;326.75,39;337.25,270.75;129.25,107.5;224.25,139.5;231.75,181;330.5,314.25
29649;77.75,49.25;232.25,135.25;311.5,68;356.5,230.25;129.25,107.5;224.25,139.5;231.75,181;321.5,319.5
18909;77.75,49.25;277.75,129.75;284.75,87.75;333,275.5;93.75,135.75;219.5,145.5;234.75,183;321.5,319.5
22608;49.25,57;247,118.5;284.75,87.75;333,275.5;69.25,142.75;214,152;230,199;291.25,287.25
20979;35.25,56.5;247,118.5;280,75;341.75,321.25;69.25,142.75;228,152.5;239,168.75;271.25,306.25
46694;25,62.75;269,74.75;276.5,15.75;341.75,321.25;77.75,201.5;226,150;227,107.5;271.25,306.25
34093;35.5,100.25;269,74.75;276.5,15.75;341.75,321.25;78,197;249.75,163.25;257,76.5;313.75,301.75
17606;56.75,55.75;269,74.75;276.5,15.75;301.5,319.75;117,214.75;231.5,153.5;256,95.25;308.25,266
41012;12.5,30.75;270.5,96.25;281,70.5;297.25,303;117,214.75;189.5,173.25;256,95.25;275.5,223
18184;12.5,30.75;245.25,100;280.25,104.75;335.25,258.75;173.5,230.75;189.5,173.25;274.75,107;325.5,204.75
34973;17.75,75.25;288,71;291.75,104.25;335.25,258.75;152.75,225.5;175,154.5;285.75,127.5;325.5,204.75
20362;18.25,76.25;235.25,72.75;291.75,104.25;305.5,309.5;164.75,221.5;175,154.5;319,124.75;320.25,229.75
15980;8.75,42.75;247.75,116.75;286.75,75;305.5,309.5;164.75,221.5;186,152.25;357.5,81.25;361,234.5
7612;8.75,42.75;257,114.25;263.25,66;288.5,293.75;164.75,221.5;171.25,165.75;353.5,47;360.25,234.5
9910;54,6;295,137.25;301.25,115.5;316.75,305.75;164.75,221.5;213.5,125.25;304,17;360.25,234.5
25552;83,59.25;273.5,164.25;285,104.75;316.75,305.75;122,258.75;213.5,125.25;274.5,30;304,249
13689;83,59.25;252.5,219.75;285,104.75;316.75,305.75;72.75,255;188,165.25;307.75,79.5;315.5,217.5
33891;44,45.25;224.25,203;286.5,70.5;297.75,319.25;72.25,253.25;188,165.25;293,60.25;315.5,217.5
39349;44,45.25;221,190;233.5,77.5;259.25,323.25;72.25,253.25;153.75,179.75;274.25,101.5;309.75,197.5
49975;44,45.25;226,147.25;233.75,77;264.75,316.5;109.5,290.5;185.75,176;274.25,101.5;275.25,212.25
27947;94,59.25;226,147.25;246.25,30.25;308.25,317.25;153.75,302.5;185.75,176;274,102.75;319.75,242.5
9882;48.75,53.5;243,183;269,18;308.25,317.25;146.75,301.25;218.25,195;274,102.75;320.25,229.25
26473;109.75,42.75;242,183;270.75,71.5;308.25,317.25;146.75,301.25;230.75,256.25;311.5,86.25;358.25,278.5
3709;110,41.75;242,183;270.75,71.5;337.75,267;85.25,315.5;256.5,241.25;311.5,86.25;364.25,279
7910;130.25,26.75;242,183;270.75,71.5;354.25,288.75;33.25,318.75;215.25,210.5;311.5,86.25;346.5,259.5
5335;130.25,26.75;217,129.25;271.5,102.5;304.75,250.25;91.75,300.5;270.75,219.5;311.5,86.25;347.5,259.5
43585;110.25,21;171,135.5;271.5,102.5;304.75,250.25;59.5,315.75;236.75,200.5;264.5,109;347.5,259.5
36529;65,7.75;168.75,163.75;298.75,112.75;305,250.75;59.5,315.75;254.5,163.75;264.5,109;359.25,248.25
46510;10.5,6.25;147,118;272.75,129.5;304.5,250.75;11.75,310;254.5,163.75;264.5,109;341,292.25
15977;10.5,6.25;141.5,126.75;274.5,126.75;278.25,240.5;17.75,294.25;254.5,163.75;260,127;335.75,313.5
2778;10.5,6.25;134,124.75;221.5,155;244,217.75;45.25,278.5;262.25,127.25;305,171.25;335.75,313.5
40921;10.5,6.25;151.5,124.5;225.5,155;232.5,211.25;45.25,278.5;262.25,127.25;288,203.75;300,306.5
15793;10.5,6.25;151.5,124.5;239.25,135.25;267.75,254.75;46.75,280;228.25,186;242.25,231.5;243,310.25
34457;10.5,6.25;178.75,113.25;206.5,131.5;250.5,273.5;46.75,280;220.75,159.75;239,275.5;282.5,269.25
1025;10.5,6.25;185.5,131.5;206.5,131.5;281.5,263.5;55,281;171,197;203.5,276;314.75,231
1433;10.5,6.25;164.5,146.5;206.25,131.75;281.5,263.5;91.75,255.25;120.25,204.5;226.75,267;319.5,197.25
19424;10.75,62.75;207.25,176;233.5,88.75;299.5,245.5;91.75,255.25;120.75,204.75;226.75,267;358.75,156.75
41123;42.25,36.25;231.25,208.25;233.5,88.75;295.75,250;56.5,235.5;142.5,226.25;226.75,267;328,163.75
45698;42.25,36.25;249,179.5;253.25,109.25;336.5,252;54,237;127.25,230.25;226.75,267;328,163.75
32888;9.5,48.75;282,164.5;285.25,105.75;299.5,231.5;54,237;145,224.75;226.75,267;342.75,205.5
12088;9.5,48.75;270.5,178.75;283.75,143.5;299.5,231.5;28,198.25;156.75,181;252,238.75;291.75,217.5
34372;9.5,48.75;243.75,200;246.25,120.5;276,230.75;57,170.75;138.25,197;261.25,292.5;291.75,217.5
35530;70.25,49.25;243.75,200;246.25,120.5;281.25,255.75;9.75,136;156.75,186;294,284.25;317.75,197.25
35298;65.75,85.5;235.25,192;246.25,120.5;302.5,253.75;57.75,113.25;158,221;289,284.5;317.75,197.25
40746;65.75,85.5;235,191.25;273,98.75;302.5,253.75;91.25,109.5;193,235;282.5,252.25;351,163.5
25086;79.25,89.75;235,191.25;273,98.75;302.5,253.75;67.75,92;189,218;251.5,263.25;357.25,165.25
15011;81.5,131.25;228.75,231.25;242.5,126.5;303.5,252.75;86.25,102.25;159,252.5;251.5,263.25;357.25,165.25
30597;89.75,129.75;245,256.25;249.5,158.75;312.25,221;59,99.75;159,252.5;216.25,296.75;357.25,165.25
11368;89.75,129.75;249,281.5;249.5,158.75;353.75,213.75;57,130.5;128.25,273.75;228.5,273.5;352,141.75
3618;42.75,104.75;223,243.75;226.75,206.75;353.75,213.75;90.25,115.5;143.75,223;228.5,273.5;305.75,151
44199;36.5,65.75;223,243.75;226.75,202.5;365,197.75;90.75,116;143.75,223;193.25,303.75;297,143.75
3996;36.5,30;217,260.75;257,191.5;310,167;90.75,116;143.75,223;178.5,288.75;297,143.75
4755;37,72.5;199.5,284;229.25,230.75;266,178.5;90.75,116;131,195;178.5,288.75;298.25,143.75
30526;69.25,75.75;227,270.5;242,215.75;268.25,131.5;90.75,116;114.5,195.25;178.5,288.75;255.5,174
32025;55.5,75.75;214,259;223.25,231.5;259.5,178.25;80.25,128.75;114.5,195.25;130.5,308.75;255.5,174
27869;32.75,38.5;199,311.5;208.75,204;214.5,198.5;80.25,128.75;114.5,195.25;131,288.25;255.5,174
39848;6,49.5;153.25,304.75;172.5,196.75;214.5,198.5;110.5,151.75;114.5,195.25;152,301.75;252.25,179.5
45236;6,49.5;163.75,303.5;188.25,233.75;206.75,167.75;122.25,185.25;125.75,156.75;152,301.75;224,226.75
25844;30.25,30.75;200.75,283.25;211.25,279.75;213.75,164.25;89,163.75;122.25,185.25;152,301.75;279,243
27933;29.25,31.25;163.75,311.25;171.75,311.5;213.75,164.25;89,163.75;98,196.5;152,301.75;293,296.75
17933;52,62.25;148.25,270;189.5,253;213.75,164.25;89.5,171.25;139,198.5;152,301.75;353,309.75
19744;58,76.25;116.25,265.75;197.25,267.5;229,190.75;76,147.5;139,198.5;154,302.25;353,309.75
27718;58,76.25;117.75,265.75;201.5,307.75;208.25,176.25;28.75,119.75;139,198.5;170.5,303.5;343.75,276.5
7094;57.75,76.5;152.25,224.5;170,294.25;200.5,166.75;28.75,119.75;139,198.5;225,284.75;360.5,234
15503;4.5,63.75;148.5,209;170.5,294.25;248.5,177.25;14.5,155.5;105.25,185.25;225,284.75;360.5,234
25331;1.5,23.5;114.25,213.5;212.25,294.25;232.75,209;14.5,155.5;105.25,185.25;229.25,284.75;360.25,234.5
39037;0.75,25;161.5,232.75;212.25,294.25;254.75,153.5;14.5,155.5;123.75,198;247.5,248.25;353.25,276.5
37810;50.25,58;201.75,186.25;212.25,294.25;309.25,113.5;14.5,155.5;130.25,259.5;240,231;356.25,288.25
22212;50.25,58;201.75,186.25;212.25,294.25;302.25,56.5;31.25,197.5;172.75,294.75;224.5,255.5;319.5,312.75
5509;50.25,58;154.5,194;197,254.75;327,32.5;71.5,204.25;122.5,298.5;239.25,231.5;319.5,312.75
45106;91,26.5;166.25,211.25;197,254.75;327,32.5;67.5,248.5;168.5,278.75;185.75,231;364,276
9171;127.75,48.75;166.25,211.25;196,259.5;327,32.5;23.25,215.75;153.5,299.75;187.25,258.5;328.5,283.25
761;95.25,9;166.25,211.25;196,259.5;337.25,64.25;23.5,262;168.25,278.25;170,303.5;328.5,283.25
45016;95.25,9;166.25,211.25;217.5,247.75;361,83.75;23.5,262;165.5,238.5;186.25,247;274,262.75
28289;104.5,15;166.25,211.25;246.5,274;309.75,54;72,296.25;114.5,252.5;155.5,235.25;274,262.75
29315;104.5,15;140,230;200,310.5;305.75,110.5;77,254.75;124.5,264;154,202.25;274,262.75
41715;104.5,15;140,230;173.75,318;273.5,142.25;73.75,203;173,233;181,162.5;306.75,243.75
4738;108.25,14.75;155.75,211.25;161.5,279.75;273.5,142.25;123.75,197.75;165.25,222.75;223.5,133.75;306.75,243.75
41271;107.5,70.5;152.5,158.25;181.75,255;294,125.75;123.75,197.75;165.25,222.75;271.5,113.5;306.75,243.75
8417;107.5,70.5;112.5,160.25;181.75,255;294,125.75;123.5,199.5;148.25,252.75;242.75,82.75;314,210.25
13325;76.5,57.5;112,205.25;181.75,255;295.75,104.75;129.5,195;150.25,300.25;242.75,82.75;315.25,189.5
38541;64.75,8;132.75,166.75;168,271.5;314.5,136.25;80.75,183;150.25,300.25;242.75,82.75;317,192.25
16051;64.75,8;176.5,190.5;185.75,318.5;352,133.75;92.5,191;121.75,284;267.25,125;317,192.25
8236;78,9.75;176.5,190.5;185.75,318.5;352,133.75;111.25,152.25;114.5,323.25;299,138.5;325,241.5
33446;65.25,4.75;176.5,190.5;224.5,291.75;291,164.5;111.25,152.25;165.25,293.75;266,107.25;353.75,294.75
46155;65.25,4.75;172.25,224.5;224.5,291.75;315.5,201;150.5,141.75;158.25,300.75;266.25,107.75;312,313.5
48705;65.25,4.75;161.5,215.75;203.5,246.75;356.5,157.25;150.5,141.75;175.5,304.25;311.75,87.75;354.75,292.25
42656;52.25,49.25;169.5,163.5;228.25,237;357.5,139.25;166.25,163.75;175.5,304.25;315.5,88.5;354.75,292.25
12293;52.25,49.25;169.5,163.5;205,265.75;327.75,136.75;153.75,155.5;194.25,317.25;283.25,137.5;355,285.5
39321;52.25,49.25;165.5,142;166.75,274;327.75,136.75;184.75,134;205.25,296.25;236.5,131.75;355,285.5
13205;17,99.25;165.5,142;184.5,317.25;274,167;204.25,95.75;204.75,297.25;236.5,131.75;354.5,287.75
31411;43.5,93;204.25,166.25;224,294.25;286,164.75;157,67.75;204.75,297.25;236.5,131.75;354.5,287.75
27045;65.75,41.75;179.5,221.5;251.5,274;336.75,136;157,67.75;204.75,297.25;215.5,165.75;354.5,287.75
23371;109.25,20.5;179.5,221.5;246.5,256.25;330.25,91;142.5,81.75;182,288.25;215.25,165.5;354.5,287.75
3670;109.25,20.5;188.75,219.5;254.5,219.5;334.75,48;90.75,65.25;158,301.75;229.25,186.5;354.5,287.75
16335;109.25,20.5;154.25,223;254.5,219.5;329,22.25;95.25,107.75;154,317.75;175,187.75;305,305.75
10075;114.75,16.25;135.25,238.75;270.75,165;275.25,18.5;95.25,107.75;154,317.75;175,187.75;352.25,297.25
30062;120.25,14.75;127.5,287;270.75,165;314.5,6.5;125,117.25;155,300;202.5,176.25;352.25,297.25
28603;168,36.5;186.25,246;250.5,116.5;358.5,24;125,117.25;127.5,324.25;202.5,176.25;352.25,297.25
32790;200.25,15.5;207,221.5;252.25,113.75;325.25,11.75;125,117.25;127.5,324.25;200.5,176;314.75,257
42181;200.25,15.5;207,221.5;233.75,80;325.25,11.75;71,115.75;103.5,309.25;212.25,175.25;335.5,199
48914;201.5,71.5;205,251.25;244.5,46.25;325.25,11.75;71,115.75;78.25,301.25;196.5,226.75;338,162.25
42536;194.75,113.25;205,251.25;280.25,106.5;304.75,14.75;71,115.75;106.25,255.5;147.25,271.25;354.75,180.75
19178;199,136.5;201,285.25;283.25,109;336,2.75;71,115.75;99.5,267.75;150,303.25;354.75,180.75
14863;158.75,141.5;200.75,286;283.25,109;354.75,12.75;79.5,115.75;99.5,267.75;125.25,319.75;330,199.5
15400;158.75,112.75;200.75,286;277.25,130.5;354.75,12.75;107,136.75;137.5,235;163.75,317.5;326.25,198.5
35022;158.75,112.75;200.75,286;288.5,134.5;352.75,41.5;92.5,137.5;137.5,235;163.25,302.25;290.25,143.75
48509;166.5,85.5;202.5,308.5;288.5,134.5;365,25.75;92.5,137.5;104.75,200;163.25,302.25;308,169.25
906;165,85.25;202.5,308.5;278.25,118.25;365,25.75;37.5,135.25;78.5,197.5;161.25,302;360.5,158.75
14487;153,128.75;202.5,308.5;278.25,118.25;361.5,24.75;8.75,142;83.5,168;112.25,281.25;320,130.75
43448;188.75,151.75;210,311.75;285.25,71.75;361.5,24.75;36.75,170.25;75.75,148.5;112.25,281.25;333.5,124.5
2153;173.75,135;196.75,279;268,74.75;340.5,11;36.75,170.25;75.75,148.5;78,231.25;353.75,79.25
43251;172.25,163.25;201.5,311.25;250.75,136;340.5,11;64,191.75;75.75,148.5;110,276.75;331.25,60.5
42256;172.25,163.25;247.5,314.25;262.5,155.25;320.25,57;64,191.75;109.5,137.75;115.5,291.5;331.25,60.5
28470;139,156.75;247.5,314.25;260.25,133.5;320.25,57;87,234;114.75,111.75;169.75,302.75;364.75,81
20168;139,156.75;248.5,314.5;260.25,133.5;294.75,71;68.75,224.25;116.75,137;186.5,289.5;357,56.25
50573;139,156.75;225.75,293;257,112.25;293.75,57.5;68.75,224.25;171.25,143.75;186.5,289.5;311.5,59.75
9979;141,154.75;253.5,245;267.75,114.25;330.25,48.5;68.75,224.25;156.25,181.25;238.25,308.75;311.5,59.75
32303;98.25,188.75;230.5,235.5;270.25,74.25;310.25,53;68.75,224.25;136.75,197.75;238.25,308.75;311.5,59.75
7103;81.25,175.5;234.25,251.5;311.5,53;330.75,10;52.5,257.75;136.75,197.75;238.25,308.75;288,27.75
6926;65.75,159.75;235.5,251.5;287,105.75;330.75,10;52.5,257.75;145.5,162.75;227.5,284.25;324,7.25
4896;65.75,159.75;235.5,251.5;301.5,116;330.75,10;28.5,212;178.25,153;206.25,260;358.25,3
1835;19,141.25;250.75,261.25;286.5,141.75;366,43.5;43.75,177.5;154,175;206.25,260;358.25,3
16477;6.5,158.5;264.25,255.75;318.5,124;365.75,44;8.75,203.75;154,175;244,244.5;358.25,3
4261;6.5,158.5;210.25,239.25;309,115.25;365.75,44;19,156.25;179.75,169.75;229.25,229.75;356.75,2
33264;6.5,158.5;273.5,239.25;283.75,103.25;366.5,43;19,156.25;166.5,187.25;174,197.5;334.25,1.75
19448;34.75,103;235,259.25;251.5,153.75;366.5,43;19,156.25;148.5,167.75;188.25,247.5;335.5,53.5
44650;64.5,116.25;221.5,311.75;232.75,127.5;332.25,8;19,156.25;148.75,165.5;188.25,247.5;335.5,53.5
1616;90.75,65.25;183.75,290.75;267.75,106.5;361.5,24.75;34.5,123.25;148.75,165.5;188.25,247.5;355.5,80.75
30983;95.5,84.75;149.25,259;291.75,105.75;361.5,24.75;79.5,125.25;171.25,170.25;215.75,249;355.5,80.75
42295;112,42.75;117.75,224.5;292.75,53.75;368.5,27;79.5,125.25;211.25,177.25;213.5,251.25;355.5,80.75
21683;52.5,35.5;66,209.25;292.75,53.75;368.5,27;103.25,113.25;192.5,235.25;195.25,228;338.75,80.5
2313;10.5,32;66,209.25;272.75,19;315.25,16.25;87.5,107;195.25,228;215.75,255.75;363,49.5
29610;10.75,31.25;96.75,229.5;290.75,13.75;315.25,16.25;134.25,106.5;194.25,246.5;245.25,255.5;363,49.5
45414;10.75,31.25;120.5,259.75;280.25,42.25;291,53.5;87.5,137.25;194.25,246.5;245.25,255.5;349.75,81.25
32719;9,64.25;160.75,225.75;226.5,29.25;299.25,56;87.5,137.25;194.25,246.5;259.75,200.5;349.75,81.25
43921;30.5,23;160.75,225.75;213.5,56.75;266.25,61;87.5,137.25;194.5,244.5;275.75,152.75;337.5,78.25
43031;23.25,64.25;154.25,211.25;221.5,89;266.25,61;87.5,137.25;194.5,244.5;271.5,101;328.75,59.75
14581;45,98.25;181,230;221.5,89;246.5,19;107.25,162.25;194.5,244.5;237.75,121.75;295,95
42833;45,98.25;188.75,268.25;221.5,89;246.5,19;90.5,135.75;212.25,276.5;250,146.75;292.75,143.75
22407;27.5,99;172.75,228.5;182.25,119.5;246.5,18.5;47,121.75;240,309.25;250,146.75;292.75,143.75
36786;55.5,69.75;150.5,266.5;153.25,125;251.75,28;89.75,162.75;239.5,310.5;250,146.75;292.75,143.75
44213;46.5,45.75;123.75,287.5;153.25,125;308.5,14.5;66.25,141;239.5,310.5;244.5,168.25;271.5,152.25
46023;28.25,18.75;94.75,253.5;153.25,125;308.5,14.5;10,154.75;233,275.5;236.25,158.5;280.25,174
23779;65,5;113.5,208.75;153.25,125;255.5,18;10,154.75;263,219.25;279.25,186.25;318,164
6806;44,43.75;113.5,208.75;153.25,125;255.5,18;20.5,99.25;272,195;298,143.25;324.25,139.75
26681;44,43.75;113.5,208.75;146.25,140.25;255.5,18;14,136;293.75,219.25;351,157;356.25,148
40475;35.5,64.75;120.25,250.25;154.75,193.75;255.5,18;33.25,80.5;278.25,210.25;341,187.25;356.25,148
11159;24,42.75;62.25,262.75;203.25,178.25;257.75,19.75;3,68.75;305,195.5;341,187.25;356.25,148
9901;24,42.75;58.5,230.5;246,189.25;257.75,19.75;38.5,33.25;303.75,130;304.75,194.75;329,197
10358;24,42.75;52,227.25;204.25,232.75;284.5,74.25;38.5,33.25;309.75,75.5;323,162.75;358,147.75
17708;38.25,67.25;52,227.25;226.75,252.5;248.5,107.75;73.25,12;298.75,114.75;353.5,203.25;358,147.75
11378;42.75,46.75;52,227.25;198,309;293.5,113.25;73.25,12;295.25,184.75;353.75,181.75;357.5,145.75
19013;64.75,74.75;83.5,273.75;239.75,279.75;335.25,76.25;70.75,19.5;303.25,128.75;353.75,181.75;357.5,145.75
4125;67,49.25;83.5,273.75;258.25,256.25;306.75,114.25;70.75,19.5;280.5,132.25;314,227.5;336,205
35455;7.75,62.75;59,240;240.5,215;317.25,62.5;70.75,19.5;284,133.25;336,205;356,263.75
46718;14,106.5;59,240;240.5,215;317.25,62.5;19.75,19.5;284.25,107.25;312.5,199.75;323,287.75
9194;13.75,107;59,240;240.5,215;309.75,36.5;20,52;263.75,117.75;285.75,194.5;347.75,321
36757;57.75,97.25;78.5,201;257,269.25;269.75,25;20,52;246.5,132.75;291.75,196;347.75,321
35868;57,96;78.25,140;222.75,260.5;269.75,25;20,52;299.25,109.5;301.75,206.25;365,278.5
37696;12,63.25;119.25,149;244.5,272.75;269.75,25;9.75,102.75;300.25,111.25;301.75,206.25;339.75,312.25
770;49.75,45.25;119.25,149;193.25,278.25;269.75,25;19.5,158.5;306.75,85.75;308,184.25;321.25,321
20402;67.75,84;91.75,149.25;126.5,292.5;307.25,72.75;74,151.5;306.75,85.75;308,184.25;321.25,321
5129;19,84.5;91.75,149.25;125,285;307.75,73.25;100.75,137.25;301.75,87;320.5,194.25;321.25,321
48636;19,84.5;44,138.25;92.5,299.25;302.25,41.25;99.5,135.75;301.75,87;306,149.25;318.75,322
43848;19,84.5;33.75,157.5;90,248.75;302.25,41.25;140.25,172.25;273.5,89;298.75,152.5;318.75,322
9362;31.25,123.75;53.5,170.25;91,248.75;302.25,41.25;180.25,170;273.5,89;304.75,198;344.25,276.75
7130;14,167;31.25,123.75;91,248.75;346.75,32.25;185.25,177;221.5,98;286.75,248.75;354.25,288.75
40505;14,167;31.25,123.75;87.25,243.5;346.75,32.25;231.5,158;238.75,133.25;313.5,272.5;324.25,275.5
1594;14,167;30.5,127.5;87.25,243.5;323,62.5;215.75,202.5;259.75,141;319.75,310.75;354.75,292.75
40888;22,178.25;51.25,146.5;67.25,281.25;290.25,43.25;215.75,202.5;281.75,118.5;319.75,310.75;354.75,292.75
42020;25,178;44.5,200.75;54.75,295;314,6;215.75,202.5;302.75,88;319.75,310.75;354.75,260.25
9946;25,178;53.5,216;54.75,295.75;314,6;225.25,221.75;257.75,47.5;331.75,313.5;344.25,279
6319;22.75,227.5;35.75,267;39.25,309.5;332.5,12.75;225.25,221.75;322.25,82.25;327.75,321;344.25,279
46790;1,279;22.5,229.25;38.75,309.25;287.75,25.75;259.25,241.25;263.75,84;327.75,321;344.25,279
2895;7.25,265;21,258.25;37.5,309.5;287.75,25.75;216,248;250,11.25;327.75,321;362,266.25
37469;7.25,265;39.75,241.25;71,295.5;276.25,72.5;170.25,269.75;250,11.25;266.25,317.75;368,211.75
22379;34.75,242.5;55,200.75;76.5,275;284.25,120.25;147.75,319.5;250,11.25;287,316.25;368,211.75
40917;34.75,242.5;54.25,202.75;76.5,275;284.25,120.25;175,310.5;290.5,17.5;323.25,310.25;358.25,206.5
18684;54.25,202.75;61.5,248.25;91,322.75;291.25,113.25;175,310.5;261.5,24.75;276.75,295.5;313.25,206
8112;54.25,202.75;101.5,281.25;143.25,315;339.5,112.25;173.25,296.5;261.5,24.75;286,287.75;313.25,206
26208;104.5,203.5;132,230;160.75,299;339.5,112.25;207,275.5;220.5,48.75;286,287.75;355,171.75
19579;104.5,203.5;126.75,264.25;163,249.75;325.75,136.75;207.5,270.25;221.25,52;314,243;355,171.75
44747;121.5,209.25;126.75,264.25;159.25,275.5;325.75,136.75;207.5,270.25;253.25,99.5;276.25,214.25;347.75,152.25
36487;121.5,209.25;165.75,311.25;165.75,322.25;341,145.5;168.25,257.25;254,98.5;276.25,214.25;322.5,163.25
32093;121.5,209.25;166.25,310.75;217.5,318.5;303.75,141.25;168.25,257.25;233.5,159.5;309.75,160.75;352.25,192.5
2494;74,228;166.25,310.75;217.75,269.75;290.25,169.25;159.25,303.5;206.5,190;327.25,160;352.25,192.5
21187;73.75,228.75;166.25,310.75;222.75,237;312.25,199;159.25,303.5;248,193.5;321.25,178.25;339.75,169
15851;83,248.75;212.5,291.25;242.75,208.5;279.25,219.75;110.75,316.75;248,193.5;321.25,178.25;357,175.5
45526;83,248.75;212.5,291.25;242.75,208.5;279.75,166;81.75,286.5;295,217;310.5,139.75;340,139.75
23065;95.75,299.25;174,303;252.75,203.5;324.25,165.25;81.75,286.5;279.5,250.75;306.5,149.5;340,139.75
23027;46.75,311;142.5,317;252,204.75;354.5,183.75;124.25,316.25;281.75,270.5;306.5,149.5;340,139.75
5430;46.75,311;122.5,273;281,219.25;361.5,136.75;167,300;281.75,270.5;330.25,192;348,187.25
38409;45.75,271;138,313.25;280.5,219.25;361.5,136.75;167,300;275.75,249;310.25,138.25;367.5,234
37219;45.75,271;109.5,313.5;331.5,227.75;334,112;187.25,249;304.25,242.25;318.5,100;367.5,234
14666;25.25,300.5;115.75,312;331.75,270.25;334,112;153.5,299;311.5,199.25;318.5,100;367.75,234.5
8132;25.25,300.5;115.75,312;318.25,304.25;330.5,60.5;128.25,279.5;290,219.25;318,66.25;367.75,234.5
8960;25.25,300.5;115.75,312;348.75,320;355.75,89.5;128.5,280;298.75,278;315.75,115;367.75,234.5
17702;25.25,300.5;104.5,295.25;302,302.75;358,137;125.75,317.75;239.5,256.5;251,121.5;367.75,234.5
4707;25.25,300.5;116.25,302.75;311.25,263.5;358.75,176.5;178.25,303.25;220.5,274.75;251,121.5;367.75,234.5
34816;25.25,300.5;116.25,302.75;317.75,239.5;358.75,176.5;159.25,299.75;205.25,272.25;226.25,107;342.25,234.5
11801;26.25,300.5;116.25,302.75;309,211;358.75,176.5;179,302.75;225,226.75;252.5,143.5;311,196.5
14820;60,295.5;66.5,280.25;307.5,211.75;358.75,176.5;179,302.75;232.5,274.75;260.75,118.5;347.75,178.25
13736;60,295.5;100.5,284.5;307.5,211.75;358.75,176.5;122.25,323.5;242.25,310;291.75,114.75;349.5,119.25
45229;60,295.5;100.5,284.5;299.5,206;364,210.25;94,297.5;242.25,310;271,137.75;355.25,157.25
22838;81.25,299.75;123,256.75;252,217.75;362.5,187.5;94,297.5;242.25,310;255,133.25;355.25,157.25
42785;81.25,299.75;146.75,305;252,217.75;362.5,187.5;123.75,314.75;184.25,304.25;282.25,175.5;321,159.5
5230;81.25,299.75;146.25,305;249.5,158.75;320.75,211.75;123.75,314.75;194.75,317.75;270.25,213.25;340.5,142.75
30475;40.5,311.5;146,304.5;229.75,206.25;286.5,229.25;151.25,272.75;194.75,317.75;222.25,204;340.5,142.75
16700;2.75,299.75;121.25,280.5;229.75,206.25;303.25,262.5;95.25,269.75;158.5,278.75;276.5,232;340.5,142.75
18092;2.75,299.75;121.25,280.5;229.75,206.25;277,248.25;71,306.25;184,276.25;323.5,264.5;360.5,156
18635;2.75,299.75;163.5,322.5;225.25,204.5;271.25,249.5;90,283.25;127.75,294.25;322.25,266.25;360.5,156
30231;62.5,318.25;137.25,288;208.5,169.75;255.25,244;90,283.25;145.25,319.5;303.75,236.75;360.5,156
30753;62.5,318.25;164.5,309.5;169.25,163;288.25,232.25;38,296;194.75,318.25;282.5,287.25;360.5,156
6537;55.75,295;227.5,302.5;229,183;251.75,247.75;38,296;159.75,301.5;235.5,254.75;360.5,156
39860;39.25,277;203.25,282.5;243.75,127;251.75,247.75;38,296;163.25,298.25;235.75,254.25;352,197
47359;14.5,241;191,249.5;207,168.25;295.25,241;38,296;163.25,298.25;235.75,254.25;329.5,204.5
5714;14.5,241;166,291.5;187,155;294.75,241;71.75,286.75;142,255;235.75,254.25;315.25,162.25
29203;13.5,236.25;167.75,290.5;187,155;270.5,285.75;71.75,286.75;188.5,235;234.25,219.75;340,204.25
34377;13.5,236.25;153.5,260.5;187,155;303,302;17.25,285;198,218;282.75,175.75;338.25,234
41011;15.25,261.25;153.5,260.5;157.25,150.5;303,302;19.25,311;197.5,215.5;299.5,195.25;340.75,230.75
48719;66.5,234.5;153.5,260.5;157.25,150.5;301,318;19.25,311;249,234.25;307.5,170.25;359,211.75
12747;80.5,272.5;125.5,300.25;151.75,142.25;301,318;19.25,311;231,283.25;326.75,160.25;336.5,218
14580;54,219;96.75,320;151.75,142.25;308.5,315.25;39,281.75;231,283.25;282.5,115.75;313,217.75
35872;36,243.25;61.75,318;137.5,93.25;294.75,322.75;40,281.5;231,283.25;281,127.75;313,217.75
48713;24.25,270;34.25,316.75;137.5,93.25;294.75,322.75;15.5,307.25;198.25,277;234.75,159;313,217.75
713;33.75,316.25;40,277;182.25,58.75;327.75,322.75;15.5,307.25;171,298.25;215,211.5;313,217.75
43270;4.5,261.25;44,274.25;217.5,16;327.75,322.75;15.5,307.25;171,298.25;215.5,211.5;319.5,199.75
50028;15.5,253.75;44.5,274.75;217.5,16;359.5,289.5;36.5,308.75;213.5,290.5;226.75,268.25;319.5,199.75
47667;52,293.5;90.5,263;215.25,62;359.5,289.5;15,306;177.25,305.25;260.25,293;319.5,199.75
10346;52,293.5;89.75,266;243.75,101.25;338.5,314.25;3.75,279.5;178.25,271.25;241,310.25;319.5,199.75
15477;58.25,248.25;89.5,300.25;271,105;282,317.25;18.25,233.25;178.25,271.25;260.75,306.5;319.5,199.75
22045;90,249.25;91.5,255.25;276,65.75;310.75,317.5;18.25,233.25;178.25,271.25;259.75,306.5;312.25,194.75
41703;91.5,255.25;139.75,239.75;247.75,36.75;283,313.5;25,247.5;198,318.25;259.75,306.5;308.25,169.5
114;58.75,294;134,284;278.5,36;283,313.5;17.25,279;201,316.75;247,309.75;308.25,169.5
42942;58.75,294;130.5,287.5;302.5,55.5;316,264.25;4,308;177.25,263.5;234.75,255.5;308.25,169.5
41731;58.75,294;139.75,255.5;271,71.25;305.25,262.75;14,309.25;159.75,300.5;227.25,227.75;308.25,169.5
26945;82.75,299.25;139.75,255.5;300.5,110.5;301.75,243;57.75,297.25;159.75,300.5;215.5,182.25;272.25,191.75
46887;72.75,317.5;105,229;300.5,110.5;336.5,224;61.75,295.25;184.5,301.25;191.5,165.5;272.25,191.75
27925;72.75,317.5;105,229;286.25,72.25;336.5,224;5.25,308.25;160.5,279.25;247.5,195;316.25,221.25
6605;114.75,285.5;144.75,223.5;286.25,72.25;286.25,232.25;5.25,308.25;172.75,294.75;247.75,190.75;325.5,210.75
42840;111.5,284;144.75,223.5;286.25,72.25;316.25,264.5;5.25,308.25;116.25,324;311.25,197.25;314.75,211.75
16676;66.75,243;181.75,261.25;250,102;316.25,264.5;5.25,308.25;171.25,314.75;287.75,184.25;348.75,214.75
678;66.75,243;136.25,240.75;249.25,100.75;316.75,250;5.25,308.25;116.75,308.5;314.5,235;362.5,262.25
18976;48.5,228.25;115,198.75;266.75,102.5;278.5,237.25;5.25,308.25;109.75,284;315.5,231.5;362.5,262.25
4312;26.5,208.25;115,198.75;269.5,73.75;300.25,239;5.25,308.25;160,303.5;319,195;351,293.5
17321;47,248.5;129,240.25;247.5,27.75;257.25,241.5;10.75,306.5;151.25,272.25;319,195;351,293.5
47632;70.5,255.75;144.25,224.25;203,6.25;300.75,263.5;10.75,306.5;151.25,272.25;273.25,181.25;355,285.5
39712;70.5,255.75;144.25,224.25;202.25,63.5;269.75,287.25;11.75,321;174.25,302.75;228,158;312.5,301
13082;53.5,217.25;166.75,202.75;178.5,38.75;269.75,287.25;43.75,283.25;174.25,302.75;217,132;293.5,280.25
12885;38.5,205;162.5,226.5;178.5,38.75;280.5,242.25;43.75,282.5;221.5,320;248,85.25;293.5,280.25
6608;17.75,264.25;162.5,226.5;178.5,38.75;257,228.25;43.75,282.5;262,288.75;301.25,100;311,311.75
37549;25.25,230.5;162.5,226.5;224.75,47.25;250.25,278.5;9.75,285;261.25,288.75;304.5,130.75;311,311.75
42521;25.25,230.5;163.5,240.75;224.25,47.25;263.75,304;9.75,285;278.75,286.25;290,130.25;332.75,259
32747;43.75,266.75;162,223.25;224.25,47.25;285.5,276.5;9.75,285;265,226.75;318.75,160;344.5,235.75
17077;44,266.25;130.25,245.5;259.5,57.25;285.5,276.5;38,311.75;267.25,198;318.75,160;366,278.25
41387;44,266.25;115,201.25;210.25,39.75;319.75,304.25;38,311.75;267.25,198;334.75,129.5;353.25,287.25
41043;94.25,234.25;119.75,201.25;203.25,100.25;281.25,321;38,311.75;295.75,184.5;334.75,129.5;353.25,287.25
1321;110,284.75;137.25,151.75;242.5,82.5;287.25,313.5;14.5,311.5;295.75,184.5;322.75,159.75;353.25,287.25
39710;75.75,281;152.5,139.75;198.75,64.25;314.75,306.25;14.5,311.5;273.75,152.5;322.75,159.75;351.5,276.5
1294;76.75,280.75;147.25,86.25;198.75,64.25;361.25,324;14.5,311.5;245,121;329.75,210.25;338,269
3385;69,255;149,46.5;179.5,38.25;341.75,315;46,260.5;245,121;329.75,210.25;339.5,269.5
9357;74.75,299.25;148.5,46.25;179.5,38.25;305.5,301;21.25,213.25;245,121;328,225.75;338.75,271.75
8822;93.25,308.5;123.25,80.75;179.5,38.25;368.75,320.25;23.75,212.25;245,121;340,289.25;357.25,287.75
28301;62.25,295;79.75,90.5;225.5,81.25;322.75,303.5;23.75,212.25;245,121;282,286.25;357.25,287.75
27200;7.25,309;99.5,58.5;275.25,64.5;336.5,300;23.75,212.25;245,121;282.75,288.5;352.25,310.25
18429;0.5,290.5;100,59.75;309,21.5;336.5,300;23.75,212.25;217,165.75;260.5,288.75;317.75,300.5
30471;0.5,290.5;116.25,33;293.25,75.5;361.75,322.25;19,156.75;217,165.75;259.75,288.75;285.5,322.75
4948;0.5,290.5;164.75,5;291.75,53.5;330.75,282.25;30,187.25;207.25,140.5;259,288;285.5,322.75
252;17.5,308;166,3.25;291.75,53.5;346,315;44.75,147.5;172,107.5;228,256;285.5,322.75
34138;17.5,308;149.75,2.5;286.25,88.25;364.25,324;45.25,146;178.25,146.5;223,213.75;285.5,322.75
16297;17.5,308;150,6.75;267.25,61;364.25,324;2,154.75;154.25,163.25;217.75,176.25;272.25,304.75
21674;56.5,284;151.75,61.25;296.75,103.5;364.25,324;2,154.75;116.75,137;213.25,182.25;220,273.25
8916;67,256;154.5,9;296.75,103.5;345,272.75;1,156.75;116.75,137;235.25,187;241.5,319.5
22602;40.5,235;132,8.5;296.75,103.5;363.25,298.25;34.25,124.5;105.25,198;203.75,173.5;241.5,319.5
23018;11.75,216;110.25,15.25;296.75,103.5;331.5,291.5;83.75,131;105.25,198;202,176;245.5,266
11939;11.75,216;156,10.5;286.75,74;331.5,291.5;85,170.25;117.25,171;173,160.75;255.75,240.75
39890;50.5,216.5;152.25,11.75;286.75,74;346,321.25;85,170.25;144,137.25;220.5,183.5;307.25,243.25
46917;31.5,239;130.25,23.75;297.75,75.75;345.25,321.25;78.25,197.25;144,137.25;220.5,183.5;317,278
15186;4,232.75;116.75,15.25;303.75,54.25;308.5,307;109.25,168.25;144,137.25;177,215.25;317,278
15235;0.25,198.5;120.25,14.75;278.25,34;284.75,317.25;64.25,165.5;144,137.25;177,215.25;333.75,269.25
27745;35.75,239.25;119.75,14.25;276.25,18.5;304,309.5;96,195.5;144,137.25;155.5,190.5;333.75,269.25
4549;55.5,238.5;119.75,14.25;279,17.5;304,309.5;74,222.25;130.25,91.5;155.5,190.5;287,282
2039;34.5,227.5;102.75,18;279,17.5;320.75,307.25;110.25,242;142,79.25;164.5,164.75;287,282
1880;34.5,227;72,24.75;279,17.5;345.75,289;110.25,242;140.25,30.5;187.5,165;276.75,322.75
9479;34.5,227;72,24.75;310.75,6.75;345.75,289;99.25,202;100.75,35;196.75,178.25;265.75,318.25
5264;51,175.5;55.75,61.75;310.75,6.75;345.25,273;98.5,171.5;100.75,35;175.25,163.5;254.5,294
18892;15.5,170;47.5,104;339,22.25;360,289;67.5,152.25;100.75,35;175.25,163.5;254.5,294
46912;15.5,170;26.25,115.75;292,56.5;343.5,252.25;37.25,111.75;115,56.25;165,103.5;254.5,294
40865;29,137.5;34,160.25;297.75,96.25;354,241.75;37.25,111.75;115,56.25;165,103.5;203.75,308.75
13368;22,177.25;55.75,176;287.5,72;361,284;83,131.75;115,56.25;165,103.5;186.25,302.25
32875;22,177.25;54.75,172.5;268.25,70.75;336.5,300.25;83,131.75;124.75,18.5;138.25,71.75;150.5,300.25
45319;26.75,194.75;36.75,225.75;242,73;291.25,287;77.25,136.25;87.25,21.5;138.25,71.75;150.5,300.25
27967;6.5,173.75;42.25,241;263.5,31.25;290.75,287.25;62,162;87.25,21.5;103.75,77.75;150.5,300.25
49178;6.5,173.75;17.25,223;277.5,18.5;281.75,322.5;51.25,161.25;82.5,26.25;103.75,77.75;108,274
13165;6.5,173.75;17.25,223;291.5,55.25;353,320.5;82.5,141;83,26.5;118.75,144.25;155.75,285.5
21892;26,181.5;38.5,222;273.5,94.5;367.75,321.75;74.5,208.75;83,26.5;96.25,151.75;155.75,285.5
49831;26,181.5;88.25,201;322.75,93.5;351,288.5;54.75,222;83,26.5;96.25,151.75;153,302.5
11848;26,181.5;133.75,190;322.75,94;335.75,278.25;55.25,222.75;75.25,21;101.25,109.25;153,302.5
2424;26.5,231;127,230;267.5,104.25;340.25,319.5;55.25,222.75;75.5,21.75;122.25,162.5;153,302.5
24824;26.5,231;123.25,229.5;302,55.75;362.75,277.5;20,197.75;75.5,21.75;115.5,222.25;161.25,272.5
22114;26.5,231;123.25,229.5;287,56.75;364.75,317.75;14.75,144.25;75.5,21.75;120.5,258.75;195.5,252
26651;26.5,231;122,230;316,58;368.25,311;6,145.25;73,29;121,252;195.5,252
26391;33,239.25;71,231.25;267.25,94.75;317.25,297;30.5,105;73,29;121,252;194.75,254.75
39297;2.5,273.25;73,231.25;279,105;317.25,297;56.5,93.75;73,29;138.75,251;164.75,238.5
20242;24,311.5;24.5,249.5;279,105;291.5,263.25;38.75,100.5;74.75,26.5;139.25,237;164.75,238.5
26363;31.25,270;55.5,216.25;279,105;294,249;64,80.5;74.75,26.5;109.25,280.75;164.75,238.5
30164;26.25,233.25;31.25,241.5;288.25,73.25;322,216;64,80.5;74.75,26.5;109.25,280.75;155.25,236.5
22151;22.5,258.25;54,219.75;262,57.25;296.25,262.75;10.5,92;74.75,26.5;99.5,316.75;155.25,236.5
14987;64,230;65.75,171.75;291.75,92.75;296.25,262.75;15.25,94.75;36.5,50;96.75,282.75;155.25,236.5
2343;89,206;93.75,142.25;290.5,90.75;313,250;15.25,94.75;20.75,61.75;96.75,282.75;140,225
44521;113,204.25;130,123.75;271.5,103.25;339.25,231;15.25,94.75;20,60.75;96.75,282.75;162.25,201.75
30872;87,227.25;88.5,113.25;245,116.75;331,270.75;11.25,45.25;15.25,94.75;67.25,265;162.25,201.75
14986;87,227.25;103.5,151.5;239,165.5;362,231.25;15,92.25;41.75,61.5;67.25,265;212,178.25
41509;89.75,190.25;145.5,111.5;197.5,167.25;310.5,224.25;32.75,120.25;41.75,61.5;67.25,265;213.5,159.75
35572;124.25,203.25;145.5,111.5;251,155.25;310.5,224.25;15,155.75;41.5,61;44.25,319;242,173.75
14369;116.75,225.5;137.5,125.5;232.25,207.75;339,217.5;11.25,146;41.5,61;44.25,319;249,236
293;124,202.5;137.5,125.5;280,221.5;282.5,186.5;11.25,146;40.5,59.75;46.75,291.5;255.25,288
6142;74.5,177.5;135.25,129.75;280,221.5;295,127.25;37.25,116.75;85,20.5;99.75,282;255.25,288
33113;115,206.75;158.25,158;280,221.5;315.75,140.75;37.25,116.75;79.25,42.25;100.25,236.75;254,238.75
5028;115,206.75;158.25,158;276,180.5;307.5,99.25;25.5,127.5;84,19.5;100.25,221.75;252.75,239.75
25431;95,189.75;177.25,112.25;276,180.5;282.25,56.25;25.5,127.5;108.75,56.25;124.5,263.5;253.5,215.25
10927;75.75,188.5;177.25,112.25;228.75,208.25;278,33.5;25.5,127.5;82.75,59.5;89,300;242.25,189.5
4219;75.75,188.5;184.75,61;278.5,180.75;329.75,31;25.5,127.5;69.75,13;96.25,319.75;243.5,190.25
1651;33.75,209;228.5,37.5;278.5,180.75;371.25,51.25;13.75,93;39,33.25;96.25,319.75;243.5,190.25
22472;11.5,241.5;230,36.75;278.5,180.75;370,52.75;23.5,118.75;39,33.25;97,297.5;248.75,175.25
6252;16,241.5;203.5,43.5;273,165;370.75,52.75;23.5,118.75;38.75,36;97,297.5;218.75,121
46104;55.5,235;222.25,50;319,201.5;332.5,13.5;23.5,118.75;38.75,36;142.25,289.25;181.25,160.5
1600;73.5,177.75;269.25,17.5;303.25,252.25;332.5,13.5;3,135.5;4.5,71;142.25,289.25;234,149
9510;70,175;269.25,17.5;300.75,207;326,29.5;11,156.25;20,71.75;142.25,289.25;278.75,174.5
11484;70,175;246.5,20.75;281,158.75;282.5,53.5;4,136;20,71.75;183,303.25;282.75,225.5
38543;38,179.5;269.5,17.5;281,158.75;288.25,74.25;22,128.25;63.5,102;168.25,300.75;282.75,225.5
2695;67.5,170.25;232.75,54;238.75,145;249.25,97;22,128.25;63.5,102;185.75,300.75;277,221.75
24471;59,219.25;176.75,63;238.75,128.5;263,122.5;22,128.25;63.5,102;185.75,300.75;234.5,249.25
13296;59,219.25;176.75,63;238.75,130;277.75,131.5;13.5,135;96.25,77.75;146.25,298.25;219.5,270.5
32978;59,219.25;207.75,15.5;252.5,82;303.25,134.25;16.75,132.5;88.25,64.25;140.25,270.5;219.5,270.5
23080;51,177.5;207.75,15.5;289.75,70.75;340,101;43.25,88.75;88.25,64.25;112.25,290.5;175.75,249.25
27607;69.75,171.75;225,54.5;273.25,98;356,130.75;43.25,88.75;101.75,47.5;112.25,290.5;175.75,249.25
12775;43.75,223.5;259.75,49.5;273.25,98;344.75,131;50.25,60.75;98.25,67;154,319.25;175.75,249.25
24513;43.75,223.5;273.25,98;276,65.75;344.75,131;31,32;107.25,20;108,309.25;158.75,223
13702;56,239.25;257,61.25;269.5,101.75;356.25,155.75;31,32;107.25,20;141.75,289;206.5,207.25
10173;63,229.5;253.25,47;257.5,135;325.5,198.75;31,32;107.25,20;162.25,303.5;206.75,206.5
43654;82.5,280.5;208,64.25;212.25,105.25;327.5,199;31,32;79.75,41.75;162.25,303.5;236.75,209.25
32353;55.5,242.5;184,49.25;185,60.75;317,250;31,32;79.75,41.75;126.25,273.25;236.75,208.75
36315;55.5,242.5;177.75,85;183,74.5;281,230;45.5,6.5;80.75,82;126.25,273.25;235.75,208.75
32518;11,241;146.25,76.5;162.25,37.5;248.25,199.5;45.5,6.5;90.75,66.75;126.25,273.25;235.75,208.75
9618;68,249.25;107.75,53.75;203.25,18;267.5,163.5;16.5,19.25;90.75,66.75;126.25,273.25;236.75,208.75
7772;77.25,286.75;148.75,29.75;224.75,49.5;251.5,135.5;6.25,39;90.75,66.75;126.25,273.25;240.5,168.25
30961;77.25,286.75;148.75,29.75;227.5,74.5;290.25,168.75;24.25,70.75;129.25,104.25;153.25,298.25;255.5,174.5
32756;77.25,286.75;129.5,27.5;227.5,74.5;273.75,164;51.25,78.5;119.75,112.75;148.5,317.5;265.5,147.25
41911;77.25,286.75;129.5,27.5;267,60.5;273.75,164;101,107.25;113.5,143.75;131,297;284.75,140.25
943;82,233;143.75,29.5;270.5,73;293,146.75;90.75,162.75;101,107.25;131,297;293.25,198.75
38379;82,233;116,35.75;270.5,73;293,146.75;70,153.5;85.75,90;142.5,299.25;314.5,249
41384;82,233;85,85.75;276.75,58;301.5,111;70,153.5;122.75,112.75;173,286.5;313.75,270.75
37605;68.5,274.5;93,68.5;276.75,58;309.5,78.5;94,136.75;122.75,112.75;153.25,235.5;319.75,311.5
6072;44.25,241;93,68.5;254.75,46.75;326.25,38.25;69.75,150.75;146.25,89.5;153.25,235.5;312.75,297.5
29892;66,231;93,68.5;254,46.5;310.75,6.75;34,178.25;146.25,89.5;187.5,247.5;311.25,298.5
4425;106.75,241;114.25,23;287.75,73.5;316,51.5;34,178.25;105.25,115.5;187.5,247.5;311.25,298.5
9819;68.5,256.75;152.5,27.5;287.75,73.5;309,22.5;17.25,210.25;105.25,114;211.5,264.5;311.25,298.5
18201;68.5,256.75;152.5,27.5;287.75,73.5;330.25,8;61.25,215;90.25,102.25;250.25,294;348.25,276
25830;119.5,267.75;203,7.75;290.75,113;300,52.75;61.25,215;109,151.75;221,315.75;348.25,276
25231;153.25,306.75;232.5,55.75;287.75,168.75;333,41;66,170.25;109,151.75;218,313.25;348.25,276
23135;153.25,306.75;232.5,55.75;287.75,168.75;310.75,57.5;94.75,158.25;134.75,179.25;240.25,283.25;356,286.75
24175;196.75,318.25;246.75,47;341.75,197.25;348,22.5;48,145.25;139.25,195.5;240.25,283.25;356,286.75
14969;202,311.75;220,92.5;340.5,199;356.25,9.75;27.25,147.75;139.25,195.5;240.25,283.25;341.75,257
10355;214,260;225.25,126.5;293.75,164.25;298.5,2.25;52.5,188.5;136,192;240.25,283.25;341.75,257
24887;180.75,248.5;225.25,126.5;273.25,134.25;298.5,2.25;53,189;183.75,166;262.75,306;353.5,196.75
6547;160,212.75;201.5,94;282,164.25;298.5,2.25;81,168.75;183.75,166;259.75,306.5;349.25,193.25
18391;156,236.25;204,94.5;267.5,179.5;341.25,21.75;81,168.75;183.75,166;244.5,267.5;297.5,207.75
14366;115.25,239.75;204,94.5;224.5,186.5;331.75,23.5;29.25,191.75;183.75,166;244.5,267.5;255.25,175.5
3733;90.5,249.25;187.25,112.5;224.5,186.5;355.25,24;29.25,191.75;213.5,151.75;221,272.25;269.75,169.75
43853;127.75,240;175.25,61;278,169.25;355.25,24;55.5,174.75;201.25,98.75;221,272.25;269.75,169.75
17030;127.75,240;175.25,61;278,169.25;323.25,15.75;71,150.75;195.25,98;229,302;250.25,146.75
4725;135.5,191.75;210,106.75;271.5,164.25;324.25,14.75;71,150.75;212,85;229,302;264.25,121.5
19778;136,189.75;214.5,81;324.25,145.75;357.25,39;62.5,149.75;212,85;229,302;294.5,105.5
45809;92.25,214.25;214.5,81;306.5,116;362.25,29.75;120.5,158.25;153,92.5;280,311.25;294.5,105.5
28333;136.75,240.5;214.5,81;286.25,166;365.75,71.75;120.5,158.25;165.5,38.5;270.75,295.5;294.75,106.25
6508;161,227.25;246.75,44.75;278.25,142.75;365.75,71.75;120.5,158.25;161.25,49;248.25,251.5;253.75,71.5
3974;167,265.75;247.75,18;278.25,142.75;321.25,64.25;157.25,153.25;168.5,50.5;247.75,249.25;253.75,71.5
4465;214.75,294.25;247.75,18;259.5,180;320.25,60;171,154;177,10.75;209.5,251;253.75,71.5
21024;190.25,237.25;232,55;239.75,224.5;295.25,103;125,196.5;176,9.5;209.5,251;253.75,71.5
11211;191.25,280.25;287,55.25;293,251.5;310.5,116;103.25,224.75;176,9.5;209.5,251;253.75,71.5
46670;208.5,309.5;271.25,77.5;274.75,245.25;356.5,127.75;52.75,248.5;176,9.5;209,251.25;253.75,71.5
5688;254.25,309.25;271.25,103.75;275.25,245.25;315,146;52.75,248.5;143,7.75;209,251.25;211.25,72.5
19222;257.5,277.25;298.25,112.75;314.75,273;355.75,156.75;52.75,248.5;161.75,30.75;172,241;211.25,72.5
36413;237,225.75;328.5,127.75;355.25,297.75;355.75,156.75;68.5,274;161.75,30.75;196.25,262.75;213.25,72.5
22149;203.25,261;328.5,127.75;355.25,297.75;355.75,156.75;33,314.5;121.5,73.75;132,258.75;163.75,53.5
5132;153,259.5;326,115.75;354.75,296;355.75,156.75;33,314.5;92.25,67.25;102.25,265;168.75,92.25
21409;153,259.5;330,121;354.75,296;359,127.75;31.75,300.5;66.75,28.75;76.5,290.25;153.5,88.25
14238;126.75,280.5;330,121;354.75,296;359,127.75;22.5,245.5;95,9;105.25,233.75;124.5,112.75
16403;165,297.75;286.25,138.25;333,246.75;359,127.75;11,229.25;92.25,25.25;110.5,230.5;124.5,112.75
21504;165.25,297;247.75,95.75;327.75,212;363.5,142;11,229.25;45.75,51.5;72,208;124.5,112.75
15590;165.25,297;236.75,119.5;317.75,242.25;363.25,142.75;15,227.5;37.5,44.5;72,208;135.25,93.75
45578;117.25,315;236.75,119.5;334.5,224;361.5,190.5;15.25,228;58.75,68.5;72,208;91.75,99.25
12490;174.25,319;182.75,111.75;334.5,224;362.75,202;25.5,197.5;36.75,65.25;55.75,247.5;91.75,99.25
30982;174.25,319;182.75,111.75;336,267;360.5,249.25;26,198.5;77,19.5;109.5,294.5;120.75,164
26693;175.25,278.25;201.25,84.5;340,225;347.5,242;26,198.5;78.75,51.75;109.5,294.5;120.75,164
21956;199,310.75;201.25,84.5;323.25,213.5;363,195.25;26,198.5;76.25,12.75;109.5,294.5;143.25,157.25
41445;168,273.75;233.5,54.25;300.75,245.75;345.75,157.5;20.75,213.25;76.25,12.75;109.5,294.5;143.25,157.25
24412;191.25,252;278.25,31.5;301.5,302.75;326.5,139.25;20.75,213.25;73.75,11;121.5,323.75;143.25,157.25
42915;191,232.75;211.75,37;243,268.75;326.5,139.25;28.25,201.75;53.75,7.75;121.5,323.75;142.75,156
34863;182,254.5;211.5,35.75;274.5,256.25;299.75,110.75;28.25,201.75;32.75,61.75;121.5,323.75;141.75,203.25
8979;160.5,226.5;180.5,36.75;283.5,283.75;299.75,110.75;80.75,202.25;81.75,40.5;121.5,323.75;164.75,238.5
25451;163.5,226.25;221.25,49;254,307.25;278.25,106;80.75,201.5;81.75,40.5;121.5,323.75;162.5,287.75
25145;124.5,264.25;206,69.25;238.75,309.25;271,132;80.75,201.5;81.75,40.5;87,283.25;163,287.75
19235;113.25,253.25;175.5,38;264.25,310.5;311.25,113.5;64.75,162;81.75,40.5;87,283.25;126.25,315.75
24803;56,242.5;175.5,38;304.75,287.75;317.25,75.25;33.75,123.75;83.5,42.25;87,283.25;161.75,298.75
39217;56,242.5;116.75,12.75;294.5,248;337.5,80.75;33.75,123.75;78.75,11.5;87.5,234;163,296.25
20757;71.75,210.25;112.75,15.25;282,194.5;294.5,102.25;46.25,132;78.75,11.5;87.5,234;148.75,281.75
3801;71.75,210.25;104,56.5;260.25,255.75;336.25,138;46.25,132;58.75,64.5;105.25,198;141.25,303.5
3893;67.5,170.75;103.5,54.5;217.25,244.25;322.5,134.25;21.75,108.25;30.5,79.25;105.25,198;141.25,303.5
44871;74.25,186.5;75.75,64.5;213.5,247.75;356.5,137.75;28.25,104.75;30.5,79.25;105.25,198;126.25,316.25
44777;74.25,186.5;105.75,34.25;213.5,247.75;333,132.5;4.25,95.75;31.75,105.25;72.5,224.25;123.75,319.75
48646;74.25,186.5;105.75,34.25;241.5,220;314.5,123;3,93.75;20.25,159.25;48.25,172.25;82,306.75
13534;34,135.25;166,23.25;241.5,220;255.25,120.5;21.5,38.75;35.25,206.25;67.75,203;82,306.75
14802;63.5,87.5;140,77;241.5,220;296,153.75;21.5,38.75;51,159.75;78.25,161.5;106.25,262
5139;88.25,99.5;163,109.25;206.25,178.25;296,153.75;21,38.5;51,159.75;107.5,112.25;111.5,292.5
16830;67.25,147.75;163,109.25;234.75,154.75;323.5,161;21.5,38;66.5,210.5;67,97;111.5,292.5
18671;93.75,130.25;180,154.5;263.25,111.75;307,140.25;21.5,38;66.5,210.5;70.75,124.75;112.5,280.75
46425;67,153.5;164.25,186.5;275.75,104.75;278.5,167.25;20.5,69.5;66.5,210.5;70.75,124.75;115.5,278.5
12943;58,177.5;163.25,186.75;275.75,104.75;278.5,167.25;17.5,120.25;31.25,198.75;37.75,97;116,279
45404;61,179;144.5,228.25;294.5,74.75;310.25,221;17.5,120.25;34.25,216.5;37.75,97;137.5,255.75
14722;82.75,173.25;144.5,228.25;289.25,111.25;310.25,221;20.75,123.75;24.25,230.75;71,84.5;138.5,255.75
14966;98.75,212.5;183.25,228.5;274.25,63;308.25,222.25;20.75,123.75;50.75,221.25;71,84.5;98.5,283.25
50577;133.75,184;198.25,279;274.25,63;289,209;18,128.75;49.25,270.5;71,84.5;98.5,283.25
27840;165,149;185.25,317;274.25,63;327.25,213.5;15,131;55.75,316.25;71,84.5;118,297
38995;154.75,194.75;222,311.75;249.5,12.75;344.75,228;15,131;55.75,316.25;91.25,67.75;118,297
16535;158.5,213.75;222,311.75;248.75,13;344.75,228;9.5,102;19.25,273;153.5,88.25;158.5,296.25
29712;146.75,265.25;223,313.75;304.75,35.5;330.25,198;9.5,102;66,264.5;153.5,88.25;167.5,299.75
8391;139.75,223.75;196.75,294.25;327.25,10;327.5,199;9.5,102;66,264.5;155.25,48.5;170,312
12854;139.75,223.75;165,324.25;327.75,21.75;357.5,153.25;14.75,71.75;66,264.5;132.5,72.25;169,311.25
40223;138.75,228.25;142.5,266.5;321,41;331.5,107.25;14.75,71.75;66,264.5;132.5,72.25;168.5,311.25
29672;140.75,271.75;184,261;321,41;356,130.5;14.75,71.75;41.25,301.25;161.5,87.75;218,315.75
16273;138.75,266.25;165.5,301.75;321,41;356,130.5;43.25,89.25;58.25,249;162.75,59.75;255.25,293.75
44647;106,225.75;205,267.25;277.25,35;313.5,151.25;43.25,89.25;63.75,210.5;162.75,59.75;218,318
50438;106,225.75;249.25,277.25;263.25,30.5;279.75,184.75;15,127.75;85.5,252;129,92.25;218,318
5208;145.75,227.25;255,219.75;279.25,17.5;293.5,209;49.75,141.75;85.5,252;122.5,118.5;218,318
17747;187.75,209;223.75,252.5;252.75,58.75;255.25,244;74,177.25;87.5,250;122.5,118.5;218,318
12132;154,223.5;159.75,261.75;253.25,27.75;296.75,240;74,177.25;74.5,224;146,76;218,318
48757;149.5,195.25;186.75,270;253.25,27.75;274.5,262;74.5,224;108.25,196;131.25,91.5;218,318
1852;130,240.25;158.25,319;214,6.25;274.5,262;25.75,191.75;85.5,212;131.25,91.5;180.5,288.5
12332;137.75,291;161.75,307.75;177.5,36.25;294.25,262.5;10.75,149.75;85.5,212;118.5,116;180.5,288.5
4750;138.25,291;158.5,312.25;194.5,73.5;339,245.5;10.75,149.75;81.5,210.5;143.5,149.5;180.5,288.5
10055;102.5,247.5;105.25,319.5;226.75,76;323.25,187.5;10.75,149.75;83.75,189.5;143.5,149.5;162.5,301.5
22073;84.5,256.75;98,281.5;226.75,76;344.75,228.75;10.5,150.25;104.75,153.25;124.25,199.25;162.5,301.5
23469;54.25,293.5;99.75,295;243,83.25;327.25,242;10.5,150.25;104.75,153.25;125.25,200.75;151.25,298.25
37064;88.25,317;94.25,309.75;185.5,101.75;351.25,241;46,166.5;104.75,153.25;125.25,200.75;148,319.5
44496;88.5,282.25;99.75,249.5;158,125.25;351.25,241;46.5,165;107.25,140.25;121.75,196;148,319.5
20978;88.5,282.25;136,213;139.5,102.5;300.5,230.5;46.5,165;132.25,197;156.5,225;162.25,300.25
13809;88.5,282.25;136,213;179.75,112.5;252.25,249.75;41.5,197.25;107.5,144.25;192.25,176.25;212.75,284.75
42789;68.25,280.5;128.5,213;130.75,97;245.75,294.25;41.5,197.25;107.5,144.25;189.5,175.75;212.75,284.75
20848;61,272.75;158.5,195;170.75,105.5;245.25,293.75;1.5,170.75;107.25,144.75;189.5,175.75;212.75,284.75
40327;31.25,270;157,200.25;188.25,112.75;280.25,284;1.5,170.75;116.25,113.5;189.5,175.75;219.75,246.75
38066;30.75,238.25;125.25,200.25;199.25,168.5;311.5,258.5;23.5,159;116.25,113.5;189.5,175.75;237.75,266.75
48965;39,183.25;75.5,176.25;199.25,168.5;259.5,254.75;32.5,197.25;116.25,114;220,151;237.75,266.75
21461;39,183.25;73.5,141;194.75,174.5;289,247.75;75,201.75;128.25,104.5;220,151;253.5,251
9528;22.25,170.25;60.75,172.25;247.75,170.25;289.5,247.75;115.5,196.5;188.25,96.5;220,151;253.5,251
39930;22.25,170.25;60.25,172.5;268.5,130.5;298.75,207;94.25,222.25;145.25,92.5;220,151;282.5,254.25
42045;22.25,170.25;56.75,193.5;274.25,166.25;313.25,220.75;94.5,222.5;162.5,48.5;210,117.5;282.5,254.25
826;22.25,170.25;56.5,209.25;270,134.75;305.5,166;76,269.5;206,35.75;217.75,126;282.5,254.25
28369;0.25,198;47,172.25;250.75,109.25;309.25,111;60.5,239;206,35.75;217.75,126;275.75,216
1602;3.75,158;27.5,148;239,127;280,86.5;48.25,292.5;151,29.5;217.75,126;275.75,216
32210;3.75,158;27.5,148;202.5,131;280,86.5;24.25,279.5;132.25,21;238,80.25;257,219.25
6913;3.25,154.25;14.25,109.25;145,125;264.25,65.5;24.25,279.5;132.25,21;242.25,71.25;302,184.5
39085;1.75,158.5;35.5,78;141.5,119.25;264.25,65.5;22.25,265.75;133.5,23;221.5,59.75;302,184.5
18051;1.75,158.5;35.5,78;120.75,140;291.25,57.25;40.5,294;173,38.5;251.5,16;323.5,206.75
8664;29.25,146.25;62,76.25;83.25,178.25;308.75,95.75;40.5,294;173,38.5;251.5,16;363.25,211.25
14683;31,129.5;35.75,100.75;56.25,171.75;302.5,56;18,294.75;173,38.5;266.75,33;363.25,211.25
16424;50.5,125;67.75,98;93,147.75;289,72.5;18,294.75;146.75,4.75;267.25,33;363.25,211.25
7814;12.25,85.5;56.75,55.25;93,147.75;289,72.5;18.25,279.5;198,20.25;316.25,47;352.5,197
49402;63.75,87;65.25,4.5;73,130.25;289,72.5;9.5,269.5;207.25,40.25;303.75,17.25;352.5,197
35371;35.25,55.25;52.75,55.5;102.5,87.5;332,49.75;9.5,269.5;207.25,40.75;255.75,17.25;352.5,197
19421;35,106;39,84;52,99;356.25,83.75;30,212.5;207.25,40.75;255.75,17.25;352.5,197
25964;35.5,106.25;39,84;80.5,92.25;315,112;8,172.5;185.75,15.5;234.25,8.5;352.5,197
32645;3.75,51;16.25,144.25;80.5,92.25;310.75,101.25;0.75,229.75;185.75,15.5;234,9.5;317.25,226.25
46263;3.75,51;62,170.75;75,70;277.75,106;35.75,205.75;202,26.75;234,9.5;290.5,249
13228;4.25,51;62,170.75;75,70;244.75,101.75;30.25,206.25;168.75,55;245.75,27.25;270.75,223.25
48154;18,99;45,157.75;81.25,22.75;249.5,116;33.25,254.25;168.75,55;245.75,27.25;271,223.75
17893;46,100.25;48.75,178;81.25,22.75;262.5,177.75;43,265.25;146.75,52.25;245.75,27.25;250,244.25
13273;46,100.25;57.25,171.75;78,12.75;286.5,166.5;43,265.25;185.5,65;198.5,10.5;293,286.25
10621;74.25,147.75;89.75,189.25;94,67;286.5,166.5;62.75,317.25;143.5,60.25;198.5,10.5;336.5,311.5
33522;33.25,190;74.25,147.75;94,69.5;254.5,117.75;62.75,317.25;186.25,87;227.25,25;296.75,296.75
3486;25.25,217;37,117.25;94,69.5;254.5,117.75;62.75,317.25;203.75,95;250,15;304,305.75
9903;25.75,217;37,117.25;51.5,50.75;249.5,116.5;62.75,317.25;217.25,40;249,38.5;311,309.5
26299;25.75,217;37,117.25;51.5,50.75;248.25,171.25;80.5,286.75;233.5,9.75;254.25,92.5;328.75,312.5
2046;0.25,280.25;37,117.25;51.5,50.75;269.5,133.75;112.75,282;243.75,71.5;248.25,123.5;275,288.25
24674;25.5,318;47.5,101.75;51.5,50.75;313.5,149.5;125,259.25;243.75,71.5;253.75,121.75;320.75,314.25
46093;23,314.5;82,128.75;84.5,57.5;310.25,156.5;161.75,225;243.75,71.5;274.25,143.75;320.75,314.25
9401;63.75,304.5;69,140;120.75,79.75;358.75,179;161.75,225;232.5,49.5;273.5,136.5;320.75,314.25
4617;56.5,293.5;71.75,129;120.5,78.75;359.25,214;161.75,225;270.25,22.5;296.25,122.75;320.75,314.25
50225;56.5,293.5;69,172.25;82,63.5;359.25,214;161.75,225;315.75,17.75;328.5,133.5;336.25,312.5
50336;36,277.75;69,172.25;102.75,34.25;354,242.75;208.75,207.75;257.75,10.5;329,136.75;336.25,312.5
34339;29,267;68.5,172.5;102.75,34.25;339.5,254.75;166.25,186;219.75,36;312.25,163;336.25,312.5
19656;18,307.5;48.25,176.25;149.25,7;339.5,254.75;205.5,175;219.75,36;314.5,169;322.25,263.75
33765;18,307.5;39.75,226;149.25,7;331.75,282;252,198.25;257.5,9.25;306.75,133.5;310.5,309
42180;18,307.5;39.75,226;185.5,49;331.75,282;192.75,173.5;296.5,50.5;311.25,198.25;334.25,259.75
34802;11.75,258.25;67,255;225.5,40.75;331.75,282;197.25,177.25;329.75,53;334,219.25;334.25,259.75
30390;9.5,310;44.25,268.25;200.5,93.5;365.5,237;197.25,177.25;329.75,53;336.5,219.5;346.25,205.25
46742;9.5,310;67.75,280.75;185,48.5;329.5,252;197.25,177.25;329.75,53;358.5,162.5;366,213.75
3131;9.25,271.25;56.5,302.25;127.25,24.75;331.5,248;184.5,111;329.75,53;336.75,149;366,213.75
32350;7,307;40.25,281;95.5,58;269.75,256.75;155.25,115.75;329.75,53;337,148.25;366,213.75
25319;24.75,270;56.5,219;93.75,84;254.5,290;152.25,152.75;325.25,48;337,148.25;366,213.75
3605;18.25,310.5;81.5,178.25;133.25,93.25;254.5,290;191,163.75;325.25,48;342.25,169.5;366,213.75
32162;18.25,310.5;55.5,155.5;143.75,108.5;211,310.5;182.25,165.5;300.75,15.25;352.75,145.25;366,213.75
10860;14,263;81.75,177.5;144,108;211,310.5;215.5,118.5;300.75,15.25;310,159;328.5,204.5
15112;2.75,220.25;83.75,184.25;144,108;165.75,279.25;193.5,65.25;279.5,42.5;310,159;343,204.25
35817;2.75,220.25;83.75,184.25;144,108;157.5,255.75;171,104.5;225.75,48.75;298.75,123;352.5,179.75
11045;3.25,175.25;116.75,204.25;134.25,150.5;181.25,242.25;171.25,103;225.75,48.75;275.75,143.25;352.5,179.75
6078;3.25,175.25;112.25,225.75;134.25,150.5;182,245.75;131.25,123.25;204.5,46.5;320.25,142.25;321,161.75
37521;25.75,197.75;103.5,251.5;124.5,204.5;160.5,296;103.75,153.75;204.5,46.5;320.25,142.25;326.25,199.5
27634;45.5,182.75;82,271.75;90.75,169;160.5,296;85.75,158.5;188,28;320.25,142.25;364.25,214.25
14297;39,226.25;73,219;98.25,190.25;160.5,296;83.75,150;188,28;320.75,142.25;332.25,211.75
20659;21.5,170;98.25,190.25;111.75,236.25;126.75,284.5;43.5,145.75;148.25,68.75;320.75,142.25;332.25,211.75
8634;22.25,152.75;105.5,136.5;118.75,243.25;126.75,284.5;43,145.25;148.25,68.75;359.5,163.25;361.25,231
16092;22.25,152.75;105.5,136.5;168.5,215.75;172.25,322;53.5,116.25;179.25,52.25;322.5,177.75;362.25,230.75
29747;22.25,152.75;103,136.5;140.25,240.5;172.25,322;108.75,116.25;186.5,98;307.75,151;352,169
10865;5,110.5;113.75,82.75;140.25,240.5;172.25,322;115.75,170.5;182.5,62.25;292,197.25;315.25,137
15814;5,110.5;78,69.25;149.75,265;200,309.5;107.5,161.5;164.25,49.5;256,176;315.25,137
50209;3.75,83.5;78,69.25;138,223;172,260.25;107.5,161.5;170.75,52;287.25,186.25;304,130.25
23022;39.75,98.75;104.25,81.5;138,223;171.25,296.25;105.75,161.25;170.75,52;236,213.25;266.5,99.25
31300;39.75,98.75;83,29.25;155.25,193.75;171.25,296.25;106.75,152.75;170,63.25;212.25,183.5;297,57.75
20746;70.25,58.25;111.75,77.75;113.5,166.75;171.25,295.75;61.5,121.75;170,63.25;235.75,155;297,57.75
17415;70.25,58.25;111.75,77.75;113.5,166.75;121.25,303.75;30.5,100;176.75,11.5;193.5,177.5;335.5,62.5
25515;70.25,58.25;113.75,21.5;113.75,123.25;155,247.75;31,119.75;176.75,9.5;193.5,177.5;354.25,66
10143;35,23;113.75,21.5;117,179.25;146.5,239.25;8.5,71.5;176.75,9.5;236,133.75;330.75,9.75
16673;33.25,22.75;113.75,21.5;119.75,236;185.75,252.5;51.5,80.75;165.5,78.5;226.5,85.5;330.75,9.75
23798;62.75,27.25;113.75,21.5;135.5,224.5;153.75,225.25;48.5,81.25;119.5,98.75;203.25,106.5;330.75,9.75
45592;11.75,3.25;120,22;135.5,224.5;198.5,227.5;20.5,123.75;88.25,151.75;245.5,110.75;330.75,9.75
772;11.75,41.75;106.25,14.5;159,214.75;239,200;20.5,123.75;71.5,208.75;245.5,110.75;336,62
37271;11.75,41.75;75.5,20.25;131.75,241.25;216.25,253;14.75,148.5;71.5,208.75;218.5,165.25;361,47.25
50398;11.75,41.75;110.25,22.5;147.5,303;159.5,216.75;37.75,147.75;71.5,208.75;176.25,180;361,47.25
24117;11.75,41.75;110.25,22.5;147.5,303;153.5,223.75;8.25,149;52.5,159;152.25,201.75;354,6
18393;38.5,99.25;110.25,22.5;149.25,304.5;169.25,280.75;46.25,135.75;92.5,137.5;147.5,201.75;354,6
20400;61.75,155.5;102.5,80.75;136.25,239.25;149.25,304.5;84.25,82;111,80.75;147.5,201.75;352.25,10.75
16018;37.25,121.75;90.5,84.5;92.75,234.5;159.25,303;38.25,58;111,80.75;161,201.75;352.25,10.75
40433;14.75,152.75;79,139.5;109.5,198.75;161.5,280.75;37.25,58.75;89.25,35;161,201.75;352.25,10.75
8991;14.75,152.75;71.5,175.75;92.5,190.25;202.5,251.25;85,72.75;89.25,62.5;161,201.75;306,3.25
16270;1.25,185.75;71.5,175.75;92.5,190.25;213,251.5;24.5,60.5;40,53;149.25,222.75;304.75,5
45888;51.5,176.25;104.5,196.5;130.75,212.5;216.5,311.5;42.25,105.25;69.25,31.25;149.25,222.75;304.75,5
10908;33.75,205.5;116.75,238;123.75,202.75;192.5,296.25;38.25,108;69.25,31.25;149.25,222.75;304.75,4.25
37158;34,260.25;67.75,209.75;174.25,219.5;232.5,276.5;46.5,76.75;84.25,32.5;149.25,222.75;304.75,4.25
8623;27,300;100,222.25;168.25,260.25;203.25,267.75;46.5,76.75;84.25,32.5;132.25,259.5;257.25,12.25
20350;26.5,300;126.75,213.5;168.25,260.25;238.25,256.25;79,88;84.25,32.5;174.5,302.75;211.25,52
45669;26.5,300;126.75,213.5;146.75,312;247.5,257.25;96.75,77.25;101.25,41;141.25,273;211.5,96
18958;8.75,263.5;119.5,222.75;166.5,292.75;225.75,199;77,125.25;101.25,41;150.25,221.5;211.5,96
24806;8.75,263.5;120.5,254.75;196,246.25;223.75,201.5;72,131.25;101.25,41;192.75,243.25;230.25,116.75
9370;62.75,247.75;102.25,213.75;154.75,251.75;258,202.75;40.75,85;101.25,41;192.75,243.25;253.25,143
3944;75.5,209.75;83.75,197.75;165.75,204.25;258,202.75;40.75,85;113.5,31.25;191.5,267.25;264.5,109
22062;44.25,203.75;58.25,248.25;137.5,158.75;213.75,228.25;40.75,85;113.5,31.25;191.5,267.25;246,129
45513;0.75,225;88.75,205.75;158.5,127.25;170.75,220.25;40.75,85;82,14.5;193.75,248.5;246,129
26241;34.5,189.25;98.5,188.75;114.25,110.5;202,248.25;18.25,91.75;82,14.5;185.25,250.5;246,129
48396;66.25,234.75;99.5,188;163.5,110.75;202,248.25;15.5,118.75;82,14.5;185.25,250.5;300.75,127.25
2708;81,266;97.25,156.5;146.75,50.5;192,252.25;15.5,118.75;82,14.5;153,298.25;355.25,146
7830;48.5,228.5;85.5,121;105,52.75;192,250.75;42,86.75;82,14.5;153,298.25;336.5,150.75
35359;35.25,189.5;93.75,178;103.75,5;228,248.75;72.5,102;82,14.5;153,298.25;332.75,123.5
27601;35.25,189.5;83.5,165.25;149.75,31.25;249.75,258.25;57.75,78.75;82,14.5;172.75,295;320.5,151.75
36954;39.25,242.75;96.25,163.25;149.75,31.25;249.75,258.25;20,69.75;103.75,65.75;196.25,318.25;306.5,202.75
1858;33.75,213.5;52.5,159.5;149.75,31.25;275.75,239.25;39.75,111.75;103.75,65.75;192.75,322.75;337.75,160
28280;54.75,209.25;71.75,129;179,36;275.75,239.25;12,148.25;151.75,91;192.75,322.75;360,146
13650;74.5,182;80.75,91.5;222.5,41.5;276.5,238;38.25,156.5;151.75,91;171.25,313;360,146
1030;49,226.75;66.5,82.5;248,44;253,188.25;38.25,156.5;155.5,95;219,302;360,146
49946;49,226.75;65.25,43.5;248,44;253,188.25;38.25,120.25;175.25,89.75;223,271.25;340.5,91.75
35608;49,226.75;66.75,70;248,44;253,188.25;15.5,119.25;126.75,119.5;243,213.5;338.75,148
25952;42.25,242;48.75,56.75;217,29;227.25,153.5;15.5,119.25;126.75,119.5;292.75,199.75;338.75,148
34683;43.5,245.5;48.75,56.75;165.5,36.5;192.5,157;50.75,135.75;126.75,119.5;265.5,247.5;316.25,198.25
6693;40.5,284.25;54.5,99;142.5,1.5;192.5,157;13.25,106.75;102.5,107;265,245.75;316.25,198.25
4373;15.25,310.5;54.5,99;180.5,38;194.5,137;61.5,111.5;84.25,147.5;265.5,245.75;316.25,198.25
46532;40.75,262.75;54.5,99;165,85.25;194.5,137;20,99.25;123.5,115.75;233.75,216.5;319.25,159.75
24706;11.25,305.5;29.25,110.75;148.25,116.75;194.5,137;17.5,101.25;167.5,78.5;233.75,216.5;269.75,166.25
32708;11.25,305.5;19.5,153.75;118.25,72;149.25,178;17.5,102.25;178.75,95.5;193,182.75;269.75,166.25
42030;11.25,305.5;21.5,177;119.5,66.75;148,223.25;17.5,102.25;162.75,90.5;197.75,173.5;323.25,136.5
34067;11.25,305.5;21.5,177;119.5,66.75;143,241.25;65.75,55;139,146.75;213,107.25;293.25,144.25
8554;11.25,305.5;21.5,177;118.75,66.25;174.75,279;60.5,97.5;103.75,121.25;236,64;237.5,144
19036;21.5,310.75;37,161.75;144.75,128;219.75,228.25;28.75,107.75;119.5,112.75;236,64;237.5,144
27968;15.25,262.25;89.5,177.75;123.5,138.5;267.5,201;28.75,107.75;89.25,162.75;236,64;238,173.75
45720;43.5,240.25;124,149.25;149.25,89.25;267.5,201;50.25,112.25;136.75,147.5;236,64;242.5,176
36758;12,265;94.75,169;118.75,82.5;315.5,210.25;50.25,112.25;136.75,147.5;236,64;254,174
20430;10.75,291.5;69,140.75;118.75,82.5;324.75,165.25;6,142.25;158.75,121;236,64;293.5,197
22174;10.75,291.5;89.5,187;118.75,82.5;324.75,165.25;6.5,154.5;205,99.75;249.25,60.75;307.75,196.5
24262;3.75,286.75;51.5,188.5;79,77.75;316.75,161;6.5,154.5;181.25,64;260.75,70.25;307.75,196.5
40041;37.75,261.25;46.25,182;73.75,47;326.5,160.25;6.5,154.5;182,64;230.75,49.75;307.75,196.5
15901;36.75,212.5;40.25,222.75;72.25,85;273.75,166.25;4,173.75;182,64;230.75,49.75;307.75,196.5
26147;36,179.5;40.25,222.75;72.25,85;292,113;13.75,149.75;181.25,30.75;227.75,84.25;361.25,211.75
35551;23.5,153.25;49.5,230.5;65.25,57.5;329,63.25;13.75,149.75;181.25,30.75;227.75,84.25;351,162.5
48843;23.5,153.25;50,228.25;65.25,57.5;302.25,35.5;13.5,150.25;221.5,20;260,84;362.5,211.5
23637;0.75,185;48.25,224.25;72.5,88;322.5,58.25;13.5,150.25;221.5,20;318.25,95.5;340,232.5
49025;0.5,225.25;35.25,194.25;87.5,57.5;302.5,54.5;13.5,150.25;221.5,20;301.5,35;340,232.5
18199;52,216.75;84,201.5;125,13.25;317.75,55.25;13.5,150.25;221.5,20;302.75,4;340,232.5
37980;52,216.75;138.5,224;187,3.5;317.5,57;66.5,180.25;238.25,15.25;302.75,4;358.25,230
37209;62.25,171.75;140.25,224.75;192.5,9.25;291.75,103.75;66.5,180.25;238.25,15.25;280.25,48.75;358.25,230
23865;62.25,171.75;81.5,249.25;232.25,39;266.75,149;66.5,180.25;184,28;236.25,82.75;358.75,229.75
36708;62.25,171.75;81.5,249.25;229.25,68.5;269.5,168.75;96.75,156.25;143.25,32.25;211.5,59;358.75,230.25
43674;70.5,140.25;81.5,249.25;210,106.25;278.25,213.75;96.75,156.25;153.75,48;213.25,45.5;354.5,215.25
6045;46.25,138;81.5,249.25;210,106.25;263,238.25;89.25,144;177.75,8;216.75,37;334.5,207
31680;60.5,133.25;65.25,255;254.5,109.25;263,238.25;69.75,150.5;223.25,19.5;247.75,70;334.5,207
15167;45.5,160.5;104,281.75;251.75,75.25;281.75,246.5;67,207.5;223.25,19.5;247.75,70;318.5,161
48315;26.25,190.5;140.5,266.75;259.25,26.75;274.75,282.5;67,207.5;223.25,19.5;260.25,56;359.25,156
20782;31,239.5;171.75,222.25;259.25,26.75;281,254.75;33.75,251.5;217,63.25;233.75,34.75;359.25,156
32783;58.25,248.75;179,221;226.25,35.75;302,302;33.75,251.5;184.75,40;232.25,34.75;359.25,156
31252;58.25,248.75;184.75,232.75;210.75,81.75;302,302;11.5,302;170,25;238.75,77.5;336,163
31440;61,252.5;144.25,224.75;198.25,113;356.25,294.25;11.5,302;170,25;245,25.25;326.75,129.5
21623;42.25,278.25;144.25,224.75;198.25,113;355.5,296;40.25,280;157.5,57.75;232.5,26;282.75,138
10156;74.25,297.5;104.25,214.25;194.5,135.25;355.5,296;14.75,311.5;172.5,52;249.25,37;282.75,138
14415;84,263.25;89.5,178.25;194.5,135.25;340,311.25;15.5,308.25;144.25,56;249.25,37;314.75,132
34183;51,274.75;93.5,201;154.5,158.25;351.75,318.5;3.75,308.5;147.25,49.5;249.25,37;314.75,132
5347;55,253;56.5,240.75;154.5,158.25;351.75,318.5;5.75,310.25;151,28.75;248.75,37.25;347.25,139.25
13233;14,261.75;37,234.5;194,133.5;342.25,301;7,308.25;151,28.75;248.75,37.25;347.25,139.25
14231;24.75,269.5;29.25,273.5;242.75,108.5;308.5,309;7,308.25;91,24.75;248.75,37.25;354.5,179.75
24784;29,217;60.5,295.5;268,70.5;298,318;7,308.25;122,71.5;248.75,37.25;354.5,179.75
18239;36,240.5;50.75,240.25;279,105.25;332.25,318.5;7,308.25;151.25,43;249.25,71.25;354.5,179.75
5124;0.25,194;50.75,240.25;280.25,168.25;330.25,270.25;7,308.25;145,77;225.25,105.5;334.5,149
28317;20.25,154.25;83.25,193;264.75,143.5;363,289.5;7,308.25;145,77;225.25,105.5;313.75,98
24666;17.25,143.75;83.25,193;314.75,145.75;344.5,270.25;7,308.25;98.5,108.75;226.75,102.25;348.5,79.5
20682;3,103.25;117.25,186.75;273.5,122.5;314.75,304.25;7,308.25;88.75,116;226.75,102.25;325.25,51
40954;29.25,97.25;141,196;276.25,89.25;285.25,317.5;7,308.25;88.75,116;226.75,102.25;353.25,60.5
34993;26.25,77.5;131.75,167.5;276.25,89.25;316.75,305.25;10.5,306;102.75,152.25;240.25,128.25;353.25,60.5
20026;3.25,93.5;138.5,202.5;221.75,92;346.5,266.75;48.25,272.75;102.75,152.25;261.25,174;353.25,60.5
11811;3.25,93.5;138.5,202.5;210.25,63.75;346.5,266.75;81.75,251.75;113.5,112.75;308.75,197.75;355,61.5
48601;3.25,93.5;138.5,202.5;182.25,9;346.5,266.75;66.5,258.25;99.25,81.25;297.25,142.75;338,35.75
17683;24.5,75;138.5,202.5;182,8;316.25,299;22,291.5;154,88.75;297.25,142.75;364,51.25
28433;31,75.75;163,168.75;168.25,9.25;289.75,312.25;27,311;154,88.75;297.25,142.75;364,51.25
4882;5.75,62.75;108.75,165.25;172.75,37.25;289.75,312.25;27,309.5;149.25,56.25;303.75,114.75;364,51.25
25863;4.5,57.5;86.5,115.75;167,33.25;280.75,297.5;27,309.5;109.5,41.25;252.75,94;364,51.25
26212;25.75,96.25;86.5,115.75;147,22.25;280.75,297.5;61.25,318.5;161.25,50.25;260.75,114.5;320.25,90.25
20847;25.75,96.25;93,63;114.75,52.5;240.25,303.25;61.25,318.5;153.5,91.25;269.5,140;307.25,121.75
20443;46.5,137.5;93,63;160,34.75;240.25,303.25;33.75,275.25;168,113.25;258.25,98.5;357,145.25
28056;46.5,137.5;68,26;160,34.75;239.25,303.75;37,229.25;193.5,68;251.5,132.75;355.5,149.5
22786;25.75,96.25;54.25,19.5;158.5,7.75;239.25,303.75;19.25,252.75;193.5,68;236.75,102;355.5,149.5
40575;25.75,96.75;102.75,8;162.25,37.25;241,292.5;21.25,203.25;193.5,68;236.75,102;342.5,99.75
14648;25.75,96.75;102.5,14;179,59.5;281.75,318;21.25,203.25;192,96.25;225.25,46.5;305.25,83.5
14442;25.75,96.75;94,8.25;150,33.25;299.5,320.5;21.25,203.25;204.75,95.75;253.5,23.5;303.75,129.25
36434;64,130.25;94,8.25;150,33.25;299.5,320.5;27.25,164.5;236.75,54.25;256.5,77.5;287.75,114.75
14868;15.5,144.25;94,8.25;184,42.5;315.25,258.25;27.25,164.5;209.5,100;245,133.75;296.5,103.25
21387;15.5,144.25;118.25,38.75;183.75,43.5;344.25,235.25;23.75,213.75;234.75,72.75;260.75,174.75;296.5,103.25
9499;15.5,144.25;78.75,26.25;181.25,75.5;353.5,186.25;34.75,231.25;236,71.5;237.75,131.75;296.5,103.25
38690;30,182.75;116.25,17.75;158,59.75;343,179.25;34.75,231.25;208,95.75;237.75,131.75;299.5,86.75
16171;30,182.75;69.75,22;168.25,125.25;343,179.25;10.5,244.5;168.75,88.25;253.5,94.75;278,130.25
28510;43.5,238.25;106,20;212.5,131.5;346.5,209;10.5,244.5;168.75,88.25;227.5,47.75;276,130.25
38164;67,255.5;106,20;188.75,95.75;351.75,173.25;48.5,257.75;177,143.75;227.5,47.75;273.25,131.5
25949;86.5,256.75;106,20;139,115.5;361.5,129.25;68,276.75;160.5,96;197.5,8.75;273.25,131.5
41415;86.5,256.75;106,20;139.25,114.75;363,161.25;112.75,291.5;185.5,99.5;194.5,8.5;249,161.75
2598;86.75,228;102.75,70.25;103,137.5;364.5,160.5;112.75,291.5;188.5,98.75;231.5,33.5;249,161.75
18038;50,202.25;112.25,17.75;133.5,124.75;367,189.75;112.75,291.5;188.5,98.75;231.5,33.5;237.5,179
37095;68,202.75;112.25,17.75;164,99.75;345.75,240.5;143,319;167.75,53.5;205.5,5.5;237.5,179
39394;68,202.75;112.25,17.75;134,128.5;359.75,181.5;93,282;150.75,53.5;205,6.5;241.25,185
49432;68,202.75;114.75,44.5;134,128.5;327.25,210.5;86.25,258.25;142.5,51.25;209.25,57.5;300.5,197.5
12496;68,202.75;93.25,86.75;164,147;298.75,231.25;60.5,241.5;164.75,29.75;253,69.25;300.5,197.5
35594;68,202.75;93.25,86.75;164.5,110.25;300,235.5;61,203.5;169.25,11.5;237.5,41;323,221.5
15664;68,202.75;93.25,86.75;157.75,109.75;300,235.5;29.25,192.25;216,38.75;231,59.75;303.75,197.75
10706;91,157.75;104.5,90.5;157.75,109.75;300,235.5;29.25,192.25;228.25,8.25;257.5,16.75;277.25,184.5
5788;94.75,126.25;102.5,87.5;134.25,129.75;289.75,241.75;29.25,192.25;228.25,8.25;257.5,16.75;321.75,162
20128;82.25,177.5;89.75,92.75;115.75,146;289.75,241.75;58.25,215.5;255.5,16.5;301,22.5;321.75,162
18591;53,179.25;87.5,71.75;114.5,142.5;322.5,208.75;58.25,215.5;238,28.75;249.25,35;321.75,162
10726;74.25,193;87.5,71.75;105.5,141;274.25,168.5;70.75,252;238,28.75;249.75,34.75;325.25,136
39899;66.25,181.5;96,26.5;100.25,162.75;274.25,168.5;121.5,229.5;189.25,20.5;249,71.25;325.25,136
36928;43,137.25;96,26.5;153.25,159;262,134.75;121.5,229.5;215,6;220.5,18.5;315.75,130
35193;59,121.5;96,26.5;152,128.75;260.75,138.25;100.25,221.25;175.75,36;215,6;286,142.75
43377;51.5,172.25;131,29.75;176.75,112;270.75,103.25;133.5,265.75;175.75,36;214.75,6.5;286,142.75
11946;77.25,205.5;131.5,19.5;176.75,112;270.5,134.75;152,223.5;189,5.25;257.5,9.25;286,142.75
17972;62.5,254.5;155,29.5;164,143;270.5,134.75;155,253.25;170.5,7.25;257.5,9.25;340,164
22529;62.5,254.5;116.75,33.5;175,163.75;261,182.75;129.75,285.75;156.75,29.75;257.5,9.25;355,189.5
1710;46.25,234.75;128.25,59.25;129.75,151.75;231.25,193.25;116.75,309;156.75,29.75;257.5,9.25;357.75,145.75
38313;71.25,242.25;89.75,89.75;90.5,159.75;231.25,193.25;148.75,288;152.25,80;257.5,9.25;348.75,80
10799;41.25,214.25;72.5,140.75;107,114.5;167.25,188;148.75,288;152.25,80;247.5,5.75;348.75,80
18475;56.75,171.25;100.5,191.25;108,110;122.75,150.75;97.75,282.5;152.25,80;240.75,15.25;348.75,80
3229;26,148.5;85.75,238;86,108.25;158.25,159.25;116.5,324.25;152.25,80;238.75,10.75;348.75,80
6688;33.5,213;65.5,234.5;71,70;145.25,222.75;116.5,324.25;149,105.75;238.75,10.75;348.75,80
43951;52,172.25;65.5,234.5;109.25,125;177.5,176.25;85.75,301.75;219.25,89.25;238.75,10.75;351,33.5
36081;13,160.5;103.75,220.25;108.25,73;177.5,176.25;104.5,275.5;236.75,114.25;259.5,21.25;351,33.5
24390;70.25,145.5;72,219.25;134.5,129.75;177.5,176.25;141.5,222.5;236.75,114.25;286.75,35.75;289.5,30
30268;57.25,193.5;96,230;164.25,111;204,135.75;141.5,222.5;236.75,114.25;302.25,56.75;309.5,87
19402;57.25,193.5;124.5,267.25;164.25,111;204,135.75;121.75,195;248.25,87.75;256.5,76;308.75,64.25
46479;66.25,202.75;124.5,267.25;141.25,63.5;159.75,144.5;121.75,195;256.5,76;267,121.5;363.25,46.5
38173;66.25,202.75;83.5,261.5;101,87.25;103,138.25;121.75,195;238,121.5;247.75,69.25;311.75,33.75
26910;27,215.5;68,294.5;101.25,88.75;103,138.25;141.5,226.25;206.25,106;247.75,69.25;354.25,9
37732;27,215.5;102.5,253.5;103,138.25;141,102.5;122.5,163.25;145.25,87.25;293,35.5;358.75,4
48820;25.75,153.25;98.25,254;160.75,163.25;169.5,57;122.5,163.25;161,53;293,35.5;358.75,4
12853;28,153.25;113.5,307.5;147.75,188.25;169.5,57;133,122.75;145.5,56.25;293,35.5;357.75,4
36968;28,153.25;83.75,321;147.5,187.75;163.5,50.25;101.75,144.5;145.5,56.25;270.25,15.5;352,59.5
4636;28,153.25;83.75,321;129,203.75;163.5,50.25;125.5,153.25;174.5,35;285.5,31.5;342.25,100.25
6915;28,153.25;83.75,321;145.75,223.5;163.5,50.25;138.25,197.5;227.75,49;254.75,15.5;328.75,134.5
7766;51,145.25;86,319.75;117.25,232.25;163.5,50.25;140.25,226.5;237.5,85.25;254.75,15.5;317.25,139.25
15861;14,178.25;118.5,304.25;138.75,266.75;163.75,49.75;154,201.75;237.5,85.25;254.75,15.5;280.75,115.5
18863;2.75,223;118,286;122.25,270;163.75,49.75;189.75,197.5;237.5,85.25;250,38.75;298.25,62.5
33602;57.75,247.5;84.75,321.5;121.75,270.25;163.75,49.75;140.25,180.5;236,62;250,38.75;345.5,78.5
4060;10.75,284;84.75,321.5;121.75,270.25;163.75,49.75;141.5,198;226.25,41.75;289,52;303.25,129.25
22398;34.25,240.5;57,308.5;66.75,291;161.5,80.75;141.5,198;188,5.75;296.5,34.75;303.25,129.25
22461;43.25,198;57,308.5;122,259.25;160,34.25;166.25,226.25;206.5,5.75;296.5,34.75;319,159.75
11662;15.5,178.25;56.25,308.5;122,259.25;197,50.5;157,202.5;167.75,40;296.5,34.75;356.25,149.75
48721;15.5,178.25;72.5,280.25;122,263.5;249.5,19;120.5,229.5;122.5,46.25;296.5,34.75;350,140.75
24826;30.75,156.75;113.25,250.75;163.5,226.5;249.5,18.5;60,223.75;122.5,46.25;276.5,92.5;350,140.75
47499;19,116.75;133,240.5;162,223;222.75,68.25;113.75,198.25;136.75,21;276.5,92.5;350,140.75
19585;19,116.75;153.75,223.75;187,231.25;216.75,60.75;113.75,198.25;128,78.5;247.75,40.25;318.25,123.25
25702;9.5,143.75;153.75,223.75;202,269.5;229.5,87;113.75,198.25;125.5,79.5;230,19.5;304.5,91.5
2623;15.5,177.25;129,200.25;202,269.5;223.75,35.25;150,180.5;152,51.5;169.5,15.5;304.5,91.5
49184;15.5,177.25;129,200.25;193,283.5;203.75,22;103.75,201;152.75,91.75;195.75,2.5;304.5,91.5
5367;15.5,177.25;113.5,153.75;166,298;199,73.5;103.75,201;124.5,122.75;258.75,5.25;340,82.75
15039;28,114;113.5,153.75;162.5,279.75;220.5,106.5;62,209;124.5,122.75;312,2.25;327,98
32605;9.25,92.5;87,115.75;152.25,291.5;220.5,106.5;60.25,201.75;142.25,107.5;312,2.25;328,99.5
27706;7.75,91.75;94,103.25;162,313;235.25,118;59.25,249;129.25,93;312,2.25;328,99.5
28992;38,41;103,143.25;172.5,292.75;177.75,112.5;24.5,243.75;129.25,93;312,2.25;328,99.5
26551;38,41;62.5,159.5;126,291.5;138,124.5;24.5,245.25;116,73;312,2.25;341.75,140.25
21878;38.5,15;89.25,195.5;126,291.5;138,124.5;37.25,293.5;111,80.75;278,26;292.75,141.75
7893;45.5,46.75;89.25,195.5;141.75,311.5;150,64.25;13,302;156.75,115.5;289.25,4;292.75,141.75
16033;4.75,94;54.75,209.25;135.25,281.75;175.5,33;13,302;207.25,146.75;291.75,5;292.75,141.75
20197;22.25,42.75;54.75,209.25;84.5,257.25;153.5,84.5;13,302;251.25,177;300.5,36.5;326.25,159
39797;22.25,42.75;91.75,233;100,205.75;119.5,62.75;60,306.75;252.25,179.5;300.5,36.5;354.75,191.75
9726;22.25,42.75;91.75,233;100,205.75;112.25,16.75;52.75,297.75;260.25,203.5;327.5,30.75;356.75,146
21520;22.25,42.75;106.75,226.5;132.75,154.75;133.5,25;52.75,297.75;277.25,218.25;288,11;355.5,141
47675;22.25,42.75;106.75,226.5;145,117.5;188.25,58.5;12.25,318.5;277.25,218.25;293.75,4;330.5,178
42892;51.75,45.75;139,225.25;170,69.5;207.5,81;12.25,318.5;277.25,218.25;293.75,4;331,179
49012;31.5,47.25;156.25,265.5;168,30.5;207.5,81;12.25,318.5;287.5,217.25;293.75,4;339,159.5
4319;11.25,85;174.5,316.25;182.5,77.5;216.75,38.5;15.75,280;287.5,217.25;335,6.25;339,159.5
9918;11.25,85;134,287.5;189.5,38.75;282.5,57.5;3.5,244.5;274,175;335,6.25;355.5,165.25
22438;9.75,86.25;125.5,246.75;138.25,64;247,96;3.5,244.5;296.25,194.25;335,6.25;347.5,143.75
28518;50.75,51.75;81.5,249.25;160.5,109;193.25,113.25;3.5,244.5;296.25,194.25;319.75,41;335.25,177.75
4997;6.5,25.5;28,251.5;143.25,136.75;219.75,94.25;49.25,252;247.75,175.5;319.75,41;335.25,177.75
19388;6.5,25.5;60.25,295.25;154.5,125.25;245,46.5;49.25,252;228.5,154;305.5,86.75;325,204.25
2265;28.75,55.5;60.25,295.25;154.5,125.25;248,3.5;85.5,210.5;234.25,212.5;278.5,34.5;355.5,155.5
34441;28.75,55.5;95.25,309;117.5,165;210.75,34.5;87.5,210.5;195,252.5;278.5,34.5;357,156.5
32707;85,37.25;93.75,310.25;149,223;252.25,10.25;87.5,210.5;195,252.5;331.25,58.75;357,156.5
10;84.25,37.75;99,318.75;129.25,213.5;261.75,27.5;87.5,210.5;195,252.5;354.25,9.5;358.5,157.5
38794;58.75,75.75;148.75,294;170.75,221.5;326.75,29;48.75,253.25;195,252.5;354.25,9.5;358.5,157.5
35674;117.25,33.5;133.25,288;170.75,221.5;290.5,52.5;8.75,228.5;153.5,247;339.5,79.25;358.5,157.5
14455;122.75,31.75;198,287.25;226.5,242.25;327.75,26.25;40.25,280;117,287.25;339.5,79.25;358.5,157.5
4031;122.75,31.75;140.25,266;226.5,242.25;266.5,17.5;73.5,224.5;95.25,269.75;339.5,79.25;359.5,155.25
48824;108.75,19.5;117.75,274;226.5,242.25;241.75,70.5;84,196.25;95.25,269.75;288.5,50.75;348,161
17743;53.75,8;84.5,261;226.5,242.25;246.25,134.75;84,196.25;121,259.25;272.5,23.5;320.5,196.75
30065;29,30;44.5,267.75;221,240.75;229,171.25;84,196.25;94,269.5;256.5,60.25;320.5,196.75
33108;29,30;44.5,267.75;221,240.75;265.75,134.75;140.25,184.25;146.5,303.25;302,12.5;304.5,202
14983;74.5,70;88,255;200,245.25;211.75,136.25;155.75,150.5;185,302.25;302,12.5;304.5,202
39383;94.5,102.75;115,205.25;146,224.75;274,133.25;155.25,150.25;185,302.25;272.75,29.25;304.5,202
32876;94.5,102.75;157,243.75;157.25,209.25;274,133.25;139,197;232.5,284.75;258.5,76.5;324,222.25
24154;105.5,137.5;165,254.25;188.5,230.25;308.25,115;149.5,163;214.75,252;258.5,76.5;324,222.25
30899;145.5,127.5;156.75,299.25;171.5,230.25;292,136.75;149,163;237,252.5;258.5,76.5;324,222.25
15542;105.5,143;141,302.75;171.25,262.5;292,136.75;149,163.5;212.25,295.75;258.5,76.5;341.5,229.5
11907;95,195.75;116.75,311;197.75,246;288.5,75.5;131.25,124.75;212.25,295.75;258.5,76.5;361.5,267.25
21237;93.75,197;160.25,292.5;240,224.25;288.5,75.5;104.75,93.75;188.25,274.75;257.5,48.5;361.5,267.25
8248;91,204;183.25,252.5;249.5,218;288.5,75.5;118.5,119.5;220.75,247.75;293,58.25;361.5,267.25
23872;69.5,221.5;140.75,222.75;249.5,218;277.5,30.5;101.5,171.25;198.75,275;293,58.25;353,298.25
16325;65.5,223.5;134.25,184.25;219.25,252.5;251.75,22.5;101.5,171.25;226.5,316.75;339.75,51.25;353,298.25
35357;72,281;109.75,163.75;219.25,252.5;220.5,72;163,188.25;226.5,316.75;337.75,79;353.5,290.75
34829;37.5,227.75;109.75,163.75;167.5,276.25;254.5,59.25;178,183.25;257.25,288.5;337.75,79;344.25,235.5
19078;37.5,227.75;82,195.5;139.25,239;247.75,80.75;187.5,221;257.25,288.5;316.25,86.5;325,207.25
15893;43.5,217;82,195.5;139.25,239;247.75,80.75;173,266.25;271.25,255.75;299.25,59;313.75,180.25
16404;15.75,229.5;82,195.5;145.25,223.5;236.5,49;130.5,263.5;245,281.75;299.25,59;317.5,178.25
24161;15.75,229.5;108.75,225.25;109.75,236;247.25,9;176,286.5;240.75,231.25;299.25,59;317.5,178.25
43644;53,218.25;93.5,234.75;109.5,225.75;292.75,8.5;203,277;227.5,255.25;299.25,59;317.5,178.25
42624;48.75,249.75;93.5,234.75;106.75,231;292.75,8.5;225,313.75;247.75,230.25;312.75,51.25;316.75,179
49909;1,271;117.75,272.5;143.75,209;292.75,8.5;225,313.75;235.5,256.25;312.75,51.25;350.5,141.75
46906;31,240;59.75,276.5;144,243.5;270,67;192.75,321.25;235.5,256.25;287.25,91.25;350.5,141.75
8043;31,240;117.25,270;123,280;291.75,92.75;244,293.25;276.25,212.75;302.25,34.75;350.5,141.75
32889;31,240;122.5,292.5;129.5,242.25;295.5,89.75;291.5,310;303.25,242.75;330,41;350.5,141.75
39667;10,174.75;66,317.25;186.5,270.25;318.25,86.25;303.25,242.75;319.5,299.5;330,41;340,147
35381;1,108.25;122.25,303.75;186.5,270.25;298.25,72.25;261.25,195.75;299,284.75;330,41;331.5,211.75
39393;33.5,97;89.5,269.75;186.5,270.25;302.25,110.75;283.25,196.25;299,284.75;323,82.75;333.5,211.75
22034;26.75,43.25;89.5,269.75;203,295.5;351.25,103.75;248.5,196;293.25,286.75;323,82.75;327.25,163.5
5773;7.75,73;59,252.5;203,295.5;351.25,103.75;238.75,164.25;323,320.75;323.75,82.75;358.5,164
18423;15.25,126.75;66.5,286;203,295.5;349.75,104.25;233,121.5;323,320.75;341.25,82;354.25,182.75
5276;49,124.5;66.5,286;161.25,276;349.75,104.25;216,127;289.25,286.25;341.25,82;353.25,139.25
45336;73.5,147;76,317.25;145.75,226.5;332.5,135.5;200.5,175;246.75,252.5;341.25,82;353.25,139.25
20067;49.5,161;76,317.25;135.75,239.5;341.5,76;214,212.75;246.25,227.25;308.5,26.25;353.25,139.25
15784;70.25,184.5;76,317.25;135.75,239.5;305,120.75;187.75,258.5;226.75,254.75;265.25,10.75;320.25,163.5
24450;107.5,130.5;128.5,292.5;185.25,254.75;305,120.75;218,302;220.5,215;268.75,11.25;320.25,163.5
1026;65.5,125;130.5,287;177.5,316.25;277.25,142.25;218,302;220.5,215;288.75,4.5;347.75,145.25
36996;49.75,172.25;130.5,287;175.75,292;277.25,142.25;184.5,304.75;213.75,270.5;289,7.5;348.5,140.75
19869;27.75,231.5;121.25,302;233.25,302;277.25,142.25;234.25,268;241.5,320.5;289,7.5;350.25,80.5
11299;73.25,242.5;141,304.75;233,302.25;291,208.5;241.5,320.5;251.25,256;254.25,37.5;350.25,80.5
257;65.5,219.75;92.75,261.25;259,302.75;271.5,249.25;241.5,320.5;285.5,249;302,24.5;350.25,80.5
23021;6.25,212.5;101.75,320.75;294.75,322.5;309.5,242;241.5,320.5;263.25,270.25;300.75,24.75;350.25,80.5
24334;6.25,212.5;108,318;254.75,277.5;309.5,242;239,256.25;260.5,239.75;275.5,27.5;359.75,146.5
24564;1.75,200;108,318;306.25,242.25;307.75,240;221.5,278.25;223,231.25;275.5,27.5;358.25,201.25
36343;34,240.5;127.75,280.5;306.25,242.25;307.75,240;177.5,300.25;196,180.5;275.5,28;298.25,216.5
7729;81,228;127.75,280.5;306.25,242.25;307.75,240;151.75,302;163.75,165.25;248.25,70.5;290.5,217
29821;63.75,280.5;147.25,227.25;255.5,217.75;306.75,240.5;151.75,302;201,146.75;287.25,84.5;290.5,217
23370;55.25,278.75;176,192.75;280,230.25;347.5,239;151.75,302;162.75,161.25;287.25,84.5;290.5,217
17412;28.75,296.25;206.25,197;280,230.25;357,224;151.75,302;159.25,162.75;303.75,56.75;316,208
48750;72.25,300.5;193.5,170;317.25,224.5;364.75,255.25;151.75,302;153.5,203.75;304.75,52.5;316,208
22959;97.75,250;161,125;317.25,224.5;366.25,210.25;151.75,302;168,185.75;260.25,43;316.25,187
41160;97.75,250;131.25,147.5;306,193.75;366.25,210.25;178.75,302.25;196,180.5;262.5,58;348,174
29949;137.25,212.5;193.5,136;269,148;351.75,252.5;178.75,302.25;202,181.5;287.25,41.5;348,174
34292;112.75,240.5;162.5,125.25;237,145.25;321,213.25;140.25,269;250.5,160.75;287.25,41.5;348,174
14010;76.5,234.25;165.25,131.5;282.25,168.75;343.5,178.5;140.25,269;270,180.5;305.75,84;348,174
34809;68,231;165.25,131.5;282.25,168.75;343.5,178.5;166.5,240.5;263.5,225.5;266.75,88.5;353,154.5
24167;75.25,181.5;161.25,187;279.5,191.75;343.5,178.5;186.25,246;225.75,191.25;309.25,95;353,154.5
26319;38.25,138.5;161.25,187;279.5,191.75;343.5,178.5;167.25,240.5;268.5,181.5;306,151.75;322.25,180.25
415;6.25,158.75;172.25,230;279.5,191.75;316.5,149.25;131.75,265.5;286.5,218.75;292.5,197.75;306,151.75
27239;27.75,153.75;139.25,224.5;291.75,211;293.25,106;129.5,281;286.5,218.75;306,151.75;316.5,180.25
2509;27.75,153.75;173.75,232.75;291.75,211;292.5,111.75;145.5,277.75;226.5,247.5;255.5,176.75;309.25,152
42620;19.5,123.25;173.75,232.75;286.25,171.25;324,94.5;145.5,277.75;198.25,242.75;200.5,178;309.25,150.5
43169;19.5,123.25;173.75,232.75;287.75,143.75;363,123;106.25,261;145,262;204.75,209.5;309.25,150.5
33790;42.25,145;138,212.5;319,150.75;361,129.75;70.75,258.5;145,262;187,174.75;309.25,150.5
4103;42.25,126;130.5,242.25;334.75,179.25;361,129.75;68.75,247;149.25,278.25;188.5,175.5;309.25,150.5
28910;23,80;130.5,242.25;320.5,154.75;356.5,96.25;23.75,250;153.75,300.25;188.5,175.5;309.25,152
7942;52.5,74.75;130.5,242.25;353.5,186.25;356.5,96.25;25,251.25;111.25,284;237.75,193.25;302,184.75
44271;52.5,74.75;164,211.75;353.5,186.25;356.5,96.25;26.75,247.75;106,267.5;198.25,218;263.75,177
40183;52.25,76.5;182.25,255.25;356.25,155.75;356.5,96.25;43.75,285;112.25,259;198.25,218;245.75,169
44870;69.5,113;182.25,255.25;330.25,186.5;338,102;18,317.25;108,229;198.25,218;224.75,184.5
22492;109.5,108;181,256.25;331.5,209.25;360,129.25;1.75,308.5;108,229;198.25,218;248,199.75
13071;74.75,110.25;179.5,267.5;294,239.75;366,123.25;7,282.5;108,229;198.25,218;248,199.75
2951;35.75,90.5;133.75,246;294.75,240;314,123;16.25,272;66,260.25;198.25,218;248,199.75
43458;35.75,90.5;163.25,227.25;294.75,240;314,123;18.25,272.5;23.25,254.75;148.25,222.5;276.75,186.25
9784;35.75,90.5;144.25,183.25;294.75,240;314,123;27.5,293;31,307;150.75,222.25;289.5,186.5
24587;1,105.25;149.25,200.25;264.25,226.25;306.25,158.25;27.5,293;31.5,311.5;150.75,222.25;317.5,210.75
4982;18,119.25;147.75,200.75;276,263;277.75,164.75;11.25,311.25;27.5,293;107.75,203;317.5,210.75
46099;15.75,109.5;147.75,200.75;246.25,268.5;277.75,164.75;14.75,311.5;28.25,309;146.25,177.75;337.5,162.25
30925;56.25,98.25;118.25,146;218.75,216.75;262.25,151.75;14.75,311.5;28.25,309;186.75,180.75;329.25,97.25
45092;36.25,114.75;118.25,146;216.5,219;262.25,151.75;2.75,310.25;38.25,293;186.75,180.75;353.75,61
24150;36.75,114.75;139,160.75;242,171.25;247.5,174.5;1,246.25;37.5,294;186.75,180.75;353.75,61
10236;23.25,63;141,154.75;281.25,168.5;294,155.5;1,246.25;53.75,281.25;242,174.25;353.75,61
7724;23.25,63;115.25,112.5;281.25,168.5;294,155.5;19.5,269;79.75,278.25;262.25,223;324.25,56.5
48874;37.25,30.25;115.25,112.5;240.75,170.75;327.25,140.75;37.25,229.5;75,276.5;304.25,216.5;324.25,56.5
41799;37.25,30.25;162.5,105.75;247.5,175.25;333,119.75;8.5,246;75,276;304.25,216.5;343.5,31.5
43466;69.5,36.75;165.5,136.5;270.5,165.75;333,119.75;20.75,201.75;38.25,292;270.75,209;343.5,31.5
33221;68.25,37.25;165.25,105.25;240.5,196.5;350.25,102.75;59,222.75;62.75,297.75;270.75,209;343.5,31.5
41632;67.5,37.75;207.75,94.25;240.5,196.5;367.5,121.5;54.25,195.75;56,296.5;244.5,226.75;343.5,31.5
4776;67.5,37.75;185.75,61;282,232.25;367.75,71.25;54.25,195.75;77,249.25;261,185.5;343.5,31.5
28376;67.5,37.75;186.25,83;282,232.25;367.75,71.25;30.25,247.5;86.75,303;313.5,210.25;365.25,79.5
1185;109.75,21.5;211,62.75;281.5,277;331.25,110;68.5,259.75;107,274;313.5,210.25;365.25,79.5
49343;91.75,18.75;211,62.75;282,277.75;289.5,136;31.25,301.25;107,274;272.25,236.5;342,110.5
50122;112.75,57.25;243.25,101.5;286.5,321.5;291,166.25;47.75,301.5;107,274;272.25,236.5;338,160.25
42928;112.75,57.25;214.5,57.25;286.5,321.5;291,166.25;87.5,303;125,323.25;272.5,275.5;343.25,115.25
17766;164.75,47;176.5,35.25;284.25,321;291,166.25;90.5,301.75;125,323.25;268.75,248.25;275.25,125.5
50049;105.75,36;194.75,69.25;284.25,321;291,166.25;90.5,301.75;153.75,292.5;215.25,209.25;257,77
44197;58.75,32;165,34.25;290.25,319.75;292.5,110.75;90.5,301.75;153.75,292.5;204,227.5;234.75,50.5
40660;35.25,21.75;146.75,22.25;290.25,319.75;310.75,80.25;90.5,301.75;157.75,300.25;239.5,248.75;253,11
27741;35.25,21.75;186.5,3.5;273.5,313.5;277,52.5;89,302.25;186.75,248;232.25,251.75;253,11
12187;96,26.5;179.5,47.25;226.25,301.5;229.5,36.75;89,302.25;186.25,232.75;232.25,251.75;269.5,55.5
34432;96,26.5;162.25,36.75;208.75,268.75;229,36.75;89,302.25;168.25,189.5;176,231.25;308.25,53.25
6189;96,26.5;178,85.5;208.5,261;223.5,64;27.25,308.5;170.75,196;176,231.25;311.25,53.25
35879;96,26.5;123.5,83;205,199.5;229.25,54;27.25,308.5;116.25,195.5;147.75,181.5;339.75,58.75
47909;65,5;142.5,129.75;171.5,228.25;229.25,54;27.25,308.5;121.5,158.25;150,181;339.75,58.75
7267;97.25,20.5;112.75,108;153.75,193.75;235.5,35;27.25,308.5;124,196;141,226.5;339.75,58.75
40353;65,26.75;154.75,124.75;155.25,145.5;272.25,24.5;27.25,308.5;138,216.5;141.5,225.5;339.75,58.75
8156;65.75,26.25;154.75,124.75;155.25,145.5;271.5,33.5;63.75,265.25;108.75,228;176.25,232;359.25,57.25
44639;90.5,8.25;123.5,85;172.5,148;271.5,33.5;41.75,319.25;129,252;180.25,181;359.25,57.25
45159;145,12;146.5,129.5;167.5,162;291.25,55.75;40.25,323;129,252;165,164;359.25,57.25
11804;145,12;184.5,104.75;200.25,177.25;290,85;40.25,323;164,203.75;177.5,196;312.5,62.5
23207;125.5,7.5;135.25,89.5;261,177.75;274.5,95;16,296.5;164,203.75;177.5,196;311,55.25
45613;125.5,7.5;137.5,97.75;291,161.5;298.75,54.25;64.5,311.75;187,232.5;211.25,185.75;311,55.25
27542;125.5,7.5;137.5,97.75;242.25,129.75;328.75,6;122.5,309.75;164.25,203.25;212.25,186.5;354.25,80
2675;125.5,7.5;133.25,76.5;242.25,129.75;329.25,7.5;119,275.75;137.5,181.75;203.5,151.75;329.75,74.75
5934;149.25,54.5;149.75,124.25;216.25,86.25;329.25,7.5;105.5,275;142.25,167.75;236.25,137.5;329.75,74.75
12170;147,55.25;163.5,117;230,36.75;278.25,35.5;105.5,275;140.75,197.75;244.5,85.25;329.75,74.75
37583;106,47.25;186.75,87.25;259.25,28.25;284.75,87.25;97.5,282.75;140.75,197.75;196.75,96.5;329.75,74.75
5114;107.25,47;196,70.25;263.75,12;292.75,75.25;97.5,282.75;140.75,197.75;193.5,66;361.25,52.5
32149;125.25,52.75;202.5,44;248.25,21.75;292.75,75.25;97.5,282.75;143.25,239;185.5,73.5;337.25,80.5
7163;155,7.75;201,40.5;248.25,21.75;292.75,75.25;93.5,242.5;132.5,196;152.25,89.75;338,78.75
28907;123.75,13.75;155.25,27.5;230,21.75;269.75,18.5;132.5,196;134,252.5;152.25,89.75;338,78.75
9664;115,54.5;151.25,9.5;202.75,61.75;268.75,19.75;132.5,196;150,238.5;206.25,105;338,78.75
6835;115,54.5;123.5,5;182.5,91.5;283,54;162,230.75;187.25,249;207,86.5;338,78.75
38652;132.25,20;136,55.25;196.5,69.75;299,53;115.5,237.25;187.25,249;207,86.5;338,78.75
45079;111.25,15.75;119.25,38.75;242,37.75;264.75,60.75;112.75,282.75;187.25,249;207,86.5;323,114.75
25637;90.25,18.75;153.5,27.5;242,37.75;264.75,60.75;106,281;217.5,302;241.5,127;365.75,79
12570;90.25,19.5;150.5,6.75;275.5,34;279.25,33.5;52.25,288.75;217.5,302;246.5,168.75;365.75,79
11824;90.25,19.5;198.75,6.75;242.25,50;279.25,33.5;98.75,268.25;163.25,286;193,174.75;352.5,45
1490;109,76.75;198.75,6.75;234.25,56.75;322,70.75;116.5,318;167,240;179,174.75;352.5,45
26972;67.75,109.75;198.75,6.75;234.75,56.5;322,70.75;121,308;137.75,198.5;191.5,165;315.5,85.75
15370;20,110.5;198.75,6.75;262.5,92.5;326.25,30;118.75,309.75;125,197.25;191.5,165;323.75,123.75
7576;20,110.5;180,49.25;282.75,85;297.5,71.75;118.75,309.75;161.25,231;204,176.5;326.25,130
41005;26.25,118.75;180.75,87;262,57.25;308.25,53.5;118.75,309.75;150.5,221.75;204,176.5;329,116.25
24510;8,64.25;138.75,124.75;252.25,43.75;279.5,70.75;110.75,283.25;150.5,221.75;204,176.5;329,116.25
32318;6.75,64.5;157.75,148.5;262,62.25;302,110.5;109.75,309;148.75,254.25;204,176.5;329,116.25
37747;0.25,85.5;167.5,145.25;221.5,46.5;302,110.5;95,316;155.75,285.75;164.5,161.25;329,116.25
35548;51.25,54.75;167.5,145.25;220.5,16.25;302,110.5;44.75,320.25;102,314;121,194.75;329.75,115.5
11891;59.75,58.5;167.25,101.75;246.75,49;323,138.25;40.25,323.5;102,314;121,194.75;331.75,158.75
869;59.75,57;168.75,102.75;210.5,63.5;348,157.75;40.25,323.5;102,314;133.5,194.5;327.75,132.5
16110;11.5,63.75;212.25,92.75;258.25,58.75;349.75,99.25;55.25,295.75;102,314;167.75,238;327.75,132.5
33699;10,110;220,69.75;271.75,103.75;349.75,99.25;39,291;102,314;137.75,198.5;328.25,137.5
20467;35.75,97.75;184.75,113;271.75,103.75;336,113.75;4.5,287.25;54.5,307.5;184.25,160.5;328.25,137.5
16329;35.25,97;185.5,155;301.25,82;343.5,75.5;4.5,287.25;46.75,311.75;162.25,160.5;328.25,137.5
31230;35.25,97;170.5,191.75;275,52.5;370.5,34;4.5,287.25;91,283.75;204.5,175.25;318,97
19872;31.25,108.75;187,229.75;223.25,55.25;324,31.5;4.5,287.25;91,283.75;218.5,159.75;318,97
25955;3,110;218.25,253;223.25,55.25;324,31.5;46,291;85,234.5;173,162;328,127.5
24166;22.5,63.25;179.25,260;257.25,17.5;337.25,48.25;44.5,320.5;85,234.5;173,162;300,126.5
6831;22.5,63.25;170.25,261;213.75,1;355.25,10.25;44.5,320.5;96.5,240.5;211,202.25;300,127.25
35266;55.75,96.75;187,229.25;204,42;368,54.5;44.5,320.5;67.25,264.5;211,202.25;255.75,86.25
4667;84.5,65;162,243.75;204,42;349.75,94.25;10.75,310.25;67.25,264.5;211.25,201.25;220.75,106.5
16122;84.5,65;143.25,259.25;193,69.25;346.5,113;10.75,310.25;76.25,268.25;245.5,239.5;263.5,107.5
4904;65.25,58;115.25,254.25;207.75,71.25;358.5,129.75;10.75,310.25;76.25,268.25;242.5,213.5;263.5,106.75
1344;75.5,12.75;157.5,240.75;196.5,72.75;358.5,129.75;30,309.25;75.75,268.25;242.5,213.5;263.5,106.75
27206;75.5,12.75;150.5,267;153,29.5;359.25,160;30,309.25;68.25,277;241.5,175.5;265,108.25
42476;75.5,12.75;155.25,251.5;172.75,53.5;368.5,195;21.75,309;68.25,277;241.5,175.5;264.5,108.5
44853;79.5,14.5;122.25,291.5;184.75,79.75;344.75,133.75;21.75,309;68.25,277;291.25,216.25;313.25,63
38982;70.75,21.5;109,313;155.25,28.5;371.25,122;21.75,309;68.25,277;297.75,216.5;313.75,97
29943;55.75,56.5;77.5,249.25;155.25,28.5;347.25,172;31.75,243.5;125,248;297.75,216.5;341.25,60.25
30514;59,9.25;77.5,249.25;155.25,28.5;345.5,167.75;10,240.75;158,225.5;292.75,184.5;308,44.5
42929;59,9.25;77.5,249.25;155.25,28.5;345.5,165.5;38,193;147.5,168;274,172.75;355.5,4
15531;11,32;99.5,205.25;186.5,18.75;329.75,198;74.25,151.75;109.75,150.25;274,172.75;355.5,4
29686;54,15.5;55.5,217.25;187.5,42;352.25,178.25;109,137;130.75,198.75;274,172.75;355.5,4
49960;54,15.5;55.5,217.25;187.5,42;349.25,215;67.25,170.75;144,165.5;308,217;311.25,30.25
33349;4,43.25;20.5,178;176,36.75;349.25,215;67.25,170.75;144.5,164.5;274.5,263.5;334.25,16.5
35315;6.5,34.5;73.75,181.5;202,43;356.25,198.5;67.25,170.75;144.5,164.5;274.5,263.5;302.75,37
8133;6.5,34.5;79.25,166;209.75,8.75;358.25,215;67.25,170.75;144.5,164.5;245.75,308.75;251.5,15
41120;6.5,34.5;89.75,126.25;209.75,8.75;358.25,215;109.25,152.25;130.25,195.5;284,281.75;299,58.25
35463;6.5,34.5;89.75,126.25;263,13.75;349,240.75;59,161;111.75,144;314,299.75;346.75,61
23387;7.25,40.75;143.25,125;287.25,53.5;349,240.75;14.5,156;147.75,150.5;314,299.75;363.25,53.75
34647;7.25,40.75;153.25,83.5;333.5,61.75;349,240.75;35.5,133.5;123.25,174;314,299.75;350,81
16712;20.75,62.25;153.25,83.5;308.25,114.25;309,229.25;36.5,86;136.75,194.75;270,312;350,81
24432;20.5,64.5;195.5,50.25;317.5,86.75;348,272.75;73.5,42;136.75,194.75;223.75,296;350,81
18984;20.5,64.5;148.25,27.5;329.5,89.25;358.25,306.75;72.75,12.75;136.75,194.75;223.75,296;320.25,81.5
39291;5.25,20.25;111.75,50.25;329.5,89.25;346.25,311.5;38.25,35.5;175.5,170;224.25,296.5;320.25,81.5
4187;48.75,58.25;62.75,76.25;326.5,29.5;346.25,311.5;79.75,40.25;212,172.75;224.25,296.5;360.75,48
12474;48.75,58.25;92,58.25;326.5,29.5;346.25,311.5;27.25,50.25;209.75,145.75;221,246.75;354.25,17
48746;7.25,62.75;134.25,92.25;337.75,49.5;342.5,313.75;27.25,50.25;244.5,175.5;260.75,271.75;354.25,17
6877;7.25,62.75;86.5,84.75;311.75,96.75;342.5,313.75;51,68;240.5,179.5;261.5,319.75;331.75,0.75
40069;6.75,64.5;86.5,84.75;304.5,98.25;308,319.75;56.25,109.25;249.75,185;261.5,319.75;356.5,4.5
17837;13,4.75;48.25,58.25;304.5,98.25;308,319.75;78,163.5;240.5,177;312.5,297.75;353.25,1.5
9153;13,4.75;93,8.25;325,33.5;368.25,318.5;75,222.5;287.25,218;317,288.25;353.25,1.5
20499;33.75,21.25;93,8.25;287.5,56.25;368.25,318.5;19.75,207.25;280.75,185.5;294,294;353.25,1.5
15147;51.75,56.5;93,8.25;342.25,82;363.25,316;16.75,214.75;273.5,193.75;294,294;332.75,0.75
4602;51.75,56.5;93,8.25;283,102.25;363.25,316;53.75,222.25;249,253.25;263.25,291.5;356.5,2
964;32.75,107.25;107.75,15.75;233.5,80.5;317.75,315.5;11.5,193.25;248.75,215.75;263.25,291.5;356.5,2
49647;8.5,141.75;61.25,57;286.5,54.5;326.75,270.25;12.5,193;200.75,178;263.25,291.5;356.5,2
4080;1.5,199.75;53.25,8;299.5,110.5;356,258.5;6.75,203.75;200.75,178;263.25,291.5;356.25,16.5
20299;32,182.75;53,44.75;299.5,110.5;356,258.5;19.25,192.5;211.75,120.5;278.75,244.75;357,11.5
7605;50,215;81.25,86.25;299.5,110.5;356,258.5;29.75,186;221.5,84.5;246.25,241.5;353.25,12.75
6056;102.25,227;135,93.25;337,103;355.25,208.75;29.75,186;187.5,109;246.25,241.5;353.25,12.75
12479;49,241.5;174,69.5;322.25,151.75;349.25,209.5;29.75,186;187.5,109;246.5,242.75;304.5,17
22437;43.75,267.25;174,69.5;341.25,178.75;352.5,213.5;27.5,183.5;188.25,99.5;277.75,238.75;304.5,17
27975;15.25,268.25;179.75,113.5;331.25,194.25;359.75,202;66,153.5;188.25,99.5;278.75,239;304.5,17
9282;15.25,268.25;211,63.25;331.25,194.25;368,167.75;22,141.5;242.5,76;275.5,269.5;326.25,33
44107;29.75,314.5;166.25,99.25;301.75,258;313.75,211;22,141.5;248.25,129.25;263.75,306;326.25,33
34921;84.75,320.5;185.75,91.75;298.5,319.75;300.75,207;22,141.5;226.75,116.25;263.75,306;304.5,85.25
38382;85.75,321.25;185.75,91.75;251,298;348.75,214;29.25,109;226.75,116.25;262,316.75;300.25,59
32423;117.25,274.25;137.25,78.75;251,298;348.75,213.5;29.25,109;257.75,146;263,321.75;310.25,45
21931;118.25,274;182.5,91.75;242.5,291;348.75,213.5;14.75,69.25;251.25,189.25;263,321.75;348.75,82.75
26105;118.25,274;224,131.25;242.5,291;348.75,213.5;56.25,92;242.5,176.5;301.5,280;363,49.5
30731;141.75,302;250.5,99.75;281.5,262;342.25,172.5;56.25,92;223.5,206.75;312.5,239.25;363,49.5
11972;108,307.5;273.75,67.5;294,251;342.25,172.5;64,101.75;224,206.75;308.25,199;363,49.5
25384;109,308;292,53;346.25,229.5;363.75,120.25;64,101.75;224,207.25;308.25,199;352.25,25
46115;109,308;277.25,57;298.5,206;362.5,81.25;95.5,77.5;224,207.25;341,205.25;352.25,25
41304;83.5,299;289.25,74.25;298.5,206;362.5,81.25;153.25,81;224,207.25;356.25,158.5;367,83
8369;63.5,294;297.5,86;344.75,161.5;362.5,81.25;162,90.75;224,207.25;312.75,137;352.25,22.5
34702;33.75,241.5;272.25,31;306.75,193.75;307,92.25;128,73.75;224,207.25;312.75,137;352.25,22.5
27785;66,210.25;252.75,33.25;306.75,193.75;309.25,77.5;156.25,82;231,257.25;312.75,137;362.75,78.25
46083;14.75,228.5;218,5.75;327.75,142.75;332.5,58.25;144.5,49;231,257.25;312.75,137;362.75,78.25
50182;14.75,228.5;218,5.75;324.75,152.5;339,14.25;162.25,60.5;229,283.25;315,127.75;317,98.5
25673;14.75,228.5;245.75,45.5;318.5,217;321.75,7;186.25,18;229,283.25;317.25,79.5;317.25,94.5
30649;32.5,168.5;298.75,37.75;318.5,217;324.75,17.75;186.25,18.5;229,283.25;321.25,63.75;340,62.75
42087;52.75,182.5;287.75,105;342.5,239;363.25,27.75;186.25,18.5;228.25,226.75;321.25,63.75;340,62.75
14592;40,238.5;259.75,153.25;350.75,240.25;363.25,27.75;133.75,21;228.25,226.75;308,24.75;339.25,80.5
47652;43.5,239.5;286.75,103;350.75,240.25;363.25,27.75;75.5,21.25;236.5,241.5;308,24.75;353.5,56.25
23245;43.5,239.5;321,156.75;350,242.75;355.75,94.25;89.75,24.75;234,231.75;275.75,20.5;353.5,56.25
7716;31.5,243.25;289,164.75;348.5,224.5;355.75,94.25;74.75,11.25;202.5,176.5;275.75,20.5;304.25,84
21188;76.25,208.75;313.5,195.5;348.5,224.5;355.75,94.25;116.75,7.75;148.75,157;272.25,29.25;307.5,53
27196;86,177;313.5,195.5;348.5,224.5;355.75,94.25;112.5,7.5;131,122.75;309,29.5;337.75,63.5
5567;86,177;273.25,169.25;292.5,255.75;361,128.5;112,7.5;187.5,109;312.75,36.5;337.75,63.5
22531;47,155;223.25,206.75;281.5,262;310.5,158.25;111.5,7;187.5,109;312.75,36.5;348,52.75
25291;32.75,168.5;199,170;281.5,262;345.25,156;64.75,8.75;187.5,109;313,37.5;334.5,52.5
321;75.25,145.25;251,193.5;259.5,238.75;353.25,209.25;64.75,8.75;153.25,90.75;313,37.5;334.5,52.5
47132;93.5,83.75;251,193.5;279,245.5;354,158.5;40,46.5;123,128.25;311.75,37.5;334.5,52.5
11266;93.5,83.75;211.5,230.5;239.5,257.25;327.25,140.75;7.75,91.75;105,137.75;311.75,37.5;334.5,52.5
22509;93.5,83.75;211.5,230.5;239.5,257.25;295.25,104.5;52,80.75;104.75,163.25;297.25,60.5;304.5,14.75
47616;93.5,83.75;211.5,230.5;239.5,257.25;291.75,147.5;21.5,38.75;94.5,190.5;307.5,4.75;323.75,2.75
24643;93.5,83.75;205.75,175.5;255,313.5;266.25,94;22.5,38.5;92.5,170.5;304.75,4.25;323.75,2.75
11838;131.75,57.25;157,156.75;245.5,308.5;260.75,113.75;22.5,38.5;74.25,170;304.75,4.25;323.75,2.75
27907;131.75,57.25;160.5,109.5;196.25,277.5;269.75,72.25;22.5,38.5;60.25,132;250.5,5.75;306.5,15.75
22409;131.75,57.25;160.5,109.5;225.25,265.5;287,57.25;16.5,4.25;53.75,129;250.5,39.5;313.5,25.25
20514;92,92.75;143.25,116.5;248.5,267;283.25,102.25;16.5,4.25;20.75,120.25;250.5,39.5;308.5,14.75
5525;92,92.75;135.25,128.25;255.5,218.25;271.5,69;16.5,4.25;20.75,120.5;235.75,33.5;357,10.5
32340;83.75,44.5;136.5,89.75;250.5,153.25;271.5,69;16.5,4.25;33.25,107.5;234.25,37.25;354.75,18.5
36054;92,20.25;164.75,73.75;250.5,153.25;260.75,110.75;9.75,1;36.5,111.5;262.25,35.5;354.75,18.5
25289;151.25,9.5;179,37;250.5,98.75;274.75,94.25;9.75,1;36.5,111.5;251.25,48;354.75,18.5
22216;121.25,15.25;179,37;303.25,133.25;313.5,149.75;9.75,1;66,149.75;248.75,14.5;285.5,15.75
19347;90.25,9;156,50.75;260.75,113;279.5,184.25;8.5,45.25;66,149.75;248.75,14.5;284.25,15
43197;113.75,20;122,39;229.5,67.5;273.25,216.5;8.5,45.25;66,149.75;235,41.5;284.25,15
38124;95,20.25;147.5,46.25;262,31.25;284.75,232.25;8.5,45.25;84.5,166.75;235,41.5;284.25,15
783;52.5,8;147.5,46.25;223.5,49.25;259.25,241.5;14.5,43.5;69,207;235,41.5;305,27
1501;52.5,8;124,15.25;248.75,18.5;259.25,241.5;37.5,45.75;38.5,193;245,27.75;323.75,52.25
30447;55.75,68.25;108.75,55.25;248,18.5;259.25,241.5;14,1;24,179.25;245,27.75;342.25,61
43939;1,104.75;73,85.5;201.25,5.75;272.75,267.5;14,1;43.25,197;245,27.75;342.25,61
16723;0.5,171.25;127.75,48.75;208.5,62.5;272.75,267.5;14,1;41.75,198.5;247,10.25;329.5,94.75
39768;1.5,225;178,69.5;181.5,12.25;234.75,280.25;14,1;41,197.75;287,37.5;329.5,94.75
23743;11.75,265;181.5,12.25;206,44;215.75,251.5;14,1;41,197.75;323,30.5;357.5,155.25
39895;1.75,199.5;153,34.25;209.75,45;215.75,251.5;57.25,7.25;104.25,163.75;311.75,98;357.5,155.25
2260;49.5,214;153,34.25;188.75,97.75;217.25,260.5;57.25,7.25;156,155;263.5,133.25;307,150.25
16084;83,184.25;153,34.25;210,64.25;241.75,248;47.75,45;141.5,147.75;263.5,133.25;296.5,138.5
47231;56.75,152;173.25,16.5;229.25,56;241.75,248;85,32.25;141.5,148.25;286.25,93.75;296.5,138.5
33263;24,178.25;173.25,16.5;229.25,56;237,275.25;72.75,20.75;110.75,144.5;287.75,42.5;320.25,161.5
22435;24,178.25;119.5,4.5;175.5,37.25;242,268.25;64.75,10.5;172,164.75;258.25,4.75;320.25,161.5
43109;1.25,185;119.5,4.5;200,93.5;281.25,288;64.75,10.5;218.75,170.5;253.5,10.25;277.75,118
11175;1.25,185;179.75,18.5;184.5,41.5;313.5,289.25;64.75,10.5;216.75,169.5;226.5,72.25;325.5,94.25
17823;1.25,171.75;179.75,18.5;184.5,41.5;277.5,256.25;88.75,32;175.75,172.75;182,62.75;325.5,93.75
22954;1.25,171.75;122,6.75;223.5,56.25;277.5,256.25;100.25,68;156.75,152.25;183.5,99.25;357.5,78.25
28928;8.75,144.25;111.75,15.25;191.75,90.75;277.5,256.25;56.25,92.5;123.25,158.5;183.5,99.25;324.75,52.5
14045;8.75,144.25;153,33.25;191.75,90.75;247,274;50.5,113.75;153,192;174.75,96;306,91.25
32376;8.75,144.25;158.5,59.75;166,91.5;224,271.75;39.25,75.25;174.25,165.25;174.75,96;320.25,78.5
12770;34,190.75;147.5,42.25;204,144.25;224,271.75;39.25,75.25;144.5,108.25;226.5,65.5;352.75,67
7655;39.75,238;148,42;182.75,111.5;194.25,296.5;30.75,118.25;144.5,108.25;201.5,98.25;352.75,67
41567;59,240.75;178.5,16;188.75,79;194.25,296.5;80.25,127.75;144.5,108.25;201.5,98.25;362.25,82.25
13361;122,255.25;178.5,16;188,77.5;258.25,309.75;83.25,97.25;168.5,95.5;201.5,98.25;354.5,44.5
12237;131.75,240.75;178.5,16;185.25,111.25;293.5,322.25;103,152.25;171,97.5;201.5,98.25;307.75,26
47625;142.25,261.75;178.5,16;185.25,111.25;280.25,288.25;119.5,162.75;155.5,52.25;218.25,72.75;270.25,45.5
45055;162,260.5;176.25,63;185.25,111.25;302.5,313.25;119.5,162.75;120.5,32.75;183.75,95.75;272,45.25
25053;144.25,259.75;176.25,63;236.5,113;286,312;117,198.75;120.5,32.75;161.5,141.5;272.5,45.25
15419;107,237.5;176.25,63;223.5,77.5;325.25,315;83,191;120.5,32.75;195.25,178;307.5,40.75
31577;107.75,237.5;179.75,42.75;180.5,82.25;325.25,315;121.25,162;133.25,21;195.25,178;343.5,66.5
48186;115.75,285.5;179.75,42.75;180.5,82.25;302.5,317.75;139,183.75;144.25,12;221,158.25;343.5,66.5
40625;62.75,304;116.25,21.5;143.25,136.75;337.75,311.25;138,184.5;144.25,12;221,158.25;343.5,66.5
3293;63.25,280.75;91.5,58.5;143.25,136.75;365.25,309.5;93,190;144.25,12;214,223.25;288.25,90.75
31346;63.25,280.75;90,113.75;134.75,125;365.25,309.5;70,150.25;131.5,72.75;222.75,253.5;316.25,114.5
17032;63.25,280.75;114.25,125.5;179.25,140;345,289;70,150.25;156.75,30.75;181.5,271.75;316.25,114.75
27192;96.5,321;133.75,124.5;197.75,151.75;345,289;29,130;144,34.5;181.5,271.75;314.75,115
27123;140,314.75;152.25,126;197.75,151.75;317.25,257;36,178;99.75,35;219,274.25;314.75,115
46475;140,314.75;152.25,126;228,129.5;335.5,276.5;26.5,203.75;99.75,35;208,277;327.75,139.25
46352;139.5,314.5;166.75,131.75;276.75,134.75;329.75,280;26.5,203.75;143.25,29.25;182,273.25;327.75,139.25
46230;161.25,296;165.25,131.5;288.5,106.75;356,265.25;15.25,179.5;143.25,29.25;182,273.25;321.25,177.5
38268;156.5,265.75;197.5,166.75;288.5,106.75;347,274.75;15.25,179.5;134.25,73.25;185.25,248;321.25,179
28800;186.25,272;237,194.75;288.5,106.75;358,306;18.5,177.5;134.25,73.25;198.75,218.5;313,132.5
10225;208.75,260.25;242,219.75;311.25,100.75;335.75,278.25;19,177.5;134.25,73.25;198.75,218.5;298.25,93.5
16263;208.75,260.25;244,190;295.25,56.75;344.75,314.25;34,222;133.75,78.25;231.5,211.75;298.25,93.5
11004;223.25,247.25;242.5,215.5;271.75,32;320.25,315.5;10.5,241.75;168,53;231.5,211.75;298.25,93.5
13315;207.75,265.25;275.75,255.75;314,13.5;334.5,276.75;10.5,241.75;167,55.25;260.75,264.5;298.25,93.5
2926;241.25,300.5;277,257;314,13.5;342.5,243.75;10.5,241.75;206.25,67.5;263.25,250.25;333.25,58.75
1796;208.75,259.75;250,292.75;262,18;342.5,243.75;49.75,222.75;216.75,41.75;262.25,228;333.25,58.75
40509;183,270;249.25,294;298.5,36.25;320.5,263.25;8.5,188.5;236.5,85.25;262.25,228;333.25,58.75
12245;153.75,231.25;211.25,259;325.25,32.5;333.25,218.5;9.75,188.75;232.5,102;262.25,228;333.25,58.75
30191;153.75,231.25;188.75,278.75;325.25,32.5;333.25,218.5;51.25,188.75;207.75,146.75;253,281.75;282.5,35.5
18123;126.75,212.5;149.75,286;311.75,18.5;353.25,242.75;51.25,188.75;231,156;253,281.75;282.5,35.5
5416;126.75,212.5;149.75,286;312,19;342,279.5;42.75,145.75;193.25,176;238.5,275.5;298.5,84.75
39564;107.25,231.5;126.75,246.5;312.25,18.25;327,222.5;7.5,109.5;193.25,176;209.5,284.75;298.5,84.75
20854;83.5,197.5;137.5,272.25;286.25,54.25;297,190.75;19.25,68.5;191.25,197.75;209.5,284.75;298.5,84.75
39939;79.75,175;156.5,259.5;291.75,105;297.75,186;19.25,68.5;183.25,161.5;209.5,284.75;296.25,86.5
36197;85.75,170.75;176.5,316.25;274.5,130;333,224.5;19.25,68.5;183.25,161.5;215.75,284.75;237.5,85.25
47130;84,170.75;178.75,317.75;265.75,92.75;315.5,258.75;13,47.25;147.25,181.5;215.75,284.75;237.5,85.25
11182;84,170.75;178.75,317.75;255.75,98.5;277.25,255.25;31.75,81;176,162.5;189.25,274.75;237.5,85.25
36183;56.5,181.25;198.5,307.75;255.75,98.5;327.5,270.75;26.75,91.75;191.25,195.75;224.25,251.75;237.5,85.25
35136;26.75,204;191.75,254.5;278.5,60.5;327.5,270.75;26.75,92.75;191.25,195.75;204.5,231.75;276.25,97.75
27691;31.25,238.25;171.25,223.5;264.5,32.25;312,231.5;68,101.75;148.25,184.25;204.5,231.75;276.25,97.75
511;30.75,239.25;171.25,223.5;265.75,9.25;312.25,232;36,76.75;194.5,176;240.5,219;276.25,97.75
43037;30.75,239.25;181.25,261.75;265.75,9.25;274.5,187.5;39.25,46.75;186.75,218;208.5,204.25;254.25,71
12592;30.75,239.25;162.5,246;265.75,9.25;274.5,187.5;19,55;187.25,221;188,178;296.5,57.25
50530;55.5,294;162.5,246;243.25,18;312.5,227.75;10.5,3.25;187.25,221;201.5,188.75;292.75,98.5
34168;55.5,294;160.75,186.75;243.5,78.5;248.5,218.75;10.5,3.25;189.5,176.75;195.75,240.75;339,80.25
43601;49.75,239.75;132.75,169.75;222.75,54.5;273.25,234.25;10.25,3.75;189.5,176.75;195.75,240.75;317,126.75
14934;49.75,239.75;129.5,200.75;201.25,83.25;274.25,240.5;70.25,9.5;136.75,195;196.25,240.25;317,126.75
34599;65.5,217.5;102.25,214.25;221.75,35.75;248,218.25;70.25,9.5;141.75,225;173,196;317,126.75
26119;105,255.5;141.25,189.25;198.75,22;224.75,193.25;81.5,59;141.75,225;173,196;317,126.75
6314;126,213.5;173.75,223.5;180.5,49;196.25,168.75;81.5,59;141.75,225;185.75,196;327,160.25
31281;152.5,205.75;161,276.25;170.5,87.75;196.25,168.75;81.5,59;116.25,215.5;168.75,221.75;329.25,131
11020;135.5,226;139.25,297.5;194.5,38.25;230.75,203;27.5,69;116.25,215.5;159,248.5;329.25,131
1281;99.75,248.5;139.25,297.5;143.75,28.25;231,237.5;27.5,69;92.5,171.5;144.25,299.5;280,152.5
36778;49.5,238.75;139.25,297.5;143.75,28.25;218.5,266.5;45.25,104.25;66.5,176.25;159.25,303.75;231.5,131.75
42315;49.5,238.75;139.5,297;185,37;228.25,237;46.75,111.75;117.25,167.5;196.25,319.25;231.5,131.75
27590;81.5,267;167.5,275.75;185,37;244,268.75;46.25,109.5;130,162.5;194.25,322.75;231.5,131.75
3006;108.25,227.25;158.25,318.25;186.5,50.25;277.25,262;75.25,110.25;130,162.5;194.25,322.75;204.5,95
44576;108.25,282.75;148,301;186.5,50.25;316,264.75;52.75,134;130,162.5;194.25,322.75;212.75,92
49174;60.75,240.25;81.75,297.5;229,68;296.5,209;52.75,134;157.25,139.25;194.25,322.75;209,98.25
19844;60.75,240.25;82,300.75;229.5,101.25;258,201.75;51.75,136.25;186.75,134;194.25,322.75;237.25,106.5
39862;77,231.75;80.25,322;194.75,91.75;251.25,155.5;26.75,180;186.75,134;194.25,322.75;240.75,76
34717;77,231.75;87.75,300.25;159.75,75.25;281,165.25;60.75,173.25;159.75,95;225.5,318;240.75,76
44797;77,231.75;145.5,304.75;176,46.75;281,165.25;16,171;138.5,72.25;244.5,316.5;254.75,49.5
11523;93.25,176;118.25,252.25;170,87.25;302.25,111.25;16,171;107.25,39;244.5,316.5;297,27
36734;134.25,159.25;162,275.25;204.75,61.75;260,96.5;7.5,228.75;107.25,39;244.5,316.5;247,12.25
28394;132.75,160.75;178,307.75;211.25,78.25;272.5,74.75;11.5,242.75;107.25,39;244.5,316.5;251.25,41.75
25012;142.5,127.25;146.5,314.75;224.5,40.25;272.5,74.75;11.5,242.75;95,25.25;243.5,318.75;265.5,59.25
15665;144,129;165,303.75;224.5,40.25;311.5,56;11.5,242.75;123.25,19.25;239,274.5;243.75,98.5
34234;141.25,96.75;176.75,317;217.5,1.25;351.25,32.75;9.75,202.75;123.25,19.25;239,274.5;244.25,97.75
27977;136,77.25;184.25,318.5;217.5,1.25;350.75,32.75;1.5,239.75;123.25,19.25;240.5,292.25;253.5,70.25
3158;142.25,108.5;224.5,292;235.5,35;350.75,32.75;13.5,297;123.25,19.25;274.5,262.5;289.5,84.25
38573;130.25,174.5;224.5,292;255,85.5;300,14.5;13.5,297;188,0.75;241.5,320;264.75,44
33736;144.5,224.75;171.5,268;213.5,105;271,71.5;34.5,318.25;215.25,40.5;241.5,320;264.75,44
23193;154.75,223.75;180.25,238.25;196.25,84;248,116;34.5,318.25;216.75,79.5;241.5,320;264.75,44
14245;144.25,189.75;194.5,281;205.75,69.25;300,83.5;34.5,318.25;188.5,96;241.5,320;319.75,40.5
15887;131.75,184;194.5,281;205.75,69.25;332,119.25;89,314;196.25,100.25;237.25,317.25;351.75,50.5
10916;140.75,227.5;178.75,316.25;205.75,69.25;331.75,112.75;112.25,324;186.75,48.75;210.75,275.25;351.75,50.5
29064;129,242.75;147.75,260;205.75,69.25;331,113.5;101.5,264.5;144.75,90;210.75,275.25;347.75,43
14775;85.75,247.75;177.25,222.75;205.75,69.25;301.5,115;137.75,251.25;144.75,90;194,310.5;346.5,51.5
46534;72.5,205.5;177.25,222.75;205.75,69.25;301.5,115;144.25,225.25;169,96.5;175,318.75;362.75,80.5
7183;121.75,235;209.25,259.5;224.25,92;333.5,115.75;143.5,240.25;169,96.5;175,318.75;362.75,80.5
4402;136,272;171.25,219.5;222,72.25;359.25,155.5;143.5,240.25;143.75,114.75;216,295.75;362.75,80.5
26848;111,316.5;170.5,193.75;222,43.5;365.5,168.25;132.5,196.25;175.25,163;216,295.75;362.75,80.5
38126;112.25,283.25;163,193.5;222,42.5;368,122.25;174.75,237.5;186,173.5;216,295.75;362.75,80.5
49737;164,275.25;230.75,208.25;259,47;357.5,163.25;174.75,237.5;186,173.5;216,297.25;328.5,139.25
28802;197.25,287;227,190.75;258.5,47.25;359.5,131;174.75,237.5;212.25,177.75;216.5,256.75;328.5,139.25
46967;202.5,230;236,210.25;257.25,84;359,130;151,184.75;203.5,185.5;216.5,256.75;328.5,139.25
12830;202.5,230;235.25,209.75;255.25,134.75;359,130;152,222.75;185.25,180.75;229.25,228.25;339.25,168.5
39626;229,244.75;243,207.5;249.5,169;359,130;152,222.75;203.75,178.25;230.25,226.25;339.75,123.5
13438;263,256.75;274.25,164.25;281.25,214.75;359,130;132.25,197;203.75,178.25;233.5,234;338.5,124.75
35999;220.25,218.25;274.25,164.25;315.5,260;347.75,99.75;149.75,223.5;161,224.5;234.5,233.75;338.5,124.75
23164;192,249;252,154.75;315.5,260;364.5,90.75;149.75,223.5;197.75,242.75;283.25,202.5;335.5,128.5
20044;192,247;278.25,106.25;330.75,237.25;364.5,90.75;129.5,195.75;148.25,269.75;278.75,187.75;335.5,128.5
18389;192,247;233.75,113;330.75,237.25;364.5,90.75;100.5,228.25;141,255;255.75,226.25;337.75,79.75
29024;167.25,262.5;251.25,131.25;325.25,199;364.5,90.75;111.5,262.75;125.75,273.5;255.75,226.25;322.75,57.75
44285;155.5,306.25;300,113;323.25,191;363.75,30.5;111.5,262.75;160.5,285.25;255.75,226.25;322.75,57.75
14048;139,302.5;235.25,126;323.25,191;363.75,30.5;88.5,226;171,250.25;277,287.25;363.5,39.25
30607;121,256.25;253.75,99.25;284.25,193;363.75,30.5;127,266.5;194.75,234.25;227,302.5;363.5,39.25
13148;168,231.75;267.5,104;307.5,141.25;348,10.75;127,266.5;210.25,185.75;227,302.5;313.5,3.25
22195;157.75,210.25;267.5,104;301.25,142.25;314.5,5;127,266.5;170.5,160.75;183,276.75;294,50.75
15501;157.75,207.5;260.75,134.25;283,101.75;290,7.5;81,249;170.5,160.75;174,311;294,50.75
29534;158,207;222.75,154.25;295.25,101.75;320.5,23.75;81,249;169.75,197.5;218,314.25;294,50.75
41569;168.25,155;218.25,158;296.5,126.5;299.25,55.75;80.75,249.5;169.75,197.5;192.75,307.75;294,50.75
43058;145,126.5;230.5,127;267.25,105;280.5,60.5;74,224;169.75,197.5;192.25,307.5;294,50.75
31325;145,126.5;230.5,127;291,111.25;335.5,33.5;80.5,169.5;159,253.5;191.25,308;254.75,21.75
18412;91.75,139.25;273,135.25;299.75,115;332.75,14.75;80.5,169.5;159,253.5;229.25,284.75;254.75,21.75
34634;91.75,139.25;282.5,159.25;287.75,105;317.5,52.25;89.75,122.25;130.5,295.5;248.25,257.25;254.75,21.75
40031;76,134.5;253.75,203;259.5,64;343,74.75;89.75,122.25;112.75,274;248.25,257.25;253.75,22.5
15268;40.25,146;245.5,178.5;293.25,52;371,37;84.75,105.25;151.75,244.75;248.25,257.25;253.75,22.5
37502;40.25,146;275,130;341.75,82;346,26.25;40.75,100.5;144.5,225.75;248.25,257.25;253.25,22.5
22433;54.75,193;275,130;297.75,74.25;341.25,28.75;43.5,146.75;144.5,225.75;218,221.5;267.25,49.5
48562;54.75,193;275,126.75;278,34.5;333.25,30;51.5,171.75;144.5,225.75;257.75,201.75;266,52.5
43804;54.75,193;277.25,151.75;280,10.75;333.25,30;83.25,158.5;131.25,217.75;266.25,167.25;285,95.25
46399;76,209.25;276.75,144.5;293,2;343.5,80.5;107.75,115.25;131.25,217.75;266.25,167.25;285,95.25
22117;58,241.25;302.5,113.5;310.75,57.25;334.5,46.75;123.75,118.5;131.25,217.75;266,168.5;285,95.25
38998;39,285.5;286.25,104.75;300,52.5;325.25,32;123.75,118.5;128,175.25;266,168.5;285,95.25
12223;11.75,240.5;270.5,130.5;277.75,106;305.75,75.75;126.5,71.25;128,175.25;234.5,217.5;285,95.25
41334;6.25,190.25;281.5,89.25;291.5,54;292,136.75;126.5,71.25;128,175.25;229.25,190.75;260.25,43
37443;29,146.5;291.5,54;306,101.75;315.75,141.75;110.75,80.5;128,175.25;219.75,207.5;251.75,98.25
39347;49.25,172;287.25,25.25;303,114.5;356.75,155.75;110.75,80.5;128,175.25;250,227.75;266.25,121.5
24406;49.25,172;314.75,6.75;335.5,99;362.5,121.25;71,58.25;128,175.25;227.75,256.5;265.5,121
47101;86.5,140.25;319.75,41.25;325.5,88.75;330,107.75;71,58.25;146,202.25;227.75,256.5;265.5,121
5290;98.75,168.5;271.5,32.5;325.5,88.75;340.25,107.75;87,20.5;194,172.75;227.75,256.5;281.75,173
4999;99.75,168.5;272,71.25;287.75,85;315.5,111.25;87,20.5;187.5,165.25;227.75,256.5;302,197.75
12689;107.75,159.75;297.75,96.25;312.25,93.25;323,143.25;87,20.5;187.5,165.25;223,274;302,197.75
29325;111.75,113;315.75,141.75;318.25,135.75;365.5,146.25;87,20.5;187.5,165.25;272.5,273.5;314.25,230.75
46509;111.75,113;274.5,180;318.25,135.75;356,129.25;86.5,21.75;174.75,107.75;261.75,290.5;352.75,222.75
29527;135.75,89.5;281,168;345.25,159.75;358.75,83.25;88.25,20;174.75,107.75;261.75,290.5;352.25,222.75
43906;135.75,89.5;281,168;353,133.75;358.75,83.25;122.5,60.75;195,95.25;313.5,312;348.75,204.25
21293;135.75,89.5;291.25,106.75;327.75,113;336.5,113.25;79.75,98.25;195,95.25;311.25,271.25;318.25,241.25
5408;162,59.75;291.25,106.75;327.75,113;337.5,113;57.5,111.5;187.25,95.75;317.25,301.75;352.75,265.25
13174;140.25,90.75;295.75,103;317.25,141.75;324.75,125.25;11.25,112.25;190.25,93;317.25,301.75;352.75,265.25
6632;140.25,90.75;295.75,55.75;309.25,112.5;314.5,152;8.5,143.25;190.25,92.5;313.75,297.5;352.75,265.25
48214;184.25,77.75;252.5,11.25;295.5,92.25;314.5,152;60,168.75;190.25,92.5;313.75,297.5;361.75,211.25
35710;177.25,110.75;252.5,11.25;304,91.75;359.5,137.75;69.75,151.75;190.25,92.5;313.75,297.5;352.5,197
29741;192,141.75;253.25,11.5;288.25,102;359.5,137.75;109,113.25;239.25,77.5;310.25,314;352.5,197
46678;157.25,140;253.25,11.5;285.25,101.25;317,115.5;109,113.25;281.5,36.5;340.5,287.5;352.5,197
38037;175.75,161.75;235.25,54.75;274.75,132;317,115.5;109,113.25;276.25,28;336.5,260;354,241.25
22135;153,126.25;219.5,77.5;272.5,165;304.75,134.75;119.5,163.25;276.75,28;336.5,260;354,241.25
20540;168.25,163;195.75,129;249.25,136;282.25,165.75;119.5,163.25;276.75,28;352.75,287.25;354,241.25
24960;160.25,224.25;182.5,152;269.5,73.5;289.75,159.5;137,185;276.75,28;352.75,287.25;354.25,241.75
4461;130.25,173.75;225.25,202.5;309,54.5;331,107.5;185.5,215;276.75,28;352.75,287.25;354.25,241.75
38477;94,149;269.5,164.5;292.25,114.75;354,164.5;156.25,181.25;277.75,17.25;352.75,287.25;354.25,241.75
48540;56.75,151;225.25,169.75;292.25,114.75;354,164.5;118.5,204.5;296.25,35.5;339.25,312;354.5,241
12397;14.5,142.25;239.5,192.5;281.5,73.25;335,149.25;118.5,204.5;296.25,35.5;339.25,312;340.75,180.75
25462;17,145.75;270.5,149;285.25,75.75;287,106.75;98.75,260.75;296.25,35.5;339.25,312;340.75,180.75
31874;17,145.75;242.75,109.25;295.75,70.75;309.75,55;108.5,319.25;296.25,35.5;312.75,314;338.5,179
48026;17,145.75;255.5,98.75;328.5,31.5;359.5,29.5;110,293;319,81.75;333.75,320;338.5,179
22392;17,145.75;223.25,54.75;325.5,32;358.75,29.5;110,293;268.75,23;286.75,300.5;293.25,199.75
38875;17,145.75;223.25,54.75;308.75,53.75;365.75,42;152,301.5;269.5,23.5;270.5,322.25;332,211.75
6811;17,145.75;217.75,8;308.75,53.75;365.75,42;136.5,265.5;215.25,16.75;239.75,283.75;307.25,239.25
43302;17,145.75;218.25,7.25;307,68.25;365.75,42;139.25,258.75;167.25,38;271,268.25;328.25,190.75
22648;21.5,190.75;211.75,42.75;271.75,64.75;365.5,42.5;139.25,258.75;141.75,30;271,268.25;338.25,163
43330;21.5,190.75;191.25,5.25;272.5,99;362.25,21;157,223;162.75,9.25;271,268.25;338.25,163
32957;21.5,190.75;191.25,5.25;272.5,99;360.25,15;154.5,187.5;163.5,30;280.75,243.75;355,190.75
4860;21.5,190.75;239.25,29.75;314,113.75;360.25,15;204,214.75;204.5,6.25;234.5,283.75;358,157
26305;21.25,190.25;229,68;292.75,70.75;318,5.5;204,214.75;233,41;256.5,240.75;358,157
48728;21.25,190.25;229,68;270.75,23.5;332,31;204,214.75;207,56.75;293.25,197;339,187.25
12703;21.25,190.25;192,50;223.25,50;332,31;203.75,214.25;235.5,48.75;290.75,175.75;311.25,195.75
28169;1.75,181.5;187.5,104.75;223.25,50;288.5,24.5;217.25,161;235.5,48.75;271.25,182.25;299.5,171
38469;1.75,181.5;159.5,127.25;270,34;285.5,52.75;216.75,161;254.25,16.75;276.75,184.25;299.5,171
17223;1.75,181.5;173,138.75;258.5,11.5;276.75,74.5;217,161.5;251.25,5.75;276.75,184.25;310.75,211.75
46961;15.25,241;133.75,127;258.5,11.5;270.75,110.25;189,165.75;260.25,20.5;261.5,175.5;310.75,211.75
11965;15.25,241;135.25,126.75;274.25,17.75;286.25,151.75;211.75,201;259.75,53.75;261.5,175.5;346,218.5
1582;58,248.25;111.25,71.75;274.25,19.75;288,186.75;193,250.5;259.75,53.75;261.5,175.5;360.25,215.25
926;86.25,229.75;111.25,71.75;245,64.75;267,178.75;216,299.75;251.5,16.75;279.5,126.25;360.25,215.25
4063;48.25,243.25;78,97.75;299.5,55.75;313.75,207;216,299.75;251.5,16.75;301.75,113.5;310,235
2400;9,262.75;64.75,75.75;291.75,8;314.75,206.75;237.25,315.25;251.5,16.75;269.25,130.5;310,235
27295;33,238.75;66,76.5;334.5,16.75;357.25,230.75;237.25,315.25;251.5,16.75;296.25,143.75;321,181.75
2648;12.75,263.75;73.75,96;331.5,18;357.25,230.75;209.5,276;253.5,19.75;285,198.25;296.25,143.75
48014;0.75,300.25;51.75,54.25;285,52.5;332.75,217.75;209.5,276;253.5,19.75;256.5,232.75;296.25,143.75
11780;9.75,261.75;44,32.75;285,52.5;299.25,232.5;199,319.75;236,41;256.5,232.75;280.75,187
5214;5.5,283.25;46,45.75;244.5,36.25;316.25,242.25;199,319.75;236,41;256,233.25;303,197.25
36879;5,284.5;96,27.25;244.5,36.25;291.75,248.5;171.5,266.75;236,41;271.5,194;310.5,224.25
30296;41.25,240.25;128.75,46;239,22.5;325.25,271;185.25,300.75;236,41;271.25,191.75;310.5,224.25
3244;41.25,240.25;101,87.25;239,22.5;325.25,271;224.5,313.75;242.75,76.5;295.75,208.25;352,204
1044;24.25,276.75;82,30;272.25,61;353,290;171.5,295.25;242.75,76.5;295,207;352,204
19781;31.25,286.25;70.5,75.75;271.25,74;370.25,312.5;169.5,300.5;242.75,76.5;318.75,185.5;352,204
35933;36.75,285.25;53,92.5;264.5,61.25;370.25,312.5;222,321.5;242.75,76.5;352,170;356,149.25
34144;57,229;93,69.5;304,56.5;370.25,312.5;186,287.25;230.25,114.5;302,187.25;356,149.25
2094;75,221.25;93,69.5;275.25,101.5;370.25,312.5;144.25,303.5;227.5,113.75;302.25,148.75;321.75,180.25
13625;62.75,178;104,11.5;275.25,101.5;333.25,266.75;144.25,303.5;230.75,131.5;282,198.5;330,226.25
31091;90,159.25;104,11.5;316.25,139.75;320.25,280.75;144.25,303.5;190.5,166;329,227.5;359.75,227.5
23477;83,173;116.25,7;305,99.25;320.25,280.75;152.5,315;202.25,159.75;329,227.5;357.5,175.25
10881;33.75,157.5;116.25,7;285,141.75;307.5,241.75;175.5,265.75;202.25,159.75;296.5,198.25;356,149.75
39598;33.75,157.5;152.25,31;299,119.75;342.25,244.25;170.25,224;201,162.25;302.5,198.5;356,149.75
19584;32.5,209.25;113.5,25;244.75,99;320,198.5;170.25,224;201,162.25;302.5,198.5;350.75,143.25
1937;51.75,238.5;61.5,6;220,74.75;320,198.5;183.5,188.75;188.5,172.75;302.5,198.5;355.5,141
25243;51.75,238.5;121.75,15;188.75,97.25;266.75,163.25;183.5,188.75;232.25,183;341.75,170;363,141
27245;51.75,238.5;122,44.25;163.5,117;280.5,169.25;145.5,158.25;179.25,160.75;318.25,128.5;341.75,170
2312;85.75,261.75;99.75,20.5;163.5,117;279.5,171.5;143.5,203.25;179.25,160.75;315.75,153.25;354,205
40830;85.75,261.75;115.5,36.25;163.5,125;298.25,166.25;155,242.75;179.25,160.75;293.75,174.75;324,211.75
50244;53.5,229.75;115.5,36.25;163.5,125;298.25,166.25;125.25,224.25;209.5,175.75;256.5,173.5;324.5,205.5
29133;53.5,229.75;135.5,20.25;138.5,128.25;268.75,128.25;119.75,222.25;230.75,184.5;256.5,173.5;315,208.75
45303;4.75,240.5;135.5,20.25;138.5,128.25;291.5,153.75;93.5,230.25;193.75,176.75;213.25,173.5;292.25,231.25
31396;4.75,240.5;135.5,20.25;167.5,141.25;291.5,153.75;123.75,195.75;151,169;188.75,166;289.75,226
15468;3.25,240.5;95.75,3.75;167.5,141.25;245.75,130.25;127.75,227.75;142,222.75;188.75,166;331.75,192
12179;43.75,240.25;95.75,3.75;172.5,131.5;206.5,92.5;122.25,194.5;122.75,195.75;188.75,166;332,191.5
15556;15,223;95.75,3.75;185.25,138.5;211.25,77.75;109.5,243.75;169.25,223.25;222.25,151.25;332,191.5
19343;52.5,245.5;95.75,3.75;185.25,139.25;207,43.5;135,264;169.25,223.25;241.25,129.75;295,199.25
7928;52.5,245.5;95.75,3.75;160,117.75;182.25,58.75;157,255.5;180.25,191;202.75,159.25;294.25,203
12525;3.75,240.5;64.5,1.25;110,107;224.5,56.25;163.25,298.75;180.25,191;192.5,111;294.25,203
38420;3.25,240.5;64.5,1.25;87.5,118;196,99.75;163.25,298.75;166.25,160.75;211.5,95.25;321,194.25
36901;3.25,240.5;58.25,55.25;80,85.5;196,99.75;154.25,300.25;166.25,160.75;184.75,95;317.75,205.75
40719;3.25,240.5;4.75,63.75;33.5,98;181.75,76.75;161.25,248;179.75,169.75;180.25,95;317.75,205.75
14316;3.25,240.5;4.75,63.75;16.5,141.25;181.75,76.75;165,256.75;167,160.75;181.75,26.75;277,228.75
46444;2.5,261.75;4.75,63.75;14.25,108.75;181.75,76.25;163,303.75;167,160.75;177.75,7.5;248.75,276.25
37197;2.5,261.75;4.75,63.75;14.25,108.75;240,95;146.75,299;168.25,197.75;228.75,16;244.75,268.75
11910;2.5,261.75;4,64.5;56.5,96;170.75,104;146.75,299;204.25,163.25;212.25,76;248,287.75
12726;9.25,261.25;10,58;65.75,37.25;226.75,121;184.25,306.75;204.25,163.25;219,79.5;248,287.75
38869;33.75,305.5;43.25,47.25;112,84.75;275.25,101.5;184.25,306.75;218.25,172.5;219,79.5;281.5,235.75
20932;6.25,273.75;30.25,67.75;114.5,63;302.25,70.75;184.25,306.75;218.25,172.5;224.75,68;281.5,235.75
36239;1.75,273.25;2.25,32;69.25,58.75;304.5,72.5;184.25,306.75;218.25,172.5;265.25,38.5;282,236
24576;9,241;28.25,98.5;95.25,92.25;352.25,83.5;184.25,306.75;184.75,187.25;265.25,38.5;282,236
26566;59.5,216.5;62.75,117.75;75,39.5;328,114.75;184.25,306.75;218.25,174.25;265.25,38.5;282,236
15138;55,219.5;60.5,65.25;70.75,57.75;330.25,100;184.25,306.75;226.25,115.75;265.25,38.5;282,236
44567;33.5,239;60.5,65.25;105.5,32.5;325.5,60.5;184.25,306.75;239.5,146.75;241.5,42;339.5,204.25
29501;0.75,204;66,89.5;104.25,55;325.25,12.25;186.75,252;239.5,146.75;257.5,25;339.5,204.25
23544;6.5,173;82,31.5;95.25,8;325.75,12;186.75,252;285.25,142.75;313.75,3.5;339.5,204.25
13776;31.75,157.5;75.5,35.5;96.25,10.25;333.75,41.25;239.5,248.75;269,106;313.75,3.5;339.5,204.25
16596;8.5,111;94,92;96.25,10.25;333.75,41.25;239.5,248.75;272.75,132;333.5,53;355.75,267.25
11480;8.5,111;85.5,102.75;96.25,10.25;333.75,41.25;222.75,253.5;253.75,77.5;353.25,67;365,278.25
7949;3,103.25;79.75,92;97,10.25;333.75,41.25;185.25,305.25;242.75,140.25;341,45.25;365,278.25
2423;25.75,87;66.25,103;70.5,76.25;331.75,31.5;149.75,279.25;242.75,140.25;356,15.5;365,278.25
39194;5.25,20.25;66.25,103;68.75,76.5;330.75,41.25;132,217;242.75,140.25;288.5,37.5;331.75,310.75
27389;42.25,12.5;109.5,111;111.75,109.5;330.75,41.25;124.75,174.5;242.75,140.25;243.25,15.75;367,278.25
42635;55.5,69.75;111.75,106.5;114.5,139.5;330.75,41.25;148.5,221.25;242.25,137.5;278,48.75;367,278.25
12545;47,11.5;108,107;176.25,147.75;330.75,41.25;160,223.25;189,111;280,48.25;367,278.25
27972;5.25,35.75;94,85;177,147.25;330.75,41.25;119,175.75;184.5,173;280,48.25;353.75,288.25
1358;20.25,31;94,85;177.75,148.25;330.75,41.25;91.5,152.75;183,230.75;318,47.75;320.25,313.75
6610;66,16.25;94,85;156.5,112.75;284.75,55.5;90.5,109.75;176.25,269.5;298.25,94.5;320.25,313.75
23284;65.75,33.5;94,85;152.5,141.25;335.75,18.25;56.75,84.75;153,303.5;294.25,97.25;320.25,313.75
1481;33.5,31;90.5,84.5;106.75,125;335.75,18.25;16.5,98.75;179,302.75;244.75,94;320.25,313.75
43176;38.75,77.5;62.5,27.75;106.75,125;310.5,53;16.5,98.75;142.25,301.75;209,86.5;275.25,293.25
20024;9.5,105.75;62.5,27.75;125.75,123.5;322,57.5;16.75,99.25;142.25,301.75;249.5,57.5;310.25,309
9947;9.5,105.75;62.75,28.5;145.25,125.25;347.25,27.25;37.25,88.5;124.5,251.5;258.25,50.25;310.25,309
3636;26.5,144.75;67.75,58.25;114,164.75;339,18;8.5,69.75;84,255;258.25,50.25;310.25,309
16740;37.5,145.25;65.25,27.5;96.25,128.75;349.75,39;8.5,69.75;62.25,287.75;258.75,48;310.25,309
49137;50.25,157.5;96.75,8;110.5,110;324.5,30.5;8.5,69.75;23,307.5;258.75,48;310.25,309
8489;10,104.25;103.5,8;136.25,126;363.5,85.25;8.5,69.75;35.75,247.75;254.75,21.25;310.25,309
44474;29.5,84.25;103.5,8;136.25,126;356.5,130.75;8.5,69.75;11.25,232;275,14;327,283.75
21884;35.5,119.25;85.75,44.75;138,157.75;299.25,169.5;1.75,53.5;11.25,232;256.25,48.25;327,283.75
7458;2.75,159;85.75,44.75;138,157.75;314.5,125.25;10.25,23.75;21.25,253.25;256.5,48.75;327.25,311
44520;18,176.25;86,43.75;138,157.75;275,135.25;13,51.25;21.25,253.25;275.5,14;315.75,320.5
21358;64.5,148.25;123.25,13.25;147,223;247.25,97.75;13,51.25;52,255.75;294.75,52.75;315.75,320.5
15164;95.25,176;108,48.25;147,223;247.25,97.25;30.25,42;36.75,265.5;306,2.25;315.75,320.5
27274;95.25,176;108,48.25;150.25,200.25;205.75,81.75;43.75,111.75;76,267.75;294,56.75;348.25,279.5
10731;58.25,143.75;82.75,3.75;121.75,209;166.5,49.25;0.75,104.75;78.25,270.25;294,56.75;348.25,279.5
40706;47.75,189.75;79.75,3.75;154.25,184.75;169.5,57;26,155.25;36.75,309.25;294,56.75;348.25,279.5
10367;47.75,189.75;79.75,3.75;146.25,146.25;209.5,30.25;36.75,104.75;36.75,309.25;242.25,76.5;294.25,282
11549;77,175.5;94,63;146.25,146.25;210.75,62.25;0.25,145;52,268.75;224.5,50.5;294.25,282
7564;52.5,145.5;122.5,59.5;176.75,184.25;223.75,56.25;0.25,145;12,292;224.75,51.75;294.25,282
39859;79.5,126.25;91,90.25;176.75,184.25;204.5,56.5;3.75,134.75;65.5,311.75;224.75,51.75;294.25,282
20891;79.5,125.25;135.75,76;148.75,202.5;167,17;3.75,134.75;95.75,268.25;242.75,15.5;294.25,282
27547;78.5,125;117.25,15.25;207.75,176;211.5,41.75;3.75,134.75;116.5,242.75;254.75,5.75;294.25,282
46976;38.5,117.25;125,13.25;143.75,157.75;263.75,24.5;3.75,134.75;81,234;254.75,5.75;282.75,306
49011;8.25,69.75;125,13.25;143.75,157.75;248.75,31.25;5,172.75;120.5,229;222.25,50.75;282.75,306
16513;8.25,69.75;145.75,13;162,144;280.75,15.75;47.75,131;124.75,285;223.5,57.75;282.75,306
47873;8.5,70.25;145.75,13;167.5,149.75;293.5,54.25;78.25,141;92.75,297.5;177,28.5;282.75,306
10229;68.75,76;147.25,11.75;167.5,149.75;272,63.5;41.25,87.5;41.75,264.75;191.75,3;282.75,306
49904;75,40.5;126.25,13.25;158.25,193.75;272,63.5;5.25,58.25;41.75,264.75;191.75,3;271,273.25
40984;103,17.75;111.5,51.75;158.25,193.75;257.25,69.25;4.25,56.25;64.25,247;167.5,53.25;271,273.25
39891;103,17.75;111.5,51.75;188.25,233.75;257.25,69.25;45.75,50;95.25,269.25;151.75,51.5;264.75,305
26941;103,17.75;111.5,51.75;237,257.75;275.75,17.5;3.25,20.75;74,224.25;129.25,77;220,314.75
21730;127,33.75;153.5,31.25;256.5,279.75;284.5,56;3.25,20.75;83.5,169.75;106.5,113.25;220,314.75
6487;127,33.75;183.5,89.75;256.5,279.75;333,85.25;68.75,40.5;104.25,122;137.75,58.75;225,316.75
12681;127,33.75;176,104.75;256.5,279.75;333.25,84;83.25,20;97.5,153.25;153.75,80;238,291
10411;127,33.75;173.5,87.75;277,262.5;300.5,114;95.75,66.25;97.5,153.25;121.5,98.25;267.25,316.75
14389;104.5,82;174.25,61.5;263,254.75;279,166.25;41.5,75.25;97.5,153.25;169.5,105.5;267.25,316.75
39927;111,130.5;193,56.25;263,254.75;313.5,150.25;41.5,75.25;115.5,198.25;138.5,72.25;290.25,300.5
31833;98.75,116.5;231,30.5;280.75,297.5;313.5,150.25;42.75,105.25;117.25,201.5;138.5,72.25;325,299
35579;131.25,136.75;270.25,33;302.75,302.5;355.25,166.75;42.75,105.25;80.5,189.5;138.5,72.25;325,299
48443;169,161.75;232.75,22.25;320.25,260.25;355.25,166.75;42.75,105.25;80.75,191.25;138.5,72.25;315.5,312.5
35129;212.5,131.75;278.25,15.75;320.25,260.25;366.5,185.5;33.25,105.25;84,190.5;138.5,72.25;312,315.75
33752;211.5,137.25;291,56.5;313,245;324,159.5;33.25,105.25;117.5,203.5;138.5,72.25;312,315.75
43345;205.25,184.5;264.75,14.25;313,245;324,159.5;38.25,158;69.25,181.75;127.25,77;312,315.75
32556;217.75,219.25;273.75,19;283.75,277.5;324,159.5;83.5,135.5;95.25,137;160.25,78.75;312,315.75
34404;217.75,219.25;273.75,19;286.75,309.25;359.25,151;101.75,152.25;114,93;122,77.5;312,315.75
16213;217.75,219.25;230.75,39.75;295.75,263.5;359.25,151;60.5,162;79.75,81.5;107.25,111.75;342.25,321
31218;211.5,200.5;220.5,66.25;294,240.25;366,194.75;60.5,162;98.25,66.5;107.25,111.75;344.75,322
47121;211.5,200.5;221,66;294,240.25;366,194.75;38.25,206.25;126,74.75;131.25,106.5;353,263.25
46168;211.5,200.5;281,74.25;293.5,240.25;361.5,190;75.75,198.25;126,74.75;193,98;331.5,314.25
50592;250,219.5;275.5,101.75;293,240.25;366,164.75;75.75,198.25;128,44.75;193,98;300,284.5
22123;253.25,247.25;275.5,101.75;293,240.25;321.25,156.75;82.5,248.5;168.5,50;215.5,118.25;354.25,293.25
34865;253.25,247.25;275.5,101.75;313,255;323.25,162.25;30.5,221.5;112.75,38.5;200.75,177.75;325,302
13958;249,281.5;302.75,112.5;305,304;351.75,128.25;30.5,221.5;112.75,38.5;200.75,177.75;332.75,260.75
14705;271.5,237;294,155.5;297.5,319;329.5,92.75;30.5,221.5;87.75,64.25;165,165.75;332.75,260.75
32617;242.5,271;279.75,106.25;297.5,319;352,133.75;22,171.25;87.75,64.25;185.25,176.5;293.25,279
2806;205,308.75;280,117.25;297.5,319;352,133.75;13.75,221.25;119.25,48.25;145.5,136;280.75,242.5
15792;213,310.75;235.25,126;256.5,286;323.25,155;13.75,221.25;119.25,48.25;162,89.25;281.75,241.25
12079;212.25,259.5;248.75,161.25;256.5,286;302.5,112.25;13.75,221.25;97.75,40;123.75,77.75;281.75,241.25
35939;208.75,203;242.5,216.25;256.5,286;266.5,105;13.75,221.25;57.25,8;120,73.75;279.5,218.25
37230;180.75,228.75;225.75,171.25;255.25,285.75;310.25,112.75;13.75,221.25;37.5,33.5;78.5,86.25;279.5,218.25
6792;160,218.75;222.5,184.5;249.75,310.75;303,115.5;33.25,214;37.5,33.5;78.5,86.25;295.5,216.75
26735;143.5,227.75;234.25,136.5;262,313;329.5,149.5;33.25,214;37.5,33.5;80.5,87.25;297.75,216.5
26411;143.5,227.75;251,172.75;301.25,302;329.5,149.5;2,156.25;55,41.5;80.5,87.25;273.25,218.25
31212;128,240.25;251,172.75;305.5,313.25;329.5,149.5;26.25,120.25;30.25,79.5;81.25,101.25;268.25,185.5
31587;99.25,251;259.75,147.5;328.75,321.25;350.5,199.25;26.25,120.25;51,76.25;125,115.75;268.25,185.5
22698;95.75,299.75;261.25,156.5;328.75,321.25;342.25,231.25;26.25,120.25;64,72.5;142.25,90;320.25,162.25
34828;96.25,296;265.5,114.5;363.5,275.75;363.75,230.75;4.5,128.5;64,72.5;151.5,51.25;320.25,162.25
29891;88.75,314.75;240.25,76.5;337.75,300;351.25,241.5;4.5,128.5;27.25,92.75;151.5,51.25;355,180.25
50499;88.75,314.75;240.25,76.5;296,263.25;300.5,250.5;28,93.75;42.75,112.25;137,59.5;355,180.25
23636;88.75,314.75;217.25,37.5;296,263.25;354.5,242.5;8.5,128.5;82.25,72;171.5,49;334.25,130.5
18312;88.75,314.75;214.75,78.75;296,263.25;351.25,198;12.25,106.75;81.25,72;155.5,48;313.5,86.25
3516;66.5,294;223.75,56.75;274.75,274.5;351.25,198;12.25,106.75;95.75,65.5;109.25,41.5;297,47.25
25026;16.25,287;222,56.5;274.75,274.5;365.5,247;12.25,106.75;78.25,20;100.25,39;266.75,4.75
29677;16.75,286.5;176,59.25;330.5,290.75;356.25,304.5;60,131.5;78.25,20;100.25,39;300.75,37
29545;2.75,219.5;176,59.25;272.75,260.5;313.25,268.75;14.25,112.25;31.75,48.5;100.25,39;244,45.75
42394;27.25,274.5;118.25,56.25;219,247.75;342.25,312.5;14.25,112.25;30.5,48.5;75.5,84.25;244,45.75
25065;26,233.25;104.25,15.25;219,247.75;299,322.75;14.25,112.25;30.5,48.5;87.5,104.75;201,67
21542;19.75,242;104.25,15.25;220,230.75;315.25,305.75;2,155.75;30.5,48.5;112.25,92.25;156.25,82
9937;55.25,272;136.25,20.75;221.5,270;357,289.25;12,173.25;49.75,60.75;112.25,92.25;156.25,82
46472;55.25,272;136.25,20.75;221.5,270;362,272.25;20.25,220;89,21.5;89.75,71.75;160.25,103.75
4810;55.25,272;94,27;223.5,291.25;319.75,300.5;20.25,220;80.75,40.25;94.25,35.25;209,85
24086;41.5,240.75;131.5,20.5;223.5,291.25;309.25,320.75;20.25,220;89.25,71.5;120.75,40;218.75,121
50405;83,257;132.75,27.75;223.5,291.25;309.25,320.75;20.25,220;93.5,20;144.5,52.25;222.75,157.5
19419;83,257;132.75,27.75;203.5,287;309.25,320.75;66.5,248.5;89,53.5;151.5,90.5;180.5,161
43592;112.75,221;132.75,27.75;196,254.75;285.25,320.5;45.25,283.5;89,53.5;151.5,90.5;166.75,188.5
12372;120.25,278.5;142.5,46.5;196,254.75;244,308.5;57.5,297;89,53.5;127.25,105;165,187.75
33205;126.75,246;176.75,58.5;188.5,263;280,262.75;57.5,297;62.75,92.25;127.25,105;150.75,186
47674;101.75,223.25;213.75,38.25;217.75,232.5;263,240.25;34.5,317.5;50.5,76.25;127.25,105;150.75,186
34092;63.75,210.25;176.25,60;255.5,249;273.5,243;34.5,317.5;48.5,81.25;127.25,105;137,170.25
593;67.25,170.25;183,36.75;255.5,249;273,242.75;34.5,317.5;55,132.5;99.25,123.25;125,131.75
41562;86.5,141.25;190,49.75;258.75,237.5;273,242.75;37.75,307.75;55,132.5;99.25,123.25;143.5,172.75
12407;111.75,121.25;190,49.75;245.5,219.5;251.5,217.75;37.75,307.75;49,192;78.25,175;144.5,173
5007;153,126.5;164.25,85.75;245.5,219.5;292,237.25;11.5,279.75;73,182.5;82.75,125.25;144.5,173
7246;145.75,124.25;191,50.25;245.5,219.5;344.25,228;11.5,279.75;43.25,176.75;82.5,171;144.5,173
20841;175.25,110.25;191,50.25;293,207.5;314,231.75;11.5,279.75;21,203.25;113.25,196.75;181,196
42881;130.25,124.75;194.5,50.5;273.75,167;314,231.75;11.5,279.75;53.5,170.75;113.25,196.75;159,230.25
42844;162.25,140;194.5,50.5;279.25,133.75;313,244.75;20,253.75;65,175;99.5,195.5;159,230.25
16411;149.5,96.5;188.75,99.25;290.5,169.5;358.5,231;20,253.75;22.75,190.5;99.5,195.5;159,230.25
26763;110,90;160.5,78.5;241.75,186.75;360,251.25;20,253.75;25.25,203.25;56.5,153.5;159,230.25
36171;87,91.5;177.25,112;265.75,171.25;347.5,242.75;3,311.25;25.25,203.25;56.5,153.5;159,230.25
17117;83,115;186.75,112.5;265.75,171.25;292.75,244.75;3,311.25;33.5,247.25;70.5,211.5;192.25,254.75
11118;92.5,99;186.75,112.5;265.75,171.25;299.25,205.5;12.5,310;20.25,294.5;74.75,196.5;194.75,254.75
12125;90.75,94;186.75,112.5;265.75,171.25;338.5,209.25;46,293;53,298.5;73.25,195.5;227.5,272.25
889;46.75,125;179,104.75;287,144.5;323.25,161;46,293;53,298.5;100.75,232.75;228,257
38706;64.75,148.25;179,104.75;294.75,112.25;369.5,185.5;3,297.75;53,298.5;128.75,227.75;232,275.5
27221;79.25,126.75;192.5,154;294.75,112.25;354,169.5;3,297.75;47.75,247;154.75,272.25;234,235.5
41551;43.5,144.25;205.75,139.75;294.75,112.25;345.5,131;2,287.5;47.75,247;185.25,286.75;206.5,203.25
12895;64.5,172.25;226.75,121.5;315,113;326.75,139.75;2,287.5;47.75,247;147.5,283;243.25,189.75
37705;64.5,172.25;226.75,124.5;306.5,141.25;315,113;4,308.75;34.75,214.5;108,275;221.75,203.5
38534;12.5,178;204,166.25;278,155;313.5,150.75;6,307;34.75,214.5;99.75,316.75;221.75,203.5
12819;10,191;223.75,131.5;307.25,113.75;358.75,118.25;6,307;17.5,227.25;99.75,316.75;220.75,203.75
30705;43.75,210.25;172,136.5;292.5,52.75;358.75,118.25;6.5,306.5;28.5,214.5;38.75,320.75;220.75,203.75
41003;49.5,214.5;184.75,83;315.5,76.25;319,115.75;21,272;28.5,214.5;38.75,320.75;216.5,193.5
30726;55,171.25;160,59.5;259.75,72.75;270,75.75;21.25,266;28.5,214.5;64.25,309.75;216.5,193.5
12627;36,179.25;148.25,118.75;202.25,62.5;259.5,94.25;11,310.25;28.5,214.5;64.25,309.75;216.5,193.5
15591;17.5,143.25;114,166.75;201.5,69.75;241.25,50;11,310.25;28.5,214.5;39,286.25;218.75,199.25
21484;8,153.75;104.5,144.5;179,37.75;249.5,12.75;11,310.25;28.5,214.5;39,286.25;260.25,203.5
1802;8,153.75;99.5,196.5;169.25,16.5;247.5,40;11,310.25;27,217.5;44.75,295.5;276.75,212
30241;32.75,190.5;61.5,161;169.25,16.5;241.5,4.75;11,310.25;27,217.5;89,283.5;328.75,198.5
13741;70,178;108.25,127.5;123.25,69;241.5,4.75;11,310.25;64,212;89.75,235.75;350.5,151.5
28994;70,178;88.25,148.25;124,68;217,47.5;40.75,280.75;78,207;101.25,222.25;350.5,151.5
34164;70,178;88.25,148.25;156.25,90;243,42.25;25.75,301;87.5,220.75;146,201.75;313.25,180.75
44622;53,215.5;90.75,203.75;179,36.25;197.5,6.5;22.25,301.25;87.5,220.75;171.75,185.5;313.25,180.75
34274;34.25,198.5;53.5,215.25;168.5,21.5;197.5,6.5;10.25,292.5;115,259.25;189.25,223.75;313.25,180.75
9271;6.25,212.5;90.75,171.75;168.5,21.5;197.5,6.5;9.25,296.75;79.5,268.5;168.25,196.75;276,191.75
43646;6.25,212.5;90.75,171.75;113.25,17.25;199.25,64;31.75,265.25;68.5,270.75;119.25,214.5;305.25,172
46371;52,230.5;62.25,181.5;113.25,14.75;214.75,79.75;37.75,252;68.5,270.75;121.25,214.5;305.25,172
40091;44.75,276;50,188;113.25,14.75;175.25,109;37.75,252;79.5,284.75;87.25,225.75;309.5,204.75
47810;44.75,276;50,188;113.25,14.75;135.5,97.75;11.25,292;30,280;53.5,250.75;269,175.75
16584;6.5,227.25;62.75,131.75;105.5,5;135.75,128.5;11.25,292;50,274.75;56.25,221;269,175.75
10349;55.75,239.25;63,131;83.75,32.25;124.75,123.5;36.25,319.5;56.25,221;75.5,263.5;269,175.75
11131;71,287;114.5,167.75;123.5,82.5;133.5,96.75;47.25,290.5;56.25,221;75.5,263.5;270.25,178.25
24462;49.25,293.75;85.25,142.75;144.75,91.75;162,105.75;30.75,280.75;56.25,221;75.5,263.5;270.25,178.25
2880;81.5,257.25;88.75,168.75;119.5,146.5;142.25,75.75;5.75,306.25;57.75,215.75;75.5,263.5;270.25,178.25
41451;74,255.5;88.75,168.75;137.25,200.75;188.25,73.25;5.75,306.25;91,170.75;103.5,307.75;270.25,178.25
31027;66,217.5;100.25,160.75;174.75,163.25;227,55;5.75,306.25;91,170.75;103.5,307.75;252.75,169.5
36399;73.75,248.75;78.75,123;159,205.5;268.5,60.5;5.75,306.25;75,128.25;103.5,307.75;252.75,169.5
48716;54,230.75;67.75,75.25;158.25,205.5;268.5,60.5;43.25,309.25;63.75,141;103.5,307.75;234.25,127
35353;54,230.75;67.75,75.25;115.5,220.25;268.5,60.5;2.5,311.25;52.25,122;131.5,314.75;271,112.25
47090;45.5,234.5;77,58.25;115.5,220.25;268.5,60.5;34.75,302;73.25,109;168,300.5;261.5,138.5
16658;74.5,257.25;77,58.25;113.75,221.75;268.5,60.5;4,296.25;82,125;198,317.75;262.25,175.5
13801;31.5,240.75;71.25,74.75;113.75,221.75;255.25,58.75;16.5,270;126.25,106.25;198,317.75;250.75,173.5
3640;35,240;58.25,32;113.75,221.75;262,31.25;16.5,270;151.75,59.75;227,290.5;246.25,132.25
40855;40,241.75;78.5,12.75;99.5,223.25;262,31.25;4,306.5;151.75,59.75;229.75,248.5;249.5,164.25
26332;49.25,191.25;63.5,39.75;100.75,223.25;276,41.5;14,309;151.75,59.75;214,219;249.5,164.25
11755;67.75,187.5;77.75,44.75;100.75,223.25;267.75,56;40.75,292.5;192.25,95.75;243.25,211.25;249.5,164.25
17973;67.75,187.5;75.5,6;100.75,223.25;278.25,74.25;40.75,292.5;213.25,107;251,177;273.25,207.25
13093;17.5,191;75.5,6;107.5,225.25;283.25,77.5;40.75,292.5;185.5,71.5;239.25,236.25;272,247.75
14098;25,178;75.5,5.25;107.5,225.25;255.75,46;40.75,292.5;205.5,92;213,259.5;265.75,270.25
48950;27,215.5;36.5,59;103.75,230.75;255.75,46;40.75,292.5;178.75,95;213,259.5;274.5,286
29670;26.25,241.5;36.5,59;63,229.5;286.75,57;23.25,292.5;172,96;237.5,227.25;274.5,286
14108;15,241.5;30.75,54.25;31,241.25;286.75,57;31.25,292.5;145.5,135.5;245,198.75;274.5,286
7184;15.25,237.75;30.75,54.25;61.25,193.5;268,31.5;69,306.75;95,157.75;189,184.75;274.5,286
13979;13.5,176.25;17,63.75;51.5,157.75;281,70.25;74.75,250;95,157.75;157.5,221.5;274.5,286
24202;13.5,176.25;34.5,19.5;49.75,157;273,33.5;78.5,235;97.75,152.25;157.5,221.5;217.25,284.25
16566;15,116.75;67.25,58.5;75.5,178;218.25,16.75;82,269;87,197;157.5,221.5;217.25,284.25
20715;11.5,153.25;65.5,41.25;105,137.25;209.25,61.25;82,269;87,197;176.25,231.5;215.75,284.25
30750;65,133.5;115.75,33.25;142,151.75;175,47.5;82,269;87,197;198.75,226.75;215.75,284.25
42649;51,190;61.5,8;119.25,199.25;139.25,78.5;82,269;87,197;198.75,226.75;219.5,320
23103;51,190;61.5,8;121.75,183.75;176.25,108.25;88,214.5;145.5,200;204,220.75;269.5,275.5
21381;23.5,241.5;61.5,8;103.75,197.5;216.75,66.25;95.75,183.5;185.5,178.25;203.75,220.25;269.5,275.5
26274;17.25,250;75.25,47.25;84.75,184.25;199.25,62.25;80.5,169.25;185.5,178.25;203.75,220.25;269.5,275.5
10220;5.5,287;75.25,47.25;84.75,184.25;231.5,33;89,171.5;216.5,225.75;248.5,199.25;277.25,246
34170;8.5,262.75;49.25,105.5;84.75,184.25;267.25,64.5;89,171.5;204.25,252;262.25,241.25;273.5,263
9854;8.5,262.75;78.75,71.5;141.75,183;267.25,64.5;89.5,164;209.25,264.5;209.75,261.75;278.5,262.5
32758;8.5,262.75;78.75,71.5;193,177.75;234.5,82.75;88.75,163.25;175.75,240;222.5,270.75;249.75,310.25
24372;50.5,286.5;67.75,58;193,177.75;214,44;123.25,207.5;141.25,225.25;205.5,217.5;249.75,310.25
28094;47.75,286.75;55.75,67;193,177.75;217.75,1;127,229.5;133.25,169.75;228.25,188.25;249.75,310.25
29253;47.75,286.75;66.75,87;193,177.75;217.75,1;64,209;105,152.75;172,197.25;315,309.75
4752;47.75,286;66.75,87;136.25,151.75;189.5,37;64,209;77.25,137;200.5,177.5;313.25,301
37464;3.25,265;66,74.5;152,209.25;206.75,73.5;19.25,202.5;77.25,137;200.5,177.5;313.25,301
38702;26,261.75;27.5,89.5;158.25,160.25;252.5,81.5;52.25,184.75;62,131.5;200.5,177.5;313.25,301
50565;26,261.75;27.5,89.5;158.25,160.25;277.75,74.25;8.5,195.5;115.5,143.25;222,128.5;356.25,266.75
38111;7.75,273.75;17.5,62.25;199.75,186.25;297.25,70.75;8,196.5;115.5,143.25;203.5,96.75;356.25,266.75
1300;12.5,265;17.5,62.25;234.75,194.25;325.75,38;8,196.5;129.5,196.5;150.25,124.25;301.25,242.5
697;12.5,265;45.25,97.5;226,190.75;353,12.25;4.5,145.75;87.75,179.5;149.75,125.25;301.25,242.5
33631;5.5,222.5;61.75,119.75;226,190.75;366.5,55;4.5,145.75;59.25,204.25;149.75,123.75;269.5,238.75
32144;5.5,222.5;90.75,100;226,190.75;335.25,76.25;14.5,141.5;47,259;211,120.5;301.75,194.5
8048;11.5,241;50.75,75.25;269,179.5;300,56.75;14.5,141.5;93,268.5;181,134;301.75,194.5
2739;11.5,241;21.5,63.25;252.5,201;334.25,72.75;55.25,165.25;126,228.5;181,134;304,249
19167;11.5,241;43.75,9.5;259.75,221;345.75,23.5;55.25,164.75;126,228.5;165,160.75;271.25,293.25
48180;11.25,282.25;43.75,9.5;259.75,221;345.75,23.5;114.75,150.25;117.25,199.5;185.25,200;316.5,299.25
24999;72.75,300.5;103.75,16;285.5,231.5;329.75,48.25;114.75,150.25;133,181;185.25,200;316.5,299.25
4955;68,286.5;103.75,16;272,256.25;329.75,48.25;62,160;134,180.25;194,213.25;319.75,312.75
48316;28.25,308.75;72.5,29.25;272,256.25;353.25,96.75;3.5,146.25;113,216.25;152.5,203.75;319.75,312.75
44432;2,301.5;72.5,29.25;264.25,314;350.5,161;3.5,146.25;106.25,255.5;194.75,234.25;263.5,320.75
9296;64,317.25;127.5,33.75;264.25,314;350,159.25;3.5,146.25;104,308;152.5,248;269,275.25
38292;94,300.5;109.5,56.5;252,313;350,159.25;53.5,175.75;111,315.75;152.5,248;269,275.25
44831;89.25,298.25;109.5,56.5;252,313;347.75,94.75;74.25,127.25;143.75,299.25;169.25,271.5;262.5,291.5
21955;70,307.75;111.5,55.25;252,313;358,40.25;111.25,115.5;124,259.75;169.25,271.5;242,292.75
26220;104,281.75;111.75,108.5;310.25,289.5;334.75,38.5;111.25,115.5;124,259.75;169.5,270.75;274.5,287
29621;74,256;111.75,108.5;282.25,236.25;339.75,38;111.25,115.5;130,197.5;141.5,300.5;315.25,312.5
37213;51.75,240.25;156.25,108.5;343.75,258.75;364.75,68.25;111.25,115.5;130,197.5;143.25,270.5;312,315.75
34275;86.25,287.25;168.25,162;343.75,258.75;372.5,68.25;93.75,177;97.25,156.25;167.25,242.5;312,315.75
20700;138.25,314.75;144,128.25;287.75,286.5;372.5,68.25;97.25,156.25;149,179.25;207,231.75;312,315.75
13435;147.5,259.75;163.25,110.5;287.75,286.5;330.5,100.5;75.75,204;149,179.25;213,275.5;251.25,309.25
16337;139.5,305.5;163.25,110.5;287,286.5;353.25,102.75;73.25,251.5;132.25,215.75;205.25,275.75;251.25,309.25
36136;133.75,283.25;160.5,106.25;325.75,314;360,84.25;79,285.5;132.25,215.75;160,301.5;251.25,309.25
36371;116.25,315;120.75,124.75;301.25,304.5;369.5,43.75;105.5,282;132.25,215.75;171,320;251.25,309.25
24839;69.75,291;120.75,124.75;301.25,304.5;369.25,44.25;55.75,297.25;100,220.5;170.25,283;245.25,261.5
43042;116.25,283.5;142.25,113;284,322.25;369.25,44.25;31,293;100,220.5;156.75,318.75;245.25,261.5
48002;91.5,316.25;107.5,107.5;284,322.25;329,64.25;47.25,292;100,220.5;156.75,318.75;265.75,322.25
27595;91.25,317;155,124.5;287.75,276.75;362.75,121.25;1.75,310.25;100,220.5;156.75,318.75;220.5,315.75
24314;91.25,317;138.75,183;224,267;338.25,152.75;37.25,306.25;78.25,274.25;142.5,287.75;220.5,315.75
8643;91.75,315.25;130,200.25;180.75,267.5;338.25,152.75;32.75,253.75;74.75,286.75;100.5,269.5;220.5,315.75
46366;126.75,267.25;130,200.25;154,298;355,95.25;36.25,310.75;37.25,312.25;48.75,272.75;220.5,315.75
17366;72.5,223;126.5,266;148.75,293.25;355,95.25;41,291.5;66,264.75;106,264.25;220.5,315.75
18231;52.5,239.75;91.5,308.25;161.25,267.5;357.5,128;41,291.5;79.75,268.75;133,251.5;220.5,315.75
39175;49.75,239.25;105,256;180.5,316.5;357.5,128;41,291.5;78.25,269.5;152,298.5;242,281.75
16742;57.75,210.25;126.25,246.5;173.75,271.5;357.5,128;4.5,309.5;50.25,222.75;152,298.5;229.25,255.75
27628;53.5,215.5;155,297.75;200,294.25;359.75,176;4.5,309.5;52.75,228.25;108.75,318.25;229.25,255.75
24588;89.75,191;122.5,301.75;241,309;359.75,176;4.5,309.5;52.75,228.25;118.75,285.75;203.25,301
50469;74.75,234.5;117.25,315;283.5,282.5;359.75,176;4.5,309.5;86.5,220.75;119.5,286.25;175.75,315.25
2357;74.75,234.5;156.75,296.25;276.5,251.75;359.75,176;4,311.5;95.5,189.5;109,229;176.5,316
20679;72.75,300;147.5,238.25;276.5,251.75;359.75,176;54.75,270;76.75,190;83.25,284;176.5,316
12993;24,316.25;147.5,238.25;289.5,270.5;359.75,176;10,309.75;92.5,136.75;114.5,276.25;176.5,316
2;23.75,315.75;150,296.75;292,210.5;359.75,176;10,309.75;45.75,139.25;174.25,286.5;218.5,270.25
27025;23.75,315.75;200,277.25;256.25,173.75;293.75,169;45.75,283.75;83.25,118.75;174.25,286.5;218.5,270.25
12041;23.75,315.75;200.25,276.75;256.25,153.25;340,209.25;26.25,280;83.25,118.75;142.25,319;219,314.75
13223;23.75,315.75;227.75,267.75;234.75,135.25;340.25,209.5;4.25,232.5;83.25,118.75;131.5,323.75;237.75,320.25
17741;51.75,307;227.75,267.75;284,103.5;344.5,254.25;13.75,279.5;68,171;131.5,323.75;220,311.25
32167;93.75,295.75;253.25,276.75;277.75,102.5;313,229.75;53.5,289.25;68,171;131.5,323.75;220,311.25
12985;98.25,284.25;280,275.5;289,72.25;301.25,209;3.75,280;99.75,135.75;131.5,323.75;220,311.25
28082;101.5,281.25;278.25,277.75;289,72.25;301.25,209;68.5,268.25;110.75,143.75;185.5,318.5;194.5,303
38200;101.5,281.25;300.5,300.75;311.75,55.75;315.5,149.75;68.5,268.25;90.75,152.75;187.75,255.25;235,256.5
45244;112.25,239.75;330.5,290.75;352.75,83.5;369.75,120.25;68.5,268.25;90.75,152.75;209.25,277;235,256.5
1462;112.5,238.75;316.5,309.25;336,57;372,68.25;80.25,215;101.25,144;209.25,277;235,256.5
38736;133.25,200.5;316.5,309.25;336,57;372,68.25;77.75,163.75;106.75,124.75;169.75,294.25;188.25,274.75
9939;133.25,200.5;316.5,309.25;330.5,81;372,68.25;38.25,159.5;72.75,124.75;142.5,301.5;159.25,272.75
33620;133.25,200.5;277.5,277.5;336.75,74;364,43;45.75,159.25;88.5,101.75;127.5,263.75;142.5,301.5
5330;133.25,200.5;224,270.5;336.75,74;364,43;35.5,142.5;40.75,107.75;119.25,291.5;130,317.75
24811;133.25,200.5;165.25,266.25;336.75,74;364,43;53.5,84.75;71.25,153.5;93.5,315.75;152.5,285.75
48781;110.5,209.25;165.25,266.25;286.75,75;301,54;69.25,89.25;71.25,153.5;127.25,259;174.5,305.25
26979;97,192.75;140.25,288;286.75,75;310.5,14.5;69.25,89.25;88,189.5;121.25,215.25;217.75,290.75
31608;129.75,213.5;143.75,224.5;293.25,103.5;310.25,72;40,139.5;88,189.5;121.25,214.5;217.75,290.75
18854;91,223.25;101.25,223.75;293.25,103.5;308.75,57;43.5,178.25;47,157.5;183.75,232.25;217.75,290.75
43024;73,176.75;88.75,214.5;283,57.25;338.5,81.25;43.5,178.25;47,157.5;145.25,225.75;162.25,301.75
28359;100,191.75;103.5,251.5;277.25,30;363,83.25;43.5,178.25;45.75,157;115.5,258;162.25,301.75
32539;100,191.75;101.75,228.25;243.25,23;363,83.25;26.5,128;41.5,178.5;112.75,244;155,255.5
35085;101.75,228.25;113,207.25;271.25,33.5;362.25,90.25;33.25,109;41.5,178.5;77.75,284.75;204.25,270.5
16590;93.25,202.25;107,233.75;222,55.25;363.5,51;33.25,109;41.5,178.5;119.25,267.25;219.75,284.25
5678;89.75,166;106.5,233.25;222.75,68.75;358.25,27.75;33.25,109;55,163.5;85,236;219.75,284.25
34128;89.75,166;102.25,206.25;253.25,82.25;368,21;39,175.25;52.5,102;85.75,234;219.75,284.25
13649;82.75,175.5;102.25,206.25;253.25,82.25;368,21;62.5,153.5;94.5,108;103.5,230.25;198.5,237.25
10394;82.75,175.5;102.25,206.25;267.25,109;368,21;23,119.25;59.5,116.25;72.5,207.75;157.25,223
18935;82.75,175.5;102.25,206.25;251.75,82.75;367.5,20.75;18.75,123.25;54.25,126;82,222.25;133.5,197
41797;106,227.5;106.75,231.5;253,55.25;367.5,20.75;0.75,171.75;14,144.5;55,247;133.5,197
40057;83.25,176;106.25,231;219.5,16.5;311.75,13.75;0.75,171.75;21.75,108.75;55,247;105.5,163
7362;66.5,205.5;106.25,231;239.75,31.25;284.25,55.75;0.75,171.75;60.5,133.5;101.5,231.25;153,161.5
36750;50.5,188.5;71.25,242.5;239.5,30.75;309.25,97.25;0.75,171.75;35.75,109.25;101.5,231.25;171.5,164.75
28442;33.25,209.25;117.25,234.5;239.5,30.75;290.5,53.25;0.75,171.75;32,79.25;56.25,224;133.25,169.75
7120;81.5,184.25;153.75,235.75;245.5,62.25;299.25,111.25;0.75,171.75;32,79.25;32.5,243.25;181.25,162.75
48048;81.5,184.25;162,223.25;202.5,72.5;291,138.25;21,128.25;32,79.25;67,212;224.75,187.5
37485;81.5,184.25;115.75,259.75;202.5,72.5;291,138.25;34.25,119.25;36.75,49.5;90,236;274.25,175
6474;81.5,184.25;155.75,252.5;231.25,38.5;313.25,123;12,70.5;18.5,17.75;89.25,236.5;274.25,175
6818;119,213.5;197,246.75;202.25,61.25;313.25,123;17.25,59.75;79,26.25;89.25,236.5;273.75,207.5
18214;145.75,189.5;213,261;214.25,62.25;355,135.5;27,79.75;81,42.5;89.25,236.5;273.75,207.5
39898;177.75,184.25;226,235.75;255,47.25;349.25,160.25;4.25,104;81,42.5;127,228.5;273.75,207.5
12620;175.5,162.5;180,263;214.75,37.25;347.25,214;4.25,104;81,44.25;146,203.75;273.75,207.5
38221;173.5,202.5;180,263;238.25,34.5;347,217.75;12.5,137;81,44.25;142.25,223.5;289,233.5
905;154.5,166.75;166.5,272.5;188.5,36.5;355.75,174.75;38.25,118.75;83.25,32.5;142.25,223.5;289,233.5
28113;108.75,160.75;145.75,264.25;188.5,36.5;355.75,174.75;39,76.75;74.25,42.25;95.75,201;335.25,207.5
6627;67.25,165.5;145.75,264.25;188.5,36.5;355.75,174.75;48.5,112;56,14.5;100.75,152.75;334.25,205.5
42137;66.5,165.25;137,287.5;147,76.5;355.75,174.75;3.25,139.25;21.5,38.75;100.75,152.75;301.75,233.75
18888;42.5,188.75;137,287.5;163.5,127.5;356.5,120.75;15.5,118.75;30.5,85.5;95,158.5;301.75,233.75
9017;52,218.5;137,287.5;142,125.75;355.5,91.75;24.5,91.75;29.75,42;95,158.5;295,199.25
31790;40.5,242.5;158.25,240.75;178.25,87;367.75,54.25;24.5,91.75;36.5,53.25;124.5,194.25;295,199.25
35212;44.5,197;147,225.75;160.25,124.25;367.75,54.25;19,124.5;46.25,77.25;124.5,194.25;309,203.75
30295;16,177.75;102.5,247;123,86;337,57.5;41.75,88.25;98.25,53;124.5,194.25;309,203.75
7065;34.5,197.25;76.5,232.5;136.5,78;337,57.5;39.25,100.5;98.5,87.25;105.75,171;309,203.75
9887;74,176.5;76.5,232.5;182,50.25;350.25,97.75;53.25,90.25;93.75,66.75;133.25,188.5;309,203.75
13567;68.75,171.25;71,286;182,50.25;350.25,97.75;71.75,110.5;124.5,113.25;161.5,189.25;277,194.25
20061;68.75,171.25;89.5,255.75;216.75,41.5;339.5,145.5;40.5,134.25;145,89.5;161.5,189.25;283.75,176.25
12004;68.75,171.25;89.5,255.75;216.75,41.5;318,151.5;47.75,144.75;110,113.75;144.75,221;303,130.5
8638;75.5,165.25;89.5,255.75;191.5,71.25;277,130.5;47.75,144.75;128,93.75;137.75,199;294.75,101.75
7786;63,127.5;63,229.25;179.75,87;231.75,120.5;32.75,132.75;110,78;137.75,199;294.75,101.75
7842;80,91.5;83.25,175.75;188.5,58.75;196.25,113;32.75,132.75;110,78;179.5,161.5;294.75,101.75
28119;49.75,57;78,139.25;161.5,5;221.5,89;32.75,132.75;121.75,20;179.5,161.5;294.75,101.75
24595;13.75,86;66.5,82.5;116.75,32.75;221.5,89;32.75,132.75;144,57.25;188.5,197.25;275.75,97.75
6552;13.75,86;66.5,82.5;111.25,14.75;221.5,89;24.75,175.75;139.75,55.75;175,152.5;230,114.75
11849;53.25,63.75;67.25,67.25;124.25,4.25;185.75,81.75;24.25,176.5;139.75,55.75;195.75,175.75;230,114.75
21819;8,52;117.5,88.75;124.25,4.25;235.5,46.25;29.25,130.25;139.75,55.75;155.75,199.75;266.5,63.75
35741;53,32.75;119.75,146;179.75,18.5;185.5,49.75;27,129.25;139.75,55.75;155.75,199.75;229.25,50.75
7983;57.25,33.25;158.75,150;174.75,58.5;179.75,18.5;9.75,109.5;139.75,55.75;160.25,224.75;284.5,42.25
43168;13.75,62.75;157.25,150;186,59.75;191.5,72.75;19.5,118.25;139.75,55.75;160.25,224.75;294.5,35.75
37687;5,23;115.5,179;130.25,91.25;142,90;15,155.75;139.75,55.75;160.25,224.75;252.75,73
7779;57.75,6.5;106.5,196.75;130.25,91.25;157,156.5;15,155.75;184.25,98.5;204,215.25;209.75,99.5
35982;105,16.5;110.75,166.25;160.75,142.5;161,103.25;15,155.75;184.25,98.5;203.75,215.75;242.5,47.5
38507;128.75,16;163,141;203.5,184.75;226.5,70.75;15,155.75;184.25,98.5;203.75,215.75;229.25,85
48192;128.75,16;163,141;221.25,225.25;226.5,70.75;27.75,180.25;127.25,106;170.5,197;204.75,97
32000;102.5,18.75;141.5,128.5;208.5,259;226.5,70.75;13.5,202.75;127.75,105.25;176,156;204.75,97
34460;76.25,42.75;141.5,128.5;223.5,271.75;281,71.75;13.5,202.75;143.25,56;212.25,162;216.75,73
46980;76.25,42.75;141.5,128.5;223.5,271.75;268.5,30;22,159.5;168.5,51.25;179.75,191;216.5,122.25
38971;131.75,78.25;143.75,129.25;223.5,271.75;271,62.5;1.75,173.75;168.5,51.25;193.75,234;236,98.75
32587;158.5,31.25;160.5,170.25;176,279.5;271,62.5;43.75,178;145.75,48.75;168,278.25;236,98.75
49084;144,35.25;167.25,134.75;176,279.5;280.25,42.25;83.75,155.5;146.25,7.75;168,278.25;221,49
37481;148.25,86.25;154.75,160.25;173.5,292.5;300.75,53.5;54,190.25;146.25,7.75;167,286.75;221,49
37058;106.75,47.25;163,129.25;213,319.5;300.75,53.5;18.5,174.25;146.25,7.75;174.5,265;253.5,27.75
2220;91,10.75;126,138.5;188.5,318.75;300.75,53.5;31.5,197;146.25,7.75;173.5,265.25;245.75,9.75
19349;41,35.25;155.25,91.5;228.75,302;300.75,53.5;18,172.25;152.5,7.25;225.75,306;245.75,9.75
11459;40.25,35.25;140,77.5;277.75,323.5;280,87.75;59.25,204.25;184,8.25;225.75,306;245.75,9.75
33101;9.5,59;162.25,111.75;309.25,286.25;321.25,55;59.25,204.25;184,8.25;225.75,306;255.75,24.75
46645;25,76.5;162.25,111.75;344,313;372,70.75;59.25,204.25;204.25,46.75;255,293;256.25,24.25
40579;25,76.5;173.75,146.5;310,264.25;362.5,83.25;121.5,198.5;186.5,109;255,293;256.25,24.25
21420;24.5,74.5;169,136;310,264.25;360,136.25;121.5,198.5;193.5,90.25;206.75,266.25;280.75,48.5
24352;59.25,61;136.25,128.5;345,239;360,136.25;73,209;142,90;157.75,277.75;280.75,48.5
45629;17.75,63.25;136.25,128.5;339.75,230.75;364.25,162.25;73,209;118.5,39.5;123.75,297.75;280,48.25
4288;24.75,64.25;136.25,128.5;311.75,229.25;364.25,162.25;30,217;74,42;149.75,300.25;280,48.25
37371;3.5,106.25;136.25,128.5;310.75,229.25;348.75,198;8,172.5;113.5,80.5;149.75,300.25;295,58.25
2000;38.5,122.25;136.25,128.5;347,199.75;349.75,242.75;8,172.5;102.25,39;165,283;295.75,4.5
49148;38.5,122.25;132.75,155.75;313.5,151;349.75,242.75;34.75,206.75;56.25,7.75;221.5,272;295.75,4.5
28046;34.25,117.75;132.75,155.75;299.25,116;342.5,271;9.25,202.25;29,54.5;221.5,272;298.25,4.25
24032;6.75,159;88,177.75;315.75,156.75;352,304.75;9.25,202.25;29,54.5;217,302;298.25,4.25
34842;18.75,126.75;113.75,120.75;301.5,115.5;352,304.75;9.25,202.25;53.5,92;217,246;234.5,11.25
10495;19.25,128.5;113.75,120.75;309.75,54;326.5,254.5;19,203.75;53.5,92;208.25,205.5;208.75,45.5
17975;65.75,103;120.25,143;332.5,30;344.75,224;28,216;53.5,92;208.25,205.5;212.75,97.5
7614;65.75,103;120.25,143;333.25,26.25;362.75,231.25;5.5,244.5;36.5,132.75;182,273.75;236.5,86.25
22360;41.25,62.25;120.25,143;333.75,26;346.75,197;6.25,189.75;20.5,98.75;213.75,275.5;236.5,86.25
7970;40.5,30.5;69.5,127.25;301,56;346.75,197;6.25,189.75;24.25,56;174.75,237.5;243.5,131.75
11152;57,75.25;123,141.5;301,56;363.25,151.75;6.25,189.75;29,58.75;153.25,225.25;288,114.5
39709;31.75,98.25;89.25,172.75;326.25,58;363.25,151.75;26.75,240.25;29,58.75;114.25,264.25;232.25,115.5
46043;20,108;53.25,171.25;300.5,87;334.5,112.5;26.75,240.25;29,58.75;74.5,302.5;225.75,115.5
35185;15.75,141.75;90.75,188;242.5,92.25;334,113.5;23.75,279;29,58.75;125.75,313.75;225.75,115.5
34546;5.5,104.25;90.75,188;222,88.5;368.25,122.25;23.75,279;42.75,76.25;125.25,309.75;248.75,133.75
15632;4.75,153.25;90.75,188;222,88.5;368.25,122.25;40.75,290.5;57.5,80.75;79.25,314;209.25,173.5
49285;1.5,139.5;136.75,212.5;229,71.75;319.25,113.5;50,269.75;57.5,80.75;79.25,314;230,133.25
13020;1.5,139.5;175.5,189.75;228,126;296,133.75;8,228.25;72,41;79.25,314;217,128.75
25212;30.5,135.75;195.25,178.25;228,126;296,73.25;3.75,195.5;19.75,18.25;79.25,314;229.25,85.5
34340;26.5,148;193.5,166.25;252,183.25;269.75,33.5;3.75,195.5;46.5,8;79.25,314;206,93.5
206;1,109.75;152.75,126.75;252,183.25;283.5,57.5;19.25,220.5;46.5,8;79.25,313.5;162,52
40109;2.5,106.25;143,129.25;220.25,161.75;331.25,76.25;18,186.5;46.5,8;79.25,313.5;162,52
19216;66.5,123;143,129.25;211.25,199;293.5,24.5;18,186.5;77.25,30;107.25,270.25;112.5,24
45797;71,142.5;143,129.25;211.25,199;268,25.75;17.5,187.5;90.25,63.25;105.5,275.5;112.5,7
25901;89.5,119.5;163.25,181.5;206.75,169.25;269.75,36;22.25,229;90.25,63.25;105.5,275.5;112,7.5
198;35.75,148.25;126,146.5;230.75,129;329.75,20.75;22.25,229;83,56.75;105.5,275.5;114.75,7.5
14311;28.25,121.75;73.5,139.75;195.25,85;329.75,20.75;22.25,229;75.25,11.25;92.25,243;122,41
4138;30,68;62.75,97.75;186,59.25;329.5,65.75;2.5,239.75;75.25,11.25;92.25,243;164.75,40.5
40605;30,68;69.5,146.75;210,105;329.25,65;21.5,286.25;108.25,38.5;123.5,258.75;164.75,40.5
9214;19,84.5;69.5,146.75;210,105;329.25,65;55.75,273.5;56.75,31.5;123,265.75;160.75,66.75
34718;30.75,49.25;66.75,153.25;210,105;329.25,65;55.75,273.5;75.25,41.75;92,283;168.5,115.75
30224;30.75,49.25;78.75,148.25;210,105;367.25,40.5;39.75,311.25;109.75,47.25;132,316.25;171.5,116.25
3423;83,63.5;106.25,196.75;226.5,146;325,33.5;2.5,308.75;109.75,47.25;132,316.25;224,124
35949;83,63.5;149.5,197;226,148.75;290,3.5;3.5,288.5;109.75,47.25;130.25,309;204.5,95.75
35321;31.25,55;101.75,207;226.75,123;327,32.5;43,251.5;109.75,47.25;130.25,309;237.75,77.5
40445;31,58.5;76,248.75;223.75,135;331.25,78.25;83.25,236.25;109.75,47.25;153.5,284.5;237.75,77.5
4009;65.5,34.75;94.75,249.5;270.25,168;284.75,102.75;83.25,236.25;109.75,47.25;158.25,272.75;237.75,77.5
39724;93.5,12.25;96,282.25;247.5,170.75;271.25,106.75;83.25,236.25;124.75,23.75;158.25,272.75;237.75,77.75
2177;93.5,12.25;130,258.75;207.75,167.75;277,104.5;67.75,269;99.25,66.5;158.25,272.75;212.5,105
6929;93.5,12.25;125.5,239.75;197.25,175;277,104.5;56.5,254.25;72.25,41.25;149.5,303.5;211.5,139.5
21702;79.5,10.75;96.75,229.75;248.25,170.75;275.75,126.5;56.5,254.25;72.25,41.25;102.75,308.5;210.75,140.75
2772;64.75,5;91.75,191.75;248.25,170.75;300.5,114.75;56.5,254.25;71.75,11.75;134,265;220.75,160.25
35923;27,43.25;39.25,206;248.25,170.75;337,108;46.5,283;70.75,12.5;171.5,231.25;220.75,160.25
6453;27,43.25;38,179.25;248.25,170.75;337,108;4.25,308;55,41.5;127.75,228.75;202,175.25
5806;31.25,41.75;55.75,178;265.5,212.5;303.75,120.5;4.25,308;18.5,43;116,199;202,175.25
6724;46.5,59.75;48,226.5;265.5,212.5;281.5,75.75;4.25,308;19,43;102.25,197;164,161.75
11863;37.5,44.25;66.75,190.5;230.75,204.5;329.75,39;4.25,308;50.5,35.75;78.5,163.5;164,161.75
3082;37.5,44.25;44.25,183.5;207,176;293.75,54;31.25,310;56.75,11.25;78.25,164;164,161.75
46122;66.25,26.25;79.25,166;178.25,210.75;293.75,54;45,317.75;56.75,11.25;89.75,132;159.75,120.25
11555;65.75,26.25;90.5,142.25;241,210.25;252.5,26.25;45,317.75;74.75,11.5;105.25,112.75;159.75,120.25
33672;65.75,26.25;90,173;241,210.25;252.5,26.25;81,306.75;111.75,23.25;143.5,60.25;170.25,58.75
8041;61.25,5.5;127,214;265,233.25;277.75,36;81,306.75;111.75,23.25;170,105.5;172.25,40.5
22272;108.25,21;148.75,202.5;265,233.75;277.75,36;70,295.75;119,71.25;135,122.75;172.25,40.5
41890;65.25,21;153.5,225.25;294,230.5;295,75.75;70,295.75;119,71.25;135,122.75;223.75,50.25
37233;42.75,22.75;179.75,221.25;294.25,235.25;295,75.75;70,295.75;120.75,17.75;143.5,146.5;221.75,14.5
50327;23,43.25;207,200.5;280.25,262.25;292.25,92.75;70,295.75;87.25,12.25;143,146.5;221.75,14.5
47213;45.75,22.75;156.5,201.25;251.5,245.5;269.75,106;70,295.75;87.25,12.25;175,162.75;256.25,19.25
18329;45.75,22.75;154,228.25;292.5,231.25;300.75,55.25;71.75,289.75;105.5,8;220.5,185.75;256.25,19.25
7550;56,9.25;171,265.75;311,241.25;319,112.75;71.75,289.75;107.25,40;216.25,154;256.25,19.25
8150;32.5,30;135.25,281.75;307,268.25;319,112.75;119,276.25;149.75,31.75;171.5,141.5;256.25,19.25
42571;32.5,30;135.25,281.75;317.25,306.25;357.5,135.5;145.75,318.5;156.5,32.25;170,92.75;255.5,19.5
12272;64.5,5;186.25,238.25;317.25,306.25;357.5,135.5;166.5,300.25;169,17.75;172.75,99;276,15
38582;3.25,24.75;252,217.75;316,250;360.5,128.5;166.5,300.25;169,17.75;200.25,95.5;276,15
13714;29.25,16;298.75,231;330.75,274.25;358.25,82.75;166.5,300.25;169,17.75;200.25,95.5;326.25,33
6292;29.25,16;335,217;350.5,241;354.75,22.5;133,259.25;169,17.75;193.25,97.25;317,101.5
13660;29.25,16;282.5,243.75;350.5,241;354.75,22.5;120,259.25;137.5,40.75;224.25,114.75;263,73
34743;29.25,16;310.25,256;342.25,230.25;354.75,22.5;119,214.75;135,78.5;192,162.25;273.25,56.25
28148;29.25,16;285.75,232.25;342.25,230.25;354.75,22.5;141.75,202.75;161,53.25;242,164.25;293.75,101.5
28817;10.5,29.5;267,227.75;331,237;354.75,22.5;106.75,235.75;140,68.75;190.75,181.5;293.75,101.5
42382;10.5,29.5;242.5,219.5;314.5,210.5;355.75,11.25;68.5,222.5;140,68.75;201,210;293.75,101.5
19485;5.75,85;195.75,246.5;272,238.25;355.75,11.25;42.25,178.25;124,44;201,210;285,126.25
49437;5.75,85;216.75,218;308.25,248.75;348,7.75;5.25,146;123.25,44.25;157.25,224.75;285,126.25
23049;3.25,86.25;218.5,260.5;272.75,198.75;287,15.25;50.25,195.75;123.25,44.25;157.25,224.75;343.5,97.75
2909;3.25,86.25;191.25,277;272.75,198.75;287,15.25;32.75,228.75;82.75,26.25;113.5,223.75;325.25,53
22798;3.25,86.25;181,229;272.75,198.75;279.25,63;89.25,247;128.5,35;159.75,188.75;352.75,24
21526;39.5,103.25;212.25,252.5;259.5,179.75;294.75,92.75;89.25,247;115.25,40.25;159.75,188.75;353,67.25
29667;39.5,103.25;212.25,252.5;259.5,179.75;322.5,94.5;55.25,271;147.75,4.75;202,177.25;354.25,47
20018;39.5,103.25;222.75,201.5;300,211;359.75,122;85.5,267.5;111.5,7.75;182,156.25;354.25,47
279;53.25,157;211.25,251.5;247.5,219.75;359.75,122;86.25,253.75;111.5,7;182,156.25;353,44.5
43969;71.75,146.75;217.75,302.5;278,230.75;366.5,168.25;86.25,253.75;111.5,7;182,156.25;354.25,3
47478;20,116.75;283.75,317.5;335.25,247.75;361.5,136;18.25,248;111.5,7;182,156.25;354.25,3
22447;71.75,85.5;292.5,255.75;312.75,303.75;332.5,138.5;18.25,248;111.5,7;182,156.25;341,22.25
50546;71.75,85.5;277,301;294.75,317.25;357,137.5;34.5,231;91.25,24.75;141.25,196;341,22.25
39519;11.5,105.25;224,270;300.5,302.75;306,166;34.5,231;75.5,28.5;141.25,196;339.5,22.75
35102;27.5,67.5;186.75,316.5;304.5,309;310.5,226;34.5,231;75.5,28.5;178.25,237.75;339.5,22.75
46974;28.75,80.5;239.75,295.75;309.5,322.75;329.5,282;34.5,231;75.5,28.5;178.25,237.75;351.75,26
39255;41,85.5;244.75,301;309.5,322.75;326.75,227.25;34.5,231;59,96;146.5,299.5;351.75,26.25
16657;54.5,15;246,299.5;309.75,262.75;370,192.25;47.75,280.5;86.5,72.25;146.5,299.5;351.75,26.25
4053;55.5,68.75;246,299.5;345.25,277.25;357.25,228;12.25,314.5;86.5,72.25;129,314.25;351.75,26.25
22203;55.5,68.75;246,299.5;334,217.5;362.5,288.75;10,309.5;86.5,72.25;107.75,309.5;352,45.5
10633;42.75,104.75;223.25,303.25;353,241;362.5,288.75;11.5,311.5;41.5,44.25;130.25,251.75;352,45.5
43087;50.75,44.75;284.25,286.25;340.5,252.25;362.5,288.75;18,296.25;42,44.25;72.5,222.25;352,45.5
5513;105.75,40.75;280.25,284.5;315,243.25;365,284;5.5,310.75;67.25,10;72.5,222.25;352,45.5
36687;126,56.25;231,302.5;251,219.75;306.5,304;5.5,310.75;67.25,10;72.5,222.25;330.25,51.25
43503;152,42.5;201.5,269.5;211.25,251.5;306.5,304;10,295.5;29.75,42.5;102,221.75;330.25,51.25
45398;126.25,13.25;192.75,261;200.25,233.75;310.5,255.5;10,295.5;29.75,42.5;121.75,217.25;330.25,51.25
12815;126.25,13.25;155.25,300.25;210.5,244.75;279,256.25;10,295.5;35.25,54.75;165.75,239.5;294,36.75
34240;126.25,13.25;158.5,254;232,230.25;284,263.5;13.25,311;60.75,106.25;165.75,239.5;327.25,53
33414;111.5,40.25;154.25,203;218.5,270.5;251,220;33.25,318.75;60.75,106.25;165.75,239.5;327.25,53
19631;126,56.25;155.25,159.75;258,302.25;290.75,209;19,297;44.25,76.25;165.75,239.5;327.25,53
10489;94.75,12.5;133.25,188;208.5,310.25;291,165.5;19,297;44.25,76.25;165.75,239.5;363.25,50
5383;62.25,8;86.5,161.25;172.75,265.25;252,180;17.5,302.75;19.5,20;165.75,239.5;363.25,50
33036;75.5,7.25;87.5,158.25;172.75,265.25;275.5,131.25;9.5,294;25.25,32.25;184.75,175;363.25,50
37135;71.5,36.25;87.5,158.25;172.75,265.25;305,155.25;8.5,236.25;86.75,31;212,161;317,31.25
24062;71.5,36.25;101.5,208.25;140.25,304.25;332,150.75;21.25,192;86.75,31;187.75,184.75;290.5,3.25
23078;12.5,45.25;156.25,227.25;157.5,247.25;332,195;21.25,192;79,81.75;193.25,174.25;290.5,3.25
28049;4.25,5.75;112,203.25;143.75,228.25;349.25,172;39.75,198.25;79,81.75;193.25,174.25;291.75,4.25
46538;4.25,5.75;108,243;148.25,182.75;331.5,135;39.75,198.25;82,127;222.25,141.25;254.75,5.75
18606;4.25,5.75;73.5,221.5;173.75,156.25;292,115;28.5,228.75;75.75,125;222,142.25;254.75,5.75
7780;12.75,36;73.75,228.75;152.25,157.25;328,119.25;28.5,228.75;45.25,111.25;206,86;254.75,5.75
33198;65,4.5;75,208.75;165.5,184.75;346,160.25;28.5,228.75;45.25,111.25;221.5,115.25;254.75,5.75
21013;12.75,32.5;75,208.75;164.5,141.5;323.75,212.5;35.25,217.5;45.25,111.25;239,76;250.5,16.5
49000;12.75,32.5;33.5,189.25;164.5,141.5;358.5,231;35.25,217.5;77,129.25;251,77;252.75,72.5
41330;12.25,31.25;33.5,189.25;196,92.5;362.5,187;59,160.5;74.75,155.5;223.75,83.75;252.75,72.5
48882;12.25,31.25;33.5,189.25;220.5,129.75;355.25,225.5;32.75,132.25;75.5,153.75;179.25,114.25;240.5,75.75
43287;12.25,31.25;35.75,237.75;269,101.25;355.25,225.5;28,93;89,98.75;142.75,83.5;240.5,75.75
10384;12.25,31.25;58,217.75;263.25,68.5;339.25,258.75;28,93;118.75,107.5;124.5,77.5;240.5,75.75
24797;34,76.75;106.75,239.25;263.25,68.5;353.25,272.25;26.75,94.25;84,87.25;111.75,76.75;240.5,75.75
3174;35.5,78.75;119,264.75;269.75,102.5;304.25,290.25;26.75,94.25;85.75,132;104.25,111.75;240.5,75.75
30338;38,107;114.5,292;247,99.5;310.25,264;27.25,94.25;85.75,132;126.25,115.5;240.5,75.75
2294;80,139.25;86,265.75;247,99.5;321.25,260.5;61,94.25;85.75,132;109.25,126.5;212.75,46.75
4651;50,122.5;120.25,282.5;246.75,98.5;321.25,260.5;39.25,100.5;85.75,132;137,148.5;244.25,17.75
5304;49.25,98;97.75,251;283,89.25;295.75,301;39.25,100.5;49.5,165.25;165.75,186.5;244.25,17.75
41360;17.25,101.25;146,227.75;247.25,102.25;248.5,271;39.25,100.5;49.5,165.25;147.25,161.75;242.75,5.75
19662;1.75,81;154.5,232.75;247.25,102.25;293.25,255.75;39.25,100.5;107.75,169;148.5,172.25;303,15.25
16192;52.5,75.25;195,228;237.75,129.75;311.5,263.25;3.25,61.75;107.75,169;194.25,180.25;303,15.25
28600;52.5,75.25;158.25,194.75;244.5,165.25;311.5,263.25;10,35;133,197;206,143.5;257.5,12.5
37290;52.75,56.25;144.5,208.75;288,169.5;352.75,255.5;39,79.25;133,197;245.5,121.5;257.5,12.5
8318;71.75,87;145.25,208.5;266.5,177.75;352.75,255.5;61,101.25;133,197;240,175.5;308.75,13
32445;87.5,118.5;100.25,188.75;290.5,156;344.25,224;77.25,125.5;133,197;242.75,179;308.75,13
15564;32,137.5;144.5,223.25;316,120.25;360.25,263.5;77.25,125.5;151.75,146.25;242.75,179;308.75,13
1845;70.5,145.25;133.75,240.25;332,93.25;364.25,320.5;26,128.25;151.75,146.25;242.75,179;308.75,13
7162;119.25,147;152,226.5;332,93.25;364.25,262.25;46,141;165.25,194.25;302.75,194.5;308.75,13
39077;133.25,126.75;152,226.5;350.25,100.25;353.75,319.75;66.25,161.5;165,187.75;302.75,194.5;348,27.75
49741;133.25,76.5;149,222.75;301.75,137.25;302.25,317.5;66.25,161.5;165,187.75;297.25,248.75;348,27.75
741;149.75,127.25;175,201.5;265.25,93;284.5,318.25;81,190.5;165,187.75;301,291.25;348,27.75
29811;150.75,184.5;160,243.75;247.5,39.25;283.5,282.75;80.25,181.75;165,187.75;301,291.25;349.5,28
37471;134.25,128.75;171,279.25;218.25,15.25;340,300;91.25,151.75;152,225;301,291.25;349.5,28
20448;134.25,128.75;171,279.25;261.25,28;344,314.25;103.5,151.5;126.75,275.5;292.5,299.25;349,28.25
23877;142.75,93.25;206.25,280.5;261.25,28;294.5,304;105.5,153.75;123.5,323.75;243.75,288.25;349,28.25
36430;163.5,99.25;187.5,247;243.5,13.25;286.5,322.5;113,100;123.5,323.75;243.75,288.25;346.75,82.5
35331;163.5,99.25;177.75,220.25;243.5,13.25;286.5,322.5;114.25,58;176.25,319;266.25,250.75;302.75,87.5
5605;149.75,127.5;177.75,220.25;282,54.5;350.25,288;154.75,53;176.25,320;264,319.25;302.75,87.5
9157;138,124.25;215,251.5;278.5,104.75;363.75,310.25;127.5,61.75;166.5,303.75;264,319.25;302.75,87.5
31529;138,124.25;204.75,260;298,116;363.75,310.25;109.75,20.5;116.25,287.75;260.5,322.75;357.5,79
34575;144,129.5;254.5,280.5;258.25,81.5;363.75,310.25;65.25,9.5;122.25,324.5;270.5,321.25;357.5,79
22686;174.25,161;263.75,273;286,102.25;320.5,281.5;102.25,7.25;122.25,324.5;270.5,321.25;357.5,79
16968;174.25,161;218.5,311.5;239.75,99;273.5,261.5;64.75,11.75;122.25,324.5;235,273.75;335,128
29404;174.25,161;206,259.75;270.25,99;288.5,309.25;73.25,20;79,284.25;235,273.75;355.75,167.25
40221;138.5,200;217.5,311.25;226.5,105.25;291.75,322;72.75,21.75;79,284.25;226.5,314.25;355.75,167.25
43748;82.75,184.25;214.5,259.5;255.25,116;338.5,311.25;72.75,21.75;82.25,287.75;239.75,280.25;355.75,167.25
16963;79.25,230.25;240.25,237.5;243,126.5;307.25,322.75;72.75,21.75;82.25,287.75;257.5,263.25;355.75,167.25
24705;79.25,230.25;240.25,237.5;243.75,130.75;307.25,322.75;75,29;76.25,258.5;288,287.75;358.75,150.5
2998;79.25,230.25;239.25,237.5;300,116;362.75,289;27.75,71.75;76.25,258.5;245.75,268.75;311.5,194.25
46711;79.25,230.25;239.25,235.5;282.25,85;362,277;54.25,78.75;99,255.5;245.75,268.75;312.75,249.25
25787;35,223.75;239.25,235.5;282.25,85;337.5,252.25;69.75,31.75;99,255.5;228.75,258;300.5,281.25
11037;67.5,223;277,221.5;304,55.5;307.25,253.5;69.75,31.75;94.75,250;197.25,221;300.5,281.25
28978;67.5,223;280,274.75;287,24.5;341.5,209.25;90,47.5;94.75,250;187,173.75;330.25,309
40285;67.5,223;295.5,235.5;295.75,70.75;355.75,165.75;91.5,30.75;94.75,250;224.75,191;286.75,314
42160;48.25,241.5;314.25,226.25;343.75,75.5;345.5,131;91.5,30.75;95.5,248.25;212.75,176.5;286.75,314
49517;61.5,295.5;297.25,248.25;303.25,120.5;343.75,75.5;67.75,11.5;95.5,248.25;223.75,167;274.25,306.25
24963;61.5,295.5;298,247.5;303.25,120.5;342.75,75.75;107,40.25;157.5,247.75;175.75,164.25;255,253.75
22124;11.25,295.5;259.25,270.5;280.75,168.75;342.75,75.75;107,40.25;128.5,275.75;175.75,164.25;220,254.5
12994;3.75,242;280.5,282.75;304,154.75;336.25,72.75;100.5,34;145,301.75;175.75,164.25;220,254.5
969;3.25,242;279.75,312.75;335.75,149.5;350.75,40.25;44.5,24.5;153.25,299.5;175.75,164.25;220,254.5
2608;35.75,190;279.75,312.75;335.75,149.5;351.25,40.75;59.25,68.5;148.25,271.25;180.25,188.75;197.25,255.25
18438;35.25,133;279.75,312.75;335.75,149.5;351.25,40.75;66.75,9.5;149.75,300.5;196.75,174;243,291.25
7194;16.5,189.75;301,318.25;335.75,149.5;341.75,79;66.75,9.5;170.75,316.25;238,140.75;244,288.75
47739;8,139.75;316.5,264.25;335.75,149.5;364.75,71.25;10,9.75;170.75,316.25;216.5,184;270.75,282.5
47428;29.75,77.5;273.5,298;297.75,112.5;364.75,71.25;26.25,69;115.25,293.5;189,242;270.75,282.5
10320;23.5,118.75;214.75,294.25;297.75,112.5;365.5,50.5;29.5,119.75;77.25,279;189,242;270.75,283.25
17993;5.75,94;185.75,278.75;252,108.5;336,33.5;33.75,75.25;74.5,290.25;189,242;270.75,283.25
1566;4.75,95;153.25,310.25;273.75,130.75;336,33.5;29.25,29.25;108.5,259.25;167.75,199.75;270.75,283.25
43619;17.5,127.5;167.5,310;247,119;301.5,54;29.25,29.25;108.5,259.25;167.75,199.75;321,288.25
19328;17.5,127.5;188.5,263;241.5,170.25;278,58.5;2.75,24.25;108.25,259;196.25,177.75;321,288.25
23375;9,142.25;133.75,280.25;255.75,116.5;298.5,95.75;46.5,30.75;108.25,259;247.75,169;321,288.25
19112;58.75,154.25;119.25,323.5;287.5,103.25;287.5,144.25;46.5,30.75;100,221.5;247.75,169;317,288.25
20510;90.5,141.25;110.5,294.5;268.5,134.5;288.5,104.5;46.5,30.75;100,221.5;275.75,196.25;317,288.25
6839;69,111;109.75,295.25;274.5,130;288.5,104.5;46.5,30.75;120.25,240;294.75,170.25;352.5,266.75
42797;72,141;74.25,297.25;303,80;311.25,100.75;46.5,30.75;120.25,240;240.75,181;352.5,266.75
6401;30,164.5;87,257;271.25,31;311.25,100.75;33,80.25;120.25,240;289.25,186.25;306.75,244.25
36801;25.5,170;88.25,212.75;228,22;279.5,59.5;69.5,41;120.25,240;289.25,186.25;341.75,232.75
32554;25.5,170;43,241.5;228,22;279.5,59.5;100.75,49.25;125.5,276.75;273.25,180;336.25,198.5
786;50.5,208;88.75,248.75;264.75,32.5;307.5,14;100.75,49.25;144.75,224;273.25,180;358.75,148.25
28531;10.75,255.25;102.75,214.5;212.75,45;307.5,14;114.5,87.25;116.25,276.75;256.25,228.25;358.75,148.25
22020;10.75,255.25;89,248.75;264,67.25;307.5,14;130.75,132.75;145.75,245.25;257.5,228.75;359.75,205
20195;10.75,255.25;72.5,221.5;232.75,85;307.5,14;120,116;146,245.75;302.75,233.75;355.5,174.5
30192;39,263.75;72.5,221.5;233,85.5;307.5,14;150.5,88.5;163.25,230.5;261.5,212.25;318.5,194.75
36623;51,230.25;114,236.5;233.25,87.75;307.5,14;158.75,58;163.25,230.5;284.25,173.75;316.25,235.25
5721;88.75,201;94,202;233.25,87.75;310,41;153.75,49.5;156.5,197;284.25,173.75;317.25,244.25
29226;57,231;80.5,172;188.75,60.5;287.75,40.75;151.75,46.25;155.5,192;284.25,173.75;317.25,244.25
46628;30,229.5;80.5,172;188.75,60.5;246.25,41.5;151.75,42.5;203.5,175.75;284.25,173.75;310.75,239
7277;30,229.5;69.5,145.75;133,57.25;230.5,69.5;162.75,88.75;235.25,216;284.25,173.75;326.5,199.5
39402;4.25,195.5;32,139.75;133,57.25;230,69.5;177.25,114.75;204.25,201.25;284.25,173.75;367.25,212.5
40011;4.25,195.5;81.75,133.75;132.75,24.25;230,69.5;127,130.75;225.25,184;284.25,173.75;326.25,199.5
27971;4.25,195.5;85.75,94;123.75,33;231,70;117,140.5;225.25,184;315,160.5;334.5,197
5463;4.25,195.5;73.5,148;146.75,7.5;231,70;119.5,115.5;191.5,231.5;335.5,129.5;352.75,204
11826;4.25,195.5;125,142.5;177.25,16;247,40.75;158.75,116.5;190.75,234.25;335.5,129.5;352.75,169.5
39766;4.25,195.5;78.5,139.5;213.5,3;284.75,74;158.75,116.5;191,234.75;306.5,115.5;359.75,157
36613;23.25,170.25;105.5,138.5;213.5,3;299.25,115.25;152.75,52.25;247.75,257.25;306.5,115.5;359.75,194.25
3834;18,139.75;105.5,138.5;210,34.25;270,105.5;147,81;272.25,282.5;306.5,115.5;352.5,160.25
4206;59,130.25;105.5,138.5;231.75,72;309.5,136.75;166.25,90.5;272.25,282.5;288.25,150.25;336.75,207.5
24112;87.25,84.25;90.75,142.5;231.75,72;324.25,104.75;166.25,90.5;306.25,236.5;319,199.75;358.25,241.75
47561;76.5,32.25;90.75,142.5;203.75,22;293.25,112;186.25,98.5;306.25,236.5;315.5,190;360,242.25
8461;63.5,86.5;72,175.75;203.75,22;293.25,112;246.75,121.75;272,265.25;317,192.25;363.5,268.25
36112;63.5,86.5;72.5,165.25;170.25,45;272,99.25;253.75,121.75;255.25,268.75;320,242.25;363.5,268.25
10922;17.5,108.5;72.5,165.25;170.25,45;276.75,129.75;249,77;252.75,214.25;334.5,224.5;365,211.75
29576;26.75,116.75;64.25,148;145.5,76.75;276.75,129.75;231.75,49.25;251.75,214;309.25,254.25;365,211.75
21965;14.75,143.75;116.75,149.5;131,96.75;269,167.5;231.75,49.25;255.5,168.25;309.25,254.25;344.25,187.25
5933;14.75,143.75;78.5,145.75;115.25,75.25;262,182.75;231.75,49.25;287.25,194.5;314,310.5;329.25,161.5
26118;13.5,177.75;54.75,97.75;115.25,75.25;303,151;268.25,44;309.75,228;314,310.5;359,158.25
5514;26.75,138.5;37,56.75;114.5,76.5;303,151;298.75,12.75;307.75,201.5;352.75,279;359,158.25
45960;29.5,123.25;45,49.25;78,43;303,151;266.25,10.25;307.75,201.5;353,263.75;359,158.25
46454;48.25,125;63.25,57.75;79.5,42;303,151;266.25,10.25;285.75,234.25;310.25,311.5;340.25,148
25762;48.25,125;62.25,62;98.5,59.5;304,99.25;251.25,17.75;285,287.75;315,314.5;340.25,148
10100;12.5,178.25;62.25,62;98.5,59.5;294.25,103;246.25,86.75;277.75,293.25;295,306.25;355.75,155
46493;12.5,178.25;62.25,62;103.75,15;289.25,153.75;220.25,36;246.25,308.75;261.25,262.5;328,129.5
10737;14,190.5;69.25,75.75;128.5,12.75;295.75,105;220.25,36;228,273.5;246.25,308.75;321.75,161.75
24017;14,190.5;69.25,75.75;128.5,12.75;289.5,164.75;175.25,71.5;237,234.75;293,316.25;305,207.25
11263;14.5,190.25;30.75,57.5;128.5,12.75;289.5,164.75;164.5,79.5;233.5,193.25;292.5,296.75;322.75,230.25
43763;0.25,181.25;30.75,57.5;128.5,12.75;289.5,164.75;133.75,45.75;246,133.25;318,301;333.25,191.25
18702;31.25,201.5;67.5,84;128.5,12.75;289.5,164.75;138.75,72.5;242.75,92.25;276,265.25;356,170.5
40651;24,222;84.75,110;149.75,29.75;289.5,164.75;96.25,67.25;244.25,92;283.5,310;356,170.5
7262;21.75,228.25;64.5,116.25;187.75,10.25;277.25,149.25;96.25,67.25;244.25,92;296,268;356,170.5
19007;25.5,222;67,84.5;245,4;277.25,149.25;140.75,43;280.25,59.25;287,316;356,170.5
31019;58.25,176;67,84.5;175.25,17;256.5,155.5;137.75,39.75;305.25,25.75;320.5,312;356,170.5
37372;58.25,176;63,75.75;116.75,19.5;217,132;119.75,5;255.5,9.25;320.5,312;359.5,149.5
10450;39.75,215.5;63,127.5;134.25,57.75;169,115.75;56,8.75;301.5,23;320.5,312;359.5,149.5
22368;51.75,170.25;100.5,113.5;118.75,83;131.25,90.75;62.5,3.5;300.75,24.75;320.5,312;359.5,149.5
48835;25.5,128;45.75,125.5;62.25,70.25;136.25,156.75;62.5,3.5;307.25,52.25;320.5,312;359.5,149.5
32918;26,79.25;26.25,128.5;45.75,125.5;136.5,96.75;62.5,3.5;328.25,3.75;353.25,267.75;359,162.5
29320;1.5,85.25;10.5,60;109.5,79;120.75,76.75;14.5,48.5;328.25,3.75;353.25,267.75;359,162.5
42900;27.25,153.25;34.75,119.75;53.75,33;171.25,87.75;26.75,104.25;328.25,3.75;348,268.5;359,162.5
3494;10.5,176.25;19.5,89.5;128.5,17;245,83.25;82.75,132;328.25,3.75;348,268.5;352.75,175.25
4083;27,117.25;70.75,75.75;131.75,6;279.25,129;88.5,99.75;328.25,3.75;348,268.5;352.75,175.25
10806;11,174.5;44.25,138;93.75,20.5;339.25,103;63,78.5;328.25,3.75;348,268.5;352.75,175.25
3002;30,197.75;73,146.75;117.5,85.5;296,130.75;58.75,128;328.25,3.75;348,268.5;352.75,175.25
30252;42.5,238;62.75,185.5;167.75,63.25;252,107.5;16.25,148.5;328.25,3.75;348,268.5;352.75,175.25
5398;44.5,200.75;109.25,164.25;160.5,78.5;239.75,166;2.25,138.25;328.25,3.75;348,268.5;352.75,175.25
15571;70,171.25;108.25,231.25;163,49.25;289,168.75;2.25,138.25;328.25,3.75;348,268.5;355.25,148.75
34974;52,190;111.5,201.25;159,27.5;276,232;22.75,104.75;282.5,35;348,268.5;355.25,148.75
48942;27.25,167.75;111.5,199.25;159,27.5;247.5,258.75;22.75,104.75;338.5,35.25;345.75,225.25;355,154.75
11142;30.5,124.25;87.75,213.5;103.75,13.75;213.25,278;49.75,50.75;338.5,35.25;344.25,226.75;355,154.75
49091;30.5,124.25;87.75,213.5;103.75,13.75;169,313.25;48.75,90.25;326.25,39;332.75,272.5;335.75,197
26892;19.5,120.75;28.25,205.75;152,1.5;169,313.25;48.75,90.25;279.75,21.25;333.5,273.5;360,145.5
50059;16.75,81.25;28.75,205.25;149.25,58;209.75,285.25;48.75,127;229.25,7.5;333.5,273.5;360,145.5
42562;12.25,42.25;77.25,242.5;170.25,87;221.25,229.75;102,108.25;228.25,7;333.5,273.5;360,145.5
3890;12,45.25;45,285.5;111.25,71.25;180.75,206.25;102,108.25;256.75,12.25;338.75,310.75;360,145.5
28980;11.25,85.5;30.25,303.75;113.5,57.25;181.5,206.5;109,101;256.75,12.25;291,318.75;360,145.5
7040;10.75,143.75;19,309;124.5,31.25;188.5,232;109,101;256.75,12.25;276,269.75;360,145.5
10691;8,109.5;19,309;117.5,69;154,224.75;109,101;239.75,16.75;314,241;346.75,83
21231;14.25,109.25;18,285;117.5,69;184.25,249.75;163.5,87.75;217.25,36;277.75,185.25;346.75,83
17240;38.25,123.75;40.75,241.5;118,67.25;144.75,226.5;163.5,87.75;174.5,37;246,164.75;346.75,83
23653;32.75,124.75;40.75,241.5;109.5,109.5;183.25,204;134,48.5;171,50.5;204,187.5;346.75,83
11477;32.75,124.75;85.75,240;104.5,140.5;196,244.75;108,59.25;173,32;189.5,173.5;346.75,83
36502;25.5,78.5;85.75,240;136.25,127.5;198,226;140.25,30;177.5,28;181.75,172.5;346.75,83
17799;76.5,70;85,255.5;147.25,152.75;198,226;170.5,53.25;172,44.25;181.75,172.5;346.75,83
17306;84,97;87.75,297.5;114.75,118.25;156.25,223.75;170.5,53.25;174.75,28.75;181.75,172.5;346.75,83
42036;84,97;87.75,297.5;114.75,118.25;138.25,224.25;144,76;172.5,23.25;212.75,153.25;329.75,131
25680;84,97;88.75,296;114.75,118.25;120,209.25;123,113.75;163.75,49.75;212.25,107;321,146.5
1507;65.75,58.25;88.75,296;90.5,155.25;168,184.75;98.25,66.75;163.75,49.75;218.25,108.25;306.75,127.5
12443;65.75,58.25;79.5,243.5;84.75,196.75;166.25,216.25;57,85.5;163.75,49.75;179.75,96;307.25,126.5
42283;38.5,15;79,243.25;81.5,175;166.25,216.25;57,85.5;126,7.75;127.75,72.5;334.5,130
12595;26.75,67.75;52.5,215.5;90.25,126.25;146,223.5;57,85.5;106.75,10.25;127.75,72.5;334.5,130
24625;26.75,67.75;42.5,196.75;56.25,153.75;118.75,254.25;15.5,62;106.75,10.25;128.25,74;360.5,172.25
10826;36.25,38;73.75,146;89,119;90.5,265.75;15.5,62;90.75,33.75;165.75,81.25;360.5,172.25
17576;35.75,37.75;70,219.5;92.5,93.5;129.75,292;15.5,62;81,98.75;165.75,81.25;358.25,171
33581;35.75,37.75;57,237.75;109.5,105.5;148.5,319.5;47.75,78.75;122.5,79;221.75,53.5;358.25,171
17480;40,68.75;57,237.75;113,161.75;165.75,293.75;42.25,104.25;126,126.75;221.75,53.5;359.75,150.25
27266;45,104.75;59.25,239.25;130.25,137.25;161.25,301.5;42.25,104.25;125,123.25;171,48.25;359.75,150.25
19921;56,76.25;66,187;130.25,137.25;161.25,301.5;82.5,111.25;119,157.75;146.5,92;359.25,194.75
22876;15.75,64.25;58.5,217;131.75,90.25;172.5,260.5;87.5,119.25;124,198.75;146.5,92;359.25,194.75
1031;5.75,86;58.5,217;125.25,88.5;184.5,318.25;115,91;115.25,215;131.25,91.5;359.25,194.75
39094;3.25,86.25;95.25,176.75;159.5,125.25;184.5,318.25;89.75,34.75;113.5,258.75;124.75,104;359.25,194.75
23256;43,125;86.5,113.75;150.5,89.75;191,323;84,19.5;113.5,258.75;124.75,104;359.25,194.75
399;43,125;99,162;187.5,49;230.5,275;79.5,24.25;113.5,258.75;163.25,161;348.75,215.25
38281;21.5,177.25;115.75,150.25;187.5,49;270.75,290.5;80.25,26.5;113.5,258.75;192.25,197;334,200
47965;52,145.5;95.5,176.25;187.5,49;269.75,248.5;72.75,9.5;88.25,300.25;172.25,240;334,200
12730;43,107.25;47,199.75;141.25,20.25;269.75,248.5;39.25,39.75;140.75,273;154,277.75;334,200
17958;0.25,150;75.5,159.75;127.25,28.25;212.75,232.75;39.75,39.75;103.5,228.25;154,277.75;334,200
45630;0.25,150;68.25,127.5;107.75,22.75;249.25,258;10.25,23.75;131,197.5;181.5,303.25;334,200
25269;5.25,123.5;30.5,126.75;125.25,76;195.75,244.5;10.25,23.75;138.75,196.5;166.25,302.25;334,200
47164;20.25,169.75;20.75,170.25;125.25,76;158.25,209.25;10.25,23.75;142.5,149.5;142.5,302.25;300,185.25
7715;1,171.25;20.75,170.25;143.5,110.75;158,230.75;10.25,23.75;104.5,144.25;130.5,315.25;260.25,221
17118;1,171.25;76.5,166.25;136.25,160.25;197.5,226;4.75,50.5;91.5,168.75;130.5,315.25;279,241.5
21048;37,188.25;76.5,166.25;136.25,160.25;145.25,223.75;8.75,9.5;52.25,186.75;119.25,286.75;281,240.25
32008;33.75,238;80,222.25;136.25,160.25;145.25,223.75;8.75,10.25;15.25,214.75;182.5,277.75;315.5,257.25
30309;50.25,243;51.75,177.25;137,129.5;139.75,267.25;8.75,10.25;15.25,214.75;205.25,275.25;315.5,257.25
29382;23,241;52.5,218;102.5,164.5;139.75,267.25;8.75,10.25;15.25,214.75;250.25,315.25;325,241.25
36194;30.75,216.5;36.25,182;47.5,165;139.25,304.5;8.75,10.25;15.25,214.75;186,304.75;294.75,184.25
20303;28.5,258;56.5,218.5;76.25,165;138.25,282.25;13.5,19.25;15.25,214.75;186,304.75;235.5,208
14331;0.25,296.75;60.5,219.75;71.5,177;138.25,282.25;13.5,19.25;40.5,254.25;189,306.25;235.75,155
43471;0.25,295;36.5,189.25;38.75,138.5;174.25,278.75;13.5,19.25;81.75,286;184.5,289.75;235.75,155
15911;0.25,295;38.75,138.5;64.5,185;148,288.75;3.5,37.75;108,308;174,240;235.75,155
22925;0.25,295;37,81.25;90.75,156.5;172,280.75;36.5,88.75;108,308;140.25,199.25;244.75,98.75
33629;11.5,251.5;30.75,43.75;90.5,114.75;171.75,281.25;36.5,88.75;58.5,320;140.25,199.25;261.5,138.75
7877;11.5,251.5;32.5,49.75;90.5,114.75;151.75,302.5;36.5,36;56,319.25;125.5,194.75;231.75,133.75
27418;10.25,291.5;32.5,49.75;51,158.25;152.25,302;3,4.5;27.5,304.25;150.5,224.25;231.75,133.75
523;10.25,291.5;37.25,57.25;53,216.25;155,259.5;27.25,29.5;32.25,254.25;150.5,224.25;237.5,134
40156;9.25,233.5;34.5,19.5;101,237.5;136.75,265.5;27.25,29.5;32.25,254.25;150.5,224.25;239,92
17004;12,176.75;34.5,19.5;86.25,266.75;105.5,221;10.5,42.75;13.25,273;150.5,224.25;241,92
34531;9.5,142.75;34.5,19.5;85.25,267.5;140.25,197.25;10.5,42.75;15,307;169,255.5;248.75,73
41053;18.5,84.5;39.5,68.75;138.25,282.75;140.25,197.25;10.5,42.75;20,295.5;199.5,221;230,16.5
36822;7.5,85.75;74.5,103.25;138.25,282.75;140.5,197.75;28.75,26.5;48.25,254;180.25,161.5;230,16.5
50391;34.75,55.25;57,97;138.25,282.75;144.75,145.25;43.75,54.25;48.25,254;138.25,154.5;229,12.75
18485;9.5,24;81.25,89.75;123,274.25;183.75,155.75;43.75,54.25;63.5,248.25;92.25,163.5;229,12.75
42254;37,30.5;55.25,97.25;74.25,298.25;200.5,167.75;43.75,54.25;63.5,248.25;69.25,115.5;229,12.75
26054;30.75,73.5;36.25,70.75;74.25,298.25;132.25,200.5;74.75,40.25;105,274.5;118.25,158;229,12.75
29967;3.5,43.25;31.5,35;75.75,312;132.25,200.5;51,76.5;105,274.5;158.75,202.25;244.75,75.5
18956;16,64.25;18.25,30.5;121.75,292;132.25,200.5;42.75,76.25;104.25,270.25;158.75,202.25;211.75,100.5
10250;14.25,103.25;18.25,30;168,272;168.5,179.75;42.75,76.25;72.25,278.5;130.25,198.75;211.75,100.5
10669;14.25,103.25;18.25,30;144,320.5;168.5,179.75;25.75,108.75;38.5,229.75;99.5,143.5;226,133.25
19141;42.75,44.25;82,58.25;143.75,320;168.5,179.75;16.75,135.25;29.5,266;99.5,143.5;263.75,85.5
15659;42.25,13;64,6;143.75,320;168,180.5;32,175.25;69.5,296.25;99.5,143.5;252.25,132.75
39232;42.25,13;79.75,24;99.75,309;165.5,228;32,175.25;44.75,310.75;145.25,154.25;207.75,108.5
3347;42.25,13;65.25,31.75;99.75,309;154.25,184.75;77.75,131;88.5,304;112.25,144.25;204.75,105.75
21886;47,30;65.25,31.75;87.25,315.25;147,223.25;72.75,131;88.5,304;164,113.25;254.5,145.5
9037;2,23.5;65.25,31.75;85,321;168.25,222.25;75.5,141;120.5,307.75;169.25,100.5;254.5,145.5
46542;12.5,6.75;65.25,31.75;81.25,263.25;115,239.25;26.75,94.75;120.5,307.75;196.75,97.5;215,107.5
38053;11.5,48.75;65.25,31.75;98.75,214;149.25,182.75;26.75,94.75;186.75,290.25;236.25,49.25;272.25,127.25
24436;27.25,66.75;65.25,31.75;98.75,214;137.25,129.5;4.5,128.5;234.5,267;266.25,82.5;315.5,132.5
2100;27.25,66.75;49.25,2;98.75,214;174.75,135.75;44.75,105.25;191.5,304.5;254.5,60.75;345,144.75
36252;20,77.75;45.5,61.75;51.5,215;225,127.5;44.75,105.25;192.25,305.25;201.5,95.5;345,144.75
23471;16.75,29.25;21.75,99.5;26.25,233.5;223,127.5;44.75,105.25;159.5,250.75;248.25,114.25;345,144.75
2051;16.75,29.25;34.75,124.75;51,181.25;168.75,101.25;75.25,59.5;159.5,250.75;257.75,163.25;330.5,178.75
9058;17.75,63.25;34.75,124.75;60,238.25;219.5,129;44,90.25;159.5,250.75;237,206;330.25,178.25
26561;30.75,49.75;35,119.25;95.25,231.25;219.5,129;44,90.25;127,259.25;236,159.5;292.75,197.25
46406;4.75,94;25,84.5;95.25,231.25;248.75,134.75;92.25,64.25;137.75,263.5;236,159.5;298.75,233.25
39562;4.75,94;25,84.5;95.25,231.25;226.5,146.25;112,20;121,273.5;211.75,175.75;272.75,214
20464;2.5,90.75;5.5,64.25;95.25,231.25;226,148.75;85.75,32;97.75,300.5;207,205.25;272.75,214
41882;2.5,90.75;5.5,64.25;140.25,222.75;226,148.75;51,1.25;55.5,309.5;243,198.75;295.75,262.75
35796;2.5,90.75;6.75,64.5;140.25,222.75;234.5,169.75;20.5,42.25;21.25,311;218.25,171.5;251.25,281.75
7054;2.75,92.5;25.25,99.5;140.25,222.75;247.5,193;8.75,95.25;21.25,311;205.75,210;239.5,243.25
14605;17.25,57.75;32.25,91.25;140.25,222.75;248,193.75;8.75,95.25;10.75,307.75;189,235;203.75,221
8870;15.25,103.25;18.75,105.5;140.25,222.75;248,193.25;8.75,95.25;45.5,307.25;176,238;222.75,175.25
4308;44.5,96.5;62,66.25;100,221.5;303.5,162.75;8.75,95.25;45.5,307.25;159.75,226.25;238,237.25
31285;18.25,106.75;64.75,75.75;130.75,243;306.5,136.75;21.25,69.75;45.5,307.25;115.75,241.5;238,237.25
4552;18.25,106.75;76.75,124.5;130.75,243;286,104.25;15,69.5;47,258;142.25,222.5;269,271.75
47259;26.75,111.25;27.5,107.75;166.75,241.75;272,65;44.75,78.75;47,258;142.25,222.5;269,271.75
19227;27.75,145.5;35.75,61.25;184.25,234.25;272,65;44.75,78.75;87.75,265.75;186.75,241.75;313,242.25
43012;27.75,145.5;36.25,58.5;184.25,234.25;272,65;40,55.75;56,296;142.25,224.5;354,267.75
35887;6.5,176;24.75,62.25;179,222;222,63;39,55.75;56,296;142.25,224.5;354,267.75
34997;6.5,176;24.75,62.25;216.75,253;257.75,28.5;11,58;76,278.75;141.25,195;318.25,312.5
5982;12,143.75;29.5,57.5;165,278.25;207.75,56.5;4.5,111.5;75,276.5;141.25,195;318.25,312.5
20534;12,143.75;52,30;213.75,259.5;219,44;4.5,111.5;125,248;204,184.75;320.5,300.5
50547;35.5,166.75;52,30;176,212.75;207,73.5;4.5,111.5;143.25,268.5;203.5,182.75;356,267.25
34193;94.75,159.5;111.25,22;136.5,223.75;178.25,112.5;4.5,111.5;143.25,268.5;248.75,173.5;322.5,218
38244;92.25,213.25;111.25,22;152.25,223.25;153,124.25;4.5,111.5;110.25,242.5;189.25,176.5;320.75,221.25
12847;44.25,240.75;76,64.5;114.5,208.25;117.75,143;30.5,118.25;110.25,242.5;189.25,176.5;305.25,277
19015;29.5,268.5;39,77.5;101.5,203.25;117.75,143;20.75,94.75;110.25,242.5;235.5,206.25;354.75,292.25
30227;24.75,263;55,75.5;74.5,175.25;156.75,157;20.75,94.75;108.5,243.25;262.25,217.25;354.75,292.25
814;7.5,310.5;28.5,118.25;89.25,173.25;156.75,157;47.25,76.75;85.75,268.25;241,249.25;354.75,292.25
34247;2.75,300.25;64.5,171.75;69.5,166.25;137.5,129.75;47.25,76.75;73.75,296.5;241,248.25;354.75,292.25
28024;2.75,300.25;82,174.75;114,142.5;162,128.75;32.5,29.25;33.75,298.5;199.25,276;354.75,292.25
15154;33.5,309.75;48.75,171.25;114,142.5;164.5,141;8.25,14;33.75,298.5;149,262;314.5,310.75
35013;34,308.75;65.5,217.75;107.5,106;134.5,102.5;8.25,14;33.75,298.5;159.25,295.5;260.75,292.5
3195;69,306.25;88.75,170.75;107.25,162.25;120.5,83.5;8.25,40.25;30.75,301.5;159.25,295.5;260.75,292.5
29622;104,251;115.5,145.5;116.25,202.25;120.5,83.5;4.25,95.75;30.5,309.5;159.25,295.5;214.5,252.25
41654;104,251;110.75,166.75;145,128.5;151,51.75;4.25,95.75;96.25,268.75;169.5,224;226.75,206
24313;47.75,261.75;107.25,127;170.75,163.5;205,47.25;8.5,144.75;96.25,268.75;169.5,224;191.75,161.5
41398;49,228.5;74.25,165.5;138.75,129.5;224,39;31,177.75;52.5,298;169.5,224;191.75,161.5
41087;54,252.5;74.25,136.25;138.75,129.5;181.25,21.25;31,177.75;41,291;153.25,272.75;225.75,115.5
3782;54,252.5;74.5,135.5;163,128;181.25,21.25;10,148.75;21.25,279.5;176.75,306.75;250.25,81.75
15488;17,307;74.5,135.5;167.25,134.75;214.75,21.75;10.5,149;78.75,303.5;176.75,306.75;274.25,91.5
29077;40.25,270.25;74.5,135.5;167.25,134.75;231.75,71;10.5,149;118,291.5;161.75,299.25;264.5,107.25
25123;7.75,241.5;53.75,159;165.75,116;249.25,98.75;10.5,149;118,291.5;161.75,299.25;289.75,115.75
16699;51,252.5;85,139.25;165.75,116;232.75,127.5;10.5,144;113,265.75;143.75,302.5;289.75,115.75
18669;4.25,240.5;113.25,111.5;165.75,116;278.5,106.25;14.75,143.75;140.25,223.5;169.5,279.25;289.75,115.75
25588;4.25,240.5;113.25,111.5;173.25,86.75;289,133.25;9.25,190;145,253.75;186.25,305.75;338,100.75
26680;61,240;84,95;128.5,59;289,133.25;38.25,193;145,253.75;146.25,302.25;319,89
12366;61,240;73.5,120.25;128.5,59;329.75,151.75;23.75,248;142.25,287.5;146.25,262.25;353.75,50
8813;34,228.75;72.5,120.5;128.5,59;329.75,151.75;46.25,295;108.75,320;149.5,302.75;324.75,59.25
22774;1,195.75;113.75,126.5;123.25,13.25;358,112.25;48.25,301.25;108.75,320;145.25,299.5;324.75,59.25
1576;10.75,144.25;95.5,114;122.25,14;358,112.25;7.75,284;108.75,320;203,300.75;310.25,122.75
37959;10.75,144.25;58.25,66.5;121.5,12.5;372,50.5;7.75,284;161,318.5;231.5,256;347,82
41272;31.25,128;59,65.75;121.5,12.5;352,13.75;23,306.25;161,318.5;272.25,251.25;339.25,95.25
10952;37,72.5;39.75,9;148.75,49.5;291.75,21;23,306.25;161,318.5;267.75,196.25;327.25,59.5
46204;4.25,73.5;39.75,9;145.75,78.75;294.5,14;11.75,267.5;146.75,278.25;255.5,175;327.25,59.5
9121;37.25,39;91.25,11;152.25,126.5;279,33.5;11.75,267.5;152,300.5;255.5,175;313,18
4427;46.75,32;91.25,11;152.25,126.5;287,12;67.75,269;176.25,295.5;282.25,143.25;296.75,10.5
1423;36.75,60.25;91.25,11;117.5,169;270,34.5;75.5,249;209.25,275.5;246.75,118;296.75,10.5
10462;43.5,113.5;91.25,12.5;133.75,157.75;298,71.75;75.5,249;209.25,275.5;246.75,118;316.25,15
42607;43,113.5;61.5,6;115.75,144;325.75,29.5;92,222.25;237.5,300.25;246.75,118;316.25,15
47999;61.75,58.5;102.75,5;116,149.5;362,83.75;66.5,212;237.5,300.25;289.5,101.25;316.25,15
18466;33.75,114.25;102.75,5;116,149.5;362,83.75;124.75,194.75;214,251;276.5,30;295.5,84.25
11177;33.75,114.25;62.5,7.5;116,149.5;357,122.5;92.5,189.5;229.75,266.5;276.5,30;316.25,76.75
28419;33.75,114.25;62.5,7.5;150.5,125.25;355.5,101.75;79.75,214.75;256.25,288.5;277,30;329.75,72.75
48134;33.75,114.25;62.5,7.5;150.5,125.25;355,135.5;139.5,248.25;231.5,248.75;265.75,78.75;300.25,79.25
48355;90,102.75;116.75,16.75;179.25,114;359.25,185;139.5,248.25;231.5,248.75;265.75,78.75;354.25,53.25
1511;50.75,122;57.25,33.25;221.5,92.5;359.25,185;122.75,189.25;215.25,305.5;247.75,72.75;354.25,53.25
26514;58,177;66,4.25;223.5,93.75;350.75,197;122.75,189.25;151,300.25;247.75,72.75;342.25,78.25
10378;57,181.25;98,9.75;176,90.5;317.75,227.75;122.75,189.25;156.75,272.75;286.5,115;342.25,78.25
35631;57.5,209.75;103,19.5;175,50;317.75,227.75;107.75,169.75;156.75,272.75;323.25,92.25;357.75,48.5
11488;74,176;103,19.5;173.75,49;316.25,227.5;107.75,169.75;129,251.5;351,119.25;354.75,68.25
31041;58.75,175.25;103,19.5;190,37.5;344.25,230;74.75,173.75;104,282;351,119.25;354.75,73.5
17154;57.5,172.5;151.5,13;156.75,47.25;344.25,230;71.5,204.75;154.25,302.5;310.5,137.25;354.75,73.5
49687;71.75,132.5;109.75,32.5;113.5,68;342.5,254.5;93.25,253;130.5,251.5;310.5,137.25;354.75,73.5
49019;71.75,132.5;109.75,32.5;113.5,68;301.75,263.5;138.25,269.25;189.25,257;334.5,149.5;339.75,80.5
9044;71.75,132.5;113.5,68;126.25,34;283.25,276.5;89.5,267.5;242.75,243.25;335.5,191.75;353,45.5
11267;71.75,132.5;113.5,68;123.25,43.5;283.25,276.5;79.5,236;245,293.75;358.75,245;361.75,79.75
95;87.75,165;113.75,67;123.25,43.5;256.5,313.75;117,258.75;303,282;355,191.25;361.75,79.75
32965;71.75,185.5;137,96.75;179.5,70;243,257.75;117,258.75;303,282;347,137.75;363.25,44.5
44296;132.25,177.75;137,96.75;148,29.75;222.5,278.25;117,258.75;310.25,277.75;315,161.5;353.75,67
35503;91.5,165.25;174,89.75;183.5,35.25;222.5,278.25;146.75,202.75;310.25,277.75;340.5,180;353.75,67
49744;35.5,190.75;174,142.5;176,35;277.25,309.75;117.5,240;306.25,241.5;340.5,180;353.75,67
7628;16.75,154.25;172.5,143.25;187.75,7;311.25,319.25;117.5,240;281.25,270.5;313.75,162.25;353.75,67
26677;16.75,154.25;172.5,143.25;239,22.75;311.25,319.25;151.75,225.25;265.75,320.75;312.75,198.75;335.25,60.5
14924;16.75,154.25;172.5,143.25;239,22.75;258,298.75;185.75,220.25;262.75,292.5;276.75,225.25;345.75,79.25
38725;16.75,154.25;172.5,143.25;239,22.75;298,320.5;211,174.25;257,263.25;280,286.25;336,97.75
48254;15,101.25;127.5,122.5;192,48.75;298,320.5;179,165;274.5,265.5;276.5,294.5;336,97.75
41575;15,101.25;96.75,126.25;229.5,11.75;258,298.75;137.25,194.5;274.5,265.5;276.5,294.5;314.25,98
39613;15.5,100.5;96.75,126.25;229.5,11.75;258,298.75;138.25,229.25;277.25,225.75;288.75,249.25;307,149.5
30349;15.5,100.5;96.75,126.25;239.75,61.25;257.5,298;78.75,215.25;263,247.25;290,278;355.25,145.25
17965;37,81.25;133.5,124.5;250.5,23;271,267.5;82,170.25;263,247.25;290,278;356.25,146.25
22295;68.75,110;133.5,124.5;268,18.5;317.75,257;92.5,153.5;225,210.5;290,278;336.75,201.5
39261;68.75,110;111.75,106.5;259.75,39.5;304.5,301.5;143.75,157.25;212.75,176.75;290,278;291.5,196
18580;53.75,58;67.75,110.25;222.5,0.25;248,300;143.75,157.25;253.5,143.75;282.25,247.25;291.5,196
16754;53.75,58;80,172.5;244.25,40;298.25,317.5;101.5,136.75;243.75,160.75;276,273.25;291.5,196
42351;53.75,58;80,172.5;200.75,6.25;298.25,317.5;48.75,147;212.75,176.25;312.75,300.25;338.5,197
34368;49.75,32;50,137.5;211.25,7;340.25,318.25;48.75,147;188.75,174.75;312.75,300.25;316.75,244.25
33649;3.5,54;87,114.75;241,5.25;340.25,318.25;49.25,147;187,165.75;316.75,244.25;335,280.75
17974;56.5,66.5;87,114.75;242.5,39.5;359,273.25;93.25,137.75;174.75,230.25;290,184.25;335,280.75
36349;22.5,105;78.5,142.75;213.25,15.25;362.5,228.25;92.5,138;174.75,230.25;308.75,194.5;335,280.75
20020;6,62.75;105.75,121.25;213.25,15.25;311.25,224.5;92.5,138;133.25,199.25;343.5,184.25;351.75,246.75
36542;2.5,45.25;105.75,121.25;211.75,57;311.25,224.5;92.5,138;140.75,251.75;357.25,174;358.25,234.25
5087;35.25,17;83.75,172.25;265,66.25;311.5,224;122,112.75;140.75,251.75;357.25,174;358,248.25
1296;60.75,56.5;74.5,135;218.5,56.75;311.5,224;82.25,125.75;140.75,251.75;344.25,141.25;351.5,189.5
6856;60.75,56.5;74.5,135;218.5,56.75;280.5,275.5;113,112.75;126.5,225;318.75,145.75;357.25,243
2817;73,17.25;74,177.5;218.5,56.75;252.75,295.75;113,112.75;153.25,224;349.5,160.25;355.75,286.75
44417;73,17.25;75,228;186.5,88.25;252.75,295.75;78.75,131;100.25,197;322.25,180.75;327.25,313.75
8252;73,17.25;129.75,240;232.25,67.75;251.25,296;57.75,132;59,164.5;322.25,180.75;344.25,277.75
38319;33.25,30.25;67.5,230.75;238.5,136.25;256,250.25;36,119.75;74.75,215.75;322.25,180.75;344.25,277.75
484;4,83.75;40.5,243.25;297,161;310,223.75;52.25,169.25;87,168;322.25,180.75;344.25,277.75
40763;4,83.75;80.5,232;324.25,135.75;352.5,231;54.25,222.75;76.5,169.5;313,199;344.25,277.75
14074;10.25,123.5;80.5,232;319,150.75;363.5,229.75;54.25,222.75;79,131.25;280,174.5;340.25,279.25
24815;13.5,123.25;92.5,203.75;355.5,156.25;363.5,229.75;54.25,222.75;108.25,151.75;304.5,202;353.5,248.25
40730;13.5,123.25;138.25,227.25;316.5,142.25;324.5,198.75;42.25,253.75;132.25,107;309.5,199.5;353.5,248.25
11657;7,110.5;144.25,266.25;306.25,111.25;327.5,199;4.25,248.5;132.25,107;309.5,199.5;342,226
21509;14,62.75;137.75,314.25;288,89.25;323.75,216.75;7,232.25;132.25,107;309.5,199.5;341,227.5
12591;33.5,30.5;161,324.25;288,89.25;323.75,216.75;7.25,285.25;82.75,126.25;301,150.75;341,227.5
3450;13.75,85.5;161,324.25;314.25,113;328.75,202.5;2.25,309;77.25,86.25;272.25,124.5;341,227.5
190;26.75,85.5;197.25,288;322.75,151.5;329.5,149.25;2.25,309;78.25,88.75;312,86;341,227.5
36104;7.5,59.5;197.25,288;305.75,111.25;333.25,105.5;2.25,309;120.75,113.25;274.5,48.75;352,244.25
17744;12.25,80.25;222.25,278.25;287,74;319,112;2.25,309;120.75,113.25;274.5,48.75;318,196.25
19562;12.25,80.25;258.25,256.75;285,24;365.5,147;2.25,309;146.75,146.25;274,48.75;330.25,200.5
2748;45.5,102;280.75,283.5;299.75,37.75;323,138.25;40,273.25;117,112.25;274,48.75;330.25,200.5
21816;5.5,126.5;258.5,274;299.75,37.75;357.5,152.25;91,282.75;117,112.25;274,48.75;323.25,162.75
31082;5.5,126.5;237.25,289.75;299.75,37.75;357.5,152.25;53.5,263.25;166.25,139.25;255.5,14.25;348.25,193.75
48083;14.5,153.75;237.25,289.75;295.75,53.5;363.75,208;10.5,246;213.25,117.5;302.5,37;348.25,193.75
24765;44.5,164.5;262.75,241;300.75,57.25;363.75,208;13.75,308;154,143.75;313.75,66;348.25,193.75
42835;44.5,164.5;278,212.75;332.25,30;339.5,209.5;2.25,311.5;154,143.75;324.25,57.75;349.25,193.25
23287;32.75,212.25;296.75,155;299.5,55;315.25,155;2.25,311.5;160.25,88.25;324.25,57.75;349.25,193.25
9536;31,242.75;276,178.75;279.25,103.75;289.75,159.5;22.75,311.5;160.25,88.25;324.25,57.75;347.75,195
13182;51.5,228;273,135.25;279.5,104.25;342.75,145.25;21.25,272.5;160.25,88.25;324.25,57.75;348,162.5
5990;51.25,184;273,135.25;299,52.5;337.75,141.75;52.75,223.5;129.75,107.5;342.25,79.5;348,162.5
9394;51.25,184;289.75,155.5;294.75,72.5;351.25,94.75;36.25,262;129.75,107.5;330.75,124.25;339.5,149.75
14055;55.75,171.75;306.5,102.25;334,74.5;347,83.5;6.5,308;129.75,107.5;330.25,124;339.5,149.75
10693;55.75,171.75;294,53;319.5,115.25;354.75,114.25;22.75,311.25;95.75,118;330.25,124;339.5,149.75
31656;38.75,161;254.25,45.25;319.5,115.25;366.5,171.5;22.75,311.25;70.5,119.5;329.5,124.75;355.75,164
8267;68.25,145.25;247,6.25;300.75,81;370,173;22.75,311.25;98.75,66.75;336.75,60.5;355.75,164
45759;94,197.25;247,6.25;300.75,81;370,173;20.5,266;50,45.5;305.75,87.25;328,206
14552;113.5,166.25;190,36.75;300,13.5;370,173;10.25,279.5;57.5,101.5;305.75,87.25;333.5,210.25
25251;113.5,166.25;207.25,81.75;279.25,29.5;347.25,197;40.25,309.75;51.5,101;305.75,87.25;321.5,163.25
8770;131.25,204.5;219.75,29;321.75,15;347.25,197;3,316;79.25,55.25;284.25,62.75;321.5,163.25
50451;149,202.75;247.5,18.25;314.75,13.75;347,199;3,316;63.25,51;258.25,97;321.5,163.25
44206;149,202.75;248,18.5;335.5,49.25;365.5,191;3,316;116.5,72;205,63.25;329.75,199.5
25640;149,202.75;248,18.5;327,29.5;365.5,191;17.25,273;130.25,107;213,95.5;353,179.75
9750;202,178.25;244.75,47.25;277.75,33;347.25,216;17.25,273;149.25,56.25;216.75,95.25;353,179.75
32564;188.5,157;205.5,45.25;252,60.25;325.5,206.25;17.25,273;145,91.5;216.75,95.25;334.5,163.25
9206;191,157;212.5,17;268.25,103.5;297.25,165.5;17.25,273;172.25,49;216.75,95.25;334.5,163.25
22538;152.75,158.5;211,13.25;275.5,89.25;294,115.75;17.25,273;173,39.5;233.75,120.75;334.5,163.25
8115;113,161.25;210,3.75;263.25,64.5;294,115.75;17.25,273;212,35.5;229.25,83.5;304.25,113
50167;118.25,204.25;174.25,20.5;269,31;294,115.75;60.5,223.75;176.5,7.25;262.5,44;304.25,113
35262;101.25,226.5;174.25,20.5;270.5,19;289,73.25;54.75,222.25;176.5,7.25;242.75,12;304.5,111.25
29749;101.25,226.5;232.5,34.5;237.75,40;347.75,89;66.5,210.5;143,51.75;262.5,58;304.5,111.25
42704;83.5,255.75;251,78;268.25,74.25;347.75,89;66.5,210.5;162,30.75;269,89.25;298.25,84
15007;58,217;273.25,49.75;286.5,72.75;303.75,78.75;66.5,210.5;119.75,39.5;228.75,73;298.25,84
14566;76,209.25;248.5,39;286.5,72.75;295.5,88.5;75.75,196;120.25,17;227,97.75;298.25,84
15874;76,209.25;270.25,6.25;279,103.25;286.25,56.5;61.5,151.25;126.25,19;237.75,120.75;298.25,84
42013;60.75,243.25;253,8.5;256.25,116;286.25,56.5;61.5,151.25;145.5,55.75;202.5,154.5;297.5,115.5
19993;60.75,243.25;253,8.5;256.25,116;298.5,36.25;60.25,202.25;170.25,52.5;211,99.5;343,100.75
40218;51,228.5;235.75,36;256.25,116;298.5,36.25;45.75,248;186.75,37.75;192,95.25;300.75,114.75
7134;43,264;235.5,35.5;239,126.5;272.5,63.5;87.75,265.75;140.75,28.75;192,95.25;300.75,114.75
27517;32.5,237.75;247,40.75;262.25,153.5;286.5,103.25;78,237.75;140.75,28.75;190.25,93;300.75,114.75
18610;71,256.5;271.5,72;285.75,164.5;289.75,115.25;113.75,197.5;148,57.5;190.25,93;300.75,114.75
40767;52,219.5;267,113.75;285.75,164.5;297.75,70.5;142.25,199.5;169.5,7.25;190.25,93;264.75,78.5
35149;15.5,175.75;270.25,71.5;285.75,164.5;312.5,72;124.25,195.25;171.5,51.75;190.25,93;236.75,120.75
48546;52,145;242.75,47.75;285.75,164.5;313,72;122.5,144.5;194.25,20.75;219.25,89.25;236.75,120.75
34073;52,189;242.75,47.75;267.75,201.5;287.5,101.5;122.5,144.5;161,26;243,76;266.75,118
10785;29.5,170;269.75,31;282.75,190.5;305.75,120.5;108.75,118.75;118.75,17;243,76;266.75,118
4176;38.5,118.25;246,23;264.5,179.5;279.75,101.75;123,157.25;143,56.75;243,76;266.75,118
32725;38.5,118.25;240.75,47.25;304.25,221;311.25,55.25;123,157.25;169,81.5;203.5,99.75;265.75,116.75
8705;19.5,123.25;240.75,47.25;266.5,180.75;335.75,3.25;123,157.25;163.25,51;202.75,98;309.75,122
29808;1.25,79.25;297.25,44.25;303.75,142.25;336.25,30;77.5,125.75;163.25,51;202.75,98;311.75,123.5
35692;48.75,75.25;297.25,44.25;303.75,142.25;336.25,30;100.25,117.5;163.75,111.25;209,93;341.25,140.25
35765;2.5,82.75;259.5,50.5;319.25,195;336.25,30;130,137.25;163.75,111.25;240,85.25;343,184.25
46680;2.5,82.75;247.5,3.25;319.25,195;336.25,30;111.75,122.75;154.5,89.75;261,57.75;360.5,214
31664;44.75,111.5;247.5,3.25;319.25,195;336.25,30;52,133.5;123.25,117.5;273,103;358.75,153.75
712;73.75,109.75;247.5,3.75;297.75,167.5;338.25,15.75;52,133.5;123.25,117.5;289.25,144.25;321,195
7448;73.75,109.75;217.5,57.25;301.25,136.25;330.75,63;52,133.5;192.25,110.5;266.5,166.5;355.75,171.5
50039;88.25,91.25;199.25,69.25;274.5,165;356,101.25;52,133.5;227.25,131.5;266.5,166.5;320,198.25
45118;54,76.25;197,85.25;308.25,160.75;319,112.75;83,168;227.25,131.5;265.25,168.5;320,198.25
28692;54,76.25;197,85.25;308.25,160.75;314.25,98;128.75,195.75;227.25,186.5;282.75,174.25;360.25,231.25
22233;64.75,32.75;197,85.25;307.75,160.5;314.25,98;171.75,164.75;174.25,156.5;319.25,146;332,280
28260;65.25,32.25;191.5,37.75;323.75,212;333,136;171.75,164.75;174.25,156.5;318.5,160.25;323.5,319.25
38233;65.25,32.25;191.5,37.75;265.75,238;356.5,156.25;109.25,161.75;212.75,173.75;320.25,152.5;339.5,310
3907;67.25,84.5;191.5,37.75;256.75,195.25;321.75,165.25;94,170.25;233.5,206;304.5,197.25;339.5,310
13992;28.25,109;191.5,37.75;207,177.5;298.25,115.5;94,170.25;194,180.5;270.5,194.5;317.25,299.75
14823;68.25,84.5;161.75,36.5;173.25,220.75;295,127.25;124.25,196.25;197.5,176;270.5,194.5;317.25,299.75
45089;29,71.25;110,33;143.5,226.5;271.75,166;124.25,196.25;181.25,156.5;270.5,194.5;317.25,299.75
10480;1,27;110,33;137.25,227.5;278.25,201;121.75,194.25;204,177.75;307.5,234;317.25,299.75
42882;1,27;110,33;137.25,227.5;291.5,263.75;61,191.5;178.25,184.25;331.75,191.25;338.5,290.5
32069;1,27;110,33;138.75,226.25;283.75,261.75;101.5,170.75;173,197;330.5,206.5;332.5,229.75
24883;1,27;110,33;138.75,226.25;254,296.75;61,160.5;180.25,196.5;298,151;306.75,201.5
42609;1,27;86.25,74.5;134.75,282.25;254,296.75;12.5,203.25;222,214.25;295.25,202.5;309.5,199
9513;1,27;108,109.5;134.75,282.25;254,296.75;3,232.75;265.25,241.5;310,233;311.25,238.5
29485;43.25,62.25;87.5,142.75;134.75,282.25;254,296.75;7,197;235,246.25;318,210.25;334.25,271
6697;4,95.25;87.5,142.75;134.75,282.25;295.75,264.5;24.5,201.75;249.25,237.5;298.25,207.5;303,248.5
7913;7.75,73;112.5,168.75;176.25,280.75;297.75,242;24.5,201.75;249.25,237.5;298.25,207.5;309,302
18070;7.75,73;98.75,190.75;176.25,280.75;345.75,231;34.25,253;249.75,237.75;278.75,184.75;322,313
17572;28.25,85;128.5,140.5;176.25,280.75;363.25,261.25;62,306.75;249.75,237.75;273.75,194;353.5,299.75
14579;30.5,135.75;121.25,145;123,285;348.5,210.25;62,306.75;249.75,237.75;292.75,198.25;353.5,299.75
16422;28.25,71;121.25,145;185,318.25;287,230.5;94.5,315.5;234.75,247.25;339.25,174.5;353.5,299.75
49693;1.75,69.25;124.25,202.75;185,318.25;269.25,286;94.5,315.5;254.5,221.5;333.25,180.25;338.25,312.25
11047;49.25,57.75;92.75,188.75;185,318.25;269.25,286;31,306.5;266.5,228.75;318.5,218;357.25,263.75
8479;9.5,83;92.75,188.75;211.5,302.75;291,249.75;46.5,296;266.5,228.75;316,250.5;337,199.5
25182;0.75,86;92.75,188.75;202,245.25;291.5,250.5;28,323.25;266.5,228.75;308.5,258.5;352.5,190.25
2996;36.5,122.25;43.75,222.25;178.5,276.75;297.75,232;28,323.25;226.5,254.75;277.5,310.5;352.5,190.25
10278;56.5,137.5;56.5,239.5;168,241.5;297.75,235.75;39.25,311.25;226.5,254.75;277.5,310.5;298.5,202
35404;75.25,165;91.25,201.75;178,238.25;251,220;63.75,289.75;226.5,254.75;277.5,310.5;295,203
33458;86,141.5;91.25,201.75;178,238.25;251,220;58,239;242,291;249,291.5;283,176.5
48059;48.75,176;103,251.5;213.25,261;251,220;58,239;231.5,246.75;237.75,239.5;271,138
23664;37,179;47,275.25;236.75,259.25;251,220;58,239;250.5,235.5;251,233.5;301.75,150.5
6084;56,170.75;73.75,242.25;236.75,259.25;280.5,167.25;103,225.25;250.5,236;251,233.5;358,150
30655;6.5,176.75;73.75,242.25;261,243.5;326.25,188.25;98,265;225.75,189.25;249.25,235.5;358,150
24831;2.75,231.75;55.75,278.25;261.25,239.5;281.25,165.75;98,265;221.25,206.75;228.25,231.75;358,150
19904;2.25,220.25;8.75,263.5;225.5,186.5;325.5,139.25;97.75,270.25;215,163.25;228.25,231.75;358,150
47832;2.25,220.25;29,308.25;225.5,186.5;357.5,95.75;106.5,307.75;223.25,113.75;228.25,231.75;308.5,128
20654;17.25,284;46,267.75;161.25,185.75;357.5,95.75;127,266.5;256.5,76.5;266.5,192;308.5,128
11716;17.25,284;86.25,307.25;161.5,186.5;357.5,95.75;118.75,285;262.5,33.25;282.5,197;339.5,139.75
21891;17.25,284;67.25,305;161.5,186.5;357.5,95.75;107,273.75;209.25,56.75;323.5,161.5;331.75,162
453;28.25,296.5;72,257;155.75,183;357.5,95.75;107,273.75;197.25,11;308,198.75;356.5,137.75
40532;28.25,296.5;85.5,314.5;155.25,128;361.25,56.75;116.5,242.75;168,50;307.75,244.5;356.5,137.75
49835;27.25,296.5;30.5,322.5;146.75,127.5;361.25,56.75;175,267;183.25,71.5;292,286.75;356.5,137.75
14191;30.5,322.5;45.75,271;140.5,155.75;361.25,56.75;176.5,266.75;221.5,54;262.75,291.75;293.5,143.25
16408;35.5,277.5;52.75,294.5;140.5,155.75;361.25,56.75;176.5,266.75;186,97.75;237.75,319.75;294.75,195.25
37930;35.5,277.5;52.75,294.5;88.5,176.25;303.5,35;191,213.25;222.25,152.5;240,274.5;268.75,244.25
10874;35.5,277.5;52.75,294.5;88.5,176.25;310,16;185.75,176.5;223.25,200.5;289.25,301.5;291.75,195.5
42567;38.75,319.25;93.75,300.25;109.75,163.25;310,16;166.25,161.75;187.25,230.75;289.25,301.5;291.75,195.5
21771;37,285.5;80,300.5;107.25,159.75;357.25,28.25;164.5,104;214.25,277;289.25,301.5;291.75,195.5
15668;31.75,238.5;80,300.5;131.25,200.5;357.25,27.75;164.5,104;238.5,291.5;288,312.75;300.5,195.5
21624;8,284;80,300.5;115.75,238.5;356.75,26.5;127.25,61;219.25,296;253.5,278.5;300.5,195.5
6834;39.5,241.75;80,300.5;136.25,212.5;356.75,26.5;150.5,34.5;185.25,288.75;243,237.5;341.25,144.25
18903;39.5,241.75;80,300.5;136.25,212.5;329.25,30;117.5,36.25;140.75,270.75;296.75,207.5;316,103
24128;67.75,242.5;89.25,249.25;132.25,188;355.25,8.25;117.5,36.25;161.5,300.5;296.75,207.5;357.5,77.5
27115;67.75,242.5;89.25,249.25;130.75,169.5;355.25,8.25;96.75,41;139.25,271.5;315.25,159.25;354.75,61.5
15424;92.5,234.75;104.5,249.5;105.25,167.25;355.25,8.25;96.75,41;106.5,262.75;338.5,197;350.5,35.75
41506;70,257;105,247;105.25,167.25;354.75,7.75;34.5,41.5;143.25,270.5;301.75,243;350.5,35.75
11949;50,229.75;55,252.5;157.75,150.5;354.75,7.75;46.75,48.75;143.25,270.5;260.5,236;324,4.25
45138;57.75,209.25;73.75,200;181.5,182.25;332.5,31.5;47,48.25;111.25,292.5;260.5,236;324,4.25
22388;70.5,255.75;86,229.25;199,184.75;307,70.25;47,48.25;111.25,292.5;234.75,242;324,4.25
1211;66.5,256.25;86,229.25;241,225.25;271.25,75.5;64.25,93;111.25,292.5;185.5,251.5;304.25,13
27475;50.5,284.25;73.25,242.25;226,218.75;271.25,75.5;78.5,81.25;111.25,292.5;186.25,254.75;318.75,64
40455;9.75,306;28.75,210.5;243.5,256.25;272,73.5;75.75,81;111.25,292.5;201,210;318.75,64
23043;7.5,263.5;64.5,229;240.25,298;303.25,70;75.75,81;111.25,292.5;201,210;356.75,54.75
31296;12,309;43.75,239.75;295.75,302;327.25,28.5;75.75,81;165,291.75;186.25,198;356.75,54.75
5961;17.25,310;43.75,239.75;235.5,257.5;333.25,12.25;31.75,31.25;116.5,243.75;136.75,198.5;356.75,54.75
3257;17.25,310;91.5,256.25;241.25,237.5;332.75,21.75;31.75,31.25;98.5,198.5;114.75,243.25;338.25,23.5
42732;15.5,305.5;91.5,256.25;241.25,237.5;353.5,10.25;35,39.5;94.75,153.25;111.5,217.75;338.25,23.5
46458;31.5,258.25;123.5,265.25;193,265.25;347,29.75;35,39.5;94.75,153.25;111.5,217.75;336.75,60.75
46816;16.75,242;161.5,223.25;206.5,309.5;370.75,28;52.75,76.25;107.75,117.75;111.5,217.75;336.75,60.75
9496;61,242.5;125,182.25;206.5,309.5;351,17.75;88.5,47.5;93.25,137.75;111.5,217.75;286.25,94.75
37652;73.75,298.5;161.5,163;200.75,269.5;351,17.75;88.5,47.5;128.5,122.75;161,203.25;290.5,96.75
37987;34,314.25;141,156.75;236.75,223.5;302,14;40.5,38.25;128.5,122.75;154.5,169.5;290.5,96.75
22584;17.75,264;161,105.25;236.75,223.5;302,14;13,58.25;90.75,97.25;159.75,202;290,96.75
39627;28.25,269.25;184.75,81.25;236.75,223.5;302,14;12.25,112.25;96.75,88;103,202.5;289.75,97.25
4672;24.75,306;221.25,86.25;236.75,223.5;276.5,33;12.25,112.25;76.25,125.5;126,175.75;289.75,97.25
11135;24.75,306;237,30.75;272.5,179.25;303.25,34.25;25.75,71.75;76.25,125.5;123.75,197;227.25,108.5
31080;80.5,298.75;237,30.75;272.5,179.25;303.25,34.25;28.25,108.5;36.5,104.5;113.5,257.5;206.75,55.75
13612;80.5,298.75;243.5,29.75;278.25,128.5;342.5,2;27.25,174.5;39.5,80.75;53,250.75;206.75,55.75
39594;8.75,306.5;243.5,29.75;293.25,72.25;342,2;54.75,222.5;72.75,40.25;100,281;206.75,55.75
26732;49.75,276.25;271.75,24;286.75,74;342,2;53,251.25;80.75,59;100,281;168.75,90.75
38724;62.75,234.75;278.25,17.5;294.75,55;363,5.5;52.5,249.25;93.75,34;100,281;168.75,90.75
15882;96.5,283.25;268,72.25;278,101.75;297.5,14.5;93.5,225;93.75,34;144.25,319.5;168.75,90.75
14887;35,260.75;215.25,63;239,80.25;330.25,12;58,208;104.25,49.25;144.25,319.5;168.75,90.75
7342;80,222.25;184.5,92;227.5,32.75;330.25,12;58,208;83,24;150.75,300.25;168.25,111.25
38805;80,222.25;210.25,131.25;236.75,46.5;356.25,11.75;56,209;70.5,29.5;150.75,300.25;203,122.5
16852;80,222.25;228.25,150.75;251.75,20.75;358.25,7.75;61.5,160;70.5,29.5;91,284.25;164.75,161.5
13430;87,205.5;279,168;283.75,10.25;337,73.25;61.5,160;70.5,29.5;91,284.25;204.5,217.25
13353;109.75,159.75;294.75,101.25;333.25,30.5;354.75,12.25;18,171.75;70.5,29.5;91,284.25;237.75,230.25
36785;109.75,159.75;249,94.75;293.75,72.75;338,50.75;18,171.75;20.5,29.75;46.75,253.25;244.25,287.5
30631;123.5,203;233.75,113;285.75,54.75;361,80.25;18,171.75;44.75,47;46.75,253.25;244,288.75
27908;163,170.25;277.75,128.25;292,54.25;358.75,79.75;18.5,171.25;32.5,39.25;46.75,253.25;244,288.75
28650;143.5,127.75;303.75,138.25;317.25,22.75;333.5,33;18.5,171.25;32.5,39.25;46.75,253.25;261.75,294
13980;162,124.5;249,132;266.5,18.5;309.75,56.75;25.25,231.75;32.5,39.25;94.25,268.25;261.75,294
42613;162,124.5;268.5,179;278.25,68;294.5,55.5;25.25,231.75;33.5,39.25;127,297.5;288,276.25
40280;200.25,91.75;218.5,204.5;262.75,18.5;334.5,47.25;25.25,231.75;33.5,39.25;127,297.5;285.75,286.75
25019;194.5,136.5;218.5,204.5;246.25,18;269.5,70.5;13.75,213.75;33.5,39.25;82.75,253.75;232,274.75
21350;142.5,128.25;209.5,195.5;246.25,18;297.5,113.75;19.25,232.75;34.5,39.25;82.75,253.75;288,301.5
27501;158.75,86.5;237.75,188.5;269.5,32.5;306.75,163;19.25,232.75;34.5,39.25;76.75,215.75;288,301.5
18539;176.5,50.25;222.25,210;278,35;357,162.25;19.25,232.75;34.5,39.25;87.75,181.5;288,301.5
17008;154.25,53.5;217.25,260.5;278,35;357,162.25;33.25,244.5;35.75,104.75;72,222.5;285.75,305.5
15523;141,12.25;217.25,260.5;255,27.75;324,157.5;33.25,244.5;51.75,122;111.75,241;284.75,305
11752;153.5,42.25;217.25,260.5;254.5,74.5;365.5,170;31.5,228.75;43.25,90.25;71.75,249.25;284.75,305
37726;131.25,26.25;220.5,261;306.5,102.25;334.25,142.75;42.5,252;43.25,90.25;71.75,249.25;284.75,305
3473;131.25,26.25;262,242.5;293,73.25;334.25,142.75;68,308;73,101.75;116.5,216.75;288.25,287.75
10287;93.75,9;260.5,239.5;315.25,19.5;361.25,122.75;14.5,308.25;73,101.75;107,274;288.25,287.75
28668;93.75,9;291,229.25;294.5,72.75;359.5,182;26.5,280.25;73,101.75;161.75,273;288.25,288.5
45814;93.75,9;291,229.25;307,95.75;359.5,182;46.25,279.5;52.25,75.25;196,249.5;303.75,291.25
5503;105,15.75;291,229.25;300.75,52;359.5,182;78.25,301.25;84.25,99.25;194.5,244.5;262.75,258.75
11902;162,33.75;279.25,192.25;291.75,105.25;339.75,209;78.25,301.25;84.25,99.25;194.5,244.5;274,286.75
1351;116.5,34.5;230,181;308.25,111.25;339.75,209;45.25,319;84.25,99.25;194.5,244;286,310
34288;116.75,84.75;230,181;301.75,115.25;334.25,225.5;74.75,301.25;84.25,99.25;181.5,271.75;238,291.5
9817;116.75,84.75;262,179;322.75,150.75;365.25,259.5;74.75,301.25;114.75,91.75;218.5,273.25;277,310.5
41815;115.25,120.75;281.25,167.5;327.25,172;355,294;72.75,266.75;114.75,91.75;243,294;277,310.5
39389;87.5,86.25;280,171.5;332.5,136;345.75,319.75;46.75,281.5;142.25,52.75;243,294;277,310.5
8101;63.75,75.75;260.25,120.25;332.5,136;345.75,319.75;33.5,278.75;122,49.25;270,286.75;331,312.5
30537;35.5,36;282.5,85;290,116;352,305.75;33.5,278.75;144.75,49.25;264.75,264;331,312.5
42796;36,61.75;283.5,53.75;307.75,114.25;352,305.75;29.5,309;191.5,65;260.25,269.25;331,312.5
46937;47.75,32;277.75,31;279.75,169.25;363.25,313;29.5,309;202.75,107.25;260.25,269.25;331,312.5
23961;47.75,32;284.75,73.25;303.75,155;356,260.75;29.5,309;238.25,137.5;260.25,269.25;354.5,288.25
25668;47.75,32;259,34.25;270.5,168.25;337.25,257.5;41.5,319.75;225.75,188.25;261.75,246.5;354.5,288.25
29710;48.75,53.25;267.75,18.5;270.5,168.25;365.5,246;41.5,319.75;186.25,173;276.25,212.75;313.75,313.25
18646;48.75,53.25;267.75,18.5;292.5,127;365.5,246;55,298;215.5,203.5;246.75,233.75;291.5,300.75
49299;48.75,53.25;244.5,13.5;310.75,100.75;365.5,246;55,298;187,213.25;255.75,229.5;319.75,314.25
12588;25,86.25;202.5,42;278.5,62.5;360.25,288.5;55,298;169.75,189;217.75,207.5;319.75,314.25
9133;25,86.25;201,40.5;260,95.25;360.25,288.5;76.5,289.75;151.75,146.25;255.5,254;292.25,299.25
43590;62.25,57;188.5,43.5;304.25,132.75;341.25,228.25;76.5,289.75;151.75,146.25;254.75,257.25;264.25,241.5
22671;55.25,58.5;188.5,43.5;266.75,163.25;321.25,230.5;23.75,306.5;184.25,104.5;254.75,257.25;286.5,218.75
47849;53,61;185,67.5;266.75,163.25;276.25,243;14.25,279;184.25,104.5;254.5,293.5;257.5,176.5
3059;29.5,78.25;188.25,69.75;237.25,153.5;244.5,280.75;14.25,279;229,70;254.5,293.5;289.75,143.25
11542;50.5,122.5;188.25,69.75;295.5,168;297,272.75;14.25,279;202.25,107;247.75,266;290.25,141
41397;27.75,145;223.25,68.25;270.75,166.25;297,272.75;63.25,288.75;166.75,87.25;247.75,266;292.5,151.75
46018;27.75,145;223.25,68.25;245,176.75;315.75,302;45.25,317.25;212.5,85;278.75,235.25;328,133.5
23677;32.25,190;206.5,45.25;275.5,192.5;315.75,302;45.25,317.25;176.75,104.75;283.5,196;335.75,132.5
38806;87.25,177.25;212,5.5;276.25,134.75;312.75,299;47.5,282;141.25,119.5;283.5,196;335.75,132.5
47194;87.25,177.25;183.5,3.5;317.5,115.5;344.5,290;46.5,281.75;111.75,124.25;283.5,196;358.75,162.75
28350;131.75,174.5;213,9.75;299.25,110.5;342.5,298.75;72.5,279;80.5,100.75;283.5,196;358.75,162.75
18780;135.75,129.5;212.25,9;299.25,110.5;302.5,322.25;61.25,311.75;109,135.5;317.5,184.75;358.75,162.75
26521;145.75,124.25;212.75,9;284.25,56;344.5,288.5;11.5,310.75;109,135.5;317.5,184.75;339.5,123.75
24316;149.75,124.25;157.25,1.5;284.25,56;358.5,289.5;22.75,253.5;137,98.75;295.25,218;339.5,123.75
2803;144,141.75;157.25,1.5;284.25,56;310.75,252.75;77.25,239.5;143.25,98.5;261.75,259.25;316.25,132
15989;87.75,149.25;179.5,48.5;246.5,9.5;310.75,252.75;77,208;143.25,98.5;286.75,310.75;302.75,121.5
11032;87.75,149.25;168.25,8.25;258,19.5;272,237;51.75,171.25;129.5,94.25;285.5,310;302.75,121.5
35896;47.75,197.25;152.25,28.25;254.75,60.75;272.75,237;51.75,171.25;148,58.5;226,279.25;302.75,121.5
19523;47.5,215.5;186,59.75;213.5,94;272.75,237;84.25,137;148,58.5;224.5,320;302.75,121.5
30027;95.5,203.5;229.5,39.25;249.25,92.5;311.75,244.25;84.25,137;152.75,91.25;224.5,320;310.75,76
2131;75,222.75;208.25,62.75;292.25,104.5;344.25,227.75;109.25,168.5;118,74;224.5,320;310.75,76
41927;90.5,269.75;160,59.75;307.75,77;363,195.75;109.25,168.5;118,74;224.5,320;269.25,42.25
19909;143,305.25;193.25,17;289.5,71.25;344.5,225;109.25,168.5;166.5,91.75;224.5,320;248.25,17.25
5266;143,304.75;200.25,61.75;269.5,33;285.75,229.75;109.25,168.5;162.5,91.75;221.5,274.25;248.25,17.25
14263;141.75,304;200.25,61.75;318.75,17.75;324.5,227.25;91.75,222.25;224.5,82.5;224.5,222.75;248.25,17.25
1335;170.75,266;195,93.5;284,52.5;359.25,215;94,221.25;224.5,82.5;225.25,222.25;248.25,17.25
30204;160.5,240.75;195,93.5;263.5,2;359.25,215;125.75,199.25;223,81.75;223.25,217.75;252.25,5.75
3508;161.5,246;214.5,77.5;291.5,54.25;359.25,215;75,223;203,139.25;229.5,273.25;252.25,5.75
39414;152.25,225.25;214.5,77.5;334.25,75.25;366.5,193.5;75,223;164.75,162.5;239.5,246;263.5,43.5
39352;142.25,186.75;183.25,131.75;302.5,84.25;344.5,209.75;75,223;164.75,162.5;236,238.25;306.75,86.75
23662;140.25,194.25;158,124.25;326,105.5;357,170.25;96.25,265;191,161;236,238.25;306.75,86.75
10967;84.25,213.25;104,142.75;350.75,95.75;354,176.5;96.25,265;191,161;248.5,266;306.75,86.75
48785;51.25,193.5;93.25,176;350.75,95.75;354,174.5;102.75,260.75;212.25,177.5;248.5,266;299.25,83.5
9865;79,248.75;93.25,176;356.75,157.75;364.5,149.5;115.5,273.5;228.75,190.25;248.5,266;258.25,76.5
23015;29,251.5;65.5,170.25;356.75,157.75;365,150;119,259.75;198.75,254.75;203.25,298.75;258.25,76.5
31228;61.5,229.75;86.75,227.25;351.75,168.75;352.25,208.75;119,259.75;203.25,298.75;223.5,273.25;245.25,69.25
5524;27,268;124.75,213;351.75,168.75;352.25,208.75;79,267.5;209,275;236.25,266;253.75,46.5
47635;44.25,215.75;124.75,213;352.25,208.75;362.25,174.5;79,267.5;253.5,276.5;266.5,222.5;280.5,27.75
17852;86,238;114,164.75;352.25,208.75;362.25,174.5;26.25,238.75;216.25,246.75;270.75,223.25;298,86.5
24675;113,207.25;114,164.75;337.25,224;355.5,129.75;8,203.25;216.25,246.75;251.5,225.5;296.25,88.5
23476;164,226.25;172.75,162.5;337.25,224;355.5,129.75;7,188.25;238,221.75;255.25,174.5;261.75,79.5
42533;117.25,250.25;172.75,162.5;265.75,239;292.5,128;74.5,196.25;238,221.75;294.25,138;298.5,85.25
9406;117.25,250.25;177.75,140.5;225.25,209.25;300.5,111;116.25,195.25;237,222.75;298.5,85.25;337.25,124.25
36567;117.25,250.25;140.5,150;253.5,194.25;285.5,70.75;116.25,195.25;236,200.75;340.25,80.5;360.5,163.25
12435;117.25,250.25;140.5,150;266,177.5;282.25,54;92.5,171;291.75,198.5;299.5,84.25;318.5,164
29760;101.75,207.75;162,186;252.5,138;290,6;92.5,171;279.75,186.75;299.5,84.25;318.5,164
40518;56.5,239.25;136,225.75;260.5,178.75;273,23.25;92.5,171;279.75,186.75;283.25,51;352.75,169.75
28015;47.75,240.75;98.25,212.25;266.25,133.75;273,23.25;100.5,221.75;241.5,173.75;343.25,51.25;352.75,169.75
42894;74.75,234.5;107.5,154.75;217,106.5;315,14.5;116,195.5;241.5,173.75;343.25,51.25;357.25,229
27619;92.75,241;107.5,154.75;217,106.5;315,14.5;135.75,169.25;266.5,192;319.75,64.75;356.75,238.75
38235;63,250.5;107.5,154.75;268.5,134.75;316.5,15.5;135.25,170.75;276.75,215;319.75,64.75;341,291.75
43425;56.5,295.5;66.75,157;268.5,135.5;275.5,52.5;135.25,170.75;295.5,199.25;312.5,3.25;341,291.75
21026;1.25,296.75;55,217.25;268.5,135.5;328.25,38.75;135.25,170.75;304,233.5;323.75,50.5;338.25,274.25
25894;1.25,296.75;63.25,248;205,131.5;339.75,79;135.25,170.75;288,217;308.5,33.75;311,229.75
370;1.25,296.75;20.75,251.5;247.25,177.75;304.25,119.5;135,171.5;288,217;298,9.75;351.5,276
35885;2.25,294.25;20.75,251.5;225.75,207.25;299.5,191;135,171.5;236.75,204;298,9.75;322.5,310.25
34226;2.25,294.25;40,273.75;226.5,187.75;299.5,191;135,171.5;195.5,174;281.5,12.5;286.75,299.25
16041;13.5,261.25;88.75,243.5;226.5,187.75;299.5,191;120.5,157.75;238.5,164.25;256.75,15.5;298,306.75
24411;26.5,285.5;139.25,228;227.5,146;257.75,157.75;145.5,162.75;238.5,164.25;256.75,15.5;260.25,270.75
49002;22.5,310.25;146,227;182.5,156;232.25,135.25;145.5,162.75;238.5,164.25;256.75,15.5;287,228.25
50210;68.75,304.5;80.75,230.5;184.75,131.5;199.25,174.5;146.25,162;238.5,164.25;254.25,25;287,228.25
1967;33.25,319.25;88,256;153.5,96.5;199.25,174.5;111.5,152.75;221,204.25;254.25,25;314.25,171.5
4468;38.75,315.75;111.75,281.5;153.5,96.5;206.25,199;145.5,182.5;195.25,180.75;254.25,25;329.75,159.5
10393;71.5,321.75;110.5,282.75;157,111.75;206.25,199;129,215.5;195.25,180.75;240.25,76;358,158.75
24328;56.5,272.75;62.75,307;170.75,97;182.75,248.25;91.75,222.25;195.25,180.75;240.25,76;310.5,129.75
291;41.5,284;62.75,307;142.5,124.5;147.25,238.5;91.75,222.5;165.5,222.5;222.5,75.75;310.5,129.75
38799;0.5,277.5;60.5,318.25;142.5,124.5;188.75,210.75;109.5,275.25;117,197.75;239,117.5;310.5,129.75
21002;0.5,277.5;91.5,303.5;138.5,151.75;157.5,158.75;116.5,309.75;173,230.5;239,117.5;357.75,147.5
33532;52.75,309.5;68.5,294.5;114.25,213.5;167,156;55.5,298.5;173,230.5;287.75,103.5;357.75,147.5
24680;12.75,261.25;68.5,294.5;89.5,201.5;167,156;57.25,288.75;227.25,232.25;299.75,95;311.25,195
27010;56.5,219.25;60,240.75;105.5,143;227.75,176.75;57.25,288.75;217.75,247;270.5,130.75;311.25,195
44539;58.25,209.75;82,248.75;91,116.75;227.75,176.75;57.25,288.75;228.5,216.5;263.25,120.25;348,214.25
43413;58.25,209.75;82,248.75;91,116.75;269.75,164.5;13,303.25;262.5,253.5;297.25,152.5;361,229.5
17494;1.25,194.5;41,239.75;91,116.75;317.5,150.25;12.5,308.5;235,310.25;297.25,152.5;361.5,228.25
46931;0.25,192.75;22,302.75;123.5,120;368.75,146.5;12.5,308.5;275,255.75;297.25,152.5;346.5,184.25
7114;22,190.25;44.75,264.75;153.75,126.5;368.75,148.5;12.5,308.5;273.75,244.25;297.25,152.5;354.5,199.25
10654;22,190.25;62.25,266;159,129;346,128.5;61.75,308;274.5,262.5;297.25,152.5;338,198.5
41453;22,190.25;59,230.25;136,128.75;309.75,120;89.25,268.25;273.75,305;297.25,152.5;349.5,173
45572;36.25,147.75;67.75,280;136.5,91.25;290.5,126.5;130,252.5;244,293.25;297.25,152.5;349.5,173
11740;54.5,144.25;69.5,321.75;184.75,112;292,103.75;130,252.5;267.75,321.75;297.25,152.5;349.5,173
29929;38.75,84;69.5,321.75;144,127.25;253.5,109.25;160,255.75;267.75,321.75;321.25,159.75;356.5,170.75
15878;43.75,114;69.5,321.75;111.5,85.75;240.75,135.25;168,298.75;314.5,313;321.25,159.75;359.75,148.75
22301;67.75,86;82.25,261;86,114.75;240.75,135.25;152.25,241;309.75,299.5;315.25,163.75;359.75,148.75
18995;71.75,88;82.5,201.5;104,79.5;208,178;109,259.75;309.75,299.5;322,161;359.75,148.75
25257;42.75,44.25;54,228;125,57.25;225,127.5;142.25,302.5;300,236.75;322,161;359.75,148.75
7676;39.5,67.75;42.75,168.5;160.5,98.25;223,127.5;142.25,302.5;252.75,256;303.75,114.75;359.75,148.75
9876;11.25,41.75;31.75,159.25;175.5,43.5;277.25,106;142.25,302.5;278.5,224.5;303.75,111.25;359.75,148.75
16436;11.25,41.75;90.5,141.25;148.5,27.5;316,149.75;142.25,302.5;302.75,197.5;355.25,149;360.25,155.25
24944;35.5,57.75;145,128.25;161,7.75;291.75,189.75;142.25,302.5;316.25,197.25;319.25,161.5;360.25,155.25
44101;55.25,57;171.75,176.25;180,38.75;277.25,242.75;142.25,302.5;316.25,197.25;327.75,160;360.25,155.25
49799;55.25,57;164,149;180,38.75;332.5,252.25;92.75,258.5;316.75,150;353,203.25;360.25,155.25
614;36.75,101.25;126,145.5;222.25,12.75;333,248;92.75,258.5;278,126;319.25,243.5;360.25,155.25
12442;37.25,100;126,145.5;222.25,12.75;364.5,260;54.5,232.5;310.5,169.25;310.75,263.75;333.75,178.5
27799;37.25,100.5;132.75,158.75;260.5,17.75;364.5,260;54.5,232.5;272,181;278,245.25;356,156
50325;73,96.25;113.5,208.25;260.5,17.75;364.5,260;96.75,234.75;255.25,174.75;265,245.25;357.75,148
35343;77.75,95.75;137,230;313.75,6.75;351.75,241.75;96.75,234.75;255.25,174.75;274.25,288.25;355.5,174.5
46869;109.75,59.5;193,216.5;264.25,30.5;367.5,184.5;72.25,215.5;255.25,174.75;274.25,288.25;319.25,189.25
21970;95.25,10.5;219.5,252;270.25,18;335.5,218.5;72.25,215.5;224.75,202.5;274.25,288.25;319.25,189.25
43256;95.25,10.5;245,200;267,9.75;341,164.25;72.25,215.5;245,195;274.5,288.5;320.5,161.75
34051;124,32.75;212.25,180.75;264,31.25;337.75,179.25;72.25,215.5;241,174.25;274.5,288.5;336.5,133
97;119.75,21.5;195,227.5;302.75,62.75;337.75,179.25;71.75,184.25;241,174.25;263.25,264;287,114.5
48383;62.25,31.25;195,230;302.75,62.75;319.75,216.5;71.75,184.25;234.75,157.5;266.75,248;274,126.5
38796;8.75,23.25;217.5,200.5;253.75,56.75;357,225.5;71,208;234.75,157.5;266.75,248;272.25,126.25
43387;38.5,44.75;205,250.75;285,75.75;317.5,229;17,186.5;234.75,157.5;266.75,248;306,93.5
49866;65.5,41.25;224.75,230.75;293,37.75;319.25,239.25;22.75,159.75;220.5,167.25;266.75,248;306,93.5
29216;12.75,10.25;222.75,252;293,37.75;319.25,239.25;19,202.75;260.25,175.75;276,286.25;343.25,140.25
28262;70,39;201,308.25;308.25,56.5;319.25,239.25;22.75,229.75;260.25,175.75;269.5,286.25;356,148.75
10095;74.5,17.25;225.5,316.25;308.25,56.5;348,214.75;22.75,229.75;219.25,167.5;269.25,284.5;350.5,156.5
39827;74.5,17.25;225.5,316.25;276.5,101.5;348,214.75;8.5,202.75;250.5,132.25;264.75,288.5;306,127
39397;41.5,61.75;225.5,316.25;302.5,57;352,178;8.5,202.75;212.5,97.25;265,288;359.25,146.25
12956;35.75,120.75;171.25,307.5;284.5,57;367.5,184.5;8.5,202.75;232.5,67;265,288;359.25,146.25
255;35.75,120.75;170.75,307.75;332,31;337.75,151.5;57.75,204.75;266.75,34.25;320.5,312.75;359.25,146.25
25165;33.25,96.5;140.75,267.25;293.25,71.25;353,83.5;57.75,204.75;205.75,65.25;334.75,280.25;359.25,146.25
9420;37.25,71;156.25,225;294.5,71.25;307.5,99.75;57.75,204.75;220.75,108.25;334.75,280.25;358.75,162
21575;68.75,98.5;130,246.25;294.5,71.25;322.25,151;20,197;263,137.5;353.5,262.75;358.75,162
22440;115.75,123.25;164.75,216.25;296,37;309.25,157.5;20,197;254.75,132.75;353.5,262.75;358.75,162
18055;118,123.75;212,236.75;296,37;366.5,167.75;42.75,197.5;290,115.5;351,218.25;358.75,162
12909;118,123.75;212,236.75;245,78;366.5,167.75;33.25,143;242.75,132.75;357.25,173.5;358,165
41418;78.25,126.75;167.25,202.75;248.25,118.25;366.5,167.75;87,163;242.75,132.75;336.75,162.5;338.25,222.5
10968;83,176.75;167.25,202.75;248.25,118.25;338,208.75;87,163;236,132.25;304.25,130.75;355.75,225.75
8378;64,182;167.25,202.75;248.25,118.25;317.5,229.5;80.5,165.75;212.5,184;268.5,94;364.25,278
50380;64,182;167.25,202.75;292.5,110.75;355,224;80.5,165.75;184.25,177.25;304.75,86.75;341.75,278
18654;64,182;199,245.25;261.75,156.5;363.5,228.25;79,163.25;160.5,203.75;304.75,86.75;352.5,291.75
50050;52.75,159.25;203.25,266.25;269.25,120.25;363.5,228.25;79,163.25;116.75,198.5;304.75,86.75;336.75,314.5
1555;84.75,187;205,267.5;279.75,103;363.5,228.25;48.5,138;118,200.75;304.75,86.75;311.75,311.25
39196;103.75,226;209.75,260.5;267.75,59;353,214.5;48.5,138;74.75,204.5;304.75,86.75;311.75,311.25
20364;76.5,188;174,293;272,102.25;353,214.5;48.75,138.75;66,207.5;304.75,86.75;358.25,276.5
42084;79.5,165.75;145.5,302.25;296,71.25;352,185;48.75,138.75;56.25,251.25;308,141;358.25,276.5
46207;62.5,219.25;145.5,302.25;271,33.5;368,166.75;48.75,138.75;103,274.5;308,141;361.25,278.25
2755;62.5,219.25;164.25,294.25;285,54.25;363.25,120.5;48.75,138.75;83,285.75;332.25,124.25;361.25,278.25
12970;62.5,219.25;128.75,291;272.25,2.75;318.75,111.5;15,155.75;62.5,258.75;271,137;361.25,278.25
29346;62,249.5;96.5,322.25;291,55;353.75,156.5;15,155.75;34.5,309.25;267,136.5;361.25,278.25
35755;57.5,218.25;96.25,322;308.75,119.5;355.5,135.75;15,155.75;34.5,309.25;273.25,153;335.75,235.75
42778;1.75,231.25;90.75,312.25;281.5,167.25;355.5,135.75;15,155.75;90,281.5;273.25,153;355.5,241
30951;1.75,231.25;37.75,285.75;285,142.75;322.5,161;59.75,168.25;145.5,303.75;243,194.5;355.5,241
28383;36.25,213;77.25,286.75;242,171.25;270.75,137.75;61.5,164.5;119.75,294.5;243,194.5;355.5,241
32859;36.75,213.5;77.25,286.75;235.25,199;285,142.75;16.75,149.75;119.75,294.5;246.5,204.25;352.25,276.25
50034;10,177.75;77.25,286.75;248.5,167.25;323,156.75;29,188.75;119.75,294.5;247.25,204;322.5,312
664;58,179.25;77.25,286.75;256,200.25;323,156.75;13.75,214.75;122.75,296.25;291.75,217.5;319.5,312
2574;67.25,171.25;77.25,286.75;256,200.25;275.25,133.25;33.75,206.75;104.5,276;306.5,233.5;356,291.75
33161;68.5,172.5;77.25,286.75;209.75,227.75;282.25,167;33.75,206.75;81.5,274.25;324.5,244;367.25,279
41804;3.25,169.75;15.5,284;201.75,169.75;331.25,197.25;11.5,238.25;81.5,274.25;291.5,249;367.25,279
25450;3.25,169.75;29.5,266.75;146.25,177.5;317.75,142.75;34.25,206.75;84.75,316;292.5,247.5;367.25,279
21132;3.25,169.75;48,294;152,125.25;308.25,142.75;18.5,207.25;88,316.5;273.5,265;367.25,279
1411;31.5,193;70.75,293.5;187,131.25;308.25,142.75;22,201.75;43.5,320.5;266.25,265.5;367.25,279
22948;21.5,190;45.75,264;199,138.75;294.5,134.5;33.25,215;83.75,320.25;266.25,265.5;367.25,279
39867;21.25,190.25;45.75,264;160.5,126.75;294.5,134.5;14,203.75;47,281.75;304.25,241.75;343.5,228.75
4704;39.5,202.5;52,241.75;195.75,113.25;266.5,122.5;14,203.75;47,281.75;315.75,235;343.5,228.75
17374;35.5,224.75;73.5,228.25;195.75,113.25;254.5,107;1,172;22,309.5;315.75,235;343.25,230.5
12929;4,280.75;32.75,239.25;195.75,113.25;225.75,74.75;1,172;43.5,318.75;300.75,242.5;321,288.25
8045;16.5,287;75,275;162.75,125.75;220.5,57.25;1,172;40.75,274.25;300.75,242.5;317,289.25
15646;44.25,308;76,286;162.75,125.75;176.5,38.75;1,172;41.25,274.25;284.25,216.25;301,249
16780;24,312.75;113.25,244;162.75,125.75;164.25,38.75;12.75,137.25;41.25,274.25;291,170;301.75,199.75
17355;54.5,284;158,275.75;162.75,125.75;225,38.5;12.75,137.25;104,265;318.25,226.25;349.25,204.25
32999;80.75,231.75;143.75,265.5;193,144.25;225,38.5;11.25,108.75;104,265;315.25,248.75;341,207.25
11753;41.25,213.25;143.75,265.5;200,185.25;212.25,16.75;17.75,144.75;141.5,303.5;303.75,199.75;315.25,248.75
847;48.5,265.75;149,224.5;211.25,242.25;212.25,16.75;17.75,144.75;169.75,298.25;304.75,196.5;308.5,199.5
6542;46,284;126.25,234.5;152.75,228;252.5,59.25;17.75,144.75;169.75,298.25;312.75,160.75;314,180.25
846;9.25,310;126.25,234.5;152.75,228;268.75,101.25;42.5,140.75;151.25,246.5;300.25,196;342.75,204
45984;40,308.75;136.5,223;172,265.75;225,77.25;103.25,122;176.5,307.75;300.25,196;342.75,204
43871;91.75,323.5;126.75,179.25;197.75,281.25;258.25,94;101.25,122.75;118.75,296.5;300.25,196;342.75,204
10516;91.75,323.5;167.5,161.5;225.75,316.25;268.75,106.25;101.25,122.75;121.25,252.25;278,223.5;295.25,218
36440;91.25,323.25;183.75,119.5;225.75,316.25;268.75,106.25;120.25,102.75;156.75,221.75;264.75,214.25;294.75,184.5
8196;87.5,323;220.25,154.25;239.5,278.75;268.75,106.25;108.25,140.75;185.75,196;258.5,214.5;294.75,184.5
999;42.75,305.25;255.75,134.25;271.25,250;302.25,114.25;107,183.5;185,181.5;258.5,214.5;294.75,184.5
3837;5.75,296.5;231,154.75;281.25,283;302.25,114.25;92.5,126.25;185.25,232.75;258.5,214.5;321,199.25
4500;5.75,296.5;231,154.75;281.25,283;312.25,147.5;57.75,170.25;188.75,276.25;228.25,247.5;351.75,180.25
5391;5.75,296.5;223.75,201;244,295.75;345.5,158.75;19.25,206.25;189.75,271.75;195.5,234.75;351.75,180.25
18961;5.75,296.5;223.75,201;293,319.5;317,116;3,193.75;189.75,271.75;246,230.25;353.5,198.75
47290;5.75,296.5;223.75,201;311.75,262.75;356.5,95.25;49.75,221.75;189.75,271.75;293.5,194.25;355.75,162.25
40836;63.75,291;211.75,203;297.75,231.5;312.25,52.75;49.75,221.75;189.75,271.75;293.5,194.25;316.75,136.25
17284;81,322.75;211.75,226.5;297.75,231.5;328,63.25;89.5,253;154,298.75;255.75,169.5;316.75,136.25
37465;116.75,272;170,226.75;297.75,231.5;328,112.75;100.25,261.25;176.25,319.5;255.75,169.5;359.75,158.25
26207;77,255;140,197.75;248.75,203.25;328,112.75;122.25,234.5;176.25,320;262.25,141.25;359.75,158.25
25559;104.25,257;155.25,194.25;211.75,228;336.5,113.75;140.5,194;176.25,320;262.25,141.25;359.75,158.25
31700;62.25,264;164.5,226.75;192,252.25;326.5,136.25;133.75,179.25;220.25,283.25;262.25,141.25;359.75,158.25
9611;57.5,242.25;164.5,226.75;192,250.75;326.5,136.25;116.25,199.5;187,252.5;247.75,181.25;329,132
15511;60.5,210.25;149,227.75;160.5,278.25;358.25,104.75;116.25,199.5;187,252.5;234.75,213;355.5,162.25
13261;50.5,241.25;133.75,282.75;149,227.75;365,150.75;143.5,223.5;162,259.5;234.75,213;359,214.75
49367;50.5,241.25;133.75,282.75;149,227.75;365,151.25;101.75,229.75;154,303.25;191.25,180.5;360,174.5
23243;48.75,189.25;82,280;129,242.75;366,192.75;60.5,239.5;172,317.5;191.25,180.5;360,174.5
29968;11.5,191;43,238.5;159.5,265.75;366,192.75;56.5,252;172.5,317.25;184.75,201.25;360,174.5
44529;10.75,232.25;57.75,240.25;171.75,311.5;339.5,179.25;56.5,252;172.5,317.25;184.75,201.25;355.25,155.25
31869;10.75,232.25;51.25,294.5;153.25,310.25;297.75,167.5;56.5,252;151.75,303;181.25,189.75;320,144.75
6783;44.25,240;70.5,294;187,316.75;254.75,190.25;4.5,280.25;151.75,303;181.25,189.75;320,144.75
2814;44.25,240;68.5,295.75;187,316.75;249,218.75;4.25,309.5;108,309.25;200,154.75;300.5,113.25
13304;49.75,255;92.5,300.75;203.25,269.25;235.5,204.75;20.5,268.5;108,309.25;203.25,107.25;300.5,113.25
28563;30.5,284;82,297.25;203.25,269.25;204.25,168;35.5,231.25;110.75,281.25;203.25,107.25;300.25,111.25
22347;59.5,273.75;79.5,303.25;203.25,269.25;204.25,168;23.75,229.25;122,246.25;259.75,111;267.75,104
46690;20.5,229.25;79.5,303.25;203.25,269.25;204.25,168;25.5,186.5;68.75,222.5;204.5,95.25;302.5,115.5
46256;58.5,218.5;79.5,303.25;200.5,223.5;243.75,127.5;11.5,238.75;56.75,170.25;162.75,70.25;302.5,115.5
34938;58.5,218.5;112,309;206.25,176.5;236.5,70.25;24,265.5;56.75,177.25;211,48.75;302.5,115.5
24386;36.5,189.75;71.5,287;206.25,176.5;227.25,30.5;6.25,309.25;56.75,177.25;223.25,15;269.25,143.75
47189;36.5,189.75;71.5,287;205.5,179.25;208,64.25;55.5,308.75;121.75,174;261.5,38.25;329,115.75
7743;62,230.25;102.5,253.5;243.5,212.5;253.75,81;55.5,308.75;84,168.5;294.75,13;329,115.75
6970;13.5,229.25;102.5,253.5;267.5,178;302.75,112.25;3.5,297.75;84,168.5;263,33.5;329.75,115.5
36936;13.5,229.25;64,268.75;268,182.75;302.75,112.25;3,311.25;106.25,144.5;220,37.75;341.5,119.25
13241;13.5,229.25;59,229.5;259,237.25;302.75,112.25;37.5,319.75;123,152;254.5,32.5;362.75,80
29158;13.5,229.25;90.75,268.75;259,237.25;302.75,112.25;90.5,318.75;103.5,137;245.75,12.5;334,52.5
12960;76.25,232.5;114.5,282;259,237.25;271.75,138.25;90.5,318.75;152.75,185.25;256.25,11.75;280,36
11687;71.75,187.5;91.25,233.5;260.5,239.5;271.75,138.25;108.5,309.25;144,203.75;256.25,11.75;296.5,36.5
11195;85.25,227.25;111,220.25;199,232.25;270,168.5;105.75,310.5;144,203.75;256.75,16.75;296.5,36.5
13429;85.25,227.25;159.75,248.75;229,185;239,216.25;109.25,280.75;144,203.75;269.25,27.25;308.5,43.5
47282;101.25,196.25;156,243.75;222.25,235.5;275.5,231.75;108,291.5;122.5,194;269.25,27.25;308.5,43.5
5927;95.75,230.25;140.5,241.25;252,223.5;278.25,240;108,291.5;152.25,153.25;223.25,40;308.5,43.5
14204;137.25,240.75;145.75,225.25;231.25,193.25;300.25,221;85,253;120.75,150.25;223.25,40;308.5,43.5
1868;125.5,195;155.5,266.25;231.25,193.25;312.5,227.75;42,250.75;160,143.75;223.25,40;307.5,42.75
39893;139.5,224;139.75,226.75;271.25,168.5;302.5,253.75;20.25,294;126.25,158;223.25,40;307.5,42.75
15967;101.5,254.5;147.75,195;297.5,148.25;302.5,253.75;18.25,311.5;126.25,158;246,48.75;297.25,92.75
14377;143.75,226.5;155.25,149;297.5,148.25;322.75,308;53.25,288.75;152.25,172.5;216.75,79.5;297.25,92.75
2264;151,204;155.25,149;277.25,150;294.25,322.75;87.25,301.25;152.5,172;205.25,39.75;297.25,92.75
13542;151,204;152.75,127.5;292.5,136;294.25,322.75;46.25,312.25;133.75,198.75;149.5,29.5;342.25,77.75
3562;122.5,237;187,104.25;248.25,166.25;297.75,263.5;19.25,296.25;133.75,198.75;167,39.5;342.25,77.75
9894;94.25,233.75;183,101.75;303,151.5;305.75,317.5;46,294.5;123,173.75;167,39.5;342.25,77.75
29317;89,249.25;161,106.25;303,151.5;351,319.25;11,310.5;92,151.75;167,39.5;340,73.5
16839;59,230.5;161,106.25;303,151.5;367.25,314.5;51,277;84.25,131;167.25,41.5;340,73.5
35436;59.75,248.5;163.25,150.5;283,180;367.25,314.5;22.75,253.5;28.75,146.5;130.75,23.75;340,73.5
36905;15.75,262.75;163.25,150.5;237.5,196.25;321.25,304.25;22.75,253.5;47,130.5;188.25,21;301.75,112
10884;21.5,310.75;137.75,125.25;270,230.5;336.5,299.25;22,252.5;57.75,96.25;188.25,21;301.75,112
20533;43,275.75;115.5,104;248,171.25;361.75,314.25;22,252.5;83.25,146.25;250.5,17.75;301.75,112
7446;58.5,245.5;68.5,97.75;248,171.25;306.5,321.25;22.25,206.75;76,100.25;250.5,17.75;301.5,95
41499;41.5,238.25;48.75,125;228.25,207.75;296,302.25;18.5,227.5;76,100.25;296,38;301.5,95
12668;49,215;74,87;228.25,202.5;237,291.25;47.75,192.5;88.75,68;296,38;301.5,95
9109;33.75,194.5;109.25,41.25;229.75,205.75;278,254.75;47.75,192.5;142,91;296,38;301.5,95
31076;68.25,153.25;108.5,78.75;217,245.75;317.25,241.75;47.75,192.5;142,91;265,11.5;301.5,95
40867;105.25,127.25;108.5,78.75;191,281;275.5,232.25;47.75,192.5;108.25,124.5;244.75,38.5;269,127
49942;105.25,127.25;141.75,88.75;232.5,316.25;276.75,284;47.75,192.5;153.75,154.5;252.75,38.75;269,126.25
4258;112,168.25;133,77.5;284.75,317.25;294.5,319.5;47.75,192.5;117,140.5;252.75,38.75;269.5,125.5
32809;96.5,189.25;133,77.5;284.5,318.75;297.75,302.25;48.25,191.5;117,140.5;227.5,49.25;249,71.75
39801;96.5,189.25;115,41.5;296.75,302.25;297.25,262.5;48.25,191.5;168.25,111.25;234.25,94.75;254.75,17.75
4889;146.75,160.25;166.75,45;306.5,321.75;356,266.5;18.75,218.5;168.25,111.25;234.25,94.75;282.75,49.75
13125;146.75,160.25;177,47.25;310.75,317.75;365.25,309.5;18.75,218.5;115.5,113.25;263.75,143.25;322.25,31.75
22278;95.5,175.25;177,47.25;308.75,319.5;342.25,258.75;36.5,273.25;106.75,124.25;224.25,165.75;322.25,31.75
12602;65.5,184;223.75,54;306.5,319.75;342.75,228.5;37,273;106.75,124.25;273.5,169.5;322.25,31.75
34487;75,222.75;223.75,54;306.5,319.75;342.75,228.5;87.5,283;152,88.75;300.75,199.25;324.75,44.75
36129;75,222.75;243.75,102.5;288,290;307.25,249.5;129,317.25;187.25,66.5;300.75,199.25;305.5,7.75
3922;75,222.75;211.5,127.75;287.5,288.25;322.25,191.25;185,303.75;223.25,70.75;257.75,183.75;305.5,7.75
32397;61.25,248.5;190.25,156.25;266,269.5;290.25,168.75;185,303.75;223.25,70.75;260.5,139.5;305.5,7.75
45523;61.25,248.5;190.25,156.25;226.25,252;331.75,197.25;206.25,261;223.25,70.75;223.5,117.5;305.25,26.25
30860;61.25,248.5;230.75,193.25;269.25,230.25;352.75,214.25;206.25,261;259.75,51.5;266.5,118.75;280.5,31.5
15300;67,230.75;221.5,185.5;301,210.5;360,249.75;206.25,261;259.75,51.5;297.5,84.25;301,3.25
38174;13.25,229;196,177.75;300.75,230;338.25,209;188.75,273.25;259.75,51.5;296.25,86.5;301,3.25
44943;30.25,268.25;214.5,244.75;260.5,231.75;338.25,209;178.25,242.25;242,87.25;259.75,103.5;301,3.25
23376;29.5,268;162.25,226.75;260.5,231.75;350,197.75;181.25,197;193,96.25;286.5,101.25;301,3.25
39338;53.25,295;120,258.25;261.75,231.5;362,230;181.25,197;193,96.25;248.75,70.5;336,41.75
13884;53.25,295;137.5,212.5;261.75,231.5;362,230;174.25,163.5;193.25,99.25;301.5,90.75;354.5,46.5
44584;17.5,287;177.5,218.5;300,254.5;362,230;136.75,192;243.75,121.25;301.5,90.75;352.5,46.5
36332;22.75,308.75;177.5,218.5;300.75,255.5;330.75,237.75;149.5,143.25;255.5,133.75;299.5,88.25;352.5,46.5
37163;47.5,303.25;197.25,175;300.75,256;363.75,262.25;168.25,95;261.25,141.5;299.5,88.25;352.5,46.5
31935;68.5,318.25;197.25,175;275.75,222.25;353,267;191.5,96;286.5,185.75;301.25,85.25;352.5,46.5
46190;10,309.5;130.75,189;275.5,223;353,267;191.5,96;247,196.5;269,73.5;308.5,85.5
30351;48,309.5;130.75,189;223.25,202.5;353,267;150,87.25;217.75,188;295.75,51.25;310.5,128.75
1223;48.25,309.5;130.75,189;223.25,202.5;360.5,294;158.5,28.75;238,164.75;330.25,22.25;357.75,149.5
3839;48.25,309.5;162.5,226.25;166.75,204.25;349.25,235.75;126.25,18.25;192,160.75;330.25,22.25;357.75,149.5
27891;99.75,294.75;100.25,247.5;206.75,169.75;349.25,235.75;146.75,42.5;219.25,169.5;273,35;357.75,149.5
21547;67.75,242.5;98.5,295.25;164.5,185;349.25,235.75;169.5,17.25;201.5,187.5;273,35;359.75,172.5
5329;97.75,284.25;146.75,318.75;158.25,129.75;345.75,288;183.25,41.25;201.5,187.5;273,35;359.75,172.5
30358;44.25,307.25;133.75,282.75;225,129.75;340.25,320.25;187.25,65.25;188.5,215;273,35;359.75,172.5
27363;44.25,307.25;147.25,238.5;267.5,101.5;296.5,302.25;152.5,53;173,242;273,35;318,139.25
48520;43.75,296.5;125.5,291;252.25,120;283,322.5;114,87;130.75,264.5;273,35;318,139.25
38828;44.25,295.5;142.5,309.25;252.25,120;290.75,322.5;114,87;151,299;302,27;358.5,148.5
44020;29.25,273;93.75,309;203.75,91.75;290.75,322.5;90.75,131.5;151,299;302,27;355.5,157
8510;29.25,273;93.75,309;167.75,91;308.5,307;131,152.5;161.25,300;288.75,83.5;314,161.25
30452;6.25,212.5;93,309;179.5,49;342.75,288.5;131,152.5;176,305.25;240.5,83.25;314,161.25
27824;21.75,189.75;108.5,307.5;179.5,49;362.75,276.5;129.75,150.25;184,277.25;240.5,83.25;267.5,141.25
33874;21.75,189.75;49,295;232.75,54.75;362.75,276.5;147,145.25;153.75,302;222.25,117.5;270.75,90.75
27014;28.5,177.25;34.75,241.75;287.5,72.25;362.75,276.5;144.25,160.5;153.75,302;247,164.25;270.25,93.5
2158;28.5,177.25;54.75,210.25;308,112.75;351.5,290;121.5,156.25;134.25,266.5;247,164.25;300.25,141.5
7045;0.25,175.25;49.75,240.75;308,112.75;323.75,315.5;119.25,103;130.25,217.25;201.75,146;300.25,141.5
35442;0.25,175.25;51.5,215;269.5,113;346,312;123,131.75;130.25,217.25;201,146.25;358.25,157.75
21247;0.25,175.25;39.5,241.5;269,117.25;320.25,299.5;121.25,112.25;130.25,217.25;246.75,169;341,214.25
7164;0.25,175.25;81,263.25;315,113.5;320.25,299.5;96.25,67.5;143,225.5;217.25,157.25;350.5,218
27260;0.25,175.25;82.75,322.5;359.25,118.75;363.25,294.75;136.25,107.25;143,225.5;189,173.5;352.25,222.75
45599;50.25,139;81.75,297.75;309.25,115.5;322.75,300;136.25,107.25;144.75,200;238.5,163.25;352.25,222.75
23055;50.25,139;62.25,293.5;284.75,57.5;322.75,300;129.75,128.25;196.5,175;254,163.75;349.75,185
14201;50.25,139;62.25,293.5;284.75,57.5;332,256.5;129.75,105;216.5,191.5;219.5,165.75;325.5,149
13749;50.25,139;62.25,293.5;280,10.25;332,256.5;157,96;211.75,163.25;223,129;355.75,157.75
29284;40.25,145.25;54.5,318.25;280,10.25;311.75,227;142,79.75;211.75,163.25;243,83.25;354.5,203.25
27289;72,111;74.25,298;268.5,1.5;311,228;106.75,118.25;181.75,197.5;243,83.25;354.5,203.25
43532;71.75,113.25;98.75,253.5;268.5,1.5;360.5,233.75;124.75,107.5;227.25,204;228.5,114.75;354.5,203.25
11805;49.25,58.5;99.75,246.5;268.5,1.5;326,213.75;124.75,107.5;188,162.5;271.5,113.5;354.25,184.75
37030;9.25,24.25;92,255;218,2.75;322.5,197.5;124.75,107.5;188,162.5;271.5,113.5;359.5,145.25
7261;35.5,58.25;92,255;236,39;272.75,195.75;87,71.25;188,162.5;252.5,163.25;331.75,159.5
3333;35.5,58.25;92,255;235,54.25;272.75,195.75;88.75,34.75;184.75,174.5;226.25,190.75;318.25,195.25
7171;85.5,62.75;134,242.75;271.5,23.75;317,201.5;88.75,34.75;184.75,174.5;195,215.25;309.75,163
31122;50.75,55;160.75,278.5;269,71.5;317,201.5;117.75,61;184.75,174.5;231,254.75;328.75,195
14547;50.75,55;115.25,284.5;242.75,116;315.5,211.75;168,49.5;202.5,153.5;228.75,257.5;328.75,195
37428;3.25,74.5;115.25,284.5;253,131.25;343.75,227.75;159.75,65.5;204.25,173.75;228.75,257.5;330.75,161.5
24676;21.5,76.5;115.25,284.5;279.75,168;294.5,210;151.75,87.75;210.25,139.25;228.75,257.5;350.75,138.25
29517;5.25,51.5;58.25,278.5;279.75,168;348.5,224;115.75,115;209.75,139.5;220,283.75;350.75,138.25
30090;5.25,51.5;16,265;251.75,155;305.75,192.75;153.5,116;205,173.25;232.25,256;350.75,138.25
40036;2.5,8.75;16,265;226.5,129.75;305.5,210.5;153.5,116;187.75,197.5;257,293.75;309.5,139.75
30404;2.5,8.75;16,265;193,157.25;307.5,211.75;92.75,106.25;141.25,194.75;249.75,308.25;290,142.75
45514;4.5,54.75;50.75,237.75;209.25,92.75;307.5,211.75;92.75,106.25;151.5,255.75;250,276.25;351,156.5
20880;51.25,54.5;77.5,232.75;204.5,41.5;316.25,268.25;92.75,106.25;151.5,255.75;275.25,313.5;351,156.5
48513;51.25,54.5;129.5,246.75;165.5,1.75;298.75,229;78.5,80.25;182.25,289;275.25,313.5;332.75,150.5
13836;17,58;81,255;124,3.25;298.75,229;70.5,140.25;182.25,289;273,313;293,196
21849;17,58;81,255;124,3.25;258.5,254.75;74.75,174.25;126.75,298.25;247.75,291;309.5,196.5
45376;22.75,78;63.5,311.75;124,3.25;247,308.75;74.75,174.25;171.75,309.5;221.5,283.25;346.25,206.5
25492;49,102;50.25,293.5;116.75,15.75;281.25,313.5;74.75,174.25;171.75,309.5;221.5,283.25;309.5,210.75
40079;49,102;50.25,293.5;116.75,15.75;286.25,318.5;107.25,202;141.5,298.25;253,268.75;283.5,219
19068;42.5,44.25;46.75,278;116.75,15.75;297.75,322.5;84.25,189;141.5,298.25;249.5,256.75;264.25,251.5
40186;42.75,36.25;92.5,300.75;160.5,34.5;318.75,304.75;84.25,189;112.25,281;249.5,256.75;284,276
8199;75.25,53;92.5,300.75;168.25,5.75;346.75,317.5;81.5,157;112.25,281;230.25,229.75;311.5,314.25
30661;75.5,53.5;92.5,300.75;168.25,5.75;291,321.5;20,156.75;148,238.75;220.75,247.25;346.25,276
34947;50.75,43.75;57.5,248.5;184.5,60.25;264.75,315;20,156.75;125.25,275.75;234.5,275.25;346.25,276
19652;3.75,5.75;31.5,277;206.75,100.25;264.5,316.75;20,156.75;69.25,287.75;266.75,288.5;346.25,276
45252;3.75,5.75;31.5,277;206.75,100.25;303,320.25;6.5,202.25;15.25,282.5;256.25,248.75;286.75,262
21465;3.75,5.75;64,295;179.5,45.75;297.75,249.25;3.25,196.75;15.25,282.5;283,288.25;325.5,243
14261;53.25,32.5;77.25,299.25;179.5,45.75;297.75,249.25;23.5,155.5;32,317.25;240.5,309.75;338.75,198
26403;4.75,5.25;80.5,298.75;179.5,45.75;300.25,232.25;46.5,144.75;54.75,275.75;240.5,309.75;355,162.25
45920;4.75,5.25;48.5,294.5;203.75,63.25;300.25,232.25;58.75,170.25;77.25,298.25;278.25,286.25;344,184.25
17289;13,63.75;71,318.25;265.25,28;354,254.5;7,139.25;113,293;278.25,286.25;344,184.25
38802;6.5,105.75;70.5,321.75;223.75,56;356,201.5;5.5,94;141.25,268.75;278.25,286.25;344,184.25
39958;6.5,105.75;106.75,296;223.75,56;336.75,198.5;7,68.5;178.25,242.25;273.5,250;359.5,149.25
17737;62.25,117.25;106.75,296;234,85.75;367,190.75;7,68.5;125,225;242.5,293.25;313.75,162.25
8541;62.25,117.25;106.75,296;220.5,61;367,190.75;8.25,40.25;176.5,215;200.5,318.25;314.5,217.5
46940;9,138.75;106.75,295.25;213.25,92.75;367,190.75;8.25,40.25;176.25,231.5;178.75,267.75;347,216.25
21001;9,138.75;106.75,295.25;278.25,104.5;367,190.75;5.75,4.75;146.75,272.5;245,251.75;317.5,179
7557;56,143.75;140.5,314;278.25,104.5;367,190.75;3.75,13.75;161.5,301.75;194.5,239.25;314.5,210.75
1141;46.75,171.25;184.25,320;315,111.5;355.75,169.75;3.75,13.75;117.75,296.5;194.5,239.25;316.75,210.75
46318;71.5,201;162.5,280.75;294.5,153.75;366,171;3.75,13.75;117.75,296.5;220.5,272.75;282.25,173.75
135;88.5,188.5;157,225.25;294.5,153.75;366,171;29.75,43.25;93,282.25;238.5,292.75;316.5,131.25
2196;101.75,246.5;202.5,265.75;314,160.5;366.75,147.5;74.25,20;93,282.25;262.75,272.25;316.5,131.25
21154;119.75,207.25;176.5,236.25;289,130.75;358,103.75;56.25,28;93,282.25;285.5,313.75;316.5,131.25
38662;120,240.25;212,253;279,166;355.25,118.25;56.25,28;93,282.25;303.25,296.75;316.5,131.25
11358;126.5,272.25;211.25,253;280.75,167.5;326.75,136.75;18.75,11.25;93,282.25;270.5,265.5;316.5,131.25
7452;136,226.25;170,231.25;232.75,148.5;368.25,149.25;18.75,11.25;93,282.25;270.5,265.5;355,158.5
48381;126.25,201.25;144,226.5;209.25,204;356.75,159.75;7.5,34.5;101.25,268.75;270.5,265.5;355,158.5
47137;72.75,209.25;116.25,255.75;197.5,168.5;337.75,199;7.5,34.5;101.25,268.75;236.5,241.5;355,148.75
46084;117.75,225;128.5,207.5;172.25,118;309.25,246.25;7.5,34.5;101.25,268.75;187.25,247;335,206
6262;142.25,191.75;160.5,223.5;162,59.75;309.25,246.25;7.5,34.5;117.25,285.5;240,257.75;350.25,257.5
33540;99.5,189;136,224.75;167.25,16.25;344.75,224;7.25,32.75;97.25,284;240,257.75;350.25,257.5
46557;97.25,197;136,224.75;198.75,7.25;311.5,241;39.5,76.25;97.25,284;281.75,250.5;361.25,277
44019;96.75,197;176.25,210.25;198.75,7.25;279,256.25;41.5,57.5;126.25,294.25;277.75,223.75;361.25,277
37079;108.25,162.75;182,219.5;198.75,7.25;279,256.25;43.75,52.75;119,290;277,223.75;352.25,276.5
44503;153.5,160.25;176.5,194;198.75,7.25;279,256.25;43.75,52.75;134.5,264.25;315.25,186;323.25,314.5
36917;153.5,160.25;170,181.25;198.75,7.25;289,240.75;89,47.5;134.25,260;351.5,175;353.5,314.5
45524;183.75,113.5;217.75,204;244.75,21;339,216.75;60,96;182,214.25;351.5,175;353.5,314.5
16915;132.5,96.25;183.25,260.25;244.75,21;298,206.5;87,109.75;183.5,273.25;336.75,204;353.5,314.5
39155;130.75,89.25;172.5,299.75;226.25,39;278.25,168.5;87,109.75;183.5,273.25;312.5,164;353.5,314.5
12777;130.75,89.25;172.5,299.75;226.25,39;246,170.75;75.25,111.25;154.75,303.75;293.25,196.75;354.5,293.25
48332;153.75,129.25;172.5,299.75;190.5,50.25;246,170.75;76,141;154.75,303.75;313.25,241.25;347.75,320.5
4123;90.25,139.25;122.25,301.5;240.75,42;269,135.25;99.5,152.75;154.75,303.75;313.25,241.25;361.25,278.5
39185;73.25,126.25;149.25,265.25;253.25,38.25;285.25,103.25;100.75,154;199.5,321.25;313.25,241.25;361.25,278.5
5072;61.5,98.25;161.5,232.25;282.5,85;284,143.75;139.25,146;208.25,271;313.25,241.25;361.25,278.5
13572;34.5,120.25;161.5,232.25;282.5,85;284,143.75;166.25,139.25;260.75,292;309.75,194.25;346.25,279
48102;34.5,120.25;114.75,250.25;281.25,71.5;325,134.25;170.25,91.75;260.75,292;317.75,227.5;324.5,243
44722;34.25,73;130,254.5;266.75,18.5;269,149;170.25,91.75;272.75,304.5;317.75,227.5;324.75,271.75
11391;58.5,69.75;130,254.5;249,68.25;255,97.25;123.5,77.5;292.75,294;316.25,236.25;324.75,271.75
44875;59,129.25;130,254.5;280,11.75;308,115.5;144,92.5;292.75,294;315.5,231.5;354,288.75
8679;32.75,107.25;128.5,255.5;301,52.5;310.75,55.75;144,92.5;260.75,257.75;261,205;354,288.75
11980;34.5,107.75;104,249.5;298.5,96.75;301,52.5;97.5,109.75;298.75,247.25;319,197.5;354,288.75
30700;73.5,85;82,240.75;317.25,139.75;331,13.75;97.5,109.75;298.75,247.25;319,197.5;353,310.25
35657;34.75,131;82,240.75;259.75,157.75;350.25,22.25;97.5,109.75;297.5,247.5;309.75,138.75;338.5,294.25
28392;39.25,183;118.5,212.5;259.75,157.75;360.25,9;96.5,136.25;298,247.5;309.75,138.75;330,314.5
18008;42.75,157.25;161.25,200.25;219.5,204.5;326.25,15.25;125.25,157.25;298,247.5;309.75,138.75;354,301.25
16435;61.25,176.75;173.5,211.5;219.5,204.5;299.25,56;156.25,185.25;280,295.5;326,197;354,301.25
33304;69,219;134,204.5;229.75,204;299.25,56;148.5,203.25;280,295.5;322,161;322,310
4913;86.25,212.75;134,204.5;241,223.75;293.5,111.75;187.75,178;249,260.5;319.75,156.25;322,310
21115;86.25,212.75;152,225.75;241,223.75;293.5,111.75;151,201.75;206.5,256.75;341,138.75;353,292.25
11111;92.25,178;162.5,195.5;205.75,269.5;273,167.5;137.5,152;206.5,256.75;341,138.75;356,265.25
21671;81.5,161.25;174.5,161;215.5,294.25;292,128.25;155,201.75;206.5,256.75;341,138.75;356,265.25
22816;46,122;137.5,125.75;241.5,272.75;268.5,74.75;155,201.75;238.75,243.75;341,138.75;355.5,260.5
27007;69.25,97.5;111,85.5;206,311;313,41;155,201.75;238.25,244.5;322,162.5;355.5,260.5
11817;78,58.75;111,85.5;206,311;274.75,66.5;193.5,174.75;290.5,233.5;319,124.75;362.25,266.75
48993;91,8.75;111.5,66.75;206,311;267,101.25;240.5,133.75;243.25,236.5;318.25,124.75;362.25,266.75
16806;91,8.75;113.25,125;215.25,260;221.5,106.75;235.25,156;255.5,292;305.75,85.25;362.25,266.75
16448;57,61;113.25,125;176.75,228.5;248.25,116.75;220.25,105.25;255.5,292;276.25,103.25;363,223.5
14519;58,60.75;129.75,89.75;161.75,210.25;248.25,116.75;242.5,106.5;248.75,291.75;276.25,103.25;334.5,195.5
47976;37,71.5;148,66.75;161.75,210.25;297.75,113;195.25,96.25;221.5,273.25;276.25,103.25;301,199.5
38318;75.75,44.75;93.5,59.5;146.75,225.25;270.5,98.25;151.25,120;221.5,273.25;276.25,103.25;290.75,220
24927;61.25,57.25;95.75,34.5;135.25,183.75;277.5,71.25;130.25,123.25;221.5,273.25;276,104.75;290.75,220
28268;95.25,92.25;95.75,34.5;119.25,203.25;242,42.75;130.25,123.25;236,256;274.75,105;328,195.5
34410;65.75,85;77,9.5;119.25,203.25;269.75,75.5;130.25,123.25;188.25,226.75;246.75,83.75;353,186.75
41187;50.75,54;77,9.5;119.25,203.25;278,56.5;89.5,98.75;230,203.5;238.75,75.5;329.75,161.5
24195;11,43.25;79.5,14.5;119.25,203.25;278,56.5;143.25,80.5;205.5,217;227,99.5;356.25,157.5
25809;11,59.25;50.5,47.25;148.75,224.75;272.5,73;111.75,67;205.5,217;210.5,95.5;356.25,157.5
11881;34.25,56.5;60.25,74.75;148.75,224.75;259.5,56.25;145.25,48.75;167.25,222;231.25,114.25;356.25,157.5
15373;41.5,12;49.75,58.25;157,225;231,34;161.5,65;167.25,222;231.25,114.25;347.25,205.25
15694;3.5,38.25;47.5,74.25;118.25,251.75;203,40.5;137.25,71.25;167.25,222;272.25,112;347.25,205.25
14815;3.25,41.75;9.75,89.5;163.5,227.5;170.75,44.75;137.25,71.25;224,231.25;245.25,77;347.25,205.25
19865;3.25,23.75;11.5,89.5;185.25,246.25;217.5,32.25;160.25,74.25;224,231.25;258,51.5;347.25,205.25
36222;8.75,50.5;32,39.75;185.25,246.25;217,31;160.25,74.25;243,198.25;276,9.25;352.5,160.25
31457;6.25,27.25;8.75,40.75;157.75,257.75;217,31;154.5,91.25;257.25,221.25;276,9.25;315.25,132
37844;20,85.75;21.5,84.25;171,297.25;234,55.75;92.25,64;257.25,221.25;313.75,52.75;315.25,132
39469;32.5,135.25;38.25,140;207,310.75;265.25,66.5;83.5,111.25;257.25,221.25;307.75,51.25;315.25,132
34155;25.25,91.25;76.75,147.75;190.75,290.75;266.75,104.25;83.5,111.25;283.25,236.25;307.75,51.25;341,106
9729;58,66;62.5,177;241.25,297.75;294.75,111.25;80,131.25;248.5,201.25;307.75,51.25;341,106
42228;21,105.5;53.25,154.25;212.25,293.75;235.25,124.5;80,131.25;231.25,188.25;307.75,51.25;313.5,162.5
32718;21,105.5;26.75,204;212.25,293.75;254.5,138;98,171.25;217.75,183.25;264.75,83.75;325.5,204.25
32938;21,105.5;26.75,204;165.75,306.25;287,138;79,220.25;252.75,164.25;254.5,72.25;320.25,160
11382;21,105.5;66.5,245.5;170.5,323.75;277.25,102.5;103,273.75;249.75,214;300.75,36.75;320.25,160
46042;61.25,116.5;65.25,266.5;170.5,323.75;262.25,59.75;103,273.75;264.75,263.5;333.75,5.75;358,175
46184;61.25,116.5;66.75,313;183.25,277.75;210,71.5;92,284;238.5,284.25;333.75,5.75;358,175
27390;16,100.5;92.75,241.5;180.25,252.75;193.5,83.25;127.25,319.25;244,288.75;333.75,5.75;358,175
16817;28.25,79.25;158.5,247;186,270.5;192.25,83.5;127.25,319.25;280,294.5;333.75,2.75;358,175
16050;28.25,79.25;149.75,299.25;158.75,246.5;182.75,157.5;153,287.5;315.25,312;353,48.5;358,175
33099;53.25,74.25;150.25,299.5;158.75,246.5;173.5,197.5;177,303.25;261.25,276.5;338.25,94.25;358,175
11621;33.25,91.75;82.25,315;96.75,248.5;145.5,226.25;177,303.25;261.25,276.5;334.5,66.5;358,175
30628;32.75,91.75;76.25,300.5;94.75,256;99.75,253;206.5,276;219,259.75;334.5,66.5;358,175
26917;68,141.5;94.5,295.5;127.25,284.5;146,264.5;174.5,237.5;206.5,276;334.5,66.5;358.75,226.75
15566;68,141.5;94,295.25;138.75,309;146,264.5;134,265.5;144.5,262.5;334.25,118;359.25,184
24911;1.75,173.25;42.25,312;141.5,317.75;146,264.5;95.25,225.75;105.5,304;334.25,118;359.25,182.5
27506;1.75,173.25;48.25,281;141.5,317.75;146,264.5;101,171;103,304.5;322.25,178;356.5,175.25
25130;8.25,139.75;70.25,298.75;137.5,292.5;160,228.25;101,171;103,304.5;289.75,185.25;356.5,175.25
15869;10,176.5;37.25,285.25;137.5,292.5;185,228.5;101,171;159.5,299.25;308,194.5;337.5,168.5
38756;10,176.5;64.25,312;106.25,257;243.5,224.25;123.5,198;159.5,299.25;254.5,174.5;345,139.75
5958;38,226.25;92,256.5;122.5,237;291,230.5;123.5,198;130,281.25;262.25,176;345,139.75
37206;75.75,209.25;82.5,240.75;86,222.25;291,230.5;112,197.75;129.75,280.25;266,182;345,139.75
17756;48.75,176.5;82.5,240.75;86,222.25;315.75,195;142.5,222.25;166.5,299;299.75,174.75;305,115.5
5228;50.25,207.25;82.5,240.75;86,222.25;293.75,167;143.25,203.25;148.75,319.5;302.5,195;318,158.5
46074;50,210.25;66.25,193.5;82.5,240.75;319.75,140.75;140,171.75;148.75,319.5;261.5,231.75;270.25,180.75
45377;27.25,145;68.25,127.5;72,176.25;269.5,133.75;147.75,202.25;148.5,319.75;261.5,231.75;270.25,180.75
31866;24.25,169.75;71.5,139.25;113,168.25;275.5,181;147.75,202.25;148.5,319.75;216.75,246;270.25,180.75
38310;21.5,229.25;72.5,84.5;113,168.25;337.75,197;148.75,204;154,301.5;224.5,203.5;270.25,180.75
26802;24.5,177.75;104,82.75;142,124.75;332,150.5;148.75,204;153,298.5;224.5,203.5;270.25,180.75
41819;22,154.25;104,82.75;150,126.75;287,168;148.75,204;198.5,317.25;279.75,193.75;293.75,187.75
13423;72,141.75;104,82.75;150,126.75;287,168;146,145.75;205.5,297.25;257.5,168.75;335.5,204
41518;57.75,176.25;130,62.75;185.5,126.75;251,129.75;116.5,144.5;205.5,297.25;301.75,129;335.5,204
14922;82,197;168,57.25;210.75,136.75;236.25,85.25;116.5,144.5;186.5,286.5;301.75,129;355.75,157.25
13322;126.75,178.75;142.5,55.25;210.75,136.75;214,94.5;117,144.75;186.5,286.5;318.75,153.75;353,180.25
7658;108.25,164.25;142.5,55.25;199.75,185;261.75,85.5;106.75,112.75;182.5,231.5;296.5,198;353,180.25
46703;108.25,164.25;174,59.25;197.25,178.25;261.75,85.5;132.25,106.5;223.5,274.5;306.75,242.25;360.75,212.75
11827;133.5,125.25;174,59.25;195.75,158.5;261.75,85.5;147,87.75;228,284.75;287.5,216.25;358.25,156
33559;133.5,125.25;174.25,16.5;195.75,158.5;261.75,85.5;144.5,76.5;169.75,298.25;280,224.5;335,102.75
27611;133.5,125.25;180,48.5;225.5,144.75;276.75,103.5;144.5,76.5;167.75,296;255.5,263.25;335.5,51
46350;90.75,148.75;180,48.5;216,159.75;281.75,144.25;120.5,41;167.75,296;262.5,293.5;343.75,65.25
7142;102,164.5;182.5,90.25;197.25,174.5;302.25,148.25;120.5,41;167.75,296;261.75,305.5;350.5,80
48387;83.5,161.5;184.25,77.75;189.5,117.5;360.5,129.75;120.5,41;167.75,296;248.75,308.75;350.5,80
33879;99,188;187.25,84;189.5,117.5;341,73.25;120.5,41;205.25,275;262.75,270.75;363.75,80.75
37061;102,250.5;152.75,90;189.5,117.5;304.25,40.75;127,74.75;194.25,247;274.75,283;363.75,80.75
11781;95,282.25;153.5,91;189.5,117.5;294,2;139.25,107.5;194.25,247;321.5,311.25;347.5,53.5
48125;88.25,263.25;136,43.5;241.75,127.5;310.25,53.75;186,100.5;194.25,247;321.5,311.25;354.25,9
7150;44.5,239.75;174,38.75;290.5,114;309,113.75;182,151.75;194.25,247;328.5,287.5;354.25,9
17804;44.5,239.75;194.75,69.25;256.75,134.25;283.75,88;162.5,166;213.5,259.5;304,304.5;354.25,9
31853;94.75,234.25;194.75,69.25;299.25,120;311.25,101.25;191.5,161.5;240.5,292.25;327,312.5;354.25,9
23706;50.75,240;152.5,27.5;292,119.75;311.25,101.25;215,211.5;237.25,309.75;338.5,313;354.25,9
22988;106.5,220.5;117.75,15.75;292,119.75;323.25,124.5;215.5,211.5;237.25,309.75;346.25,277.5;352.75,7
12491;75,275.5;136.5,43.75;292,119.75;323.25,124.5;175.75,164.25;237.25,309.75;290.25,246.5;355.75,18.5
37187;47.5,240.25;140.25,90.25;268,73.25;309,113;153.75,151.5;237.25,309.75;341.25,232.25;355.75,18.5
37532;27.75,230.5;167.25,101.75;253,78.5;288,104.75;153.75,151.5;266.75,306;341,231.75;355.75,18.5
8847;41.75,194.25;123.25,81.5;218.25,104.5;290.75,92.75;153.75,151.5;290.75,286.75;341,231.75;355.75,18.5
641;21.5,176.5;148.5,97.5;218.25,104.5;297.75,72.75;180.5,170.5;291,288.5;353,277.25;355.75,18.5
47057;39.25,206.5;134.75,126;269,71.25;269.75,101.25;125,196;291,288.5;355.25,293.75;355.75,18.5
10194;39.25,206.5;115.5,67.5;269,34;274,144;98.25,156.25;291,288.5;355.25,293.75;366.5,78.5
42;88.5,190.75;107.5,104.5;269,34;309.5,139.75;81.25,214.5;316.25,227.5;339.5,310.5;366.5,78.5
45826;47,191;87,113.75;269,34;270.5,155;92,221.75;291.5,194.5;308.5,262.75;366.5,78.5
35231;54.75,172;67.25,153.75;259.25,73.75;278,102;92,221.75;301.25,195.5;313.25,224.5;366.5,78.5
21775;54.75,172;90.25,155.5;266.5,106.5;270,104.5;92,221.75;296,198.5;312.25,224.5;355,63
16148;59.75,175.25;67.25,146.75;266.5,106.5;270,104.5;148.25,225.25;295.75,199.25;312.25,224.5;334.75,34.75
44140;85.5,184.25;121,147.5;245,133.5;270.25,128.25;184.25,173.25;312.25,224.5;319.5,196;334.75,34.75
23923;62.75,170.75;160.5,109;241.75,126;250,77.5;185.25,232.75;319.5,196;326,218.75;334.75,34.75
8998;62.75,170.75;155.75,56.25;263.25,64.5;283.75,88.25;185.5,214.5;258.5,222.75;326,218.75;339.75,62.5
26064;88.5,181.5;205,43;206.75,56.75;335.75,77.25;179.5,191;244,195.5;326,218.75;339.75,62.5
4510;40.25,201.5;150.5,48.75;174.5,38.75;335.75,77.25;141.75,225.5;301.25,198;304.75,248.75;339.75,62.5
29673;67,145.25;114.25,20.5;132,8.5;289.25,114.5;161.25,201.75;301.25,198;304.75,248.75;339.75,62.5
18872;91.75,147.75;117.25,20;132,8.5;270.25,102.5;141.25,176.25;301.25,198;312.5,237;323.5,106.25
33636;70,130;117.25,20;132,8.5;314,112.5;99.75,153.25;271.75,236.75;293.5,231.25;330.25,51.25
23708;89.75,155.5;119.75,19.5;150.25,9;314,112.5;104.75,194;278.5,238.5;293.5,231.25;351.75,16.75
24490;89.75,155.5;142,41.25;144,11;268.25,112.25;100,178.25;278.75,239;293.5,231.25;349.25,18.75
40381;73.25,209.25;153.25,53.5;209.75,13;278.25,129.75;100,178.25;278.75,239;293.5,231.25;356.25,3
42877;128.75,204;153.25,53.5;233.5,67.5;288,186.75;140,224;250.25,294;316.75,244;356.25,3
2939;110.25,166.25;175,34.75;243.5,23;300,148.25;141.5,226;263.75,305.5;316.75,244;356.25,3
12285;114.25,112.5;150,44;277.75,30.5;293.5,115.25;141.5,226;283,287.75;313.25,199.5;356.25,3
13117;63.5,97;150,44;255.75,18;318.25,85.25;194.25,236.5;264.25,265;271.5,182;356.25,3
34444;68.75,153.25;87.75,67;199.25,15.5;275.25,103.5;194.25,236.5;227,275.25;243.5,121.5;356.25,3
32953;41,193.25;132,55.25;199.25,15.5;317,135.25;180,213.75;191.25,257.25;250.75,176.25;356.25,3
4055;12.25,242;147.5,91.5;208.25,22;324,138.25;157.5,158.75;193.5,255.25;250.75,176.25;356.25,3
27468;12.25,242;148,91.5;206.5,43;324,138.25;120.75,194;148.5,221;293.25,185.75;355,21
28400;23.5,190.25;148,91.5;221.5,89;355.25,164.75;120.75,194;186,238.75;307.5,169.75;312.25,26.25
29995;52,216.25;148,91.5;183.5,50;355.25,164.75;120.25,205.75;235,223.25;280,126.25;320.75,52.25
22568;53,159;192.75,59.75;226.5,41.5;369.75,143.25;120.25,205.75;204,215.25;280,126.25;320.75,52.25
10160;53,159;192.75,59.75;207,43;369.75,143.25;140.5,222;201,172.75;248.25,118.5;272.75,92.75
30709;13,177;193.25,60.25;219.5,5.75;371.5,151;140.5,222;243.5,199.75;248.25,118.5;252.75,60.75
3564;0.5,178.5;141.75,19.5;249.5,21.5;364,171.5;140.5,222;243.5,199.75;248.25,118.5;286.75,37.5
23639;0.5,178.5;141.25,17.25;203.75,63;364,171.5;77.5,252.25;226.25,210;301.75,121.5;337.75,81.5
17504;37,161.75;157.25,10.5;259.5,57.25;364,171.5;40.5,251.75;226.25,210;280,175.25;313.75,40.75
2578;67.5,116;157.25,10.5;259.5,57.25;364,171.5;19.75,245.25;198.5,229.25;281,130.25;356,9.5
35052;37,117.25;157.25,10.5;239.25,101.25;341.75,145.75;40.25,276.25;219.5,274.25;298.5,109.75;356,9.5
41537;37.5,145.25;157.25,10.5;238.75,100.75;352,181;6.75,307.75;220.25,216;298.5,109.75;304.5,7.25
14137;50.25,149.5;157.25,10.5;298.5,115.75;311.5,226.5;4.75,288.75;159.75,203.25;298.5,109.75;304.25,8.5
41469;50.25,149.5;149,2;298.5,115.75;311.5,226.5;14.25,310;152,223.5;242.75,114.25;274.25,20
25719;70,175.25;149,2;297.75,97.75;311,228;13.25,314.5;156.25,217.5;242.75,114.25;292.25,28.75
44299;70,175.25;149,2;280.25,42.25;299.75,208;44.5,312.75;133.25,227.75;226.5,127;261,55.25
45338;41.75,199.25;152.75,28.75;273.25,17.5;280.5,222.5;44.5,312.75;116.25,176;226.5,127;245,25.75
38703;26.5,177.75;183,50.5;273.25,17.5;279.5,230.5;54.25,253.75;65.5,168.75;227.75,128.75;245,25.75
7356;26.5,177.75;183,50.5;273.25,17.5;323.75,206.5;22.75,198;132.25,194;270,84;272.75,27.75
28987;20.75,227;207,81;273.25,17.5;323.75,206.5;18.5,172.75;114.75,194.25;279.25,113.75;287.5,34.5
29289;20.75,227;223,128.5;244.25,11;358,217.75;1.75,171.25;153,202.75;280.5,113.75;287.5,34.5
3961;5.25,284;229,136;229.5,14.25;328.75,237.75;1.75,171.25;92.5,189.5;240,88.25;287.5,34.5
3026;1.5,276.75;229,136;229.5,14.25;328.75,237.75;9.5,144.25;75,223.5;217,131.75;288.75,9
19438;1.5,276.75;198,178.25;258.75,19.5;328.75,237.75;10.5,144;102,267.5;225.75,82.25;309.5,33.5
27522;1.5,276.75;198,178.25;233.5,57;328.75,237.75;51.75,141.25;78,209;272.5,63.75;354,78.25
14624;36,284.25;168.5,221;283.5,54.75;349,229;51.75,141.25;68.5,247.5;256.5,59.25;354,78.25
15391;71.25,300;189.25,232.75;283.5,54.75;333.25,197;50.25,141;57,248.5;234.25,97.75;354,78.25
27784;100.25,253.5;189.25,232.75;272.75,73.75;310.75,159.25;88,116.5;109.5,260.75;234.25,97.75;359.25,56.5
39505;138.75,223;167.75,217.25;272.75,73.75;273.5,144.25;38.25,104.75;109.5,260.75;235,65;324.25,27.25
40976;138.75,223;185.5,246.75;222,55.25;249.5,199.75;38.25,104.75;109.75,265;212,47.75;353.25,17.25
46065;147.25,224.5;173.75,232.75;204.25,64.25;262,179.75;24.5,54.25;109.75,265;171.5,51.75;353.25,17.25
49605;147.25,224.5;178.25,233.75;206,108.5;237,189.5;16.5,8;109.75,265;161.5,88;330.75,34.25
625;142.75,264.5;199.25,178.25;253.25,79.25;254.5,226.5;16.5,8;109.75,265;165.25,35.5;330.25,34
45048;168,271.5;181.75,154.75;227.25,136.25;254.5,226.5;66.75,41.25;90,222.25;165.25,35.5;330.25,34
13367;136.75,288;158.75,140;175.25,131.75;253.5,226.75;69.5,79.5;90,222.25;165.25,35.5;330.25,34
8483;118.25,287.5;121.75,143;193.75,113.5;227.75,253;69.5,79.5;90,222.25;113.5,40.25;359.75,56.75
49272;120.25,229.5;136.5,91.25;193.75,113.5;288.75,242;65.5,77.5;107.5,162.5;109.5,49;359.75,56.75
35426;120.25,229.5;136.5,91.25;193.75,113.5;292.5,232.5;61.75,40.5;100.75,109;162.75,48;308.75,32.25
3668;119.25,229.75;139.5,75.75;193.75,113.5;292.25,232;80.25,11.25;110.5,82.75;170,11.25;308.75,32.25
28295;82.25,248.75;139.5,75.75;209,64.25;251.5,204.75;80.25,11.25;163.5,73.25;207.75,46.25;361.25,50.5
2172;88.25,281.75;138.25,100;209,64.25;252,204.75;66.75,33.25;163.5,73.25;234.75,4.25;321,47.75
2989;88.75,282.75;143.75,78;174.5,33.25;273,187.5;66.75,33.25;153.5,44.5;234.75,4.25;301.25,36
26502;88.75,282.75;143.75,78;151.25,12;274.5,179.75;70.75,57.75;162,32;221,18;333.5,64.5
50466;88.75,282.75;129.5,63.75;140.5,7.25;288.25,142;70.75,57.75;154,51.25;270.25,11.75;333.5,64.5
40702;88.75,282.75;129.5,63.75;140.5,7.25;280,88.25;36.75,77.25;161.5,111.25;255.5,5.25;363.5,53.25
12937;88.75,282.75;151.75,61.25;153.25,31.25;280,88.25;80.75,122;157.5,66.75;273.5,60;309.25,26.5
29430;89.5,282;121.75,45.25;153.5,1.5;280,73.75;80.75,122;157.5,66.75;250,5.75;300.75,83.5
23731;74.75,280.75;94.75,12;212.75,22.5;220,87;94.5,88.5;157.5,66.75;250,5.75;272.5,63.75
13541;74.75,280.75;115.25,17.25;212.25,22.75;220,87;85.25,26.25;222,48;274,16;277.5,56.75
4271;37.75,301.5;86,37;217.5,70.25;239.25,152.5;147.75,12.5;222,48;273,16.75;277.5,56.75
25253;39.25,305;86,37;210,37.5;249.25,203;147.75,12.5;221.25,50.75;226,17;279.5,46.75
10150;67,273.25;79.5,10.75;210,37.5;297.75,210.5;167.25,35.5;187,74.75;210.25,68.25;279.5,46.75
24574;67,273.25;105.25,66.25;210,37.5;364.5,195.5;132.75,23.75;193,84;212,98.5;278.5,9
6836;67,273.25;88,114.75;210,37.5;336.25,209;118.5,73;148.75,57.25;219,97.25;255.75,6.25
16420;67,273.25;85,113.25;221,1;354.25,184.5;81.5,91;118.25,18.5;203.25,95.75;255.75,6.25
26852;67,273.25;88.25,165;272.5,32.5;338.25,149.5;76.25,118.75;105.75,52.5;188.25,105.5;255.75,6.25
46674;59.75,282;88.5,174.75;296.25,70.25;330.25,145.75;57.5,112;105.75,52.5;165,95.5;255.75,6.25
8405;40.5,238.75;88.5,174.75;249.25,80.75;330.25,145.75;91.75,131;124.75,22.75;197,96;259.25,5.75
18545;36.5,199.25;107.25,168.25;289,73.5;357.5,128.75;53,127.5;127.25,21;197,96;259.25,5.75
20425;36,198.75;107.25,168.25;319,114.25;355.5,172.25;32.25,139.75;173,36;197,96;260.75,20.25
30408;37.75,183.5;107.25,168.25;319,114.25;355.5,172.25;50.25,116;142,57.75;205.25,117.5;315,19.5
22621;15.5,176.75;142,187.75;291.25,98.25;355.5,172.25;50.25,116;155.25,42.5;200.5,97;314,37.25
32462;33.25,138.5;152.25,152.75;270.25,101.25;355.5,172.25;12.5,141.75;166.25,26;234.75,65.25;314,37.25
29165;40,146.25;160.5,98.75;308,139.25;355.5,172.25;4.75,142;166.25,26;254,49.5;354,59.5
31441;40,146.25;160.5,98.75;308,139.25;354.25,197.25;26.5,179.5;118.25,49.75;268.75,27.75;339.75,123.5
39624;7.5,173.25;162,99.75;308,139.25;354.25,197.25;27,221.5;124.5,23;303,50.75;356.5,145.5
34167;14.75,143.75;162,99.75;308,139.25;351,240.75;33.5,206.25;143.75,87.5;296.25,90.75;301.75,150
7908;14.75,143.75;168.5,49.75;331.5,127;351,240.75;7.75,203.25;200.75,95.25;249.75,71.75;321.5,195.75
7554;37.75,183;168.5,49.75;283.25,106.25;332.5,270;7.75,203.25;228.25,85.5;289.5,38;348,155
2443;37.75,183;204.25,62.5;278.75,88;341.25,231;7.75,203.25;230.75,35.25;324.75,26.25;349.5,136.75
47449;8.75,190;214.75,79.25;282.5,53.75;341.25,231;17.25,201.75;251.25,10.25;331.25,3.75;349.5,136.75
15806;8.5,190.25;214.75,79.25;243.25,50.5;327.25,210;17.25,201.75;260,66.25;349.25,20.25;351.5,185.25
24613;8.5,190.25;214.75,79.25;243.25,50.5;287.75,186.25;16,154.75;234.25,72.5;300,6.25;326,211.25
7567;8.5,190.25;169.25,37.25;245.75,19.75;262,133.75;16,154.75;204.25,95.5;277.25,27.25;332.75,180.75
47028;34.75,239.75;189.25,79.5;238.25,34.5;285,86;23.25,120.25;204.25,95.5;221.25,16;332.75,180.75
27742;86,221.75;188.5,43.5;213.25,77.25;310.75,54;23.25,120.25;204.25,95.5;254,9;333.5,180.75
45707;81.5,271.75;200.25,92.75;202.75,63.75;310.75,54;59,153;204.25,95.5;222.75,20;304.5,198
32781;72.5,286.5;198.25,62.5;218.25,56.5;270,74.75;69.25,184.5;204.25,95.5;222.75,20;311.75,187.5
35606;53.25,322.75;186.75,112.25;218.25,56.5;267.5,102.25;21.25,192.5;205.25,100;222.75,20;309.25,196
14746;53.25,322.75;188.5,151.25;216.25,62.75;281.25,118.75;21.25,192.5;165.25,114.5;236.5,75.5;316.25,208.25
6412;73.5,307.25;188.5,151.25;216.25,62.75;296.25,105.25;8,231.25;188.25,68.75;254,76;355.5,244.5
6590;118.5,303.5;195.25,106.25;214.5,30.5;314.75,65.75;8,231.25;162,48.75;254,76;355.5,244.5
49697;136,264.25;195.25,106.25;258.75,39.75;280.25,102.25;8,231.25;170.75,2.25;224.25,117.25;355.5,244.5
14621;136.5,227.75;188.75,62.5;210.25,32.25;267,113.75;8,231.25;170.75,1.25;199,90.25;355.5,244.5
11011;98.5,205.75;171.75,87;175.5,45.5;276.5,104.25;8,231.25;129.25,19.75;205.25,62;355.5,244.5
35595;104.75,242;163.5,125;204,11.75;234.75,73;8,231.25;90.75,35.25;205.25,62;342.25,277.5
38650;53.5,230.5;163.5,125;204,11.75;279.75,105.5;32.25,215;140.75,30.5;208.25,106.75;303.25,241
23787;55.25,272;163.5,125;221.5,64.25;282.75,52.5;27,212;165.75,41;208.25,106.75;363,223.5
23169;2,291;108,106;166.75,85.75;270.75,71.5;78,240.75;167,51.75;208.25,106.75;363,223.5
35219;7.5,241.5;62.25,75.75;173.5,87.75;275,103;87.5,269.5;167,51.75;208,76;363,223.5
29174;24.5,200.5;49.5,46.25;175.25,110.5;303,77.75;87.5,269.5;167,51.75;176.25,107.25;362.5,223.5
39073;7.5,174.75;26.75,28.25;177.5,69.75;296.75,74.75;31,264.5;167,51.75;176.25,107.25;362.5,223.5
25000;7.5,174.75;10.5,9.25;177.5,69.75;337,55.5;16.5,284;201.75,10.5;211,158.5;362.5,223.5
33389;7.5,174.75;42.25,46.75;166,134.5;365.25,53.25;16.5,284;221.5,6.5;265.5,172.75;361.75,223.25
50376;7.5,174.75;79.5,5.5;107.25,159.25;313.5,68;16.5,284;221.5,6.5;230,158.5;323.25,221.75
41302;32,137.25;79.5,5.5;146,127.5;318.25,38.25;3.5,241.75;221.5,6.5;234.25,97.75;293.5,196.25
49695;45,179;111.75,49.25;153.5,82.25;273,75.75;52.75,223.25;221.5,6.5;254.5,48.5;293.5,196.25
30668;45,179;106.75,86.75;178,49.5;333.75,74;52.75,223.25;202.5,56.25;248.75,31.25;310.5,162
15561;32,182.25;82.25,76.5;178,49.5;294.25,105.75;52.75,223.25;189.75,67.5;262,29.25;302.25,122.25
42243;32,182.25;42.75,45.75;178,49.5;276.25,120.5;52.75,223.25;213,96.5;238.25,16.5;339.5,149.25
15296;53,171.25;75.5,9;156.25,10.5;294.25,106.5;52.75,223.25;196,67.5;238.25,16.5;330.25,129
11095;76,128;98,26.25;203,43.5;306.5,114.5;52.75,223.25;212.5,126.75;238.25,16.5;301,184.25
16082;60.5,158.25;67,24;222,55.25;304,57.5;52.75,223.25;185.75,98.75;238.25,16.5;349.75,155
22967;35.75,147.75;66.5,24;280,71.25;331.75,81;59.25,222;185.75,98.75;226.5,18.5;349.75,155
11591;35.75,147.75;81.5,83.75;292.75,26;332,136;59.25,222;227.5,106.5;286,27.75;316,198.25
46724;3,139.5;72.75,88.5;323.25,15.75;325.5,143.25;59.25,222;227.5,106.5;297.5,18.5;310.25,161.25
12243;24.5,85.25;81.25,38.75;268.75,26.5;325.5,143.25;24,191.5;227.5,106.5;294.5,18;317.5,139.75
18198;22.75,87;109,32.5;257,70.75;325.5,143.25;24,191.5;256.75,132;326.75,53;356,163.25
36412;20.5,84.25;155.25,28;251,78;352,169;51.5,143;256.75,132;325.75,48;356,163.25
28194;20.5,84.25;155.25,28;219.75,89.25;350.25,167.5;30.5,88;235.5,121.5;302.25,35;311.5,199.25
26863;68.25,75.75;155.25,28;243.75,82.75;336,112.75;14,58.25;204,162;285,17.5;311.5,199.25
19577;60,74.75;168.25,5.75;289,75.75;296.5,73.25;14,58.25;163.75,202.25;285,17.5;346.25,204
2412;28.75,71;203.5,45.25;233.5,83;296.5,73.25;42.5,38.5;123,215.25;284,16.25;346.25,204
25650;59.75,58.75;161.25,38.75;214,104.5;268.25,70.25;43,39;112.5,194.75;284,16.25;346.25,204
5875;81.5,84.75;123.5,3.75;214,104.5;307.75,52.75;85,25.25;110,137.75;283.5,17;346.25,204
3803;81.5,84.75;119,45.25;184.75,63;358.5,24;74.75,20.5;122.75,151.75;283.25,17.75;346.25,204
49771;30.75,46.25;119,45.25;201.25,64.25;325.5,32.5;98.25,65.5;122.75,151.75;288.25,37.25;343.75,184.25
1857;65.5,4.25;111.75,17.75;165.25,51.75;302,33.5;98.25,65.5;153.5,172.5;288.25,37.25;349,186.75
46067;102.5,14.5;109.25,16.75;165.25,51.75;282.25,52.75;120.5,36.25;153.5,172.5;338.5,78;354.75,186.25
3197;100.75,20;108.25,14.75;147.75,116.5;314.75,3.25;128.25,106.5;184.75,178;338.5,78;354.75,186.25
1943;61,71.25;65.25,17;164.5,150;283.25,55.5;109,152;184.75,178;338.5,78;347.5,158.5
28223;61.75,70;78.5,7.75;164.5,150;232,14.25;109,152;248.5,175.5;346.75,77.5;348.75,120
20207;55.25,6.75;61.75,70;164.5,150;216.5,74;140,168;248.5,175.5;328.5,128;344,65
4604;55.25,6.75;78.75,48.75;136.25,157.25;216.5,74;139.75,185.5;294,195;351,162.5;356.25,9
5396;54,11.75;103.5,59;114.25,223.5;201.5,69.25;174,198;310.5,163.25;351,162.5;356.25,9
4401;70.25,58;102.25,88.5;134,290;192.25,113;215.75,159.25;314.5,169;351,162.5;356.25,9
2843;82.75,68.75;87.75,94;147,259.75;170.25,136.75;215.75,159.25;314.5,169;351,162.5;354.25,15.5
32441;82.75,68.75;87.75,94;92.5,297.5;170.25,136.75;197.25,173.25;328,163.5;342,218.5;356.5,77.75
21714;82.75,68.75;87.75,94;92.5,295.25;154.5,195.5;242.5,163.75;301,198.5;356.75,267.75;357,10.5
5216;24.25,62.75;42.75,125.5;67.5,312.75;133,240.5;251.25,216;281.25,185;356.75,267.75;357,10.5
7237;2.25,23.25;22.25,103.25;67.5,312.75;121,254.25;232.75,152;251.25,216;345.75,320;359.5,47.25
44833;10.5,4.75;45.75,48.25;67.5,312.75;133.75,214;196,175.75;213.25,262.75;344.75,322;359.5,47.25
21362;12.75,6.75;45.75,48.25;133,284.5;137.25,223;188,164;188.75,275.25;344.75,322;359.5,47.25
10433;12.75,6.75;111.75,77.75;139.25,304.5;160.25,218.25;163,187.25;207.25,204.75;344.75,322;359.5,47.25
42573;32.25,74.5;111.75,77.75;140.5,316.25;241.75,248;95.75,220.25;255.25,175.75;301,280.5;359.5,47.25
46289;40.25,58.25;96.25,126.25;168.25,322;253.75,261.25;83,168.5;255.25,175.75;301,280.5;359.5,47.25
4048;40.5,59.75;139,88.75;212.25,294.25;291,230.5;83,168.5;242,121.5;301,280.5;359.5,47.25
45823;51.75,57.75;159.75,82.25;237.5,255.25;274.25,261.75;85.5,167.75;242,121.5;301,280.5;329.75,50.5
7275;76,39.5;209.25,63.75;237.5,255.25;274.25,261.75;68.5,211.5;272,97.75;286.75,288.25;352.25,3.75
50243;95,11.25;235,101.25;243,258.75;275.75,246.25;95.5,190.5;271.25,97.5;286.75,288.25;352.25,3.75
22185;95,11.25;191.75,136.75;243,258.75;341.75,217;88.75,127.25;202.25,87.5;260.5,321.25;335.75,17.75
50094;95,11.25;176.75,113.5;228.5,303;341.75,217;120.5,157.75;202.25,87.5;238.5,320.5;290,3.25
11566;97.25,20.5;176.75,113.5;196.75,316.5;340.75,218;113.75,161;202.25,87.5;246.5,276.75;320.5,2.5
7315;124.5,49;136.75,127;196.75,316.5;364.5,208.75;165.5,161.25;214.25,45.5;246.5,276.75;317.75,4.25
44127;130.25,23.75;162.25,150.5;196.75,316.5;352.5,250.75;181.25,163.75;213.75,45.75;246.5,276.75;270.5,7.25
47434;103.75,15.25;176.5,124.75;228,301.75;368.5,193;181.25,163.75;216,41.25;246.5,276.75;260.75,53.75
3324;112.75,8;205.5,92.5;227.75,303;368.5,193;147,155.25;221.75,16;234.5,256.25;260.75,53.75
898;118.25,15.75;205.5,92.5;219,259.5;327.75,237.25;147.5,154.75;227.5,15;234.5,256.25;242.75,15.5
9441;117.75,14.75;205.5,92.5;217.5,241.75;330,209.25;176.25,196;185.25,57.75;228,274.75;242.75,15.5
42099;117.75,14.75;156.25,86.25;221,265.5;274.5,219.25;189.25,240.75;221.5,63.25;228,274.75;242.75,15.5
20962;115.5,49;155.75,86;221,265.5;279.75,215.5;198,236.75;221.5,63.25;263.25,230.5;297,46.25
43105;93.25,8.5;168,96.25;223.25,228.25;268,177.75;195.25,184.75;221.5,63.25;262.75,231.75;297,46.25
18799;127.25,28.25;214.25,81.25;223.25,228.25;291.75,206.5;190.5,164.25;221.5,63.25;257.75,198.5;288,19.5
33835;80.5,59.5;186.5,37.75;278,263;301.5,208;190.5,164.25;230.75,115.75;257.75,198.5;287.5,84.75
35667;97.5,19;130.25,34;260.5,231.75;278.5,216;218.5,160.25;230.75,115.75;257.75,198.5;287.5,84.75
1119;87,72.75;142.25,77.75;272,215.25;274.5,167;174.75,149.25;219,127.25;257.75,198.5;287.5,84.75
23499;78.25,103;120.75,88.25;266,267.5;297.25,169.25;154.25,202;219,127.25;250.5,174;287.5,84.75
48507;58.5,144.75;146,128.5;246.5,245.5;283,214.75;154.25,202;204,160;255.5,176.5;287.5,84.75
32839;103.5,151.5;146,128.5;246.5,245.5;325.75,240.75;191.5,164;242.25,164.25;254.5,199.75;319.75,65.25
24959;117.25,105.75;171.75,149.5;201.75,195.25;321.75,238.75;191.5,164;294.25,198;294.5,195.75;319.75,65.25
45712;72.5,141.25;155.25,125.25;162,247.75;344.5,240.25;191.5,164;294.25,198;294.5,195.75;353.75,79.75
22634;55.75,182.5;155.25,125.25;162,247.75;344.5,240.25;163.5,117;312,161.25;318.25,145.5;356.75,78.5
31189;81.25,230.5;173,163;187.5,268.75;344.5,240.25;163.5,117;246,164.25;305.75,114.75;311.25,102.5
37661;57.75,249.5;129.25,192;207,311.25;364.75,239.75;163.5,117;203.75,155.25;305.75,114.75;311.25,102.5
49381;57.75,249.5;155.5,243.75;207,311.25;360.75,293.75;195.75,99.75;239,174.5;251.75,121.75;321.75,138.25
248;57.75,249.5;156.75,246;207,311.25;357.5,289.5;246,133.75;262.25,229;288.25,103.75;337,158.75
18491;68.25,208.75;156.75,246;207,311.25;357.75,313.25;208.75,182.75;269.5,181.5;287.25,103.75;342.75,169
1886;68.25,208.75;111.5,242;224.5,316.25;345,314.75;175.25,178;280.5,176;287.25,103.75;342.75,169
18601;113.75,213.5;121.25,292.5;264.5,309.75;307.5,307;175.25,178;255,177;286.75,103.75;342.75,169
41270;94.5,232.25;122.5,303;260.5,255.5;284.5,313;175.25,178;255,177;286.75,103.75;347.75,205.5
19690;79.5,222;104.5,284.25;279.75,275.25;319.25,315;175.25,178;255,177;326.75,61;362,241.5
34594;79.5,222;113.25,303.25;264.25,298.5;355,318.5;175.25,177.5;265,147.25;326.75,61;357.75,279.5
4311;79.5,222;113.25,303.25;264.25,298.5;351.75,265.25;128,164;239.5,173.5;280.25,49.25;323,301
37266;79.5,222;153.25,319;296.25,303;351.75,265.25;127.75,161;292.25,175.75;305.75,84;313,310.5
682;103,194.75;170.25,290.75;346.25,312;360.25,242;109.25,118.5;292.25,175.75;308.75,64.5;313,310.5
8733;118.25,206.25;170.25,270.75;284.75,321.25;360.25,242;97.75,66.75;240,179.75;283,58.75;313,310.5
50516;118.25,206.25;187,255.75;284.75,321.25;362.75,244.75;98.75,40;242.5,213.5;257.5,17.25;271,274.75
43754;118.25,206.25;187,255.75;284.75,321.25;338.5,257.25;119.75,18.25;226.75,201.75;242.25,73;251.25,263.5
4128;140,240;240.25,258.25;284.75,321.25;336,265.75;176,40;226.25,201.5;242.25,73;298.75,277.75
32087;140,240;240.25,258.25;280.75,282.5;316.75,294.75;155,52;244,173.75;258,53;310,234
33165;155.5,266.25;214.75,252;295.25,243;301.25,262.5;155,52;238.25,131.75;258,53;310,231.5
24374;163.25,306.5;193,238.25;278.5,277.5;335.75,274.25;155,52;184.75,134.5;258,53;310,231.5
36382;153.25,294.75;229.25,206.25;285,286.75;299.25,318.25;155,52;184.75,134.5;258,53;310,231.5
28914;168,260.25;215.25,247.25;285.5,286.5;363.25,304.5;114.5,78;206.75,106;258,53;310,231.5
44896;212.75,252;244.75,285.5;246.25,315;363.25,304.5;90.75,97.25;237,133.25;252.5,35.75;310,231.5
35913;217.5,247.75;220.25,231;302.25,322.25;363.25,304.5;57.25,112.25;237,133.25;266.75,36.75;311,194.25
32160;156.75,227.25;194.5,174.5;305.25,303;360.25,251.5;60,108.5;237,133.25;265.75,36.75;311,194.25
10065;157.75,205.75;169.25,164;280,286.75;353,239.75;60,108.5;196.75,180.25;265.75,36.75;358.25,162.25
40661;149.75,184;163.5,111.25;308,318.25;328.25,212.25;60,108.5;203.5,162.75;265.75,36.75;326,211.75
5086;145.75,227;150.25,124.25;308,318.25;330.5,210.25;104.5,111.75;204.25,108;206.25,39.75;326,211.75
19168;164,280.25;169.5,57;308,318.25;340.5,252.25;105.25,114;202,95;208.75,105.25;326,211.75
43319;181.5,310.5;195.25,84;291.25,287;363,248.5;105.25,114;202,95;241.5,120.5;341,231.25
20676;167.75,286;195.25,84;291.5,286.5;363,248.5;141.5,162.75;185.5,100.25;254.25,141.75;354,241.25
46639;218,291.25;248.75,79.25;291.5,320.5;363,248.5;153.25,201.75;185.5,100.25;254.25,141.75;327,200.5
3030;160.75,281;264.5,132;316.75,304.75;363,248.5;153.25,201.75;174,42;264,78.5;318,211.75
8009;160.75,281;222,136;351.75,264.25;365,194.75;115,223.25;174,42;263.5,77.25;324.5,205.5
48109;148.5,271.25;186,89;351.75,264.25;365,194.75;109.5,280.75;154,53.25;210,47;324.5,205.5
1650;154,225.75;168.25,44.75;300.5,232;365,194.75;74,223.5;179.75,84.5;222.25,16.5;324.5,205.5
29727;135.5,225.75;198.25,7.25;273,179;312.5,227.25;74,223.5;163.5,48.5;269.25,49.5;324.5,205.5
7025;135.5,225.75;232.75,42.25;271,165.75;275,238.75;77.5,227.75;163.5,48.5;302.25,17;316.75,152.25
12579;135.5,225.75;217.75,17.25;289.5,138;314.5,195.5;57,247;129.25,91;302.25,17;315.5,152
42507;135.5,225.75;217.75,17.25;265.25,173.75;314.5,195.5;59.75,223.5;101.5,137.25;320,26.5;349.75,140.25
13419;133.25,183.75;179,34;241.75,127.5;318.25,145.75;59.75,223.5;64.5,100;319.5,26.75;349.75,140.25
41;133.25,183.75;214.25,37.5;220.5,105.5;315.5,152.25;16.5,201.75;87.5,151.75;319.5,26.75;349.75,140.25
5564;135.25,160.75;214.25,37.5;254.5,92.25;309,115.75;16.5,201.75;136.5,170.75;292.5,2.5;312.5,126.25
43513;152.75,126.5;224,75;273,75.5;284.5,102.25;6.25,187;130.25,125.25;292.5,2.5;312.5,126.25
42413;179.75,141.25;225,22;271.75,25;284.5,102.25;7.75,145.5;81.25,153;253.25,41.75;312.5,126.25
9025;179.75,141.25;225,22;271.75,25;306.5,98.75;63.25,165;97.25,132;264.5,21.5;330,82.25
11016;179.75,141.25;225.75,22;269,33.5;336,152.25;20.5,171.5;58.75,176.25;264.5,21.5;346,32.5
16619;235.25,129;247,77.5;260.75,88;291.25,115;20.5,171.5;58,207;264.5,21.5;346,32.5
47029;219.5,70.5;278.5,87.75;289.5,115;316.25,136.75;20.5,171.5;116,197;264.25,22.25;346,32.5
21995;172.25,69.75;246,43;247,127;341.25,177.75;20.5,171.5;116,197;284.75,41;346,32.5
4926;172.25,69.75;196.25,7.25;301.25,133.75;341.25,177.75;20.5,124.75;139.75,195;331.5,31.75;355,45
6040;172.25,69.75;241.25,32.75;310.75,100.25;345.5,198.25;71.25,122;161.25,201.75;289.75,15.25;355,45
5620;143.5,76.5;241.25,32.75;335.75,46;345.5,198.25;112,113.75;209.25,176.75;311.5,24.75;329,16.75
18256;169,69.75;241.25,32.75;289.5,73.75;332.25,189;112,113.75;241.25,182;268.75,37.25;322,66.25
11009;147,129;240.75,32.75;280.25,72;294.25,147;112,113.75;185.5,173.75;206.5,35.25;322,66.25
37635;133.5,97.75;240.75,32.75;294.5,102.75;313.5,151;112,113.75;201.25,141;204.25,96;320,20.75
36334;91,64;220.5,76.75;235,102.25;306.5,92.25;112,113.75;170.5,162.75;204.25,96;354,2
49109;97.25,34.5;219.75,78;264.5,114.5;330.25,81.25;112,113.75;164,162.75;181.75,88.5;354,2
45184;64.75,5.25;254.5,53.25;291,165.5;298.75,114.25;88,136.25;130,197.25;181.75,88.5;354,2
26244;29.5,31;278.25,26.5;291,165.5;331,107.5;80.5,169.5;130,197.25;216,37.25;355,49
18572;29.5,31;278.25,26.5;288,165.75;331,107.5;70.75,115.5;95,169.5;245.5,41;347.5,63.5
27429;69.75,16.5;278.25,26.5;322,214.5;355.25,152.75;57.25,172.25;73.25,114.25;208.75,91.75;347.5,63.5
1898;69.75,16.5;277,23.25;343.25,216.75;355,103.25;57.25,172.25;100.75,110;201.25,95;348.5,25.25
16906;71.75,19.75;280.5,72;354.5,250.75;355,103.25;82,207.5;137.75,124;201.25,95;359.25,44.5
16168;103.75,14.5;235.5,46.75;308.75,265;335.5,58;82,208;137.75,124;186,111;359.25,44.5
36084;95.25,9.5;235.5,46.75;352.5,263.25;354.75,30.5;82,208;151.25,90.5;222,153.25;334.5,17.5
41984;95.25,9.5;165.75,37.75;316.25,228.75;329.25,9.25;43.75,161;201.75,89.75;222,153.25;334.5,17.5
42653;93.5,10.25;165.75,37.75;259,237.75;329.25,9.25;99.5,151.75;147,77;242.25,189.5;297.5,57.25
45940;93.5,10.25;165.75,37.75;259,237.75;335.25,37.75;83,118.25;156,51;221.25,215.75;260.5,45.75
5637;64.75,57;137.25,78.25;288.5,251;328.25,38.75;83,118.25;115.75,29.75;219,217.25;260.5,45.75
4973;112.5,79.25;179.75,109.75;264.25,295;341.25,49.25;33.5,124.75;159.5,17.75;219,217.25;260.5,45.75
32673;63.75,76.25;219.25,106;264.25,295;306.5,93.75;2.5,128.5;190.75,41;219,217.25;315.25,45
10221;80.5,92.75;163.5,108.25;286.25,273.5;288,106.75;2.25,149.5;140.5,71.75;219,217.25;315.25,45
154;38.25,128.5;163.5,108.25;328.75,281;329.75,117;2.25,149.5;154.75,89;262.5,226.75;322,38.25
44624;28.25,170.75;148.25,146.25;328.5,281.75;329.75,117;2.25,149.5;137.5,46.75;246.5,199.75;309,14.5
10872;4.25,180.5;108.25,166.25;344.5,277;352.5,89;1.25,149.5;137.5,46.75;246.5,199.75;320.5,4.25
25688;4.25,180.5;129.5,201.25;309.75,319.25;364.5,90.75;17.75,210.25;110.5,50.5;246.5,199.75;317.75,4.25
26464;34,163.75;135.75,239.5;309.75,319.25;364.5,90.75;61,174.75;72.75,31.75;267.5,181;286.75,27.5
14641;55.5,217.5;127.75,239;309.75,319.25;364.5,90.75;23.5,129;46.75,41.75;315,163.5;320.5,53
13040;38,225.5;127.75,239;309.75,319.25;342.75,72;30.5,87.5;74.75,13;285.5,144.25;342.25,60.5
34600;30.5,258.75;147.75,195;297,300.75;345,89;30.5,87.5;66.75,13;285.5,144.25;335,63.5
44087;70.25,293.5;125.75,183;297,300.75;344,75.25;21.5,141;66.75,13;274.75,90.25;308.25,15.25
46142;85.75,240.75;172,163.5;295.25,244;344,75.25;4,95;15,20;227.75,70.75;308.25,15.25
16150;27.75,232.25;115.75,142;277.25,242.75;286.5,56.75;4,95;5,17;226.75,71.75;308.25,15.25
13000;21.5,177.75;66.75,145.5;254.5,274;292.75,98.75;4,95;47.5,50.75;268.25,119.25;308.25,15.25
35573;55.75,170.75;75,140.75;242.25,303.25;249.75,117.25;4,95;47.5,50.75;252.5,69.5;287,22.25
24147;55.75,170.75;109.25,122.25;242.25,303.25;249.75,117.25;28.75,108.75;57,90.25;199.75,68;318.75,37.75
45353;27,128;99.75,160.75;242.25,303.25;308.5,142.25;28.75,108.75;80.75,40.5;248.25,77.5;340.75,77.75
40277;68.25,170.75;85.5,191;278,312.25;289.5,164;28.75,108.75;80.75,40.5;191.75,87.25;334.75,94.25
6941;36,182.25;46,211;278,312.25;289.25,152.75;11,103;114.25,77.75;142.25,83.5;334.75,94.25
10518;38.5,124.25;50.75,189.25;278,312.75;289.25,152.75;7.25,42.25;114.25,77.75;167,100;338,77.75
33255;20.25,99;23.75,229.25;278,312.75;289.25,152.75;10.5,14.25;106.25,116;164,52.5;340,73.5
38520;20.25,99;23.75,229.25;254,285.25;289.25,152.75;9.75,4;93.25,137.75;140.75,29.5;328.5,25.5
19518;4.75,36.25;65.75,170.75;254,285.25;306.25,116;12.25,10;92.5,152.75;97.25,48.75;328.5,25.5
46172;30.5,34.25;65.75,170.75;291.75,240.25;297.5,161.5;11.75,10.25;73,202.75;103.25,13.5;328.5,25.5
39573;46,94.75;125.5,139.5;293.25,211;356.5,164.25;21.5,69.75;95.75,190.5;103.25,13.5;328.5,25.5
7608;86.5,139.5;167.25,136.25;241,225.25;314.25,161;29.5,48.25;95.75,190.5;103.25,13.5;287.25,13
27301;113.25,110.5;142.25,136.75;241,225.25;300,211.5;14,68.5;95.75,190.5;119.25,16.5;285.25,18.75
37363;83.5,85.5;161,187.75;186.75,255.25;300,211.5;52.5,77.25;96.25,132;119.25,16.5;336.75,7.75
28109;40.25,66.25;161,187.75;203.5,308.5;262.5,177.25;52.5,77.25;59.25,135;160.5,50;335.25,5.75
14827;26.5,107;203.25,193.75;203.5,308.5;243,217.75;30.25,79.5;56.75,141.25;175,31.5;335.25,5.75
30255;24,153.25;192.5,154.5;211,309.75;288.25,232.25;30.25,79.5;56.25,141.25;161.5,92.5;335.25,5.75
28264;32.75,197.5;171.25,115.75;209.25,282.25;288.25,232.25;8,30.5;56.75,141.25;164.5,59;335.25,5.75
3415;62,218;196.25,159;262.25,255.75;292.75,210.5;8,30.5;84.25,135.75;165,60;335.25,5.75
8230;55.25,249;178.75,179.75;269,230.25;280.75,244.75;8,30.5;50.25,175.25;206,65.75;335.25,5.75
6492;71.5,257.25;153.5,225.75;278.5,286.25;289,271.75;37.5,36;50.25,175.25;206,65.75;335.25,5.75
18360;71.5,257.25;200.25,246.5;286.25,322.5;297.5,240.75;23.25,46;58.5,128.5;207,66;335.25,5.75
5981;64.5,280.25;136,240.75;286.25,322.5;345.25,229.25;12.25,17.25;22.5,124.5;234.25,37.25;335.25,5.75
40544;64,280.75;136,240.75;346,312;360.25,241;12.25,17.25;43.25,87.5;275.75,53.75;304.25,62.75
32048;122.75,269.75;176,203.5;298,319.75;360.25,241;13.25,40.5;64.25,53.5;250.75,76;304.25,62.75
1486;162.75,308.75;231,188.75;254.5,284;349,228;13.25,40.5;85.25,89.5;252.75,133.25;304.25,62.75
22173;162.75,308.25;241,210.25;291.25,318.5;349,228;13.25,40.5;141.75,88;251.75,132.75;308.25,84.5
36455;170.75,281.25;240.5,210.25;291.25,318.5;322,189.5;14.75,17.5;159.75,48.5;230,114.5;308.25,84.5
44780;170.75,281.25;240.5,210.25;308.25,293.5;322,189.5;22,48.5;150,92.5;213.75,105.25;328.25,133
44315;170.75,281.25;257.25,237.5;272.75,288.25;290.5,167;64.75,13;123.5,62.25;213.75,105.25;300.25,186.25
3826;161,243.75;222.25,253;233.25,313.25;277.25,150;64.75,13;124.25,62.75;213.75,105.25;294,216.5
14016;121.75,207;222.25,253;264.75,303.5;277.25,150;22,1;166.75,35;243.5,91.5;292.25,220
14832;147.5,228.25;222.25,253;262,313;268.75,103.25;10.5,5.75;166.75,35;244,90.75;293.5,261
32039;170.5,190.25;197,267.25;221,302.25;268.75,103.25;65.25,8.75;115.25,40.25;244.5,91.25;293.5,261
39102;164.25,178;181.75,267.5;203,295.75;243.5,116.25;65.25,8.75;115.25,40.25;244,90.75;309,248.5
20060;146.75,156.5;176,303.25;181.75,267.5;212.25,131;26.5,42;162.75,30.25;244,90.75;294.75,195.25
28797;159.25,142.5;160.25,293;181.75,267.5;213.75,132.5;17.75,52;162.75,30.25;221,63.75;267.5,170
42435;128.5,145.5;213.5,259.5;218,311.75;255.75,120.5;17.75,52;162.75,52.75;221,63.75;309,127.25
21083;128.5,145.5;213.5,259.5;218,311.75;293.5,131;8.25,52;186.75,98.75;208.25,108;255.5,126.5
25404;119.75,149.5;213.5,259.5;218,311.75;349.25,163.25;34.25,105.25;145,91.25;204.75,61.75;251.25,133
18365;74.75,165;176,231.75;213.25,301.75;314.5,128;57.25,112.25;110,112.25;204.75,61.75;251.25,133
30361;30.75,145.75;176,231.75;184.75,278.75;329.5,133.5;57.25,108.75;115,73.75;169.5,50;251.25,133
18311;36.5,198.5;149.25,200.25;184.75,278.75;368,123.25;57.25,108.75;145.5,90.5;148,83.5;251.25,134
50240;86.25,193;206.25,177.5;217.5,241.75;330,150.75;44.25,76.25;145.5,90.5;148,83.5;247.75,177
17833;53.5,171.75;207.25,175;217.5,241.75;296.25,104.25;11.25,23.5;176.75,51.25;202.75,65.5;247.75,177
13794;23.5,177.75;204.75,167.25;217.5,241.75;244,117.25;50.75,1.5;141.5,81.25;202.75,65.5;220.5,187.75
10139;40,165.25;204.75,167.25;222,237.75;244,117.25;64.25,11.5;115,112.75;181,37.75;262.75,175.5
395;70.5,120.25;158,160;222,237.75;244,117.25;24,29.75;118.5,156.25;146.5,43.25;309.25,198.25
35414;60.25,166.5;158,160;218.25,243.25;253.25,77.75;24.75,91.75;97.75,153.75;146.5,43.25;341.25,232.25
49153;26.75,194.75;158,160;218.25,243.25;219.25,105.75;55.25,128;97.75,153.75;142.25,31.5;354.5,190.25
557;50,157.75;163.5,148.5;245.5,296.5;259.75,146;55.25,128;97.75,153.75;152,90.5;336,163
36097;11,175;181.25,110.75;194.75,294.75;285,101.5;49.5,128.5;97.75,153.75;152,90.5;336,163
35394;11,175;205.75,77.25;215.75,252;249,117.5;10,139.25;98,154;190,122.5;336,163
10879;2.5,191.75;205.75,77.25;272.75,260.5;285,87;10,139.25;70,164;205.75,64.75;343.5,144.75
13547;2.5,191.75;170.75,106;252.75,223.25;340.25,102.75;4.25,187.5;70,163.25;169.5,87.25;343.5,144.75
35699;34.75,234.75;201.5,70;251,280;340.25,102.75;19.75,176.25;117,140.5;135,91.25;343.5,144.75
31107;34.75,234.75;263.25,68.5;277.5,248;279.25,106.5;36.75,119.25;71,150.25;144.25,50.5;343.5,144.75
24257;50,285;276.5,33.5;277.5,246.5;279.25,106.5;81.5,126;94.75,135.75;107.75,101.75;343.5,144.75
5786;8.5,287;218.75,21.75;247.25,201.25;279.25,106.5;81.5,126;106.75,162.25;107.75,101;343,144.75
13610;59.5,274.25;269.5,36;287.5,167.25;291,132.25;28.5,89.75;106.75,162.25;107.75,101;343,144.75
12893;50.75,237.75;258.75,94.25;273.5,148;288.5,137.5;28.5,89.75;105.25,127.5;106.75,162.25;343,144.75
22090;44.5,274.25;260.5,97;268,126.5;305,186;28.5,89.75;105.25,127.5;162.5,165.25;359.5,162
20628;89.5,299.25;275,101.5;284.75,143;305,185.25;28.5,89.75;96.75,152.25;173.75,162;359.5,162
43088;89.5,299.25;242.5,102.25;280,183.75;352.25,174.25;13.75,94.25;96.75,152.25;188.5,196;350.5,151
5640;90.5,267.5;196,128.75;237,155.5;354,215.5;53.25,77.25;96.75,152.25;188.5,196;350.5,151
30445;100.25,248;219.25,105.25;236.75,156;355.75,231;33.25,29;71.5,116.25;188.5,196;350.5,151
30741;100.25,248;185,60.25;228.75,150.5;353.75,169.5;27.75,35.25;82.25,154.75;188.5,196;336,132
5783;100.25,248;185,60.25;273.5,166;356.5,224.5;28.25,38;110.75,111.5;194.75,174.75;337.25,82
16964;127.5,204.5;185,60.25;268.25,111.75;356.5,224.5;28.25,38;114.25,93.25;222.75,174.75;361,45.25
21570;128.5,208;240,46.75;313,152;362.5,210.25;86.75,21;91.75,66.25;222.75,174.75;361,45.25
37029;129.5,242.75;209.5,62.5;297.75,165.75;356.25,225;86.75,21;118.5,41.5;222.75,174.75;340.75,83
26232;120.25,230.5;207.5,81.5;297.75,165.75;335.5,215.5;90.5,32.75;144.5,88;204.25,176.75;340.75,83
31803;120.25,230.5;207.5,81.5;252.25,134.75;369.5,184;112.25,22.75;117.5,82.75;178.25,197;362.5,81.5
9101;61.75,209.25;203.5,40.5;290.75,115;369.5,184;117.5,82.75;165.25,35.5;193.75,177.25;346.5,53.75
25367;62.5,248.75;190.25,53.75;285.75,57;342,217.75;118.75,80.25;125.75,10.25;193.75,177.25;346.5,53.75
33179;66.25,248.75;190.25,53.75;267.25,88;361.5,217.75;112.5,23.5;165,31;175.75,197.5;346.5,53.75
30292;66.25,248.75;161,34.25;241.75,37.25;368.5,165.75;143.25,48.25;145.75,51.75;175.75,197.5;362.25,79.75
2903;66.25,248.75;112,46;293.75,52;320.5,136.25;143.25,48.25;152.75,79.5;155.25,185.25;362.25,79.75
35892;93,298.5;111.25,46.5;293.75,52;325.75,163.75;149,31.5;162,90.75;189.5,196.5;362.25,79.75
4612;64.5,309.75;117.25,111.75;230.5,52.75;325.75,163.75;154.5,34.5;169,81;197.25,173.5;362.25,79.75
42033;67.75,312;163.5,108.75;230.5,52.75;281.5,167.25;141.25,29;184.25,98.75;197.25,173.5;311.25,99
2689;76.75,299.5;163.5,108.75;273.5,72.25;273.75,155.75;141.25,29;190.25,93;192.25,173.75;254.75,77.5
6615;76.75,299.5;213.75,92;267,113.25;285.5,103.5;100.75,66.5;167.5,79;192.25,173.75;303.5,61.75
14851;44.5,284.25;219.25,104.75;285.5,103.5;291.25,146.5;100.75,66.5;142.25,119.75;192.75,173;262.25,36.5
11777;44.5,284.25;231.25,118;254.25,116;275.5,194;71.75,21.5;127.75,153.5;211.25,125.5;262.25,36.5
32975;33.75,314.75;231.25,118;252.25,113.75;282,166;77.75,11;127.75,153.5;218.25,174.75;300,50.5
24978;86.25,300.5;187.25,152.75;262.5,154.25;344,164.5;77.75,11;83.5,147.5;179.5,127.25;300,50.5
41653;60.25,279.5;139.5,155.75;290.25,115;344,164.5;77.75,11;83.5,199.5;192.5,172.75;268.5,94.5
40251;85.75,230.25;136.75,207;273,97.75;370.75,149.5;71.5,55.5;83.5,199.5;164.75,189.5;268.5,94.5
29561;85.75,230.25;165.25,217.25;273,97.75;366,172.5;13.5,68.5;71.25,151.25;179,189.25;265,93.75
48411;140.25,225;153,168.75;273,97.75;370,173;13.5,68.5;95.75,110;192,164;293.5,130.25
50223;140.25,225;153,168.75;316,62.5;325.75,165.25;19.75,123.25;95.75,110;164,163.75;240.5,132.25
26175;121,257.75;153,173.25;321.75,38.5;336.5,143;19.75,123.25;84.5,71.25;164,163.75;221.75,170.5
17495;121,257.75;153,173.25;355.25,43.75;358,102.75;36.25,104.25;119.5,74.5;164,163.75;207.25,117.5
49994;130.75,214;155,224.25;355.25,43.75;358,102.75;36.25,104.25;123,123.75;131.5,197.25;263.75,120.25
40322;134.75,184.5;135.5,272.25;354.25,43.25;358,102.75;36.25,104.25;85.5,171.5;90,159.75;224.25,133
4210;129.75,185;151.75,289.75;301,52.25;358,102.75;36.25,104.25;67,151;79,220.25;202.5,173.25
10647;129.75,185;151.75,289.75;276.5,61.5;358,102.75;15.5,156;16.5,172.25;66.5,222.25;256.75,169
36528;136.75,187.5;163.75,308.25;336.25,36.75;369,170;15.5,156;16.5,172.25;43.25,197;272,125.75
28395;136.75,187.5;163.75,308.25;335.5,66;369,170;18.5,123.25;19.25,145.25;47.25,263.25;242.25,69.75
26670;143,239.25;163.25,308.25;362.5,85.25;367.25,122.25;18.5,123.25;19.25,145.25;75,277;234.25,116.75
20868;143,239.25;174,293.5;362.5,85.25;367.25,122.25;23.75,105.25;34.75,104.25;109,319;212.75,95
14042;122.75,273.5;215.5,291.25;312.75,64.75;367.25,122.25;25.5,124.75;34.5,87;109,319;216.75,95.25
45928;141,284.75;221.75,245.25;294.75,106;341,166.75;25.5,124.75;34.5,87;128.25,279.5;187,102
32387;192.5,295.5;219.75,225.25;294.75,106;342,166.5;28.5,130.5;34.5,87;104,316;222.75,78.75
44073;192.5,295.5;215.75,224.75;295.25,165.5;369.75,121.75;20.75,123.25;40.25,108;104,316;260,118
373;190.25,310;242.5,275.75;280.75,122.75;362.5,116.25;20.75,123.25;40.25,108;70,306.25;281.75,142.75
48554;216.5,260;245.25,286.5;280.75,122.75;362.5,116.25;40.5,105;51.25,79.5;102,314;281.75,142.75
3212;225,244.25;252.75,249.75;318,139.25;362.5,116.25;40.5,105;73.5,72.75;105.75,310.5;314.5,137.25
25095;190.5,280.5;214.25,277.5;318,139.25;362.5,116.25;37.5,118.25;77.75,72.75;154.25,318.5;329.25,158.5
4789;184.75,276;214.25,277.5;291.5,135.5;308.75,96.75;12,99.25;121.25,104;153.75,302.75;329.25,158.5
5043;181.25,275.25;198,308;291.5,135.5;292.75,57.5;11.75,93.25;128,128.25;153.75,302.75;302,199.25
7172;149,224.75;258.75,303.25;291.5,135.5;293.75,52;11.75,93.25;63.75,160;183,305.25;355.25,153.5
3882;154.75,259.25;259.25,305.25;291.5,135.5;293.75,52;36.75,107.25;58.75,195.75;175.75,314.75;326.5,196.5
34448;137.75,225.75;252.75,280.75;291.5,135.5;293.75,52;30,122.75;78.25,221.25;129,318.25;326,192.25
32588;103.25,231.5;231.5,237.75;291.5,135.5;321.75,38.5;30,122.75;56.5,247;82.75,315;355.5,174
33305;123.5,184;231.5,237.75;268.25,94.75;321.75,38.5;55.5,101;81.5,258.25;117.75,294;314.25,139.75
19184;123.5,184;231.5,237.75;275,129.5;321.75,38.5;29.75,124;53.75,223.25;93,281.75;330.25,117
8367;157.25,159.25;201,186;275,105.5;332.75,33.5;29.75,124;53.75,223.25;122.75,297.75;330.25,117
1665;162.25,214.25;230.75,203;294.75,70.75;341.5,89;29.75,124;82.75,231.5;145.5,303.75;330.25,117
49921;177.75,172.5;229.25,177.75;294.75,70.75;354.5,97.25;29.75,124;115.75,228.75;145.5,303.75;359,81
5974;201.25,143;262.5,135.25;270,75.75;354.5,97.25;7.75,95.25;60.5,198.75;145.5,303.75;333.25,130.5
35736;202.5,184.75;262,113.75;270.75,75;354.5,97.25;44.75,111.75;60.75,198.25;143.75,287;333.25,130.5
38426;166.25,215.25;234,135.5;270.75,75;363.25,122;22.75,125;60.25,168.25;143.75,287;343,96.75
29200;151,266.25;260.75,113.75;264.75,84.5;349.25,182;22.75,125;68,174.75;151.75,318.5;343,96.75
25978;154.5,296.25;210.25,72;269.75,132;306,212.25;22.75,125;68,174.75;151.25,319.75;331,159.25
41550;115.75,258.25;181.25,43.25;290,74;293.75,165;42.5,112;44,144;151.25,319.75;331,159.25
34442;138.5,225.25;181.25,43.25;270.75,19;355.75,174.75;51.75,159.25;102.5,151.75;151.25,319.75;350,174.75
3023;86,196.5;180.25,43.5;293.75,14.25;352,224.5;60,115.75;102.5,151.75;153.75,298.75;350,174.75
47527;49,215.5;180.25,43.5;293.75,14.25;352,224.5;13.25,137.25;76,168.75;112.75,282.75;313,210.75
50436;35.25,189;180.25,43.5;293.75,14.25;352,224.5;12,127.25;116,140.5;156.25,317.5;277.75,185.5
24882;39.75,239.75;180.25,43.5;293.75,14.25;366.5,198;5.5,171;149,156;156.25,317.5;254.25,226.75
27085;44.25,240.75;180.25,43.5;293.75,14.25;351.5,213.25;22,144;186.25,172.75;188.25,276.75;251.75,179.25
20091;44.25,240.75;166.25,21.25;293.75,14.25;320.75,195;63.75,170.75;180.25,126.75;224,275.25;308.75,199
10816;44.25,240.75;186,13.25;290,2;320.75,195;33.75,146;143.75,117;264,287.5;278,202.75
4550;52.5,277;207.75,80.25;307.25,57.25;320.75,195;33.75,146;160.25,78.75;212.25,285.25;266.25,271.25
31391;49.5,228;199.75,92.75;307.25,57.25;320.75,195;27.75,202.25;155.75,48;200.5,304.75;219,260.5
952;73.75,190.5;199.75,92.75;282.25,56.25;320.75,195;4.5,244.5;144,48.75;200.25,305.5;250.75,292.25
50572;73.75,190.5;240,82.75;269.75,103.5;297.5,168.5;3.5,282.5;117.25,10;200.25,305.5;231.75,247
12523;52.25,176.5;240.5,83.25;268,74.75;294.75,168.5;27,292.5;117.25,10;195.25,322.25;231.75,247
5193;0.5,170.5;240.5,84.75;260.75,18.5;298.5,208.5;44.75,317.75;98,20;195.25,322.25;231.75,247
40961;54,179.5;232.75,113;260.5,19.75;281.5,254.75;27.5,310.5;74.5,3.5;195.25,322.25;231.75,247
9998;57.5,238.25;240.5,113;249.5,69.75;315.5,231.5;19.25,293;74.5,3.5;195.25,322.25;290.75,248.75
36591;67.5,222.5;200.25,73.5;258,32.75;300.5,250.5;36.25,248;74.5,3.5;146,303.75;290.75,248.75
886;21.25,228.75;168.5,38.75;213.75,15.75;273,286.25;74.25,255.5;90.75,35.75;146,303.75;290.75,248.75
29791;43,189.25;123,13.75;181.5,36.25;230.75,253;48,251;90.75,35.75;141.5,318.5;290.75,248.75
28073;38.5,139.25;143.5,13.5;181.5,36.25;230.75,253;41.25,293;51.75,78.75;83.5,302;292,247.5
29425;9.5,158.75;143.5,13.5;181.5,36.25;216.5,252;7.5,292;60,131.5;87.25,303.25;292,247.5
45770;41.25,198.25;104.25,13.5;181.5,36.25;259,255.75;7.5,292;78.5,154;124,298.5;247,256.75
25674;41.25,196.5;104.25,13.5;181.5,36.25;197,281.25;2,245.5;83.5,182.75;158.5,253.5;295.75,299.25
20423;16,178.25;88,71.5;143.75,14.5;161.5,255.5;5,306.25;83.5,182.75;142.75,288;295.75,299.25
11324;6.5,176;35,95.75;126.75,30;176.5,280.75;5,306.25;68.75,182.25;143.5,289.25;295.75,299.25
33388;30.75,121.75;47.75,62.25;125.25,32.5;136.5,271.75;37,292.5;68.75,182.25;143.5,289.25;297,299.25
19074;30.75,121.75;86.25,89.75;102.75,20;136.5,271.75;53.5,254.25;87.25,190.5;144.25,289.5;304.75,291.25
13254;60.5,171.75;91.75,139.5;102.75,33;149.75,300.25;27.5,229.75;129.25,195.75;144.25,289.5;304.75,291.25
34881;48.25,124;93.5,155.75;102.75,33;174.25,281.25;27,217;119.25,210.25;167.75,279.25;304.75,291.25
24400;27.25,138;93.5,155.75;102.75,33;212.75,252.5;27,217.5;153.75,184.75;156,295;277.5,310.5
7034;20.25,101.25;87.25,142.25;108.5,34.75;235,257.75;62,224.5;128.5,217;156,295;277.5,310.5
44736;53,75.25;56.75,183;109,38.75;235.75,225;21,227.25;128.5,217;191.75,307.5;277.5,310.5
10142;64.75,119;74.75,186.5;95.75,3.75;235.75,225;9.5,269;116.25,195.5;212.25,290.25;277.5,310.5
6275;55.25,157;56,219;77.5,43.25;235.75,225;9.5,269;93.75,190.5;204.25,290.75;273,313
47234;34.75,177.5;35.75,209.75;79.5,34.25;235.75,225;40.25,276.75;140,168;204.25,290.75;311.5,314.25
17362;31.75,216.5;50.75,201.5;79.25,33.75;235.75,225;17,268.5;131.25,129.25;216.75,283.25;311.5,314.25
32205;25.5,190;50.75,201.5;133.25,27.75;194.25,178.25;35.75,310.75;131.25,129.25;203.75,297;263,317.25
11815;25.75,190.25;50.75,201.5;133.25,27.75;163.75,216.25;7.25,311;119.25,103.25;224,254.75;234.25,309.25
22446;34,189.25;57.5,238.25;133,26;162,250.5;7.25,311;110.25,112.25;224,254.75;238.75,319.75
49632;14,175.75;68.5,274.75;133,26;192.25,280.25;56.25,288.75;151.25,116.75;224,254.75;238.75,319.75
45458;30,138.75;62.25,256;133,26;149,288.5;112,259.25;138.25,73.75;184,274.25;238.75,319.75
24034;31.5,137.25;65.25,256;120.75,18.75;149,288.5;83,210.5;118.5,118.5;184,274.25;240,318.75
2927;6.25,94;89.25,299.5;117.5,59.75;155,236.25;83,210.5;95.25,152.25;150.75,272.5;240,318.75
21311;31.75,73.25;65.5,294.5;115,52;120,241.75;83,210.5;113.5,98.25;167.75,303.75;240,318.75
18172;51.5,47.25;53.5,284;125.75,60.25;136.5,291.5;68.5,212;97.75,65.5;167.75,303.75;240,318.75
33566;14.5,42.25;44,241.25;130.75,23.75;138.25,291.5;68.5,212;142,92.75;167.75,303.75;246.25,309.25
47114;14.5,42.25;62.25,257.5;106.25,12;162,261.25;68.75,211;117,80.5;167.75,303.75;277.5,274.5
19648;17.5,30;62.25,250;79,11.5;201.75,260.5;68.75,211;121.25,105.5;167.75,303.75;297.25,259.25
33575;12.25,4.75;50,307;50.25,30.75;251.5,252.75;68.75,211;121.25,105.5;168,308.5;269.25,249.25
16315;12.25,4.75;35.5,241;43,62.75;251.5,252.75;116.75,198.5;147,157;162.25,302.25;210.25,266.25
48981;12.25,4.75;59.5,200.5;84.5,19.5;305.5,235.75;116.75,198.5;146.75,156.5;200.25,277;224.75,305.5
21474;13.5,45.5;74.5,140.75;120.5,75;311.25,253.75;91.25,151.75;112.75,217;200.25,277;224.75,305.5
9227;49.25,46.75;74.5,140.75;120.5,75.5;318.25,227.75;89.5,163.25;112.75,217;178.5,296;195.25,318.75
10093;36.5,37.75;87,111.25;112.75,106;319.75,228.25;122.25,194;130.5,266.5;178.5,296;195.25,318.75
40618;42.5,15;81.5,178.25;108.75,161.25;281.5,231.25;78.25,216;130.5,266.5;178.5,296;218.75,296
43959;42.5,15;49,149;118.75,228;302.25,239.75;100.75,151.75;140.5,252.75;186.5,246.5;218.75,296
16319;42.25,62.25;79.75,110;85.5,265.5;302.25,239.75;78.5,201.75;128.75,199.25;186.5,246.5;186.5,302.25
22688;78.5,9.25;79.75,110;94,234.25;246,210.75;68.5,211;95.75,191;173.5,183.5;186.5,302.25
25370;78.5,9.25;79.75,110;147.25,227;246,210.75;92.25,240.75;140.25,195.5;183,131;190.25,302.5
50252;78.5,9.25;115.75,122.75;147.25,227;235.25,230;109,273.75;115.5,199;183,131;183.75,301.75
47864;105,15.75;117.25,111.75;139.75,288;243.5,215.5;70.5,297.25;112.75,198.5;183,131;183.75,301.75
14109;88.5,58;104.5,143.5;159.75,240.75;177,203.5;70.5,297.25;74.5,199.5;144.25,87.5;183.75,301.75
45141;32,84.5;40.5,159.5;117.25,258.25;133.25,192;70.5,297.25;74.5,199.5;144.25,87.5;187,290
3210;32,84.5;63.75,171.75;73.75,291;133.25,192;52,277.25;59.75,169.25;151.75,49.75;175.25,279.75
19794;8,39.25;63.75,171.75;73.75,291;130.25,172;14.25,314.5;83.75,135.5;115.5,72.25;174.25,279.75
36271;3,38.75;63.75,171.75;73.75,291;130.25,172;20.5,306.75;90,109.5;99.25,49.5;179.5,233.25
1870;3,38.75;87.75,165;104,253;145.25,225.75;20.5,306.75;83.25,118.25;101,108.25;194.5,175
47598;26.5,30.5;87.75,165;129.5,203.25;154.25,240.75;20.5,306.75;50.25,111.25;90.25,136.25;161.75,194.25
45517;17.25,62.25;84.25,205.5;163,172.75;209.75,243.25;20.5,306.75;50.25,111.25;66.75,161.5;161.75,194.25
31521;23.25,74;41,243.25;200.25,170;209.75,243.25;20.5,306.75;49.75,111.25;113.5,199;203,178.25
162;15.75,41.75;66,280.25;170,182.75;209.75,243.25;41.75,318.5;46.25,108.5;113.5,199;251.5,197
48479;35.5,71;120.5,304.5;170,182.75;191.5,253;1.75,310.5;46.25,108.5;86,170.75;247.75,214
42947;81.75,113.75;144.25,310.5;170,182.75;245,247;1.75,310.5;41.25,111.25;87.5,171.5;247.75,214
41394;77.75,145.25;144.25,310.5;152,224.25;256.5,277.25;2,309.25;29,88.5;73,199.5;247.75,214
2018;73.25,83;143.5,309.5;152,224.25;283.25,319.5;13,272;29,88.5;85.25,222.25;241.25,164.75
33189;73.25,88;101.25,282.25;152,224.25;310,286;24.25,218.25;29,88.5;77.5,189;189.5,173
9555;73.25,88;102.25,282;182.25,204.25;362.5,278.25;17.75,227;67.75,108.25;77.5,189;221,203.25
15171;83.25,80;90.75,295.75;184.5,248;365.25,235;17.75,227;67.75,108.25;77.5,189;195,253
39756;52.25,75.25;66.5,287;157.25,293.25;365.25,235;34.75,230.75;67.75,108.25;83.25,211;206.75,207.25
38465;17.75,33.5;84.25,287.25;116,279;343,197.75;58.75,248;67.75,108.25;99,190.5;206.75,207.25
9262;17.75,33.5;96.25,257;112.75,235.75;355.25,230.25;18.75,248;66.5,108.75;83.75,189.5;206.75,207.25
11954;17.75,33.5;81.25,273.25;121,258.25;320.25,259.75;19.25,247.75;100.25,151.75;123.75,162;206.75,207.25
12647;5.5,26.5;81.25,273.25;130.25,239;280.25,273.5;5.25,229.5;47.25,165.25;123.75,162;214.75,153.5
10308;27.75,67.25;45.75,271;106,227;264.75,298.5;23.5,202.75;47.25,165.25;123.75,162;225.75,201.75
46258;14,34.5;45,271.25;106,227;264.75,298.5;9.5,243.5;11.75,142.5;133.75,194;226,221
49371;14,34.5;51.5,286;62.25,268.5;263.25,255.5;10.5,240.25;11.75,142.5;174.25,239.5;213.25,176.25
34984;14,34.5;57,285;106,227;231.25,208.25;3.25,288.75;13.25,143;174.25,239.5;193.5,174.5
42398;18,64.25;95.25,310.25;152.75,260.75;239.5,150.75;1.25,287.5;27.25,91.75;174.25,239.5;193.5,174.5
50563;55.5,60.75;123.25,292;155,212.75;238.5,202.75;1.25,287.5;41.75,85;174.25,239.5;193.5,174.5
21395;79.5,86.25;88.75,297.5;164.5,161.75;206.75,174.5;1.25,287.5;61.5,77.5;169.25,274.25;193.5,174.5
8868;79.5,86.25;88.75,297.5;162,217.75;248,133.5;43,310.75;48.75,78.5;142.5,302.75;182.5,190.75
13633;43,48.25;88.75,297.5;148.75,184;248,133.5;12.25,314.5;66.5,55;121,276.5;144.5,223
4582;14.5,30;88.75,297.5;136.25,158.75;248,133.5;43.25,320.5;64.75,96.75;113.25,245.5;124.5,198.25
40898;60.5,9.25;88.75,297.5;138,124.75;248,133.5;4,308.5;42.75,137.75;59.75,249;171.75,164.25
32669;60.5,9.25;75.25,300.5;109.75,77.75;251.25,173.75;27.5,311;42.75,137.75;43.75,252.75;185.5,174
38121;32.75,21;75.25,300.5;106.25,51.25;285,143.75;38.75,265.5;41.75,136.5;74,273;185.5,174
2305;32.75,21;75.25,300.5;135.25,91.5;326.25,140.75;17,248.75;60.25,176.25;108.5,301.25;166.5,165.75
16366;33.5,21.75;80,286;148.25,145.75;307.5,96.25;2.5,240.75;29.5,202.75;108.5,301.25;166.5,165.75
19123;23.25,42.75;61.25,294;160,166.75;309.25,94.75;9,243;29.5,202.75;63.25,290.25;166.5,165.75
20819;23.25,42.75;36.5,277;160,166.75;294,139.25;22.75,207.25;36.25,262;55.25,275;181.5,134
9484;30.75,49.25;36.5,277;202.75,215.5;360,128;8.75,146;15,252.75;23.25,244.75;181.5,134
14681;30.75,49.25;81.75,298.25;196,246.25;322.75,152.5;6.25,138.75;10.75,304;24,245.25;181.5,134
5603;7.75,63.75;60.5,241;196.75,294.25;354,128.5;6.25,138.75;10.75,304;24,245.25;179.25,114.25
42748;55,98;60.5,241;174.5,303.5;354,128.5;30.25,197.25;55.25,270.25;60.75,289.25;182,113.25
15728;55,98;96.75,195.75;174.5,303.5;354,187.75;8.25,202.25;63.25,283.5;78.25,296.5;240,128.25
6166;44.25,49.75;96.75,197;174.5,303.5;348.5,225;24.25,247.5;75.75,286.75;99,281.25;240,128.25
32237;44.25,49.75;96.75,197;201.5,287;364.25,252.75;1.5,239.75;56.5,309.25;103.75,260.75;240,128.25
1302;25.75,63.75;96.75,197;237.75,290.75;363.5,267;1.5,239.75;82.75,318.25;103.75,260.75;282.5,142.75
28387;49.25,45.75;85.5,182.25;241.5,274.75;318.25,276.5;1.5,239.75;82.75,318.25;131.75,280.5;282.75,118.75
17618;49.25,45.75;93.5,177.25;241.25,274.25;315.75,246.25;24.75,265;37.75,312.25;123.75,266.5;282.75,118.75
1966;20,42.25;90.75,139.5;212.75,244.25;354.25,240.75;24.75,265;37.75,312.25;82,251.5;270,83.75
36301;49.75,74.75;88.25,149.25;210,261;321.75,242.25;24.75,265;37.75,312.25;110.75,225.5;232,49.75
24060;2.5,82.75;125.25,140;239,300;329.5,251.75;25,265.25;37.75,312.25;110.75,225.5;245,24.75
12235;15.5,140.25;108.75,125;241,299.25;360,263.25;39.25,300.75;46,310.75;110.75,225.5;245,24.75
9832;15.5,140.25;134.25,178;273.5,294;363.5,231;27.25,272;46,310.75;82.5,170.75;241.25,16.5
20432;62.5,114.25;149.75,207.5;225.25,268.75;363.5,231;35.75,232.75;48,315.75;60.75,216.25;241.25,16.5
50544;60,113.5;140,197.75;270.5,248.25;363.5,231;32.75,245.25;86.75,268.75;114.25,197.5;241.25,16.5
48558;70,125.25;140.25,224.25;245.5,279.5;363.5,231;35.75,244.75;110.75,227.75;145,224;241.25,16.5
40258;70,125.25;144,190.5;191.25,278;363.75,241.75;57.5,207.25;99,200.5;136.75,266;241.25,16.5
36287;69.5,103.25;160.75,147;178.75,319.75;363.75,241.75;56,209;97.5,199.5;125.25,315.25;241.25,16.5
7685;29,119.25;133.25,102;220.75,279;363.75,241.75;30,229.25;108.25,245.5;161.5,300.75;241.25,16.5
34626;6,63.75;133.25,102;264.5,241.75;362.25,289;30,229.25;107.75,243.25;220.5,320;228.5,16
27216;49,61.75;123,86.75;285.75,229;324.5,293.5;48,270.75;107.75,243.25;179.25,304.75;228.5,16
36364;46,49.25;109.5,104;249,200.25;316,322.5;46.25,247.5;107.75,243.25;179.25,304.75;228.5,16
35698;80.25,85.25;102.25,52;245.5,205;320.75,320.5;46.25,247.5;108.5,243.25;218.5,296.25;228.5,16
16789;80.25,85.25;107.25,34;261.25,241;357.25,297.75;50.5,269.25;137.75,196.5;196,247.5;228.5,16
11890;83.75,31.25;101,70.5;318.5,256.75;336.25,315;50.5,269.25;180.75,156;196,247.5;229.5,59.5
39391;57.75,62;101,70.5;318.5,256.75;336.25,315;5,297.75;206.25,203;227.5,274.25;236.75,53.25
7039;76,86;113,34.25;318.5,256.75;364.25,320;5,297.75;205.75,202.75;237.5,321;254.75,76
32613;77.5,119.75;113,34.25;360.25,248.5;364,261.5;5,297.75;215.5,220.25;237.25,318.75;309.25,51.75
47235;87.25,89.75;160,71.5;360.25,248.5;362.75,264.25;5,297.75;212.75,266;223.75,283.25;279.75,101
3898;87.25,89.75;173.25,135.75;339.75,271.25;360.25,241;29.5,310;213,265;223.75,283.25;274.75,111.75
44456;77.5,123.5;206.25,91.75;343.25,319;360.25,241;29.5,310;185.5,305.75;197,249;274.75,111.75
15392;136.25,126.25;206.25,91.75;342.25,311.25;362.5,187.5;63.5,260.25;159.75,299.75;168.75,278.25;274.75,111.75
28487;134.25,155.75;206.25,91.75;284.75,320.5;344.75,199;48,290.5;159.75,299.75;212.75,297.25;264,133.5
33908;131.25,166.25;223.5,57.25;258,296.5;302.75,190.5;78.25,284.25;128.75,275.5;212.75,297.25;264,133.5
6977;80.75,176;223.5,57.25;274.25,254.75;310.25,236.5;78.5,285;128.75,275.5;179.25,269;256.5,96
45432;80.75,176;232,84.25;241.5,216.25;329.25,237.75;116,258.75;125,259.75;177.25,294.25;256.5,96
24930;80.75,176;272.5,75.5;283.25,219;304.5,191.75;82,285.25;125,259.75;163,301.75;254.25,96.5
20435;80.75,176;290.75,92.75;327.25,208.5;329,156.75;43.75,300;125,259.75;148.75,319.5;218.5,60.25
11964;92.25,213.75;286.5,55.5;313,243.5;315,124.75;43.75,300;142.25,269.75;176.5,300.75;218.5,60.25
23228;102.5,164;286.5,55.5;313,243.5;315,124.75;8,240.75;127,323.75;201.75,257;260.5,28.25
23247;153.5,128.25;272.25,72.25;299.5,211.5;330,102.5;22.25,244.25;127,323.75;144.5,226.25;260.5,28.25
34351;120.75,79.75;283.75,86;299.5,211.5;329.5,152.25;21.75,244.5;105.75,304.75;144.5,226.25;256.5,25.75
44072;136.75,39.75;283.75,86;341.5,217.75;357.5,175.25;21.75,244;108,275;146.25,177.75;256.5,25.75
12566;117.5,35.5;316.5,54.25;351.75,258.25;356.25,162.75;19.75,274;108,275;135.5,172;256.5,25.75
23356;156,33.25;315.75,54.25;353.25,214.75;356.25,175.75;12.75,318;108,275;172.5,165.75;256.5,25.75
36259;156,33.25;284,104.75;353.25,214.75;355.25,177.75;2.75,310;124.75,317.75;161.5,225.75;302.25,9
871;156,33.25;304.25,139.25;305.5,235.75;326,197.75;46.5,308.75;124.75,317.75;167.25,221;300.75,8.5
29580;168,69.75;304.25,139.25;307,235.25;326,197.75;57.5,296;108.75,319.25;115.25,222.5;273.75,24
5708;188.5,50.5;270.5,105.25;307,235.25;331.5,198.25;19,306.25;53.75,316.75;102.75,197;273.75,24
8715;185.25,18.5;311.25,112.25;352.75,263.25;360.5,245.75;13.5,297.5;53.75,316.75;102.75,197;274.25,24
49756;187.75,58.5;283.75,88.5;360.5,245.75;362.75,261.25;3.75,306;44,260.5;49.75,223.75;274.25,24
50067;147.5,7;271.5,29.5;332.25,195;343.5,252;31,307;44,260.5;49.75,223.75;274.25,24
10672;108.75,23;244.5,6.5;332.25,195;343.5,252;10,306.25;27.25,203.75;70.5,286.75;225.25,36
7503;176,34.5;185.5,38.25;332.25,195;354.5,241.25;10,306.25;20.75,140.75;96,240.5;175,37.5
20158;202.25,72.75;219.25,7.25;317.75,164.5;363.5,191.5;10,306.25;20.75,140.75;94.75,240;141,34.5
7096;140.25,62.5;248.75,30.25;356.75,152.75;364.5,197;10,306.25;19.75,118.75;114.75,240;141,34.5
37533;155.75,53.75;248.25,30;355.25,112.75;360,240.75;19.75,291.5;23.75,124;114.75,240;141,34.5
10304;108,47.25;248,31;317.75,159;334.25,235.75;15,306.25;23.75,124;114.75,240;143.5,56.25
39219;127,25.5;220.75,49.25;337.75,197.25;347.5,239;14.5,304;75.25,131;114.75,240;143.5,56.25
20142;120.25,21.25;220.75,49.25;324,158;361.5,229;63,310.5;89.5,137.25;114.75,240;115,86.75
7213;96.75,34.5;184.75,58.5;325.5,139.25;361.5,229;63,310.5;87.5,163.75;115.5,198;121,39
40594;96.75,34.5;170.25,21;280.25,144.5;360,249.75;43,274.25;87.5,163.75;123.5,197;151,43.25
15636;50.75,44.75;142,64.25;276.5,125.25;360,249.75;49,267.75;87.25,212;87.5,163.75;151.5,4.75
12093;23.25,63;142,64.25;293.25,112.75;357,274.75;10.75,296.25;79.25,190.5;89.5,116;151.5,4.75
22259;79.5,85.75;140.75,64.25;283,55.5;345.75,311.75;10.75,296.25;19,203.25;69,115.75;151.5,4.75
4294;94.25,62.75;116.5,32.5;239.25,37.25;357.25,305.25;10.75,296.25;19,203.25;69,115.75;120.75,19.25
16527;81.75,103.5;116.5,32.5;279,33.5;355.5,241.25;25.5,279.25;30.75,265;111,112.25;120.75,19.25
47959;86.25,63.5;105,14;288,72;333,210;5.75,306;30.75,265;66,88.5;120.75,19.25
49742;82,111;102.75,19.25;261.5,31.75;336.75,151.75;5.75,306;30.75,265;70.5,86.25;120.75,17.25
3234;32.75,54.25;126.25,59;270.75,30;355.5,128;14.5,311;30.75,265;70.5,86.25;153.25,5.25
25294;32.75,54.25;184.5,49;252.75,36.5;333,121;26.5,307;49.75,221.75;89.5,126.75;153.25,5.25
29815;15.5,72.75;164.75,16.5;222.25,12.75;313.75,119.5;26.5,307;31,186;91,99.75;153.25,5.25
42235;42.75,18.5;149.25,47;229,40.75;293,129.75;26.5,307;31,186;48.25,112.25;212.25,46.25
3726;44,17.5;146.75,46.5;247.25,23;293,129.75;26.5,307;33.5,123.25;50.75,136.25;205,74.25
28758;65,84;123.25,80.75;227.75,76.5;260.25,133.75;26.5,307;33.5,123.25;50.75,136.25;256.5,47.25
41077;82.75,43.5;158,86.25;211.5,135.75;280.5,192.75;17,248.75;33.5,123.25;50.75,136.25;255.75,48
48247;82.75,43.5;218.75,92;251.25,154.5;339,179.25;17,248.75;29.25,130.25;50.75,136.25;285,110
1976;82,42.5;218.75,92;273.5,133.25;339,179.25;1.75,307;41.75,155.25;42.25,88.75;247.5,169.25
27653;112,83.75;217,93.75;314.5,112.25;355.5,135;1.75,307;41.25,108;43.75,90.25;247.5,169.25
4572;74.5,112.5;229,38.75;324.75,158.75;353,130;1.75,307;39.5,89.25;41.25,108;243.5,121
5496;47.25,152.75;286,52.5;321.75,162.25;338.75,99.75;1.75,307;34.5,133.25;74.75,131.5;243.5,121
45156;29,177.25;270.75,19.5;275.5,148;359,134.75;1.75,307;34.5,133.25;54,93.25;213.5,108.5
16155;51,228.5;247,3.5;275.5,148;359,134.75;10.75,310.5;28.25,118.25;77.25,89.25;242.25,70.25
13080;65,210.25;247,3.5;290.5,167.25;316,112.25;10,310;28.25,118.25;38.5,35.5;221,17.5
18090;42.75,226.75;289.25,24.25;303.25,236.5;345.25,112;10,310;28.75,155;54.75,64;221,17.5
30263;92.75,207.25;313.25,66;342.5,209.5;359,176;15.75,280;28.75,155;29.75,104.75;221,17.5
19130;91.25,281.75;313.5,67;329.5,136.5;363,142;5,309.5;29.25,203.75;29.75,104.75;221,17.5
27285;150,259.25;271,72.75;290.5,137;364.75,142;5,309.5;24.25,247.5;27.25,175.75;221,17.5
14563;149,266.25;266.25,65;322,92.75;364.75,142;5,309.5;51.25,275;52.5,159;221,17.5
29870;149,266.25;282,55.5;322,92.75;364.75,142;50.25,304;79,235;103.75,163.75;235.75,9
19555;139.75,313.75;271,75.75;289.5,112.25;364.75,142;7,292;45.25,247;98.25,189.5;235.75,9
29533;142.5,319.25;228,55.75;327.75,104.75;364.75,142;13.25,321;66.5,247;102.75,153.25;235.75,9
16045;95.75,315;197.75,7.75;316.25,125.25;364.75,142;13.25,321;71.5,265.75;88.25,153.25;236.25,8.5
24485;95.75,315;250.75,12.25;339.25,182;343.75,112;29.75,301;71.5,265.75;99.25,136.75;244.25,15.5
6270;94.25,313.75;293.75,56.75;326.5,136.25;344,76;52,269.25;54.25,311.75;99.25,136.75;244.25,15.5
43781;70.25,305.5;308.75,93.25;343,141.25;352.75,41.5;7.5,284.5;54.25,311.75;99.25,136.75;244.25,15.5
27915;70.25,305.5;273,75;323,137.25;355.75,80.75;7.5,284.5;29.5,307.5;98,132.25;289,52.5
25046;122.25,303.75;294.25,73.75;323,137.25;364.25,51.25;7.5,284.5;11.25,306.75;109.25,76.75;291.75,52.5
40181;170.5,323;271.25,103;351.25,128.25;360,96.5;7.5,284.5;11.25,306.75;108.25,80.25;310.25,45
24915;218.5,311.25;286.5,103.75;310.75,95.75;356.25,154.75;7.5,284.5;11.25,306.75;108.25,80.25;309.25,45
597;218.5,311.25;276.25,143.25;278.75,101.25;327.25,156.75;7.5,284.5;58,311.25;108.25,82.75;254,41.5
8708;218.5,311.25;267.25,83;298.5,55.5;355,135.25;53.5,248.5;75.25,285.25;112,113.25;254,41.5
25870;223,313.75;278.75,103.25;298.5,55.5;355,135.25;19.25,306.25;73.5,295.25;81.25,150.5;207.25,85.75
9379;233.25,313.25;260.25,153.25;273.25,70.75;304.75,138.75;19.25,306.25;41.5,254;81.25,150.5;237,126
7926;233.25,313.25;283.5,102.75;295.75,119.5;306,157.5;13,311;41.5,254;65,168.75;191.75,99.75
11033;247.5,274;293,128.25;297.25,148.25;301.75,112;13,311;53.5,250.75;84.25,141;191.75,99.75
25567;269.5,256.25;290.25,168.5;321,138.25;327,142.25;13,311;66.25,249;84.25,141;191.75,99.75
30382;269.5,256.25;308.25,158.25;312,120.75;314.75,156.75;22,307;66.25,249;81.25,189.5;151.75,91.5
31943;269.5,256.25;308.25,158.25;312,120.75;314.75,138.75;7,308.5;50,251.25;112,197.5;172,107.5
35330;268.75,257;307.75,158.5;312,120.75;314.75,138.75;36.75,306.25;42.75,251.75;96.25,236.75;154.75,59.75
48900;264,225.25;290,207.5;312,120.75;314.75,138.75;23.5,321.25;46,292;96,242.5;146.25,29.5
17420;218,235;250.75,258.25;269.25,164;310.75,92.75;23.5,321.25;106.25,281.75;140.5,226;146.25,29.5
32805;165.5,265.5;210,244.75;285.75,229.75;350.5,89;23.5,321.25;106.25,281.75;136.5,229.75;142.75,52.5
2738;151.75,224.5;213.25,226.5;256.75,261.25;350.5,89;6.5,310.75;90,297.5;136.5,229.75;142.75,52.5
43613;172.5,221.5;176,195.75;278.25,223;339.5,79.75;6.5,310.75;102.5,267.5;140.5,187;142.75,52.5
37788;137.25,266.25;176,195.75;330,197.75;346,26.25;6.5,310.75;61,255.75;97,194.5;154,49.75
7960;124.25,284.5;192.25,232.25;332.25,256.5;346,26.25;6.5,310.75;83.5,222.25;96.25,232.75;182.75,48.25
23226;139.75,267.25;189.25,232.75;270.5,254.75;291.25,52;6.5,310.75;89.5,282.75;116,241.25;182.75,48.25
6134;139.75,267.25;170,230.25;315,260.5;328.5,32.5;6.5,310.75;109.25,292.5;127.25,229.75;199.75,96
13392;126,234.75;170,230.25;332.5,256.5;360.75,24.25;6.5,310.75;123.75,279.25;161.75,221.75;230,110.5
23319;117.75,254.25;146,261;332.5,256.5;365.5,53;29,306.5;124.25,278;161.75,221.75;250.5,121.5
20612;157,265.25;157.25,223.25;364,274.75;365.5,51;67,289.75;124.25,278;184.75,201.25;250.5,121.5
27903;115,291.5;117,238.5;334.25,245.75;353,87.5;67,289.75;124.25,278;207.5,270.25;286.5,151.5
38849;115,291.5;158.5,266.25;313.75,211.5;316.75,68.5;108,309.75;130.25,252.25;207.5,270.25;328.25,123.75
35402;62,317.25;157.25,318;272.25,212.5;280,75.75;108,309.75;113,197.25;207.5,270.25;328.25,123.75
49451;62,317.25;157.25,318;239,259;269.5,102.75;108,309.75;150.75,160.25;257.25,293.75;356.75,155.75
13682;62,317.25;191.25,278.25;268.25,256.75;295.25,52.25;108,309.75;150.25,160.5;259.75,255.75;318.25,198.75
13124;62,317.25;211.5,292.25;254.5,290;292,55;89.75,254.25;132,198.75;259.75,255.75;312,217.75
39440;62,317.25;202.5,250.75;288,296.25;294.25,2.5;89.75,254.25;96.5,171.5;253.25,226.5;310.5,180.75
25851;62,317.25;241.5,273.75;274.75,309.25;344.5,16.5;89.75,254.25;149.75,169.5;227.25,246;314,181.25
38242;40.5,316;241.5,273.75;274.75,309.25;344.5,16.5;120.5,273.75;121.25,106.75;171.25,238.5;359.75,203.25
42819;72.25,298.25;241.5,273.75;274.75,309.25;344.5,16.5;71.5,286.75;83,131.25;163.25,300.25;356,167
19390;83,243.5;236,284.75;305.75,289;320.25,23.25;59,249;83,131.25;163.25,300.25;341,205.25
6896;61,243;228.75,236;320.25,260.25;348,14.25;59,249;88.75,136.25;106.5,320.75;341,205.25
48549;16.25,242;250.25,246.25;290.25,320.5;314.5,25.5;58,249.25;88.75,136.25;123.75,294.25;341,205.25
17936;24,196.25;280.75,290.5;309,287.25;314.5,25.5;45,286.25;88.75,136.25;96,260.75;355,170.5
5213;17.5,189.75;280.75,290.5;324.5,254.25;338.25,15.75;69.75,275.5;89.75,138;96,260.75;323.75,210.25
43394;34.25,158;310.75,322;320.25,259.5;338.25,15.75;34.5,321;71.5,80.5;96,260.75;335.5,174.5
41481;83,187;310.75,322;320.25,259.5;338.75,15.75;20.75,309.75;104,112.75;109.5,242.25;307.75,204.5
37801;64.25,145.5;292.75,300.75;296.5,263.25;344.5,11.25;20.75,309.75;68.5,100;109.5,242.25;365.5,234.5
20976;53.5,171.25;293,322.25;327.25,215.5;344.5,11.25;20.75,309.75;49.5,121.75;123.75,208;343.25,276.5
21887;64,111;293,322.25;324.25,271;344.25,10.25;20.75,309.75;43,76.25;164.5,162.75;345,319.25
29176;76.25,41.75;285.25,318;294.25,317.5;296,36.25;18,321.75;25.75,125.25;164.5,162.75;345,319.25
6501;10.5,8.75;268.25,321.75;289.5,321.5;296,36.25;18,321.75;27,129.25;149.5,163.5;328.75,298.5
27659;72.75,39;290.25,237;334,274.5;340,97.75;26.5,308;27,129.25;93.5,151.75;328.75,298.5
30707;72.75,39;297.75,186.5;301.5,321.25;340,97.25;26.5,308;83.25,98.25;123.25,161;311,314.5
385;121,17.25;287.25,167;301.5,321.25;340,98.25;6.75,287;50.75,76.75;179.75,161.25;311,314.5
8027;129,56.25;287.25,167;321.75,318.5;364.25,73.25;14.75,306.75;36.5,33.75;179.75,161.25;312,315.75
10049;169.5,20.25;254.25,137.75;323.5,319;364.25,73.25;2.5,307.25;77.25,12.5;212.5,187.75;312,315.75
32150;185.75,77;206.75,166.5;307.5,263.25;361.5,80.75;2.5,307.25;76.75,17;219.75,247.25;312,315.75
49162;210.25,72.5;249.5,166;273.25,250;363.5,79.75;2.5,307.25;69,52.25;211.75,250.75;312,315.75
22019;195,11.25;222,111;273,272.25;361,136;6.25,311;82.25,88;211.75,250.75;312,315.75
28286;192,11.5;247.75,95.75;280.75,298;366,195.75;6.25,311;104.75,93.75;197.75,302.75;312,315.75
27379;192,11.5;275,101.25;288.5,287.25;349.5,229;6.75,307;58.75,107.5;197.75,302.75;298.25,296.75
40255;175,18.75;252.5,78.5;287.75,287.25;349.5,229;6.75,307;40,75.75;169,309.25;313.25,312.25
34221;152.5,34;236,89.5;277.25,276.75;341.25,235.25;6.75,307;26.75,33.25;182,319;313.25,312.25
31904;152.5,34;215.25,55.75;218.75,279;335.75,278.75;8.5,304;93.5,24.25;207.5,276;313.25,312.25
40722;194.5,37.75;211,9;261.25,302.5;361.25,304.5;8.5,304;90.5,36.25;207.5,276;313.25,312.25
29057;153,31.25;210.5,9.25;230.75,301.5;329.5,254.75;24.5,251.5;90.5,36.25;207.5,276;320,310.5
44460;143.5,76;209.25,38.5;209.5,282;329.5,254.75;18.25,244.75;127.25,41.25;206.25,229.25;320,310.5
5804;130.75,88.75;242.25,43.25;243.5,255.25;321,293.5;41,281.75;127.25,41.25;206.25,229.25;306.75,302.75
25572;158,125.25;220,33.25;257.5,282.75;321,293.5;19.75,265.25;147.25,76.25;186.5,233.25;306.75,302.75
12131;107,113.5;216.75,68.25;257.5,283.75;321,293.5;70.25,260.5;114.75,39;164.75,258.25;306.75,302.75
15554;133.25,126.5;216.75,68.25;257.5,283.75;321,293.5;82.75,215.75;124,44;126.75,228;305.25,296.75
15433;185.75,91.25;191.5,71.5;281.25,322;321,293.5;67,276.75;107.75,40.5;150.5,224.75;305.25,296.75
19118;185.5,49.75;226.25,33.5;264.25,311;346.25,319.75;67,273;107.75,40.5;151.25,202.25;305.25,296.75
27399;184.25,21;195,43;292.75,320.5;350.75,317.5;67,273;107.75,40.5;122.25,197.75;305.25,296.75
49861;187,18.75;243.5,77.5;279.75,311.25;368.75,317.25;67,273;107.75,40.5;125.25,200.75;359.75,276.25
48944;187,18.75;273.25,47.5;285.75,321.25;368.75,317.25;23,291.5;59.75,11.75;78.75,231.5;343.5,216.25
702;184,42.5;279.5,33;285.75,321.25;336.25,274.5;23,291.5;63,15;110,252;336.5,218.5
41282;189.75,78.75;260.25,18;281.5,322.5;336.25,274.5;23,291.5;97.25,40;110,252;311.25,159.5
44635;199.75,63.75;214,45;281.5,322.5;360.5,279.5;23,291.5;120.25,94;160.5,221;315.5,102
35828;168.25,105.75;214,45;281.5,322.5;360.5,279.5;23.75,306;121,40;170.25,186.5;338.75,124.25
25177;184,124.75;214,45;281.5,322.5;360.5,279.5;49,268.75;158.5,87.25;165.5,163.25;338.25,81.75
31724;184,124.75;214,45;252.75,306.25;360.5,279.5;20,253.75;155.25,51.5;202.25,172.75;366.25,81.25
2854;167.5,106.75;255.5,19.5;311.75,311.5;336.75,247.25;20,253.75;155.25,51.5;248,176.5;366.25,81.25
1290;182,72.5;255.5,19.5;311.75,311.5;337.25,248;44.75,284.25;116,73.5;209.25,155.5;331.25,57.5
19044;181.5,72.25;279.25,13;306.5,302.5;337.25,248;44.75,284.25;78.75,111;171.25,185.5;354.75,47
40600;172.5,46;250.75,4.5;274.75,255.25;342.25,231.25;102.5,258;107.25,162.25;171.25,185.5;354.75,47
9382;212.5,8.5;228.25,36.5;274.75,255.25;342.25,231.25;105.25,261.25;131,216.5;142,152.75;310.5,81.75
25796;183.5,48;194.5,84.25;286.25,319.25;313,230.25;69.5,296.25;131,216.5;182,181.75;310.5,81.75
18853;146.25,21;194.5,84.25;251,276.75;297.25,165.75;69.75,298;131,216.5;180.75,180.75;287.75,21
2685;108.75,19.5;192.5,58.5;251,276.75;297.25,165.75;33.25,273;142,202.75;207.75,207.75;241.25,41.75
9987;77.5,6.75;226.25,85;242,294.25;328.25,172.5;33.25,273;100,220;187.25,164.5;241.25,41.75
10344;77.5,6.75;226.25,85;246.5,291.25;290.75,179;32.75,273.5;55,195.75;171,170.5;266.25,79.75
15256;108.25,23;226.25,85;246.75,290.75;290.75,179;38.75,308.25;77,226.75;151.75,221;231.25,114.25
7151;79.25,76.75;226.25,86;275,309.25;290.75,179;38.75,308.25;86.25,211.5;92.75,221.25;220.5,163.25
38137;45,30;168.25,100.75;278.25,282.5;290.75,179;48.25,270.5;120.75,227.75;121.5,276.5;220.5,163.25
26913;8.75,41.75;168.25,100.75;240.75,237;290.75,179;63.5,284.75;123.5,229.75;151.5,299.75;165.75,164
46900;8.75,41.75;168.25,100.75;276.5,222.75;293.5,136;112,290.5;114,216.25;119.25,296;165.75,164
32272;6,64.25;130,100.75;276.5,222.75;288,106;59.75,272.25;130.5,197.25;144.25,317.5;165.75,164
40762;6.75,64.5;158.5,105.25;294.5,232.25;307,53;67,277.25;130.5,197.25;144.25,317.5;180,135
19187;40.75,95.75;191.5,143.25;280,260.75;307,53;11,270.5;130.5,197.25;160.25,300.5;180,135.5
34753;10.25,67.75;196,99.75;280,260.75;281.5,90.75;18,292.5;103.5,195.5;177.25,306.75;180,135.5
25381;27.75,58.25;196,99.75;253.5,244.5;270.75,103.5;27.25,279.5;59.25,224.5;177.25,306.75;188.75,162
26122;10.25,76.5;194.25,102;206,259.5;267,79.25;2,310.25;59.25,224.5;153.25,273;188.75,162
19398;20,85.25;194.25,102;206,259.5;255,92.25;2,310.25;98.25,191;147,283.5;174.5,213.5
9917;76.25,118.25;194.25,84;215,197.5;252.75,54.75;12.25,272;98.25,191;147,283.5;171.5,213.5
12248;40.75,120.75;211.5,127.75;215,197.5;275.75,64.5;12.25,272;85.5,171.5;162.25,301.25;195.75,177.5
11229;40.75,120.75;223.75,79.75;237.25,186.75;304.5,79;11,268;82.75,126.25;160.75,298.75;195.75,177.5
50553;31,137.25;219.75,22;276.25,159.25;326.75,35;11,268;113,101.5;141.75,317.5;195.75,177.5
28482;62.5,122.25;215.75,4.5;286.25,105.75;350,14.25;23,306.5;79.75,111.25;141.75,317.5;195.75,177.5
16146;62.5,122.25;175,48.25;286.25,105.75;350,14.25;5.25,306.25;48.25,75.75;103,282.75;152.5,178.25
13556;67,70;209.75,71.25;286.25,105.75;332.25,63.5;5.25,306.25;26.25,99.75;97,231.25;125.25,158.5
37344;67,70;216.75,45.25;289.75,70.25;295,70.25;25.5,279.75;36.75,111.75;68.75,215.25;125.25,158.5
14035;67,70;235,83;252,26.25;278.5,102.25;25.5,279.75;36.5,111.5;93.25,189;150.25,116.75
2107;67,70;278.25,67;284.25,15.75;331.75,100;27.75,300.5;36.5,111.5;84.25,139;143.5,68.75
47322;67,70;278.25,30;291,56.25;334,62.5;27.75,300.5;29.25,171.5;145.5,116;146.5,51.5
5141;61.75,70;278.25,30;323,93.25;323.25,124.5;27.75,300.5;29.25,176.25;141.5,97.75;141.5,98.75
25867;91,67;278.25,30;299.5,115.25;360.5,127;27.75,300.5;80.5,171;129.25,47.25;143.25,98.5
5300;62.25,68.25;273.25,17.5;304.75,140.25;369.75,152.5;27.75,300.5;89,190.5;129.25,47.25;201.5,88.5
26463;7,54.5;279.5,32.5;329.5,136.5;369.75,152.5;27.75,300.5;117.5,198.75;140.5,68.75;179.5,148.25
8207;7,54.5;215.75,51.25;325.75,151.75;352.25,97.75;27.75,300.5;96.75,189;141.5,82.75;205.5,176.75
5468;6.5,54.5;195,107.25;337.25,113.25;357.25,81.75;27.75,300.5;67.25,182.25;158.75,28.75;205.5,176.75
46234;6.5,54.5;185.5,104.25;315.75,72.25;355,129.25;27.25,306;66.75,181.75;187.75,41.5;205.5,176.75
5257;6.75,23.25;185.5,58.75;265.25,69;333.25,155;47.25,300.25;66.75,181.75;187.75,41.5;205.5,176.75
29624;6.75,23.25;185.5,58.75;265.25,69;358,132;15.75,284.75;102.25,229.75;222.5,41.25;235,132.75
27768;6.75,23.25;234,79;279.25,71;347,160;15.75,284.75;110.25,281.25;197,96;208,85
33579;17,63.75;230.5,69.5;268.5,70.25;336.25,113.25;15.75,284.75;110.25,281.25;160.75,121.5;203.25,106.75
33811;59.75,58.25;206,93;286.5,72;316,119.75;54.75,282;108.25,228.75;160.75,121.5;203.25,106.75
11747;56.25,96.75;226.75,66.25;286.5,72;295.5,125;54.75,282;109.75,225;175,114.25;187.25,66.25
9140;73.25,84;207,45.75;261.25,19;328.25,172.5;54.75,282;109.75,225;175,162;187.25,66.25
22331;73.25,84;213.75,12.5;277.75,13;328.25,172.5;53.75,283;114,229;150.25,122.25;172.5,40
1051;73.25,84;179,38.75;270.25,70.75;326.75,210.5;19.5,269;88.25,245.25;150.25,122.25;173.75,36
33983;74.5,86;194.75,6.25;260.5,19.25;287.75,231.75;19.5,269;114.5,276.75;150.25,121.75;173.75,36
35087;89.5,119.5;194.75,6.25;253.25,2;316.25,232.75;19.75,268;154.5,241.75;168.75,90.25;173.75,36
26671;89.5,119.5;164,59.75;200.25,15.5;364.5,265.5;19.75,268;137,196.5;150,91.5;170,61.5
2888;138.75,128.25;159,29;200.25,62;337.25,282.5;18,292.5;137,196.5;150,91.5;170,61.5
23279;95,165;159,29;260.5,56.25;336.25,282.75;18,292.5;148.5,163;161.5,140.25;169.25,52.5
20145;142.25,184.25;204,40.5;276.5,73.75;282.75,277;15.5,282.75;148.5,163;161.5,140.25;209,92.5
13192;181.25,140;204,40.5;273.5,32.5;283.25,321.5;11.75,279.5;159.75,199.75;161.5,140.25;174.25,96.5
32818;168.75,100.75;177.5,58.75;264,24.25;285.25,261.5;11.75,279.5;159.75,199.75;174.25,96.5;177,143.75
18585;123.25,90;200,57;264,24.25;273.5,239.25;11.75,279.5;159.25,258.25;194,99.25;210.75,174.75
37873;145.75,128.75;190,49.25;223.25,63.75;287,261.25;11.75,279.5;161.75,317.5;194,99.25;210.75,174.75
121;132.75,174.25;158.25,87.25;213.25,53;269,285.75;19.75,268.5;161.75,317.5;178.75,125.25;210.75,174.75
36186;114.25,212.5;165.75,108.5;174.5,33.75;269,285.75;4,298.25;164.25,317.5;178.75,125.25;201,176.5
42608;114.25,212.5;165.75,108.5;174.5,33.75;242.5,316;31,321;125.25,323.5;162.75,72.75;210.25,202.75
49337;57.5,216.5;115,82;162.5,100.75;206.5,311.25;31,321;125.25,323.5;195,15;241,173.75
7710;65,210.25;128,29.75;133,147.5;241.25,295.25;31,321;167,301.25;195,15;241,173.75
20943;92.75,190.25;94.25,84.75;191.5,140;241.25,295.25;32,310.5;167,301.25;212.5,27.75;267.25,110.5
26183;47.75,170.25;114,143.5;191.5,140;208.5,311.25;32,310.5;164.75,278.25;210,48.25;305,115.5
15904;47.75,170.25;114,143.5;200.25,93.75;208.5,311.25;88,313.75;192.75,247;208,100;353.75,140.25
49753;37.5,201.25;131.25,183.75;208.25,78.75;208.5,311.25;88,313.75;199,221;220.75,65;358,162
40232;58,230.75;131.25,183.75;208.25,78.75;208.5,311.25;71.75,259.25;178.25,230.25;233,47.75;347.25,187.25
3555;77.25,200;146.75,156.75;170,106.75;173.5,296;71.75,259.25;165.5,278.25;233,47.75;303,194.25
16310;77.25,200;135.25,128.25;145.25,127.25;207,259.5;82.5,253;183.25,287.75;255.5,10.75;303,194.25
8906;104.75,213.5;157.25,156.75;178.25,112.25;180.75,232.25;82.75,249.5;157.5,278.75;255.5,10.75;303,194.25
23530;74,177.25;133,216.25;178.25,112.25;178.25,233.75;112.75,294;121,276.25;255.5,10.75;332.75,230.75
31468;51,217;96.75,253;171.75,69.75;206.5,199.5;112.75,294;121,276.25;308.25,15.25;332.75,229.5
20940;33,227;40.5,238.75;212.75,81.75;225,242.75;123.25,279.5;134.75,310.5;308.25,15.25;332.75,229.5
11580;26,181.25;26,256.75;236.75,27.75;252.5,203;123.25,279.5;131.5,318.25;308.25,15.25;332.75,229.5
21218;2.75,171;41,241.75;215.5,44.75;239.25,210.25;108,323.25;123.25,279.5;308.25,15.25;332.75,229.5
7652;2.75,171;15.75,293;176.75,59;239.75,210.75;106,267.5;142.25,298.25;308.25,15.25;313,199.75
32003;6,173;60.25,243.25;194.5,50;212.25,253;80.75,221.5;142.25,298.25;308.25,15.25;313,199.75
15443;5.5,167;35,224.25;194.5,50;246.5,307.5;137,217.75;157.5,319.5;257.5,16.5;313,199.75
42800;1,185.5;88.75,196.5;222,64;289.75,271;133.25,196;207.5,270.25;257.5,16.5;313,199.75
25081;5.75,184.25;88.75,196.5;227.25,41;260.5,251.75;163.25,160.75;207.5,270.25;239,3;361.25,213.25
59;48,179.5;114.25,143;279.75,70.25;310.75,232.75;122.75,153;201.5,256.75;239,3;361.25,213.25
11054;1.25,182.25;114.25,143;247.25,116.25;310.75,232.75;83.25,143.75;188.25,274.75;188.75,30.25;355,198.75
3631;23.5,190.25;105.25,160.75;249,117;310.75,232.75;83.25,143.75;150.75,272;167.5,48.25;320.25,241.25
22745;9.25,159;102,163;285,74.25;344.25,229.75;37.5,135.25;150.75,272;167.5,48.25;324.5,211.75
34785;9.25,159;74.5,166.25;273.25,48.25;299,208.5;37.25,136.5;150.75,272;165,29.25;363.25,226.25
44145;21.75,226.25;92.25,175;210.25,40.25;365.75,209.5;82.75,156.25;150.75,272;196,8.5;363.25,226.25
15215;30.5,183.25;90.75,156;153.75,51.25;334.25,217;82.75,156.25;144.75,318;196,8.5;342.75,169.5
39746;28.25,184;63,135;120.25,80.5;355.75,156.75;82.75,156.25;82.75,318.75;251.5,15;342.75,169.5
14954;23.75,240.5;47.5,191;135.5,76.5;363,152;25.25,171.5;82.75,318.75;293,57.25;342.75,169.5
44418;49.5,241.75;70,145.5;105.25,118.25;320.75,123;25.25,171.5;82.75,318.75;293,57.25;344.75,210.25
504;19.25,241;70,145.5;146.25,128;326,89.75;25.25,171.5;128,323.25;304.5,86.75;336.75,161
17745;44.75,222.25;66.25,171.25;146.25,128;320.75,137.75;19,159.5;156.25,287.25;294,63;336.75,161
22756;58,247.75;102.5,201.5;146.25,128;277.25,105.75;19,159.5;136.25,250.75;289.5,98.25;321,130.75
13329;27.25,274.5;75.75,233.25;166.5,134.5;288.5,103.75;19,159.5;137,250.75;268.5,66.25;321,130.75
24551;29.75,299.75;43.5,209.25;200.25,132.5;303.25,141.25;19,159.5;137,250.75;256.5,56.75;341,106.5
15187;29.75,299.75;52,218.25;196,83.75;263,133;19,159.5;116,259.25;271.75,97.25;341.75,60
27259;0.5,293.25;52,218.25;187.75,112.5;280.5,165.75;63.75,148.75;149,221;271.75,97.25;316,17.25
11457;9.25,309;47,217;219,135.25;262.75,134.75;63.75,148.75;149,221;265.5,72.5;285.75,42.5
6260;28.75,307.75;35.5,188.75;219,135.25;290.5,164;63.75,148.75;140.25,270.25;278,35.25;328.75,41.25
27690;28.5,306.25;35.5,188.75;240.25,129.25;272.75,168;53.75,135;140.5,224.75;278,35.25;359.25,57.25
2106;10.75,255.25;35.5,188.75;241.25,170.75;269.5,164;19.75,119.75;140.5,224.75;279.25,31.5;348.25,31.5
3868;10.75,255.25;34.75,184;253,219.75;269.5,164;37.75,132.5;146,278.25;305.25,87;321.25,64.5
5445;35.5,212.75;73,210.25;246.5,259.25;277.75,149;37.75,132.5;146,278.25;251.25,102.25;321.25,64.5
9023;7.5,227;55,218.5;246.5,259.25;254.5,99;81.5,133.5;183.5,317.5;251.25,102.25;333.25,97.25
49677;45.75,203.75;49,226.5;246.5,259.25;249.25,97;66.75,163.5;149.5,318;249.75,97.25;333.25,97.25
37653;18.75,170.25;98.5,203.25;189,256.25;290.5,53;66.75,163.5;128,324.25;248.25,98.5;333.25,97.25
33637;10,177.25;98.5,203.25;206,260.75;239.75,50.5;79.25,167;103.5,282;202.75,98.75;333.25,97.25
11615;10,177.25;134.5,201.5;206,260.75;239.75,50.5;61.5,207.75;91.25,314.5;205,67.5;290.25,122.75
20896;13.25,226.75;134.5,201.5;218.25,227.75;250,78;86.75,210.5;87,282;205,67.5;285,115
4131;13.25,226.75;134.5,201.5;204.25,236.75;234.5,71.5;115,217.75;124,297.5;213.5,105.75;321.25,138.25
44527;13.25,226.75;133.5,238.25;170.75,242.75;215,42.5;115,217.75;125.5,296.25;218.25,107;338,163.75
1549;13.25,226.75;104.5,248.5;125.5,239.75;217,4.25;115,217.75;162.25,303.75;190.25,102.5;343.25,115.5
38144;72,205.5;96.75,295.75;140.25,226.5;217,4.25;115,217.75;127.5,273.75;245.75,132.25;312,75
29188;72,205.5;96.75,295.75;140.25,226.5;231.25,47.75;76.5,255.25;97.25,283.5;243.25,76.25;301,90.75
50556;72,205.5;96.25,296;183.5,228.5;231.25,47.75;42.5,260.5;109.25,320.25;265.25,75;298.5,47.25
44175;72,205.5;95.5,295.25;223.25,217.75;235,21.75;42.5,260.5;175,305.75;200,85;247.75,48.5
18230;28,204.25;135,266.25;206.75,169.75;217.75,55;42.5,260.5;175,305.75;185,100.5;215.25,5.5
46141;10.75,189.5;112.5,316;177.25,173;217.5,54.5;42.5,260.5;175,305.75;182.5,72;208,57
40554;10.75,189.5;125.75,292;143.5,128;203.5,40.5;24.5,284.5;193.25,303;208,57;212.5,105.75
39989;10.75,189.5;123.75,242.5;193.75,113.25;227.25,73.25;21.75,289;186.75,258.5;190.25,39.75;212.5,105.75
14561;31.5,239;146.75,223;163.25,110.5;231.5,21.75;44.75,317.25;186.75,258.5;190.25,39.75;223.5,117.5
35720;76,205.5;136,239.75;143.75,115;198.25,73.5;6.5,307.75;175.75,303.25;190.25,39.75;223.5,117.5
13265;34.75,239.5;136,239.75;143.75,115;213,10.25;30.5,317.25;123,283;170.75,92.25;203.75,96.5
28836;75.75,299.75;92.5,201.25;205.75,77.25;229.75,30.5;28,317.25;132.75,214.75;170.75,92.25;203.75,96.5
5194;66.5,275.5;114.5,204.25;178.5,49;229.75,30.5;28,317.25;132.5,176.5;144.25,76.25;202.25,68
39684;66.5,275.5;83.5,161;179.25,41.25;229.75,30.5;28,317.25;97.75,131.5;114,97.25;171.25,89
31377;42,268.75;55.75,171.75;178,37.5;229.75,30.5;28,317.25;67,151.5;82.25,73.5;171.25,89
32741;42,268.75;53.5,202.25;182.75,8.75;222.25,13.75;44.75,308.25;81.5,167.5;82.25,73.5;166.25,87.5
6672;41,273.5;68.5,185;169,69.75;222.25,13.75;40,290;59,163.5;69,99.75;166.25,87.5
3404;34.25,243;50.5,158.25;175.75,111;251.5,36;12,267.5;59,163.5;103,135.75;166.25,87.5
38694;13,230.5;50.5,158.25;140.25,137;229.5,10.25;12,267.5;95,153.75;121.75,104.5;208.5,92.5
22351;13,230.5;50.5,158.25;139.25,150;229.5,10.25;33.25,301.25;95.75,118;104.75,135.75;201.25,95.25
29358;16,178;49.75,189.25;134,127;269,5.5;33.25,301.25;95.75,118;132.75,128.25;188.75,55.25
16727;15,177;42.75,226.75;134,127;284.5,24.5;42.5,309.25;95.75,118;142.75,153.25;206,76
11888;14.75,144.25;42.75,226.75;86.5,121.5;329.75,8;42.5,309.25;118.75,103.5;143,154;170,61
29307;39.75,145.75;54,176.25;65,159;329.25,7.5;43.75,260.5;69.25,121.5;143,154;170,61
48699;39,193;39.75,145.75;54.75,176;310.25,54.5;15.25,306.75;69.25,121.5;143,154;163,92.75
15016;1.75,199.5;32.75,132.75;50.75,177.25;277,71.5;61.5,289.25;69.25,121.5;143,154;163,92.75
38984;41.25,214.25;59.5,75.25;89,149;277,71.5;3.75,299;69.25,121.5;140.25,172.25;145.75,49.75
17684;15,178.25;70.75,32.25;89,149;287.5,90.75;3.75,299;74.25,125.25;180.5,161;183.25,71.5
11832;11,232.25;13.75,29.25;136.25,127.75;321.25,138.75;3.75,299;93,169.25;180.5,161;184.25,71.75
30677;11,232.25;13.75,29.25;136.25,127.75;273.25,144;20,272;113,196.75;183.25,164.25;187.25,98
27858;28.5,281;46.75,13.25;117.5,141.5;318.25,142.75;20,272;125.75,197.75;183.25,164.25;190.25,93
43143;40,304.75;68.75,22;79,111.5;271.25,151.75;5,244.5;141.75,223.5;183.25,164.25;190.25,93
14787;59.5,317.75;86.25,25.25;134.75,125.5;244.25,134.75;5,244.5;103.5,273.25;189,161.25;190.25,93
29558;15,307.5;91.25,63.75;112,66.75;275.75,102.5;5,244.5;103.5,273.25;177.5,197;203,160.25
18014;61.5,294;63.75,58;123.25,81.5;294.5,71.25;5,244.5;94.5,258.25;174.5,184.75;203,160.25
28231;61.5,294;109,80.5;119,45.25;265.25,65;60.5,248.5;87.75,221.75;174.5,184.75;223.75,123
13463;12.75,263.75;108,79.75;159.5,59.75;243,116.75;60.5,248.5;110.5,224.25;117,196.75;223.75,123
40301;12.75,263.75;138.5,125;188.75,63;220.5,72;89.5,282.5;110.5,224.25;153,159.25;243,82.25
18827;29.5,310;138.5,125;188.75,63;220.5,72;109,290;109.25,167.5;176.75,107.75;252,37.25
35304;77,275.5;138.5,125;220,63;260,19.5;109,290;114.5,224.25;149.25,169.5;270,83
10829;80,274;178.25,112.25;208.5,92.5;262.75,18.5;109,290;114.5,224.25;162.75,186.5;302.25,95
12671;68,280.25;134.75,129.5;182.75,110.5;274.25,60;109,290;114.5,224.25;162.75,186.5;249,114.25
46421;12.25,294;108.5,112.5;141.5,129.75;292.5,57;109,290;114.5,224.25;187.75,172.75;267,169.5
6064;12.25,294;92.25,64.75;147,109.25;259,66.5;87,281.5;92,282.75;175,156.5;267,169.5
28102;12.25,294;84.5,58.5;147,126.25;273.25,14;121.25,260;127.5,297.5;205.75,106.5;267,169.5
39475;18,286.75;47.25,74.75;159.5,124.5;325.25,32.5;73,278.5;127.5,297.5;205.75,106.5;271,137.5
39095;36.25,243;51.25,74.75;124.75,142;332.5,65.5;51.25,275;126.25,296.25;205.75,106.5;271,137.5
21533;36.25,243;49.5,75.75;133.75,150;313,91.75;23.75,308.5;182,294.75;205.75,106.5;321.25,128.5
39029;10.25,271.25;43.75,100.75;161.5,118;313,91.75;44.25,293;192.75,317.25;205.75,106.5;325,124.75
34332;47,257.25;75,142.5;161.5,118;272.5,130.75;65.5,307.5;184.5,271.75;199.75,97.25;325,124.75
28615;28.25,280.5;110.25,121.75;161.5,118;233.25,118;54,259.75;155.75,317.5;199.75,97.25;295,169.5
25347;55.75,322.75;85.5,116.25;197.5,83.25;233.25,76.25;67,212;159,315.25;199.75,97.25;295,169.5
40175;81.75,297.5;129.25,149.25;165.5,135;233.25,76.25;112,199.25;159,315.25;224.5,82;281.25,133
49136;83.25,300.25;136.25,126.5;165.5,135;195,84.25;125.25,237.75;153.5,299;224.5,82;304.25,109.5
10914;54.75,318.5;151.25,129.5;227.5,133.5;234,71.5;125.25,237.75;160,319;247.25,47.75;304.25,109.5
26099;8.75,287;121.75,199.5;227.5,132.75;234,71.5;137.75,195.5;160,319;225.25,40;235.25,131.75
30216;13.25,298;73.5,182;199.75,93.75;227.5,132.75;126,259.75;129.5,265.5;225.25,40;266,182
27137;13.25,298;68.25,172.25;184.5,72.75;254,122.5;94,221.25;117.25,246.75;225.25,40;233.5,221.75
40450;13.25,298;21,190.75;184.5,72.75;254,122.5;115.25,215;167.75,260.25;171,48.75;257,176.5
40905;13.25,298;21,190.75;217.25,33.25;306.5,101.25;120.25,185.25;148,262.5;192,100;225.75,131.5
3501;52.5,309;56,219.75;207.5,61;303.5,74.25;96.25,196;148,262.5;192,100;248.25,176.25
6541;52,308.5;56,219.75;167.75,21.25;316.75,105.25;95.25,151.5;143,301.25;223.25,115.25;248.25,176.25
47530;52,308.5;112,198.75;210.75,64.25;264.25,120.5;89.5,151.75;143,301.25;221,75.75;237.75,225
48120;28,275.5;149,197.25;188.5,49.25;276.5,71.25;111.25,152.75;143,301.25;193.5,96.75;237.75,225
37237;83.5,280.75;92.5,183.5;225.5,40.75;312.25,24.25;111.25,152.75;143,301.25;193.5,96.75;233.5,251.75
31581;59.5,317.75;92.5,183.5;199.25,63.75;328.25,9.25;109,154;143,301.25;172.5,143.75;223.25,283.25
34397;51.75,317.5;64,208.75;199.25,63.75;342.25,14.25;119.5,111.75;143,301.25;196.25,176;244.5,316.5
3523;51.75,317.5;87,257;178,35.5;344.75,9.75;109.75,122.75;143,301.25;158,221.5;271.75,293.5
26505;11.5,300.75;30.75,285.75;116,61.5;285.25,10.25;109.75,122.75;134.5,264.25;158,221.5;271.75,288.5
30172;11.5,300.75;36.25,239.5;117.5,80;256,28.5;68.25,92.25;134.5,264.25;146.5,180.75;211.75,275
20236;12.5,300.5;17.25,247;109.75,19.5;290,5;68.25,92.25;106.75,268.75;140.75,226.5;211.75,275
41527;44.5,242.5;74.75,248.25;129.5,56.25;290,5;18.25,118.75;68.5,269.75;140.75,226.5;251.5,309.25
13433;89.75,267.75;106.75,220;112.75,12.75;290,5;49,77.25;53.25,250.75;140.75,226.5;250.5,310.5
48357;89.75,267.75;106.75,220;108.25,12.75;273.75,18.5;9.5,127;37.5,317.5;205.5,214.5;250.5,310.5
34022;69.5,257.25;106.75,220;108.25,12.75;273.75,18.5;15.25,71.25;43.25,320.5;183.25,160.75;287,259.5
44866;54.5,279.5;106.75,220;108.25,12.75;273.75,18.5;30.5,100;71,317.25;162.75,151.5;260.75,271.25
6178;54.5,279.5;106.75,220;108.25,12.75;271.5,72;29,53.75;116.5,323.75;183.75,165.5;262.75,265.5
22652;68.5,294.5;103.75,228.25;133.25,28.25;216.75,69.75;29,53.75;102.75,310;183.75,165.5;262.75,265.5
22238;68.5,294.5;139.25,226.25;157,30.75;217.75,70.75;7.5,16.25;121.5,280.75;152.5,120.25;262.75,265.5
17571;90.5,262;132.5,188.25;157,30.75;246.5,40.25;20,35.5;117,289.5;147.25,79.75;262.75,265.5
37394;90.5,262;132.25,183.75;157,30.75;246.5,40.25;8.5,70.5;109.5,316.5;114,92;237.75,234
3429;68.25,304.5;154.5,201;182.5,20.75;246.5,40.25;37.5,79.75;87.5,283.5;147.75,58.75;237.75,234
38977;68.25,304.5;120.25,235.25;182.5,20.75;246.5,40.25;68.5,101.5;90.5,297.5;198.75,65;234.25,256.75
27843;25.5,274.5;120.25,235.25;160.75,78.5;246.5,40.25;87.25,73;129,294;246,95;282.25,244.5
37852;46,270;141.25,192.5;144.5,119.25;291.75,52.75;87.25,73;129,294;215.25,82.25;282.25,244.5
24971;46,270;141.25,192.5;144.5,119.25;334,30;56.5,41;83.75,286.5;206.75,85.25;310.75,199.75
49418;95.5,230;103.25,228.75;106.25,85;294.25,55.75;56.5,41;127.75,276.75;230.25,94;310.75,199.75
36964;43.75,258.25;50.5,201.25;133.5,128.25;294.25,55.75;91.5,24.75;127.75,276.75;223.75,70.75;343.5,233.25
36276;55.5,227.75;60,179.25;114,140.5;271.25,26.5;91.75,66;127.75,276.75;266,41;343.5,233.25
29687;60,179.25;94.75,213;114,140.5;303,56.5;85.5,20;152.5,244.75;315.25,22.5;320.5,289
44461;3.25,185;93.75,175.25;114,140.5;324.75,63.25;85.5,20;156,252.5;287.25,28;353.5,295.25
12381;7.25,135.5;84,139.25;126.25,179.75;287.25,56.25;85.5,20;144.25,303.75;296,3.75;353.5,295.25
17537;21.75,190.5;102.75,195.25;144.5,224;321.75,54.25;85.5,20;105.25,261.25;296,3.75;353.5,295.25
31960;54.5,210.25;57,231.25;184.25,242.25;272.75,74.25;85.5,20;130.25,217.25;266,4.75;353.5,295.25
24082;42.75,240.25;54.5,210.25;167.5,181.25;265.25,134.25;89.25,62.5;178.75,232.5;266,4.75;328,309.5
8509;35.75,241.25;57.5,172.25;182.75,152.75;264.5,135.25;113.25,41;184.75,177;266,4.75;328,309.5
13437;35.75,241.25;86.5,120.5;206.5,174.75;250.75,156;143.25,48;153.25,225.25;264,16.5;328,309.5
34394;47,275.75;98,161;224.25,152.5;229,126.5;143.25,48;191.25,238;288.25,34.5;328,309.5
32447;32.25,260.25;95.5,114.5;228.25,126;244.5,163.75;143.25,48;224.5,222.75;288.25,34.5;325.5,287
43593;66.75,249.25;78,68.75;206.75,176.5;228.25,126;143.25,48;245,235.75;277,37.25;307.75,242.75
26022;76.75,209.75;79.75,17.25;244.5,212.5;273.25,113.75;143.25,48;245.5,234.5;277,37.25;282.25,294.25
8682;76.5,210.25;79.75,17.25;229.25,230.75;240,126.5;123.5,44.5;252.75,239.25;277,37.25;282,263
36665;76.5,210.25;127.25,24.75;164.25,243.75;256.25,120.5;113.5,32.25;238.5,292.75;277,37.25;314.75,256.5
46224;84.5,223;127.25,24.75;184.75,228.5;256.25,120.5;121.75,16.75;205.25,275;261,15.25;314.75,256.5
50267;84.5,223;153.75,27.5;231,236.25;279.5,106.25;161,51.75;205.25,277.25;261,15.25;293.75,225
14384;91,243.5;153.75,27.5;231,236.25;283.25,109;173.75,10.5;223.5,274.25;237.5,5;253,232.25
42201;51.5,286.5;153.75,27.5;269.75,287.25;318,142.25;147.75,42.5;223.5,274.25;237,5.25;245,173.5
6587;29.5,323;153.75,27.5;269,287.25;318,142.25;169,7.25;201,319.75;202.25,21.25;218.75,177.25
47663;29.5,323;158.75,28;214.25,277.5;300.75,210;174.75,36.5;201,319.75;202.25,21.25;246.25,130.5
6095;65.25,268.75;104.75,51.75;154.5,235.25;330,275.5;168.25,91;201,319.75;214,6.5;246.25,130.5
7141;62.75,268;84.5,30.75;154.5,235.25;306.25,301.75;168.25,91;185,288;247.25,10.5;249.5,77.5
33159;62.75,268;84.5,30.75;154.5,235.25;306.25,301.75;154.75,61.75;185,287.5;251,17.5;263.25,27.25
7812;94.75,251;129.75,39.5;166.75,241.5;291.5,303;154.75,61.75;185,287.5;239.75,31;256.75,20.5
40900;94.75,251;129.75,39.5;166.75,241.5;291.5,321.75;106,55.75;145,299.25;234.5,11.25;255.5,21.75
18541;69,219.75;129.75,39.5;199.5,278;277.75,263.25;125.75,21.25;136.25,239;235,11;255.5,21.75
32089;89.25,268.25;95.25,8;199.5,278;293.5,229;77,26.25;98,234.25;235,11;254.75,23.25
47641;66,312.75;75.5,51.75;204,230;244.75,191;18,19.25;98,234.25;235,11;249.5,56.25
26966;23,283.25;42.25,106;181,248;244.25,191;18,19.25;68.5,222.25;235,11;247.75,76.5
26499;23,283.25;46.5,64.75;166.25,202.75;299,208.5;44,79.75;87.5,197.25;226,36.75;247.75,76.5
43835;8,309;26.75,67.25;166.25,202.75;268,243.5;42,80.5;87.5,197.25;173.75,28.75;286.75,36.25
6473;8,309;28.25,31.25;200.75,151.75;280,229;37.5,141.5;122.5,228.5;163.25,51.5;286.75,36.25
18857;43,258.5;49.75,75.25;231,186.5;270,255.25;7.5,170.75;122.5,228.5;166.75,17.75;286.75,36.25
42213;35.25,261.25;66.25,31.75;277.75,213.25;293,208.5;7.5,170.75;101.5,264.75;168.75,17.25;286.75,36.25
12752;35.25,211.25;66.25,31.75;273.25,249;312.25,248.5;10.75,135;101.5,264.75;161.25,49;303.5,84.75
4168;72.25,208.75;82,64;288.25,229.5;302.25,249.25;10.75,135;101.5,264.75;158.25,46;336.5,53.5
39977;82.5,175.25;107,112;292.25,207.5;327.25,208.5;10.75,135;101.5,264.75;124.25,18.5;336.5,53.5
18321;25.75,154.25;115.5,83;279,168.75;282.5,165.75;42.75,137.75;101.5,264.75;120,80.25;336.5,53.5
6340;25.75,154.25;96.5,58.5;286.5,144.25;293.5,133.5;81,119.5;101.5,264.75;156,51.75;337.5,48.5
28719;5.75,190;98.25,12.5;286.75,104.75;313.75,123;81,119.5;142.25,269;193.5,66.25;337.5,48.5
40448;27,178;68.25,36.75;286.75,104.75;306,166.5;97.25,66.25;165.75,224.5;193.5,66.25;337.75,78.25
42277;53.25,147.75;56.75,5.75;261.5,153.25;320.75,195.25;97.25,66.25;165.75,224.5;174,29;337.75,78.25
34325;31,183.75;56.75,5.75;234.75,170.75;370,189.75;94.5,89.25;168.25,277.75;173.25,30.25;337.75,78.25
32348;20.75,251.5;28.25,22.75;234.75,170.75;370,189.75;55.5,101.5;142,224.75;183.5,66;315.5,97.5
18603;31,286.5;66,48.5;262.5,178;370,189.75;55.5,101.5;149.5,167.75;167.75,114.25;351.75,67.25
5060;5,283.25;131.25,48.75;281.75,143.25;367,123.25;55.5,101.5;151.5,167.75;171.25,163;351.75,67.25
22157;5,283.25;131.25,48.75;281.75,143.25;336.5,99.75;65,53;97,189;194.25,173.5;324.25,94
35886;5,283.25;146.5,55.25;281.75,143.25;337,99.75;91.25,66.75;118.5,234.5;186,178;299.5,61.75
37374;5,283.25;147,55.25;329.5,150.75;332.75,91.5;92,35.25;153,224.5;186,178;275,99.25
22643;34,258.5;122.25,48.75;294.5,116;329.5,150.75;99.5,56.5;153,224.5;156,146.5;236,118.5
28528;7.25,301.25;124.25,47.5;294.5,116;341.25,179.25;99.5,56.5;115.75,241;128.25,152.25;249.75,127
20883;63.5,311.75;79.5,12;299.25,114.75;325,151.25;99.5,56.5;114.75,243.25;128.25,152.25;274,143.75
45198;63.5,311.75;79.5,12;261.75,111;268,180.75;116.75,77.75;151,299.75;163.75,151.25;273.5,143.75
16481;63.5,311.75;79.5,12;210.25,80.75;268,180.75;146.25,51;158.25,299.25;197.25,176.25;322.25,160.25
845;40.5,303.75;56.5,69.25;162.5,52.5;280.75,172.5;146.25,51;158.25,299.25;167.25,222.75;302,195.75
50194;43,303.75;74,28.5;124.75,31;264.5,128.25;146.25,51;150.5,303;167.25,222.75;295.75,218.25
7581;42.75,304.75;74,28.5;124.75,31;244.25,92.75;109.75,68;189,304.5;199.25,221;280.75,245.25
2359;29.75,270.75;61.5,62.5;114.75,16.75;244.25,92.75;90.5,31.5;147.25,279.25;199.25,220.5;280.75,245.25
8886;29.75,270.75;61.5,62.5;122.5,3.25;244.25,92.75;119.5,40.5;128.5,258.75;195.25,250.5;290.75,287.75
49156;29.75,270.75;75.5,25.75;138,21.75;222,80.25;131.75,20.75;149,226.25;195.25,250.5;262.25,264
39064;30.25,271;69.5,77.75;145.75,21.25;228,130;131.75,20.75;152,184.75;153.5,221;262.25,264
19694;14.25,300.75;69.5,77.75;174.5,37;181,145.25;103.75,77;142.25,225;152.75,185.75;262.25,264
15746;14.25,300.75;42.5,44.25;174.5,37;177.25,110.5;47.25,75.75;132.75,214.75;152.75,187.5;213.25,262.75
17885;14.25,300.75;102.25,75.5;175,46.5;179.75,111.75;47.25,75.75;126.75,153.5;141.25,223;213,261.75
2798;14.25,300.75;119.5,73.5;139.5,22;205.75,134.75;91.5,98.75;115.75,168.25;116,222.75;213,261.75
27244;14.25,300.75;115.25,90;139.5,22;205.75,134.75;122.75,104.25;130,98.75;145.75,190.5;169.5,300.5
37076;49.75,262;109,112;139.5,22;220.75,86;130,98.75;163.25,162.75;163.25,165.25;170.25,226
13813;49.75,262;118.5,140.5;168.5,44.25;182.75,113;123,98.75;163.25,165.25;167.75,161;227.5,218.25
39589;100,283;120,182;131.25,89.25;158.25,158.25;104.5,94.75;163.25,165.25;167.75,161;214,212.75
28672;83.5,297.5;90.5,191.75;131.25,89.25;177.25,111.75;104.5,94.75;108.5,161.5;144.25,161;203.25,181.25
35975;57.5,295.5;103,251.5;133.5,24.5;177.25,111.75;80,79.75;108.5,161.5;151.25,222;188,122.5
12973;12.75,291.5;103,251.5;133,26;170,134.5;80,79.75;83.75,162.75;111.25,223.5;173.5,117.5
1100;70.75,299;81,227.25;133.75,78.75;205.75,132;80,79.75;84.25,163.25;126.5,251.5;173.5,117.5
21853;83.75,314.75;103.5,222.5;133.75,78.75;248,95;80,79.75;99,171;99,262.5;164,164.75
29363;57,302.25;99.5,196;131.5,89.5;210.5,77.5;36.75,93;99,171;99,262.5;156.25,183.5
22605;63.25,249;72.25,166;131.5,89.5;211,61;36.75,93;85,171.25;89.75,220.75;184,182
7973;53.5,293.5;72.25,166;132,45.75;211.25,10.5;38.75,93.75;85,171.25;141.25,199;141.75,203.75
3214;33.5,311.75;54.25,171.25;163,17;249.25,27.75;36.75,91.5;85,171.25;141.25,199;181,236.25
4120;33.5,311.75;54.25,171.25;163,17.5;264.75,32.5;13.25,136.75;109.25,199;159.25,147.75;174,242.5
43774;33.5,311.75;65.5,218;182.5,9.75;206,40.5;13.25,136.75;131.5,140;144.75,202.75;185.5,250
31631;48.25,260.5;107,255.75;138.5,21;176.5,38;13.25,136.75;131.5,140;144.75,202.75;193.75,239.75
343;24.25,277.25;107,255.75;138.5,21;159,33.75;60,105.25;167.25,91.75;184,250.5;239.5,256
45134;24.25,277.25;110,234.5;136,20.5;151.75,86.25;41.5,49;167.25,91.75;184,250.5;260.25,252.25
49595;24.25,277.25;134.5,208;146,21.25;159.75,72.75;41.5,49;111.25,67.25;184,250.5;251.75,308.25
6287;12.25,263.25;92.75,175.75;131.75,76.25;143.75,30.75;39.5,31.25;171.75,49.5;184,250.5;251.75,308.25
5702;35,238.25;76.5,165.25;137.75,100;143.75,30.75;102.5,48.5;171.75,49.5;186.25,254.75;286.5,323.25
34010;23,299.25;79.25,120;137.75,100;141,35.25;116.25,80.5;124.75,19;180.5,230.25;286.5,323.25
28654;23,299.25;66.75,145.5;115.25,105.5;179.25,16.75;91.75,125.25;152.25,49.75;155.25,270.75;286.5,323.25
42358;23,299.25;66.75,145.5;152.75,119;166.5,21.25;73.75,131;140.75,20.25;155.25,270.75;242,309.75
26458;30.75,272.75;94,92.5;165.75,98.25;201.5,41.5;81.25,103.25;140.75,20.25;151.5,224.75;242,309.75
43885;48.5,309;89.5,118;151.75,124.25;258.25,44.75;79.5,163.5;133.5,23;151.5,224.75;242,309.75
36538;48.5,309;95,63;150.5,158.75;267.25,92;76.25,191;97.75,41;151.5,224.75;264.75,275
38239;96.25,308.5;110,66.25;150.5,158.75;239,89.5;100.5,170.75;125.75,72;165.75,241;264.75,275
45041;121.5,271;136.5,100.75;153.25,124.5;202.75,71.25;78.25,216;137.75,21;165.75,241;264.75,275
28309;121.5,271;139,63.5;152.75,124.5;180.5,49.5;112,198.5;137.5,44;165.75,241;282.75,305
29351;89.5,297.25;107,32.5;133.25,128;168.25,104.75;81,144;137.5,44;201.5,215.5;282.75,305
10163;89.5,297.25;115,45.75;138,160.75;155.25,129.25;81,144;137.25,43.5;214,265;233.5,302.5
10103;34.25,296.5;156.5,27.5;177.75,113.5;201.25,92.75;81,144;144.5,89;213,265;233.5,302.5
2071;34.25,296.5;120.5,5;160.25,77.25;186.75,59.5;61.25,93.25;111,113.25;183,306.75;213,265
29779;32.75,241.25;150.75,8.25;160.25,77.25;221.5,35.25;40.75,104.25;54.5,111.5;183,306.75;213.25,264
22914;32.75,241.25;150.5,7.75;160.25,77.25;241.25,26.5;51.5,76.75;73.5,102;128,294.5;252.25,268.75
25597;39,197;150.5,7.75;160.25,77.25;241.25,26.5;19.5,68.5;101.75,135.75;105.75,320.5;231,302
32431;89,177.75;150.5,7.75;165.5,135.5;261,27.25;9.25,4.75;75.5,155;105.75,320.5;186.5,321.5
7016;121.25,142;134.5,55.25;154.75,86.25;229.5,11.75;9.25,4.75;109.5,112.25;127.25,316.75;186.5,321.5
43927;114.25,88;163.5,109.75;172.75,38;178.25,62;9.25,4.75;109.5,112.25;152.5,302.25;152.75,272.25
36342;114.25,88;143.75,160;180.75,113;201.75,92;9.25,4.75;37.75,112.25;143.75,300;225,272.75
20515;128.5,32.75;133.25,184.25;180.75,113;200,93.5;9.25,4.75;44.25,78.5;178.5,270.25;204.25,270.5
35121;128.5,32.75;152.5,226.25;155,108.25;155,128;9.25,4.75;45.5,77.5;153.75,318.5;264.75,262.5
47263;128.5,32.75;148.5,228.25;155,108.25;155,128;25.75,69;50.75,75.25;144.5,318;224.5,232.25
10288;129.75,31.75;134.5,202.5;141,159.75;178.75,111.25;4,71;77.25,116;144.5,318;224.5,232.25
10353;129.75,31.75;139.5,226.5;141,159.75;226.75,78.25;31,89;107,113.75;116,302.25;214.25,298.75
25777;91.25,11;112,225;165.5,225;292,56.75;39.25,78.5;51,76.5;116,302.25;214.25,298.75
26790;49.75,12.25;153.5,225.25;205.75,202;292,56.75;27.5,120.25;81.75,99.25;146,255.75;214.25,298.75
28818;26.25,67.25;156.5,225.75;179.75,229.75;271.5,31;38.25,159;81.75,99.25;146,255.75;237.75,316.75
34253;47.75,99.25;170,192.25;179.75,229.75;271.5,31;29,153.25;93.25,47.25;174.25,241;198.75,267.25
26270;70.5,141.25;143.5,195.75;185.25,269.75;299.75,14.25;29,153.25;82.5,81.75;152.75,284.5;198.75,267.25
20065;93,102.75;114,201.75;212.25,294.25;299.75,14.25;8.25,137.5;36.5,88.5;178.5,296;198.75,267.25
43091;153.5,109.75;167.25,219.25;209,310.25;277,33.5;8.25,137.5;36.5,88.5;134.75,309;186,242.25
27477;139.5,88.75;150.25,200.25;223.5,302.25;253,30.5;8.25,137.5;73.75,131.5;134.75,309;165.75,199.75
27136;133,89;150.25,200.25;184,266.25;260,62.25;4.5,92;105.75,116.25;134.75,309;221.25,219.25
1332;94,85.5;134.25,190;147.5,224.25;271.75,65.25;4.5,92;152,143;178.25,271.75;221.25,219.25
48330;94,85.5;96.5,162;147.5,224.25;299.5,52.25;28.75,59.75;133.75,107;176.75,271.75;210.25,178
48181;81.25,79.75;92.5,175.75;174.25,200.75;337.75,4.75;28.75,59.75;133.75,107;176.75,271.75;195.5,218
44976;53.25,43.75;120.25,219.75;206.5,175;337.75,4.75;28.75,59.75;144.5,87.25;205.5,297.25;245.25,236.25
34612;19.75,85.5;120.25,219.75;245.5,188.5;337.75,4.75;49.75,55.5;155.75,70.25;237.5,317;240.5,221.5
29783;64.5,102.75;89.25,173;290.5,168.75;337.75,4.75;53.25,12;119.75,101.75;212.75,275;240.5,221.5
41787;64.5,102.75;97.25,159.5;290.5,168.75;337.75,4.75;79.25,11.75;171,98.75;178.75,263.5;281.75,236.5
32208;27.25,67.25;80.25,142.5;270.75,166.25;337.75,4.75;79.25,11.75;137.25,150.5;142.75,302.25;283.75,218
39767;80,32;116.25,169.75;201.75,169.25;331.5,31.5;79.25,11.75;137.25,150.5;142.75,302.25;336.75,229
31469;102.75,46.5;150.25,128.75;155.25,183.75;295.5,14.5;115.75,8.5;138,145.25;142.75,302.25;336.75,229
42685;75.5,13.5;107.5,110;150.75,129.75;272.25,73.25;115.75,8.5;163.25,89;178.25,306.25;336.75,229
38476;34.25,9;77.5,148.25;181.75,111.5;330.5,81;109.25,52.25;149.75,34.75;178.25,306.25;336.75,229
20079;65.5,4.5;88.5,165.75;163.25,125.75;268.25,71.5;81.5,71.25;149.75,34.75;178.25,306.25;338,231
18318;65.5,4.5;109.75,164.75;163.25,125.75;270.5,98.5;69.25,31.25;90.75,25.75;129.75,266;338,231
14083;6,7.25;111,198.75;221.5,128.5;276.5,106.25;29,31.75;90.75,25.75;92.75,221.75;338,231
27360;6.25,35.25;111,198.75;236,89.5;294.25,173.5;12.75,39.5;90.75,25.75;151.5,222;275,203.75
49082;14,35;111,198.75;236,88.75;294.25,173.5;46.5,58.5;93.75,8.5;149.25,225;278,153
6136;14,35;111.5,199.25;277.5,54.5;327,154.75;12.75,21;106.75,38.5;149.25,225;253.75,162
1702;13.75,31.25;111.5,199.25;314,21.25;358.75,156;42.75,3.25;106.75,38.5;182.5,231;222.75,126.75
48078;13.75,31.25;111.5,199.25;314,21.25;370,171;88.25,13;160.75,53.5;194,175.75;203.25,120.5
16672;39.75,57.25;71.5,188;314,21.25;361,208;88,15;108.75,52;182,129.5;194,175.75
29025;30.75,97.5;73.25,132.5;357.25,34.75;367,190.25;88,15;117.25,61.5;158,118.25;194,175.75
13829;30.75,97.5;73.25,132.5;344.75,6.25;367,190.25;83.75,31.5;88.5,25.25;133.5,78;162,185.75
24984;12.25,63.25;94,84.5;344.75,6.25;356.5,122.25;103.25,13.5;150.5,48.25;159,92.5;162,185.75
3097;12.25,63.25;86.25,67;345.75,5.75;356.5,122.25;87,31.75;126.75,72;143.75,49;222.25,133.75
40864;12.25,63.25;86.25,67;335.75,21;356.5,122.25;55,10.5;112.5,82.25;172.75,32.25;201.5,100.25
38512;12.25,63.25;146.25,41.75;271.75,18;356.5,122.25;10.75,56.25;129.5,79;175,39;200,154.75
47647;31.75,21.75;202.75,62.25;280.5,70.5;315.5,138.25;10.75,56.25;166,103;175,39;194,215.25
6338;38.25,34.75;192,38.5;277.75,106.25;281.5,143.25;10.75,56.25;141.5,92.75;175,39;207.75,231.25
27454;13.75,5.75;193,56.25;219,104.5;274.25,151.75;10.75,56.25;124.5,115.25;175,39;208.75,231.5
16555;12.25,34;219,104.5;224.5,43.75;268.75,150.25;6.75,3.75;147,83.5;175,39;259,199
13867;12.25,31.25;203.25,170;292,14.5;294.75,110.75;6.75,3.75;77.75,81.5;175,39;290.5,220.25
21552;61.5,6.75;203.25,170;309,28.5;327.75,127;5.25,16.25;39,79.25;175,39;293.25,225
7058;61.5,6.75;203.25,170;280.25,63;356.5,126.5;11.75,31.75;62.75,108.5;127.25,49;294.5,224.5
14400;10.75,5.25;203.25,170;296.25,106;341.75,82;22.5,53.5;63,108.75;127.25,49;270,192.25
28259;10.75,5.25;253.75,203;277.75,104.75;358.25,82.75;20.75,55;93,152.75;103.75,66;270,192.25
32052;6.25,34.75;215.25,218.5;314.5,150;358.25,82.75;71.25,12.75;96,190;147,80.5;270,192.25
19147;6.25,34.75;234.75,186.5;300.25,173.5;366.75,68.25;45.25,2.75;98,196.5;147,80.5;264.5,193.25
6116;11.75,8.25;261.5,177.25;300.25,173.5;366.75,68.25;27.25,58.25;92.5,225.25;155.75,53;282,220.75
7387;16.75,43.25;261.5,177.25;289.25,169.25;350,25.75;55.25,41.75;124,207.75;145.25,12.5;282,220.75
28308;46.5,47.75;261.5,177.25;289.25,169.25;311,21.75;72.25,30.25;113.5,162.5;133.75,39;278.5,222.5
49715;80.25,63.75;259.5,133.75;273,164.25;295.25,55.75;69,80.5;113.5,162.5;186.5,57.75;278.5,222.5
9770;45.25,32.5;246,167.75;255,116.25;295.25,55.75;101.75,47.25;153,186.25;197,84;278.5,222.5
4396;85.25,36.75;208.75,201;268,118.75;270.5,12;101.75,47.25;153,186.25;207.5,117.5;313.5,227.75
49037;89.75,8.5;239,165;269,118.5;272.25,31;101.75,47.25;120.5,195;166.75,91.75;313.5,227.75
12686;90,10.25;273,166.25;283,183.25;338,50.75;101.75,47.25;120.5,195;167.25,39;341,216.75
23152;117.25,8;265.75,135;284.25,183.25;358,24.75;101.75,47.25;119,175.75;165.25,37;341,216.75
40375;117.25,8;271.5,104.75;291.25,153.75;342,6;78,21.5;129.5,198.5;170.5,48.5;341,216.75
43510;66.25,5;271.25,120.25;291.25,153.75;341,34.5;78,21.5;129.5,198.5;207.75,45;362.75,235.5
38940;48,9.25;242,102.5;269.25,129.75;341,34.5;78.25,21.75;99,191;217.25,35.5;362.75,235.5
16775;48,9.25;242,102.5;270.25,138.25;341,34.5;29,32.25;152.75,222;226.75,93.25;329,211.25
41930;48,9.25;229,45.25;270.25,138.25;341,34.5;78.25,21.5;129.5,197.25;217.25,113.75;303.5,198.75
39637;48,9.25;229,45.25;275,101.25;362.5,24.5;97,34;150.5,223.5;252.25,77.5;281.25,184.25
30906;50.75,56.5;176.5,38;275,101.25;361.5,24.25;52,7.5;150.5,223.5;267.75,33.5;290,138
47492;50.75,56.5;123.25,4.75;293.25,112;359.5,7.25;52,7.5;170.75,196.5;243.25,16.25;295.25,198.75
44573;50.75,56.5;106.25,10.25;325.5,141.25;328,33.5;52,7.5;188.75,174.5;243.25,16.25;261.75,245.5
6177;2.75,52.75;106.25,10.25;290.5,114.25;352.5,17.75;52,7.5;218.75,153.25;275.75,56;279.5,216.75
43487;4.25,52;106.25,10.25;285,105.75;314.25,37.25;21.25,29.25;216.25,166;257.5,85;279.5,216.75
8649;4.25,52;112.75,15.25;256.75,134.25;354.25,22.5;21.25,29.25;217.75,169.5;218.5,122.75;291,172
32853;15.5,89.5;112.75,15.25;256.75,134.25;357,31;34,75.25;216.75,169.5;283.25,121.5;304.75,122
13913;19,127;78.5,8.25;245,161.5;355.25,43.25;0.75,45;216.75,169.5;283.25,121.5;316.5,101.5
30656;66.75,87.5;77,58.75;281.5,164.75;355.25,43.25;45.75,75.75;238.25,156.25;252.25,69.25;316.5,101.5
50394;1.75,89.5;30,72;292,112.25;355.25,43.25;37.25,91.5;237,186;252.25,69.25;339,83
29446;11,59;33.25,138;264,134.75;365.25,32.5;37.25,91.5;218.5,195;236.25,12.25;339,83
9538;19.5,62.75;50.25,182.5;229.5,170.25;313.75,62.5;37.25,91.5;218.5,195;255.5,11.75;339,83
37309;32.75,74.25;85.75,170.75;171.5,163.25;313.75,62.5;37.25,91.5;195.5,176.25;235.25,47.75;333.25,61
13531;48.75,56.5;116.75,176.25;171.5,163.25;313.75,62.5;36.5,89.25;222.25,151.75;252,12.75;309.75,14.5
45946;86,93.5;94.75,169;171.5,163.25;356.25,79.75;36.5,89.25;236,202.75;244,5.75;271,46.25
23760;51.75,56;68.25,147.75;178.25,107.25;356.25,79.75;36.5,89.25;217.75,247.5;256.5,12;264.5,33.5
42775;29.25,113;110.5,108;170.5,136;322.5,54;36.25,78.75;217.75,247.5;256.5,12;283,21.25
22867;91.75,110.25;169,135.5;230.25,170.25;347.75,113.25;70.25,127.25;217.75,247.5;221.25,64.75;283,21.25
28619;94.25,84.25;165.25,135.25;206,168.25;319,134.25;70.25,127.25;217.75,247.5;245.25,16;271.5,10.25
11108;94.25,84.25;165.25,135.25;206,168.25;364,168.25;14.25,106.75;227.75,304.5;264.25,53.5;307.75,4
13028;112.75,126;133.75,160.25;206,168.25;364,168.25;12,69;176,305.25;225,73;331.75,58.75
26901;47,124;96.5,161.5;206,168.25;364,164.75;48.75,50;152.75,298.75;166.5,42;331.75,58.75
33692;44.5,101.5;113.75,121.25;206,168.25;364,164.75;101.25,48.75;108,318.25;213.75,53.5;331.75,58.75
18840;56,67.5;113.75,121.25;191.75,152.75;335.5,179.25;65,80.5;108,318.25;243.5,70;306.25,86.5
18162;8.5,100.75;135.5,124.25;191.75,152.75;335.5,179.25;19.5,46;107.25,323.5;208.25,108;329.25,131
41866;16.25,140.75;189,105.25;219.25,156;335.5,179.25;19.5,46;76.25,268.25;255.25,92.5;341.25,169.5
5103;16.25,140.75;189,105.25;263.75,146;335.5,179.25;41.25,76.75;47.5,269.75;225.5,115.5;317.25,178
19870;16.25,140.75;139.5,100.75;268.75,148.25;335.5,179.25;55,129.5;59.25,307.5;218.5,61.5;276.75,208.5
7979;16.25,140.75;87.25,107;315.25,127.25;367.5,171.5;55,129.5;57,306.75;212,87;304.5,198.5
30335;2,180.75;105.25,70.25;315.25,127.25;343.5,199.75;43,140.25;57,306.75;182.5,133.5;304.5,198.5
32072;24.5,127.75;131.75,90.25;315.25,127.25;343.5,199.75;19.25,119.25;43.75,320.5;145,144;292.5,152.5
38925;87.25,107.5;94.5,68;319,159.75;343.5,199.75;19.25,119.25;49,279.75;156.75,145.5;333.75,192
17015;47.75,125;69.25,23.5;313.5,150;364.25,243.25;19.25,119.25;49,279.75;156.75,145.5;324,181.75
35846;1,106.75;69.75,25;313.5,150;352.25,257;26.5,70;107.75,261.25;125.25,176;324,181.75
43239;15,101.75;69.75,25;290.5,160.5;352.25,257;44.75,42.75;86,211.5;150.25,169.25;316,195.75
40644;29.75,107.25;110.25,15.25;300,208.5;354.25,289.75;44.75,42.75;119.75,228;150.25,169.25;269.75,213.5
47379;53,70.25;85.5,66.25;354,184.75;363,272.75;94,24.25;119.75,228;151.75,170;269.75,213.5
5888;19.5,81.5;104.25,75.5;365.5,193;370.25,321;94,24.25;119.75,228;196.25,181.25;241,173.5
8073;67.75,99;73,84.5;365.5,193;370.25,321;31.5,31.75;92.5,229.25;194.5,183;242.75,179
1795;89.25,67;95.25,20.5;310.5,163.5;370.25,321;31.5,31.75;67.25,176.25;165.75,238.5;174.75,196.75
4577;89.25,107;121.75,45.25;306,134.75;311.25,320.75;31.5,31.75;67.25,176.25;174.75,196.75;183,230.25
33025;85.75,64.5;139.25,21;290,164.75;297.75,320.5;31.5,31.75;106.5,194.5;174.75,196.75;183,230.25
48352;73.5,42.75;157.75,30.5;290,164.75;318.25,318.5;76.75,28.75;108.25,161.25;146.25,177.75;183,230.25
16822;25.75,76.5;170,87.25;257.5,205.5;316.25,318.5;67.5,42.5;108.25,161.25;123.25,195.5;183,230.25
46358;40.5,77.5;204.75,100.25;231,248.75;309.25,289.25;67.5,42.5;108.25,161.25;146.25,202.75;188.25,251.5
46451;0.25,69.25;219.75,66.5;251.75,302.5;309.25,289.25;67.5,42.5;152.75,184.75;155.75,197;188.25,251.5
49568;0.25,69.25;254.75,116.5;294,317.25;358.25,293.75;71.25,12.5;152.25,183.75;188.25,189.5;188.25,251.5
33184;0.25,69.25;241.75,126.5;282.5,318.25;355.25,321.25;2,19;152.25,183.75;195,226.75;214.75,300.25
31470;1.75,68.75;241.75,126.5;249.5,269;292.5,319.75;2,19;107.75,168.75;165.75,243;217.5,312.25
36242;1.75,68.75;259,97;286.25,320.5;320.5,294.75;23.5,8.25;107.75,168.75;121,274.75;217.5,312.25
24287;31,72;251.75,56.75;282,321;294,319;14.25,52.75;107.75,168.75;121,274.75;242,291
13476;16,42.75;251.75,56.75;278.25,322.75;294,319;7,2.75;105.75,167.5;126.25,316.75;274.5,262.5
41436;12.75,33;251.75,56.75;278.25,322.75;294,319;24,31.5;78.75,195.5;152.5,291.25;335.25,235.75
3491;12.75,33;285,87.5;302.5,304.5;305,314.75;24,31.5;56.5,212;143.5,257.75;336.5,235.75
41944;12.75,33;269,128.25;299.5,319;306.25,304.25;5.25,30.75;50.75,272.75;143.5,257.75;336.5,235.75
28367;14.25,5.25;263.75,85.5;299.5,319;305.75,302.25;5.25,30.75;89,300.5;103.25,308.5;335.75,234.25
28060;14.25,5.25;293.25,75.5;299.5,319;305.75,302.25;41.25,3.25;106.5,283.75;124,240;259.25,241.75
39292;11,57.75;245,46.5;299.5,319;305.75,302.25;74.75,25.5;157,226.25;176.75,230.75;312.25,241
41651;78,65;294,55.5;299.5,319;359.75,294.75;26,13.75;141.25,165.5;174,162;312.25,241
26465;78,65;264.5,13;299.5,319;359.75,294.75;20.25,5.5;148.25,201.75;182,141.25;274.75,251.75
29680;134.25,63.5;267.25,83.5;321.75,299;345.25,289;20.25,5.5;106.25,261.5;118,111.75;274.75,251.75
37779;133.75,61.75;284.5,72.75;342.5,271;344.25,315;16,3.5;106.25,261.5;126,113.75;274.75,251.75
89;150.5,33;303,34;342.75,270.5;344.5,312.75;31.75,29;106.25,261.5;126,113.75;246.75,260.5
43419;189.25,81.5;276,41.75;325.75,315.25;342.75,270.5;49,54.25;123.25,297.25;126,113.75;237.5,310.25
4143;165.75,51;231.25,31;287.5,277.5;363.25,319;49,54.25;106.5,281;109.25,121;237.5,310.25
25245;168.25,7;224.5,38.5;272.25,323.25;363.25,319;11.75,93.25;67.25,264.25;88.75,119.5;237.5,310.25
46810;204.5,56.5;229.25,49.5;272.25,323.25;344.5,319;20.5,99.25;43.75,253.75;54.25,112.25;237.5,310.25
47082;204.5,56.5;229.25,49.5;272.25,323.25;342.25,313;6,127.25;28.25,243;46.75,115.5;173.25,318.75
3462;204.5,56.5;268.75,25;285,286;338.5,314;6,127.25;18.75,217;44.25,113.5;119.5,308
24454;211.75,104.5;220,48.75;246,258;359,279;5.25,171.75;18.75,217;44.25,113.5;119.5,308
6194;239.5,151.75;250.5,6.25;311.25,254.25;322.75,318.5;5.25,171.75;18.75,217;44.25,113.5;158.25,300.5
18454;204.5,175.5;250.5,5.25;301.25,262.75;345.75,314.75;5.25,171.75;58,247;84.5,109.25;158.25,300.5
38464;198.75,140;230.75,56;299.5,265.25;301,318.75;14.5,202.75;63.5,247;84.5,109.25;158.25,300.5
38920;146,129;191.5,49.5;299.5,265.25;322.75,300;35.5,231.25;56,288.75;116,73;158.25,300.5
7762;182.25,111.75;196.25,5.75;299.5,264.5;322.75,300;35.25,193;67,306.5;154.25,52.75;158.25,300.5
8363;188.25,112.5;194.5,6;294.25,245.25;322.75,300;35.25,193;83,305.25;134.25,71.5;166.25,301.25
28649;188.25,112.5;194.5,6;294.25,245.25;363.25,261.75;74.25,170.25;113.25,324;146.25,42.5;189.75,257.25
38942;163.75,109;178.5,16.25;283,262.5;363.25,261.75;63.75,142.75;100.75,314.5;159,87.75;189.75,257.25
41649;197.25,83.5;213,8.25;283,262.5;346.75,209.25;79,87.5;142.75,299.25;159,87.75;198,318.75
10933;207.75,63.75;213,8.25;243,218;307,194;79,87.5;108.5,320.5;132.75,124.75;152.5,301.5
48906;207.75,63.75;213,8.25;243,162.5;302.75,249.75;33.75,75.25;102.5,300;138.5,74.25;170,312
20809;209.5,42;231,21.25;273.25,132;332.75,224;33.75,75.25;101.75,300;138.5,74.25;147.25,271.25
46791;181.75,58.75;252.75,28;286.5,165.75;332.75,224;53.25,132;101.75,300;154,52.25;166.5,238.5
20054;181.75,58.75;284.5,72;293.75,147.5;307.5,241.75;54.5,121.75;101.25,300;154,52.25;172.5,196.5
36389;181.75,58.75;286.75,122.75;292.25,153.75;296.75,237.5;81.75,88.5;101.25,300;120.75,18;172.5,196.5
4912;182,49.5;277.5,167.25;292.25,114.25;342.25,244.25;78,86.25;101.25,300;120.75,18;172.5,196.5
50510;182,49.5;319.25,154.5;334.25,98.75;336.25,283.25;84,25.25;101.75,300;171.75,40.5;172.5,196.5
34187;177.5,86;285,86.5;287.75,103;370.25,317;8.5,32.5;76.25,286.75;171.75,40.5;172.5,196.5
40862;177.5,86;249.5,133.5;308,134.75;344.25,267;8.5,32.5;53.5,273.75;165,14.75;201.25,149.25
17866;173.75,88;252,92.5;308,134.75;365.5,249;8.5,32.5;39,307.75;159.75,17.75;189.25,161.5
6662;180,49.5;224.75,128.75;317,112.5;365.5,249;8.5,32.5;30.75,253.25;160.25,51.5;177.75,198
24468;180,49.5;203.5,178.25;330.25,120.5;349.5,229.5;10,32.75;48,247.5;160.25,51.5;216.25,165.5
1390;180,49.5;203,170;339.5,99;346,240.5;31.25,32.25;76,286.75;160.25,51.5;224.25,218.25
4773;180,49.5;243.75,194.25;294.5,126;349,228.5;12,5.75;99,267.5;160.25,51.5;226.25,219.75
27513;158.25,30.75;259,244.75;265,132;349,228.5;34.75,40.5;99,267.5;158.75,52.75;275.75,217.5
34500;113,8;227.75,269.25;269,148;349,228.5;3.75,61.25;79,220.75;160.25,91.75;275.75,217.5
7601;113,8;197.5,250.75;310.5,111;346.75,267;3.5,60.75;79,220.75;113,112.25;244.25,184
15607;142,35.25;162.75,248.5;310.5,111;353.25,290;2.75,5;79,220.75;107.25,111.75;245.5,184.75
32043;142,35.25;156.5,211.75;302.75,164.25;368.25,324;2.75,5;49,255.75;63.25,149.75;245.5,184.75
14799;125.25,23.75;200.25,185;302.75,164.25;313.25,304.75;46,8;49,255.75;90.25,107.5;279.75,187.5
9122;163.5,45.5;224.25,126.5;275.75,208.5;305.5,312.25;46,8;49,255.75;90.25,107.5;228.75,185.5
7848;180.25,60.75;274.75,104.5;308,207.25;319.25,277.75;46,8;49,255.75;90,53.75;213.25,176.25
30344;190.5,7.5;280.5,61.5;310.75,207;363.5,308;18.75,50.25;49,255.75;62.75,96.25;213.25,176.25
28736;179.5,41.5;276,103.75;303.5,161.75;351.75,308;18.75,50.25;20.25,306.25;62.75,96.25;213.25,176.25
39157;179.5,41.5;264.75,85.5;312,119.75;336.5,254.25;18.5,49.75;20.25,306.25;117.75,77;209.25,160
30429;180.5,85.25;239.5,47.25;266.75,148;342.25,224;18.5,49.75;20.25,306.25;117.75,77;232,115.5
15074;221.5,89;228.75,29;280.25,168.75;292,210.5;18.5,49.75;20.25,306.25;117.75,77;202.25,99
31958;221.5,89;228.75,29;287.25,166;292,210.5;3.75,105;59,306.25;142.25,79.5;204.75,92.75
17231;276.5,75.5;285.75,54;287.25,166;287.5,275.25;3.75,105;13.75,272.5;145.25,90.5;221.5,48.75
44504;208.25,92.75;245.75,96.25;268.25,102.75;287.5,275.25;3.75,105;12,292.5;210.75,60.5;239.5,76
38493;213.75,62.75;243.25,126;292.75,105.75;292.75,310;3.75,105;18.5,291.5;175,29;239.5,76
18355;213.75,62.75;219,129;255.25,117;305.5,301.25;3.75,105;26.25,293;156,48.75;257,82
5518;206.5,45.25;207.75,167;229.25,122;305.5,301.25;4.25,105;35,309.25;154.75,90.25;257,82
29540;221.75,57;255.75,168.75;268.25,111.75;305.5,301.25;2.25,105;35,309.25;110.25,76.75;223.75,62
33419;221.75,57;224.75,193.25;315.5,110.5;363.75,290;2.25,105;7.25,297.75;98.5,77;223.75,61.5
21223;189.5,74.25;204.5,176.5;315.5,110.5;363.75,290;21.25,159.75;44.25,320.5;86.5,20.25;211.5,120.5
29098;152.75,28.75;204.5,176.5;298,72.75;362.75,322.25;27.25,207.25;44.25,320.5;81,20.75;214.25,120
18990;146,21.25;213,199.5;336.25,59.25;342,321.25;27.25,207.25;44.25,320.5;85.25,73;214.25,120
12056;161.5,57;250,219.75;299,55;331.25,313;26.5,221;44.25,320.5;85.25,73;241,102
42420;165.25,38.75;258.25,169.75;266.75,57;336.5,267.25;27.25,223;44.25,320.5;85.25,73;205.75,108.5
47761;165.25,38.75;273.75,155.25;308.75,94.25;358.75,216;4.5,238.25;44.25,320.5;130.75,91;205.75,108.5
39677;183.25,41.75;277.75,167.25;278.25,68;334.75,197;4.5,238.25;44.25,320.5;130.75,91;232.75,66.5
24026;153.25,81.25;235.5,128.75;294,111.5;353.5,242;4.5,238.25;44.25,320.5;111.5,93;254.75,77
2282;151.75,127.75;235.5,128.75;309.25,156.75;353.5,242;10.5,282.5;59.5,311.75;77,111.25;254.25,77.75
48829;154.75,158.5;235.5,128.75;309.25,156.75;353.5,242;32.5,275.25;37.75,291;48.75,90.25;242.75,84.75
6293;177.5,207.25;276,142.75;331,103.25;356.5,295;32.5,275.25;37.75,291;108.25,76.75;268.75,105
29073;146.75,223.5;270.5,150;314.25,112;344.5,313.25;20.5,286.75;37.75,291;108.25,76.75;279.5,118
18020;157.25,240.75;286,167;332,64;351.75,265.75;20.5,286.75;55.25,269.25;108.25,76.75;313,87
46236;140.25,184.25;295.75,168.75;298.5,55;351.75,265.75;17,233;34.25,301.75;108.25,76.75;315.5,86.5
1081;112.5,164.25;287.75,189.25;303,90;351.75,265.75;17,233;33.25,301.75;125,71.5;263.75,60.25
29865;57.25,171.25;259.75,167.25;291.25,101.5;355,294;24.25,253;33.25,301.75;162,90.5;263.75,60.25
31376;57.25,171.25;228.75,203.5;291.25,101.5;355,294;15.75,203.25;48.5,294.5;170,48.75;308.5,95
50558;90.75,141.75;199,226;302.5,84.25;321.75,293.75;30.75,188.25;48.5,294.5;138.5,71.25;308.5,95
1469;46,138.75;202,260;313.5,68;315,243.25;28,183.5;48.5,294.5;97.75,64.75;308.5,95
215;46,138.75;247.25,283.25;272.75,32;359.5,276.5;28,183.5;48.5,294.5;53,75.75;318.25,82.25
20229;39.5,114.25;247.25,283.25;272.75,32;359.5,276.5;8,154.75;32.5,244;34.5,38;305.5,18
18913;0.25,73.75;256.5,257.25;325.25,31;359.5,276.5;5.25,196.75;28,206.25;35.5,38.25;305.5,18
1687;6,93.25;291.25,236.75;323.25,38.75;364,288.5;5.25,196.75;74.25,201.5;75.25,12.25;305.5,18
31303;4.75,95;277.5,245;323.25,38.75;330.25,290.25;16.25,214.75;35.5,207.25;75.25,12.25;255,19.75
28527;4.75,95;277.5,245;300.5,53;362.25,288.5;50.25,222;71.25,163;109.25,55.25;293,30.5
12637;51.25,61.75;245,218;339.25,88.75;362.25,288.5;63,192.25;70.75,152.5;94.25,78.5;293,30.5
36646;106.5,49;234.25,199.75;339.25,88.75;365.5,263;63,192.25;74.5,138.25;91.75,67.75;285,16
22086;53.25,75.75;299,195;332.5,50.5;334.75,217;74.5,138.25;91.25,191;109,40.25;285,16
21176;79.5,122.75;337.5,198.25;340.25,103.75;364.5,191.5;33.75,132.25;91.25,191;109,40.25;327,31.75
600;80,122.75;288.25,229.75;302.75,114;340,141.75;14.75,94.75;91.25,191;124.75,20.75;327,31.75
35110;145.25,128.25;270.5,249.75;302.75,114;312.25,195.5;85.25,103.25;91.75,191.25;97.25,65.5;327,31.75
9697;167.75,105.75;283.25,274;302.75,114;342.25,227.75;85.25,103.25;107,233.25;155.5,49.75;333.75,53.25
9745;208.5,63;271.25,248;272.25,151.75;364.5,195;52.25,112.25;154.5,203.25;155.5,49.75;333.75,53.25
28570;233.75,70.25;255,219;279.75,144.75;364.5,195;77,125.75;136.25,177.25;155.5,49.75;367,77.5
9269;255.5,28;258.25,288.25;297.5,112.5;357.5,131.25;7.75,142.5;136.25,178.25;155.5,49.75;367,77.5
13883;200.75,61.5;277.5,240;296.5,87.5;371.75,143.5;28,198.25;136.25,178.25;163.5,29;367,77.5
9836;252,78.5;254.25,210.5;286.25,70.25;321,135.25;28,198.25;136.25,178.25;157.25,31.25;367,77.5
12518;194.5,94;277.75,167.25;286.25,102.25;314.5,114.25;27.5,198.5;148.5,153.25;157.25,31.25;367,77.5
37703;147.75,90.75;285.75,122.25;290.25,57.25;345,86.25;27.5,198.5;115.75,195.75;157.25,31.25;335,91.75
25342;147.25,89.5;294,114.75;318.5,56;355.25,81.25;86.5,198.25;96.75,201;157.25,31.25;335,91.75
37647;147.25,91;332.5,141.25;354.75,22.5;355.25,81.25;50,162.75;115,215.25;146.75,81.75;335,91.75
46015;195.5,38.25;294.5,146.75;298.75,45.75;355.25,81.25;50,162.75;59,222.75;202.25,62.75;270,64
46792;212,51.5;284.5,103.75;287.5,72.5;355.25,81.25;50,162.75;98,221.75;246.5,69.75;264,15.25
36893;217.75,15.75;293.25,151;310.25,115.5;371,51;50,162.75;97.25,222.5;246.5,69.75;264,15.25
21427;264.25,13.25;268.25,104.5;329.5,136;362.25,21;15.5,170.75;110.25,224.5;246.5,69.75;264,15.25
12731;197.25,6.25;282.75,165;343.5,178;357.25,9.75;18.5,171.25;100.75,220.25;246.5,69.75;264,15.25
36490;214,13;241,193.25;320.25,206.5;339,21.5;50.75,195.75;76.5,265;246.5,69.75;264,15.25
1557;223.25,55.25;236.25,206;320.25,207.75;354.75,8.25;50.75,195.75;76.5,265;266.75,88.75;272.25,75.75
43320;219.5,17.5;231.5,236.75;275.25,201.25;334.75,66.25;13.5,148.25;116.75,215;266.75,88.75;272.25,75.75
10637;223.5,22;253,218.75;275.25,201.25;347.75,103.75;13.5,148.25;89.75,268.25;272.25,128.5;296.75,115.75
38114;252.5,55.25;272,164.75;277.5,230.25;296.25,105;9.5,172.25;89.75,268.25;264.5,109;296.75,115.75
42845;221.75,29.25;230.75,155.25;260.5,181;302.25,155;9.5,172.25;89.75,268.25;274.5,142.75;335.5,149
37346;221,29;256.5,135.25;271.25,165.5;302.25,155;5,230.75;89.25,220.75;274.5,142.75;310.75,159.25
26457;168.25,7;266.5,102.75;271.25,165.5;302.25,155;54.75,248;69.25,176;263.75,120.25;293.5,130.25
33885;168.25,7;221,63;271.25,165.5;302.25,155;14.5,293;23,202.75;208.5,124.75;312.25,163.75
47589;192.75,17.5;271.75,57;308.25,163.5;324.5,143.25;18.25,249.75;23,202.75;190.5,184.75;312.25,163.75
8208;188,36.75;246.75,49;261,154.75;309,112.25;17,250.75;23,202.75;193.5,249.5;312.25,163.75
10177;220.25,45.75;244.5,77.5;278.25,149;309,112.25;22.5,228.5;80.5,221.25;185.75,250;312.25,163.75
29887;220.25,45.75;252,82;268.25,129.75;286.25,85.5;27.25,203.75;80.5,221.25;195.75,276.5;286.75,143.75
11505;265,28.25;283,55.5;288,102.75;292.75,105.25;27.25,203.75;48.75,263.25;158.75,222.5;286.75,143.75
11704;244.5,36.25;288,102.75;334.25,67.25;360.25,122.25;10.5,156.5;21.25,310.5;158.75,222.5;290.75,174.75
45529;273,74.5;290,115;312,64.5;360,138.25;10.5,156.5;55.75,290.25;145.75,182;290.75,174.75
44932;245.75,101.5;256.75,133.75;287.5,55.5;318,151.75;10.5,156.5;55.75,290.25;145.75,182;296.5,195.25
32830;268.75,103.25;269.25,109;276.25,75.75;291.75,173.5;10.5,156.5;53,286.25;145.5,181.5;296.5,195.25
39742;265.25,93;292.75,52;298.5,82.25;323.25,135.75;10.5,156.5;53,286.25;140.5,225;316.25,224.5
45728;268.5,135;294.75,105.75;324.75,33.5;334.25,138;10.5,156.5;48,269.75;140.5,225;316.25,224.5
42223;274,148;308.5,159.25;316.75,6.25;329.75,151.25;10.5,156.5;48,269.75;140.5,225;351,174
28882;274,148;283.25,220;300,13.5;338.25,198.5;10.5,156.5;87,281.75;100.5,221.75;312.75,196
14126;278.5,105.75;281.75,219.5;335,22.75;348,224.5;10.5,156.5;87,281.75;143.5,179.25;279.75,185.25
47362;278.5,105.75;294.25,243;334.25,76.25;334.25,247;21.75,140.75;59,311.75;143,179.25;279.75,185.25
19912;271.75,133.75;294.25,243;311,80.75;312.75,300;19.25,158.75;46.5,294;143,179.25;254,168.25
39443;271.75,133.75;294.25,243.5;304,56.75;353.75,308.75;2.5,173.25;105.5,318.25;121.25,195.25;254,168.25
39206;237.25,153.5;239,200;273.25,15.75;353.75,308.75;2.5,173.25;53.5,276.5;86.75,211;245,115.25
43301;196.25,128.5;210.75,203;223.5,45.5;353.75,308.75;2.5,173.25;46,312.75;81,208;202.25,88
21068;195.25,128.5;197.25,265.5;268,18.5;322.25,297;2.5,173.25;53.25,289.75;146.75,167.75;202.25,88
37919;159,158.25;199.5,311.5;307.25,52;333,277.25;2.5,173.25;30.5,310.75;194.25,174.5;202.25,88
14574;146.75,127.25;199.5,311.5;292.25,98.75;297.5,289.5;6.25,135.75;19,306.25;194.25,174.5;204,87
22991;147.75,119.25;152.25,296.25;314,159.75;343.5,278.25;6.25,135.75;43.5,319.5;156.5,217.75;204,87
22458;133.25,124.5;164.75,278.75;314,159.75;340.75,277.75;0.5,173.75;43.5,319.5;99,196.5;212.75,46.75
31618;133.25,99;141,306;293.25,115.75;340.75,277.75;34,189;43.5,319.5;85.5,167.5;187.75,84.5
3891;84,93.75;141.25,305.5;304,99.25;357.25,306.75;36.25,232;43.5,319.5;109,136;187.75,84.5
7818;77.75,95.75;143.75,259.25;274.75,142.75;357.25,306.75;72.75,266.75;76.75,268.75;109,136;168.5,79
47012;76.5,95.75;191.75,251.75;297.25,164;357.25,306.75;72.75,266.75;112.75,282.25;119.5,112.25;129,60.25
29299;121,123;151.25,263;297.25,164;307.5,320.25;56,247.5;112.75,282.25;119,114;168.5,79
12409;134.75,124.75;163,303;280.5,167;311.25,294.25;34.25,264.75;112.75,282.25;119,114;146.25,53
1591;157.5,83.5;178,316.25;280.5,167;289.5,321;47.75,280.5;70.5,273;119,114;146.25,53
36622;157.25,82;215.5,311.75;245.5,166.25;307,311.75;4,246;70.5,273;119,114;168,83
35147;153,127.5;206.75,265.25;274,179.75;306.5,303;4,246;70.5,273;119,114;145.5,45.25
33586;104.5,144;226.75,302.75;274,179.75;276.5,276.5;22,203.75;44.75,249;119,114;125,52
34878;104.5,144;226.75,302.75;269.75,164.75;276.5,276.5;24.25,210.25;97.5,221.25;120.25,77;121,41.5
19800;162,149;249.5,296.75;269.75,164.75;305.5,302.5;19.75,193.25;97.5,221.25;146.5,43.25;177,32
35534;185,157;222,316.25;244.5,217;306.75,318.75;19.75,193.25;97.5,221.25;143.75,51.75;177,32
21922;141.75,127.25;162.75,306.5;244.5,217;299,319.75;17.5,191.5;83.5,251;143.75,51.75;231,37
3685;132.75,166.25;152.75,273;259.5,179.5;298.25,321.25;17.5,191.5;83.5,251;119,98.75;269,73.5
26592;121.75,199;126.75,283.5;259.5,179.5;340.5,312.5;17.5,191.5;88.25,270.25;107,80.25;269.5,73.75
39426;96,163.5;143.5,319.5;263.5,154.75;340.5,312.5;16.75,191.5;100,269.5;107,80.25;251.25,60.75
3171;96,163.5;115.75,316.5;280,194.25;340.5,312.5;40.25,137.5;47.25,252.75;106,79.5;248.5,76.5
28348;95.75,164.75;117.75,322.5;280,194.25;340.5,312.5;81,109.75;89,247.25;108.75,123.25;253.5,71.5
9568;100.5,208;101,314;280,194.25;309.25,321.25;82.75,150.25;88.75,247;99,170.5;253.5,71.5
38000;153.25,177.5;160,322.75;306,211.75;309.25,321.25;30.75,108.75;56.25,248;99,170.5;256,67.25
7481;135.75,124.25;160,322.75;253.75,196.5;364,290;7.75,136;35.5,190.25;99,170.5;298.75,86.25
38603;89.5,115.25;152,298.75;257,227.75;364,290;7.75,136;82.75,190.5;115,229.5;285.25,95.5
10444;89.5,115.25;126.5,274;265.75,238.5;364.25,252.75;7,141.75;83.5,191.25;115,229.5;241.5,91.75
2973;132.5,147.5;138,227.75;240.75,282.5;364.25,252.75;33.75,119.75;83.5,191.25;106,275.75;207,86
33887;132.5,147.5;138,227.75;240.75,282.5;357.25,307.5;38,137.25;76.5,168.75;129,309.25;187.75,99
3993;137.25,128.5;156.5,228.25;207,261;357.25,307.5;42.25,111.25;59.5,202;129,309.25;143,92.5
27688;137.25,128.5;201,227.5;252.5,285.25;352,304.75;49.75,50.75;59.5,202;153.75,302.5;165.75,80.25
45527;172.25,162.75;222.25,201.5;252.5,285.25;340.5,312.5;74,29.5;74.75,249.25;131.75,280.5;165.75,80.25
21679;195.25,113.25;229.5,187.75;273.25,323.25;352.75,275;46,76.75;90,280.75;131.75,280.5;165.75,80.25
45706;167.75,97.75;210.75,197;273.25,322.25;351,306;46,76.75;99,268.5;131.75,280.5;172.75,28.25
35964;127.5,140.5;250,164.25;273.25,322.25;351,306;37.75,134.25;84.75,319.75;122.25,308.5;172.5,30.25
19090;153.75,110.5;286.75,105.25;309.75,321.75;333,246.75;37.75,134.25;84.75,319.75;124,265.75;173.25,30.25
6295;137.5,128.75;278.25,88;302,303.25;303.25,262.75;37.75,134.25;84.75,319.75;124,265.75;146.5,58.75
46874;144.75,126.5;279.25,75.75;308.75,245;344.25,229.25;37.75,134.25;48,291.5;74.5,302;146.5,58.75
4081;144.75,126.5;256.5,133.75;306,302.25;355.5,224.5;3,187.5;48.75,284.5;103.5,275.75;146.5,58.75
44902;144.75,126.5;303.25,138.75;356,260.5;359.25,181.75;23.25,215.25;33.5,284.75;103.5,275.75;146.5,58.75
13037;144.75,126.5;271.5,102;321,320.75;356.5,156.25;19.75,264.5;29.75,229.75;103.5,275.75;207,68
6149;146,156.5;266.75,101.25;356.25,295.25;356.5,156.25;19.75,266;91.75,220.75;120.5,273.25;207,68
25476;146,156.5;311.25,52.25;355.75,288.5;356.5,156.25;26,229.75;91.75,222.5;152.75,284.5;169.5,51.5
39647;165,145.5;309,27.5;355.75,288.5;358.5,126.5;49.5,267.75;78.5,235.5;152.75,284.5;164,95.5
49123;176.25,114;309,24;355.75,288.5;358.5,126.5;64.75,266.75;78,185.75;116,287;126.75,111.75
20751;186.25,156.25;270,9.75;358.25,229.75;361.75,112.25;64.75,266.75;78,185.75;116,287;187.75,139.5
26102;186.25,156.25;316.75,6.25;324.5,212.25;330.75,118.5;64.75,266.75;93.75,153.25;109,273.5;185.75,138.5
4346;142,187.75;248,7.5;263,180.5;306.5,74.25;64.75,266.75;93.75,153.25;143.5,252.75;214,173.75
1906;156.75,230.25;226,55;263,180.5;306.5,74.25;36.75,229;92.5,154;177.25,269.5;205.25,222.25
9529;161,228;256.5,31;263,180.5;314.5,20.75;32.25,251;92.5,154;193.25,250;218.5,257.25
12672;161,228;210.25,10;258.5,209.75;261,18;72.75,246.25;92.5,154;193.25,250;259.5,239.75
12215;161,228;229,38.75;239.5,258.75;247.5,39.25;72.75,246.25;113,198.25;169.5,252.5;261,241.5
37883;161,228;228.75,38.25;239.5,258.75;274.75,23.5;42.75,251.25;155.5,154;176.25,295;325,243.5
19693;161,228;199,69.25;239.5,258.75;331.25,36.75;101.5,261.75;131,194.25;150,302;314,217.25
636;113.5,206.75;199,69.25;283.25,260.5;331.25,36.75;103,308.75;108.75,199;166,278.75;316,217.75
3205;104.5,254.5;211.5,54.5;239.25,223.5;355.75,17.25;49,315.75;108.75,199;169.75,278.75;316,217.75
31239;100.75,282;198.75,62.75;265.75,232.25;364.25,26.75;38,295;104.75,233.75;169.75,278.75;316,217.75
26702;114.25,313.5;183.5,48.5;270.75,267.5;364.25,26.75;18.25,271;104.75,233.75;177,300.25;294.75,186.25
14345;117.25,308;195,92.5;293,212.5;369,52;35.75,308.75;48.25,250.75;177,300.25;294.75,186.25
19362;117.25,308;226.25,85;266.5,163.5;367,31.5;11.75,294;86.25,220;177,300.25;320.75,222.75
29469;118,291.5;205.5,46.75;266.5,163.5;334.5,18.5;65,307.5;151,201.75;177,300.25;256.25,238.75
21513;78,249.25;201,56;217.75,135.75;283.25,52.5;65,307.5;101.75,233.75;177,300.25;200.75,228
34808;89.25,187;226,93;254.75,99;283.25,52.5;65,307.5;147.25,270.5;155.75,272.75;227.5,256.75
43785;71.5,139.25;223.5,93.75;263,134.75;276.75,102.75;18.25,306;147.25,270.5;155.75,272.75;249.75,293.25
10512;68,142.5;223.5,93.75;273.75,164.75;276.5,101.5;18.25,306;104.75,304.75;155.75,272.75;262.25,305.25
21010;38,116.25;164,97.25;290,128.25;316,138.25;18.25,306;123,324.25;158.25,203.75;262.25,305.25
43864;38,116.25;164,97.25;290,128.25;357,127.5;12.5,291.5;135,265;182,164;318.75,309.75
9154;36.75,114.75;160.5,96.75;290,128.25;357,127.5;10.75,286.5;83.5,249.25;156.5,161.5;322,311.25
6202;36.75,114.75;114.75,110.5;290,128.25;355.75,80.75;47,258;115,199.25;123,161.25;322,311.25
24581;66.5,75.25;78,147;294.5,130;355.75,80.75;28.5,228.75;81.75,183.5;123,161.25;357.5,288.25
26247;66.5,75.25;70.5,187;271.25,164.75;336.25,72.25;28.5,228.75;97.5,221.75;186,176.75;296.5,275.75
28633;66.5,75.25;75.25,227.75;222,186;332.25,21;24.75,198;111.75,224.5;186,176.75;286,276.25
38557;9.5,90.75;75.25,227.75;225.5,186;365,42.5;24.5,198.5;131,197.75;166.75,189;286,276.25
10352;3,110.5;75.25,227.75;204,143.75;361,32;51.25,176.25;95.25,181;165,187.75;286,276.25
33974;5,84.5;86.5,248.75;174,139.25;312,55;51.25,176.25;95.25,181;165,187.75;272.75,286.75
3060;28.75,56.75;97.75,249.5;140,149.5;280.25,73.25;51.25,176.25;95.25,181;191.25,221;309.5,300.75
2938;28.75,56.75;60.5,217.5;179.75,109.25;255.25,72.25;51.25,176.25;80.25,216.5;220,202.5;271,272.25
22469;45.5,43.75;57.5,227.75;160.5,100.75;219.75,94.25;51.25,176.25;100.5,222.25;220,202.5;239.75,280.5
11734;18.5,98.75;18.75,189.75;160.5,100.75;249,77.5;51.25,176.25;141.5,226.5;234.5,207;240.5,283.25
26243;8.5,143.25;60.5,193.25;132,96.75;223.5,46.25;51.25,176.25;141.5,226.5;234.5,207;261.75,306
9561;35.25,115.75;86,178;91.75,110.25;205,42;16.75,135.25;141.5,226.5;234.5,207;261.75,306
27043;22.5,176.75;79,119.5;91.75,97;205,42;16.75,135.25;145.75,193.5;218.25,215.25;224.5,314.75
28050;66.25,171.25;90.75,64.25;114.5,141.5;249.75,11;16.75,135.25;145.75,193.5;180,213.25;255,256.25
29090;90.5,188;114,104;158,111.5;249.75,11;45,90.25;143.5,241.5;144,167.75;255,256.25
13855;90.5,188;138.5,78.25;159.25,144;298.5,7.5;78,121.75;89.5,267.75;144,167.75;272,287.75
30746;62.5,170.75;186.75,63;216.75,129.5;283.25,57.25;82.75,159;89.5,267.75;144,167.75;214.75,296.75
12758;50.5,176.75;202,43;216.75,129.5;295,105.25;58.25,135;89.5,267.75;139.5,183.25;172.25,312
33702;42.75,207;189.5,38.75;216.75,129.5;331.25,120.5;83.5,189.25;89.5,267.75;165.5,151.25;221.5,279.25
17631;42.75,207;189.5,38.75;217,130;317,134.25;97,198.5;118,290;141.25,161.25;249.5,310.25
42378;91.5,223;208.25,79.25;217,130;269.5,132;59.75,215.25;118,290;125,116.75;281,270.75
22276;91.5,223.5;184.75,125.75;208.25,79.25;269.5,132;56.25,222.5;123,298.5;139,147.25;318.25,260.25
47036;88.25,266.5;204.75,166.5;219.5,65.75;269.5,132;56.25,222.5;94,282.75;119.25,105.25;318.25,260.25
23363;87.5,303.25;204.75,166.5;242.75,34;259.25,153.25;92.25,190;112,259.25;119.25,105.25;300.75,233.75
48851;137.5,292;204.75,166.5;293,71.25;298.75,111.25;91.75,191.25;102,313.75;121.5,62.25;300.75,233.75
11407;86.5,303.25;200.75,132;293,71.25;346,130;91.75,191.25;139.25,270.75;153.25,89.25;272.25,214.25
3512;86.5,303.25;152.75,128.25;275,102.5;365.5,143.75;148.25,203.75;175.75,315.75;206.25,72.75;272.25,214.25
31038;40,316.25;152.75,128.25;224,144.75;320.25,104.25;148.75,204;175.75,315.75;238.5,84.25;283.5,196.5
23435;73.25,300.25;134.25,160.75;211.5,126.25;291,55.75;148.75,204;170.25,316;238.5,84.25;266.5,235
19955;56.5,242.25;139.25,177.5;210.5,73;272.25,19;148.75,204;225.5,313.75;238.5,84.25;266.75,234.5
40309;78,193.75;144.25,160.25;173.25,89.5;314.75,5.75;153.5,187;225.5,313.75;238.5,84.25;267,233.75
18233;48,228.5;144.25,160.25;195.75,130;300.5,52.25;185.5,174;189,304.5;238.5,84.25;264.5,230.5
11873;36.75,193.25;115.25,127.5;195.75,130;326,89.75;185.5,174;242,291.5;250.5,116.75;299.5,198.5
33021;49,226.25;95.25,132.75;196.25,129.5;367.25,70.25;189.25,173.25;242,291.5;250.5,116.75;285.75,249.25
4914;48.25,224.25;95.25,132.75;213.75,81.25;368,51.5;214,174.25;242,291.5;285,115.5;309.75,273.75
29678;62.5,219;66.25,83.5;239.75,50.5;371.75,53.75;214,174.25;267.5,238.25;285,115.5;312.25,227.75
2473;62.5,219;66.5,115;242.5,21.5;334,31.5;214,174.25;233,273.25;246,83.25;312,228.5
18732;8.25,233;54.25,167.5;254.75,61.75;342,11.75;218.5,159.75;233,273.25;236.25,94;312,228.5
47568;8.25,233;99,188.5;222.25,39;356.5,25.25;218.5,159.25;219.5,274.25;227.75,66.5;312,228.5
7835;40.75,209.5;115.25,228.5;243.5,17.75;332,4.75;218.5,159.25;219.5,274.25;272.5,63;312,228.5
26512;59,177;86.75,214;245.25,68.75;332,4.75;210.25,172.75;219.5,274.25;263,53.75;282.75,241.5
439;47.75,125;86.75,214;269.25,103.5;272.25,19;210.25,172.75;210.5,271.5;258.5,52.5;280.75,241.25
46863;47.75,125;52.5,189;279.75,142.25;283.5,56.5;203,122.5;236.75,284.25;258.5,52.5;280.75,241.25
36921;32,190.25;48,179.25;238.75,99.25;283.5,56.5;214.25,183.75;236.75,284.25;300.75,3;315.25,250.5
10924;32,190.25;48,179.25;184,124.75;283.5,56.5;201.25,163.25;225,274;300.5,34.5;315.75,203.75
7442;9,227.25;39.75,238;207,167.75;303.75,14.25;201.25,163.25;238.75,320.75;303.5,17.75;315.75,203.75
3104;7.25,227.75;39.75,238;235.5,198;303.75,14.25;188.5,100;277,265.25;288.75,83.5;332.75,147.5
8340;7.25,227.75;61.5,230.75;221,131.25;303.75,14.25;223.75,53.25;232.25,257.5;277.5,35.5;358.25,161.75
20377;56,201;98.5,203.25;221.25,132.5;303.75,14.25;237.5,32;275.25,282.5;277.5,35.5;331.75,115
41022;85.5,166.25;103.25,204.25;244.5,116.75;276.5,31;190,53.75;238,290.5;277.5,35.5;331.75,115
8488;39.75,126.25;156.5,217.75;289.5,90.75;292.25,52;190,53.75;238,290.5;277.5,35.5;362.75,77.5
16617;66,147.25;162.25,252;274,56.5;332.5,33;190.5,56.5;238,290.5;313.25,43.5;362.75,77.5
13631;87.25,140.5;162.25,252;245.25,101.75;332.5,33;170,50.25;196.25,321.25;338,80;340.5,92.75
12452;87.25,140.5;153.75,226.25;276.75,131.5;332.5,33;145.75,83.5;146.25,298.5;270.25,106;346.5,139.75
13274;87.25,140.5;192.75,275.25;222,112;278.75,35.5;99.75,41.25;206.5,304.25;209,96.5;346.5,139.75
25929;62.25,127.75;162.25,281.25;180.5,141.75;278.75,35.5;133.75,34.25;169,309.25;203.75,93.75;346.5,139.75
25152;64.25,68;125.75,291;153.25,156.5;276.25,71.25;76.75,19.5;169,309.25;203.75,93.75;346.5,139.75
16867;121,46;139.5,264.75;187,105;279.75,72.5;63,50.75;169,309.25;224,128.75;346.5,139.75
38980;132.5,20;139.5,264.75;183,119.5;276.25,102.25;94.5,89.25;169,309.25;209.75,86.25;352.5,169.5
44222;131,25;140.75,222.75;186,67.5;270.75,102.75;65.75,95.75;169,309.25;184.25,95.75;352.5,169.5
44940;113.25,20;158.75,193.75;186,67.5;291.25,103;57.25,80;209.5,290.5;212.75,105;352.5,169.5
38968;76,10.25;173.5,200.75;211.75,36.5;289.25,151.25;57.25,128;209.5,290.5;215.5,103.25;352.5,169.5
11920;116.25,6.75;173.5,200.75;211.75,36.5;234.75,147.5;27.5,149.5;239,318;271.25,92.5;358.75,202
20521;125.5,40.75;187.25,152.25;216.75,56.5;240.75,165.75;27.5,149.5;239,318;289,103.25;342.75,207
14528;78.5,10.75;179.25,138.25;226,84;274.25,144.5;27.5,149.5;240,318.75;311.25,129.5;342.75,207
24843;18.75,43.25;243.25,134.75;270.25,104.5;295.25,98.75;23.75,172.25;240,318.75;311.25,129.5;342.75,207
31208;56.5,8;243.25,134.75;296,149.25;307.75,56.75;23.75,172.25;240.75,318.75;351,138.75;354.25,190
41741;66,48.25;249.5,199.75;251.75,107;272.25,26;28.5,214;240.75,318.75;351,138.75;354.25,190
27769;66,48.25;249.5,199.75;270.25,72.5;317,2.5;28,226.5;277.25,306.25;309,181.75;336.25,164
38246;67.75,43.5;222.5,188.25;226.25,85.5;269.75,35;71.5,211;277.25,306.25;331.75,198;336.25,164
28029;67.75,43.5;195.25,129.5;236.75,150.75;269.75,35;100,171.5;275.25,283.75;290,233.5;314.25,209
41001;67.75,43.5;195.25,129.5;268.75,138.25;287.5,70.25;82,163.25;238.25,319.75;310.25,221.5;347.5,216.75
1945;67.75,43.5;221,129.75;268.75,138.25;331.75,61;82,167.5;264.25,260.75;337.25,229.5;352,238.25
31913;67.75,43.5;221.5,130;268.25,75.75;292,55.25;82,167.5;252.5,223;308.75,199.5;317,205
29531;67.75,43.5;221.5,155;226.75,67.5;327.75,21.25;123.5,157.25;227.25,229.25;295.75,186.5;317,205
49157;67.75,43.5;221.5,155;227,66.75;350.5,20;147.25,155.75;190.75,188.75;287.25,186.75;318.75,159
125;67.75,43.5;158,173.25;241.5,37.75;350.5,20;93,131.75;192.5,221;256.25,198.25;281.75,106
2079;14.75,43.25;136.25,125.75;245.25,30.25;350.5,20;93,169.5;211.25,173;247.5,169.25;281.75,106
26541;14.75,43.25;103,137.25;206.5,45.75;351.5,20.25;88.25,152.25;162,203.75;189.25,163.5;281.75,106
1755;54,4.5;103,137.25;209.25,43.5;324.5,30;88.25,152.25;161.75,247.5;223.75,207.75;310,161
38223;54,4.5;113.5,160.75;190,48.75;324.5,30;124.5,174.75;159.5,237;238.5,256;356.5,147.25
15593;54,4.5;103.25,161.75;190,48.75;340.75,49.25;108,136.25;159,235.5;253.5,308.75;323.5,159.5
34749;54,4.5;103.25,161.75;190,48.75;287.5,72.5;110,80.75;139.25,194;313.25,311;350,162.5
3870;30.25,20.25;55.75,152.25;155,29.5;285.75,52.75;66.5,93;138.5,192;313.25,311;350,162.5
2911;9.75,28.25;52.25,189.25;126.75,25.25;285.75,52.75;73.5,141;97.25,190;313.25,311;358.5,157.5
44663;9.75,28.25;90.25,156;130.5,90.5;314.25,94;64.75,161.5;77.5,129.25;303.25,283.25;358.5,157.5
36269;9.75,28.25;86.5,171;130.5,90.5;314.25,94;20.75,158.75;57.5,107.5;252.5,287.75;358.75,162.25
16189;9.75,28.25;138,158.75;153.25,126.25;274,134.75;20.75,158.75;87.5,127.25;279.75,258.75;369.25,211
17455;15.75,73.25;146,226.75;153.25,126.25;248.75,181.5;20.75,158.75;128.25,73.5;275.5,254.5;327.25,159
7571;26.25,121.75;157.25,230.25;158.5,103.75;280.25,142.5;20.75,158.75;127.25,92;275.5,254.5;360.25,159
9856;26.25,126;173.75,230.75;177,154.5;280.25,142.5;27.5,102.75;154,79.75;273.75,246;360.25,159
15291;26.25,126;148.75,269.75;178,154.75;280.25,142.5;36.25,47.75;204.5,95.75;262.5,294;358.25,205.5
31043;26.25,126;139.75,240.25;177.25,111.25;280.25,142.5;3.5,71.5;204.5,95.75;259.5,251.5;339.75,231.75
25885;6.75,89.5;176.5,210.75;178.75,111.5;297.25,169;3.5,71.5;207,144.25;259.5,251.5;336.5,201
22495;6.75,89.5;162.5,216.75;178.75,111.5;297.25,169;60.5,101.5;202.5,147.75;275.75,249;361.5,265.25
31524;7.25,123.5;115.75,252.25;130.75,121.75;297.25,169;40.25,109;179.25,196;271.5,262.5;361.5,265.25
32271;14.75,141.25;63,268.75;117.25,146;297.25,169;56.5,112.5;179.25,196;270.75,286.75;307.25,235
6908;10,176.5;12.75,295.5;81,121.75;325.5,136.25;56.5,112.5;140,151.75;270.75,286.75;307.25,235
19323;10,176.5;61.25,249;71.5,86;325.5,136.25;57.25,108.75;187,165;263.75,265.5;277,191.75
28244;44.25,215.75;58,238.25;71.5,86;325.5,136.25;64.25,160;152.75,184.75;275.75,304.5;319.5,196.75
42888;44.25,242.75;51,229.75;71.5,86;325.5,136.25;32,119.75;153.25,185.5;268.25,320.25;359.25,190
32509;44.25,242.75;51.5,183.75;71.5,86;333.5,119.25;68,91.75;192.75,174.5;250,291;355,150
23777;55,249.5;87.25,142.75;107.5,71;316,112.5;15,91.75;192.75,174.5;250,291;355.5,149.25
3056;55,249.5;87.25,142.75;107,71.25;283,105.75;20,49.25;229.75,215.5;242.5,292.5;317.5,120.75
11078;26.25,242;75.75,87;93.25,33;278.5,86.25;5.25,20;192,250.5;242.5,292.5;317.5,120.75
14458;26.25,242;86,141.5;93.25,33;296.75,71.25;37.5,64.25;143.75,222.25;275,265.75;310.75,159.75
39289;32.25,243;86,141.5;104,38.75;285,56.5;53.25,79.5;150,222.25;275,265.75;290.5,131.5
48036;59.5,230.25;66.75,165.5;75,85;228.25,43;53.25,79.5;111.25,245.5;284.25,276.75;290.5,131.5
5554;42.5,239;60.25,157.5;92,64;228.25,43;53.25,79.5;77,226.75;258.25,265.75;299.5,187.75
28903;49.25,247.5;57,148.75;144.75,56;228.25,43;38.75,44;60.25,168.25;237,238.5;299.5,187.75
32071;29.75,229.25;32.75,132.75;181,35.75;228.25,43;8.75,34.75;58,171.75;237.5,237.75;299.5,187.75
41279;29.75,229.25;68,145.25;204.75,73.5;256.5,31;5.25,48;102.5,170.75;237.5,237.75;328,162
165;55.5,242.25;92.5,141.25;204.75,73.5;292.5,20.25;5.25,48;146,192;197.75,229.25;328.75,210.75
42096;50.5,216.75;148.75,114;168.75,102.25;270.5,17.5;6.25,23.75;146.75,192;197.75,229.25;328.75,210.75
13577;43.5,181.25;111,114.5;133,78;268.5,71.5;6.25,23.75;124.25,208.5;198.5,276.5;328.75,210.75
19554;55,216.75;97.5,156.25;133,78;291.25,111.5;6.25,23.75;142,223;142,298.25;356.75,174.5
20793;1,203.75;94.5,176.25;115.25,107.5;295.25,54;6.25,23.75;86.5,211;176.25,295.75;356.75,174.5
18099;9.5,167;117.75,225.5;167,116.75;295.25,54;33.75,75.75;114.5,217.75;167.75,260.25;356.75,174.5
39060;9.5,167;116.25,203.25;119,141.5;295.25,54;5,95;120,230;148.5,245.5;355.25,171.5
6562;4.25,212.5;68,230.75;69.5,166.25;259.25,61.75;37,141;79.5,190;148.5,245.5;355.25,171.5
27689;4.25,185.5;52,284.25;69.5,166.25;259.25,61.75;9.25,195.75;24.5,188.5;145,223.25;323.75,139.25
13503;2,200.25;52,284.25;107.25,160.25;224.75,75.75;8.75,203.25;21.25,215.75;145,223.25;326.5,199.5
12090;2,200.25;47.75,247.75;107.25,160.25;245.25,26.25;14.5,156.5;22,250.5;96,222.25;351.25,218.75
4922;2,200.25;85.25,248.75;135.25,184.75;192.75,17.5;23.5,118;27.25,300.25;67,248.5;351.25,218.75
26415;7,152.75;85.25,248.75;135.25,184.75;192.75,17.5;2.75,134.75;8.75,286.75;24.25,229.25;363,229.5
25806;48,172.25;116.75,258.75;145.75,227.75;188.75,6;2.75,134.75;8.75,286.75;24.25,229.25;299.5,234
13681;77.75,115.25;139,296.5;156.5,260.5;187.75,70;2.75,134.75;5.5,241.25;72.5,208.75;299.5,234
27994;29.5,71.75;100,284.25;156.5,260.5;222,60.75;2.75,134.75;6.25,308.5;121.25,194.75;303.25,248.75
13319;4,19;53,318.25;156.75,256.5;175.5,47.25;4.5,94.5;6.25,308.5;159.25,164.5;303.25,248.75
5248;35.25,30.75;53,318.25;123.5,253.75;128.75,11.75;11,42.5;68,309;161.5,124.75;303.25,248.75
27931;35.25,30.75;53,318.25;123.5,253.75;151,11;10.75,50.25;18,321.75;162,91.25;291,278.75
12411;35.25,30.75;53,318.25;123.5,253.75;168,30.5;9,34.5;10,272;203.75,20.5;247.5,261.5
40246;35.25,30.75;44.25,312.5;184.25,288.75;185,1;7.25,32.75;71.5,248.75;143.75,49.5;247.5,261.5
15020;35.25,30.75;51.5,284;165,227.5;185,1;7.25,32.75;111.75,217.5;140.75,7.75;222.75,252.75
44464;40.5,85.5;55.75,249.75;149,226.5;185,1;3,59.5;61.25,196.75;140.75,7.75;224,252.25
13971;23.5,122.25;55.5,239.25;81.75,213;185,1;48.75,76.25;66.5,222.5;140.75,7.75;224.5,320
20589;11,144.75;52.75,241.75;61.5,217.75;235,22.5;66,92.75;66.5,222.5;140.25,5.25;224.5,320
5293;13.5,176.75;39.75,241.75;72.5,177.75;198.75,6.25;66.5,95.25;66.5,222.5;164.5,32;224.5,320
22952;6.75,215;39.75,241.75;72.5,177.75;198.75,6.25;14.75,70.25;25.5,227.25;132,71.25;201.25,275
32902;6.75,215;33.75,238.5;72.5,177.75;194.5,6;3.5,71.75;8,239.75;161.25,17.75;185,321.5
44061;48.75,234.25;52,284.25;83.5,201.25;229.25,68.5;3.5,71.75;13.25,286.5;119.75,77;185,321.5
30489;31.5,262.5;51,284;55,181.25;176.25,85;3.5,71.75;58.25,296.25;119.75,77;239.75,309.25
19029;46.25,234.75;51,284;52.5,181.5;176.25,85;63,78.5;107.5,273.75;154.5,122.75;207,303.5
31069;46.25,234.75;51,284;52.5,181.5;170.75,144.5;37.75,76.75;61.75,289.75;150,143.25;210.25,255.75
33199;15.75,292;67,274;75.75,242.25;170.75,144.5;54,101.75;69.25,296.5;188,100;210.25,255.75
37297;14.25,301.5;39,230.25;47.5,240;170.75,144.5;27.25,92.25;69.25,296.5;188.25,96.25;242,237.75
12086;12.5,263;33.5,181.25;36.25,196.5;154.25,85;27.25,92.25;69.25,296.5;147.5,50.5;240.5,238.5
10289;17.75,305;36.75,225.75;83.75,165;154.25,85;29.25,88.5;116,323.25;147.5,50.5;239,239
35258;27.25,323.75;36.75,225.75;41,137.25;148.25,45.25;23.75,104.75;116,323.25;145.25,32.25;211.25,187.75
14317;27.25,323.75;68.25,249.25;88,120;95,19;23.75,104.75;111,290.5;158.25,91;176,240.5
10113;13,263;45,252.5;61.75,153.75;113.75,16.75;27.5,101.75;85.75,251.75;158.25,91;176,240.5
39135;13,263;29.25,229.25;89.75,128.25;113.75,16.75;43.25,62.25;54.75,307.5;119,39;150.5,222
10162;13,263;29.25,229.25;57,171.25;113.75,16.75;14.5,122;42.5,309.25;107.75,53.75;126.5,225.5
32428;13,263;29.25,229.25;102,206;113.75,16.75;15.25,70.75;63.25,297.25;93.5,118.5;144.5,224
5076;13,263;29.25,229.25;113,162.25;117.75,14.75;41.5,89;47.25,272.75;113.25,144.75;146,284.5
4325;13,263;54.5,231;94.75,168.75;125,56.25;78.25,141;80.25,316.5;85.5,189.5;146,284.5
12791;9.75,231.5;14,264.25;58,229.5;125,56.25;55.5,101.5;80.25,316.5;90,169.25;127.75,279.5
36703;2.75,270.25;7.25,231.25;43.75,223.5;103.75,16.25;55.5,101.5;80.25,316.5;103.25,153.25;151.25,318
18897;2.75,271.5;10.75,190.25;12.5,177.5;103.75,16.25;35,118.75;103.25,309.5;117.25,119;151.25,318
47375;0.5,221.75;9.25,189.5;25.25,103.5;110,43.25;35.75,190.75;48.75,282.5;117.25,119;151.25,318
7148;0.5,221.75;16.5,177.5;38.25,138.5;110,41.75;35.75,190.75;102.5,300.25;160.25,89;215.75,277
35494;8,261.25;38.25,138.5;61.25,178.25;156.5,44.75;22,201.75;42.75,310.75;128,128.25;215.75,277
40489;44.25,285.75;61.25,178.25;71.75,145.25;205.25,56.5;8.25,231.5;42.75,310.75;81.5,72.75;186,247
15832;14.25,283.25;47.25,194.75;77,113;215.75,63.25;8.25,231.5;42.75,310.75;81.25,26.25;186,247
24837;13,263.25;41.5,240;121.25,80.5;215.75,63.25;7.25,230.5;27.5,291.5;37.25,68.5;186,247
19574;25,307.5;41.5,240;108.75,127;181.5,48.25;27.5,291.5;55.25,246.75;80,21;204,275
11470;30.5,277.5;41.5,240;108.75,127;184.5,49.75;5.75,287;16.5,272.5;81,21.75;236.25,290.25
12075;13.25,301;62.5,231;156,108.25;192,49.75;6.5,307.75;16.5,272.5;88.75,31;236.25,290.25
4633;12.5,300.5;62.5,231;156,108.25;219.25,57;18,297.5;75.75,289.75;111.5,23.5;208,274.75
39873;12.5,300.5;62.5,231;138.25,129.75;219.25,57;19.75,311;126.5,259.75;127,69.25;222.5,321
11419;12.5,300.5;62.5,231;148.25,114.25;219.75,57.25;75,306.25;144.25,273;161.5,66;181.75,294.25
5784;34.25,309.25;47.5,213.5;155.25,150;219.75,57.25;74,269;151,301.5;161.5,66;184.75,302.75
40912;34.25,309.25;47.5,213.5;155.25,150;185.5,81.25;52.75,298.25;89,300.5;122.25,19;147,277.75
2797;34.25,309.25;47.5,213.5;114,202.25;198.75,114;95.25,263.75;103.5,276.5;169.5,49.5;188.25,223.75
37477;22.5,253.75;35.75,234.75;139.25,149.75;213.75,156;95.25,263.75;103.5,276.5;156.5,66.75;184.75,177.75
6073;21.75,306;52,218.75;139.25,149.75;213,156;118.5,259.75;142.75,300;156.5,66.75;156.5,203.75
43461;47.25,242.75;83.25,248.25;153.25,127.5;212.25,154.75;143.75,302;145.5,300;156.5,66.75;156.5,203.75
26328;41.5,239.5;58.75,294;152.5,140;267.25,120;143.75,302;145.5,300;152,68.25;162,185.75
43905;48.5,267.25;50.5,286.5;178.25,112;323.75,152;108.75,319.75;145.5,300;152,68.25;162,185.75
1336;37.5,307;48.5,266.75;231.25,127.5;331,133;70.25,298.5;86.25,298;152,68.25;162,185.75
34050;38.75,306.25;62.5,218.5;231.25,127.5;321,146;84.75,253;100.75,316.5;120,30.25;162,185.75
5481;38.75,306.25;61.25,247.5;218.75,128.75;325.25,157.25;54,261;82.25,321.25;95,24.25;162,185.75
32408;7,309;56.25,293.5;219.25,129.25;278.25,169.5;54,261;82.25,321.25;151.5,48;196.25,181.75
15209;7,309;56.25,293.5;219.25,129.25;271.75,135.25;55.5,252.25;80.75,318.25;186.25,65;232.75,205.75
25544;16.5,307.5;86.5,303.75;202,186;271.75,135.25;26.25,206.25;111.25,323.5;142.75,68.75;232.75,205.75
27839;16.5,307.5;118.5,292.5;229.25,207.75;274.75,104.75;36,233.75;111.25,323.5;134.25,98.5;222,227.75
10772;16.5,307.5;145.5,264.25;261,179;317.5,82.75;36,233.75;128.25,275.75;142.25,119;265,225.5
30902;70.75,317.5;136.75,207;222.25,206;343,77.25;36,233.75;109.5,242.25;142.25,119;244.5,267.25
14651;70.75,317.5;144,260.5;245,246.5;342.25,75.75;12.75,201.75;140,195;170.25,105.25;244.5,267.25
43354;63.5,306.75;136.5,223.75;245,246.5;342.25,75.75;23.5,176;126.5,230.5;167,100;244.5,267.25
40289;22.25,312.75;136.5,223.75;213.25,244.25;342.25,75.75;8,127.75;141.75,239.5;191.25,110.5;244.5,267.25
30935;22.25,312.75;180,259.75;231.5,187;342.25,75.75;28,99.25;141.75,239.5;228.25,131.5;263.5,293
6757;22.25,312.75;157.5,266.75;271.5,180;310.25,92.25;31.75,104.25;123.25,263.75;228.25,131.5;253.5,276.75
37508;40.75,298.75;157.5,266.75;274.5,165.25;331.25,81.25;14.5,127;110,273.5;228.25,131.5;230.75,268.25
47782;32.25,297;157.5,266.75;301.5,113.75;361.25,40.75;58.25,122;110,273.5;230,154;265.25,226.75
26187;29,262.75;94.75,253;279,165.25;325.5,32.5;78.5,80.25;110,273.5;206.25,159;265.25,226.75
23751;6,284;68.5,294.25;321.75,165.25;362.75,22.75;78.5,80.25;109.25,260;206.25,159;280.75,226.75
26065;30.75,303.75;68.5,295.75;321.75,165.25;369.5,73.75;57,108.5;67.5,248.5;162.5,186.25;280.75,226.75
17401;77,255.5;103,255.5;300.5,229;356,100.75;57,108.5;84.5,305.25;162.5,186.25;275.75,228
39955;129.5,239.25;150.5,265;300.5,229;370.5,146.25;14.25,150.25;45.5,319.5;116.25,196.5;275.75,228
16057;172,279.75;172.25,233;345,198.25;370.5,146.25;14.25,150.25;99.5,284.25;141.75,224;277.5,175.5
30669;171,279.25;172.25,233;314,222.25;370.5,145.5;24.5,127;153,301.5;167.75,194.25;277.5,175.5
5454;137.25,265.75;164,243.75;314.5,222.25;355.5,152.25;81,110.25;150,299.75;167.75,194.25;277.5,175.5
10035;149.25,208.75;202.5,230;320,200.5;355.5,152.25;53,93.25;150,299.75;167.75,226;328.75,159
38572;89.5,204.25;244.5,219.75;296.5,153.75;331,151.5;102.25,107.75;150,299.75;154.75,248.75;328.75,159
2348;92,187;217.75,214.75;287,171.25;341.5,164.5;89.25,53.5;150,299.75;172.5,232.75;328.75,159
19017;133.25,154.75;262.5,241.75;287,171.25;352.25,167.75;136,35;141.25,270;172.5,232.75;286.75,144.25
44859;133.25,154.75;209,238.75;301.25,210;352.25,167.75;92,21.5;114.25,224;210.25,257.75;262.25,125.75
45239;133.25,154.75;256.75,271.25;294,246.75;354,163.5;92,21.75;114.25,224;225.5,280.25;266.25,166.75
6935;114,165.75;206.5,286.75;307.75,268.25;317,149.5;92,21.75;114.25,224;244,293.25;248.5,173.75
35628;117,226;231.5,313.25;312.25,220.75;357,122.5;92,21.75;162.25,253.25;208.25,256;248.5,173.75
19444;87.5,222;286.5,317.75;326.5,252;338.25,172.5;105.75,67.25;158.75,302.75;208.25,256;248.5,173.75
34756;44.25,223.25;312.25,301;326.5,252;356.5,129.25;65.5,86.25;144.75,273;208.25,256;267.25,168.25
47783;34.75,243;274,260.75;281.5,256.25;315.5,152.5;47,128.5;144.75,273;208.25,256;267.25,168.25
29349;34.75,243;251,244;255.75,227;272.75,192.5;35,147.5;144.75,273;204.75,254.75;293.75,216.25
47981;34.5,241;251,244;255.75,227;329.25,198.5;37.5,111.5;140.75,270;149.25,270.75;263,188
40040;97.25,249;251,244;276,179.5;354.5,241.25;43.5,56.75;112.25,281.25;127,259.25;263,188
47280;130.75,243.5;251,244;274,172.75;354.5,241.25;57.75,78.75;143.25,239;179,239.25;220,166.25
8123;140.25,272;203.75,267.25;299.75,210.5;323.75,211.5;111.25,94.25;143.5,238;179,239.25;220,166.25
9255;172.25,226;188.75,242.25;299.75,210.5;320.75,209.5;160.25,78.75;168.25,223.5;184.5,272.25;220,166.25
4015;158,198;198,309;346.75,165.5;368.5,168.25;160,80.75;184.5,272.25;196.25,218;220,166.25
41842;110.25,162.75;234.25,288;299,153.75;318.5,137.25;139.5,123;196.25,218;219,274;220,166.25
24519;151,160;234.25,289;271.25,164.25;360.75,122;171.25,95.5;196.25,218;219,274;220.25,120
30712;165.25,102.75;260.75,294.5;302.5,154.75;360.5,129.5;144,80.25;153.75,224.25;219,274;220.25,120
36699;165.75,101.75;260.75,294.5;300.75,115.5;336.75,76;144,80.25;204.5,220.25;229,219.25;230.5,149.5
25568;135.5,149;260.75,294.5;300.75,115.5;336.75,76;141.25,32.25;203.75,172.75;220.75,221.5;238.5,121.5
11564;175.25,108.75;291.5,317.5;300.75,115.5;335.5,75.75;141.25,32.25;145.25,156.5;189.75,238.75;232.25,135.25
5643;175.25,108.75;283.5,321.5;296.25,72.75;358,102.75;141.25,32.25;175,153.25;180.25,290;204.25,97.5
21329;168,162.25;261.25,322.25;294.5,70.25;330,136.5;141.25,32.25;175,151.25;185.25,294.75;204.25,97.5
2842;137.75,129.75;242,290.75;286.5,70.5;296,135.75;141.25,32.25;175,151.25;185.25,294.75;254.5,76.5
47244;143.25,127.75;252,283.75;260.75,18.5;331,152.75;141.25,32.25;175,151.25;194.25,318.75;254.5,76.5
15709;77.75,110;271,286.25;300,55.5;318.75,208;79,14.5;194.25,183.25;194.25,318.75;254.5,76.5
21940;77.75,110;279.75,312.75;295.75,54.25;352.5,228;123,5.5;175,162.75;194.25,318.75;248.25,31.5
18866;111.75,105.5;249,308;280.5,75.5;326,258.5;123,5.5;175,162.75;197,275.75;222.25,16.5
46852;71.5,146.75;256.25,256.75;280.5,75.5;342.25,230;122,4.75;165.5,163.25;212.25,275;222.25,16.5
9151;71.5,146.75;277,287;292.5,55;355.5,225.5;122,4.75;124.75,202;161.25,278.25;207.75,5.25
5839;112.75,126;277,287;311.25,94.25;362.5,297.5;122,4.75;124.5,252;151.75,222.25;207.75,5.25
29018;83.5,73.75;277.25,286.5;311.25,94.25;365.25,320.5;93.25,65.5;104,276.25;134,264;207.75,5.25
21102;90.5,84.5;217,267.5;312.25,92.25;365.25,320.5;37.75,49.25;47.25,295;134,264;194,5.75
6938;65.25,103.5;178,276.75;277.75,103.5;350.5,321.25;37.75,49.25;72.5,271;169.75,224;194,5.75
15536;111,85.5;163.25,261.5;277.75,103.5;350.5,321.25;38.25,50;126.5,274.25;147,188.25;194,8.75
6054;124.5,33.75;205,269.25;268.25,102;347.25,289;38.25,50;153.25,298.5;188,177;194,8.75
28118;131.5,30.75;206,221.5;308.75,112;359.25,289.5;43.25,2.75;146.5,318;188,177;194,8.75
3541;77.5,41;216,252.5;308.75,112;309.5,288.75;13.75,3.75;146.5,318;171.5,161.25;231.25,49
24637;72,87;205,311.5;308.75,112;345.25,311.5;13.75,3.75;176.25,305.25;204.25,177.25;255.25,99
42483;117.25,110.25;192.5,295.25;266,92.75;345.25,311.5;13.75,3.75;185,250.5;197,175.25;290.25,122.25
45158;68.5,98.25;194.25,294.25;304.5,78.75;336.75,283;13.75,3.75;185,250.5;214.25,174.75;284,173.75
37466;19.5,84.5;232.5,275;302.25,32;336.75,283;13.75,3.75;181.5,273.25;204,228;267.25,145.75
16869;16.25,107.25;232.5,275;327,29.5;344.25,229.75;4,71.5;181.5,273.25;242.75,169.5;314.25,98.5
32772;17.25,106.75;232.5,275;336.75,38;344.25,229.75;20,124;161,303.5;279.25,185;327.25,60.5
23048;10,81.5;232.5,275;292.5,57.25;344.25,257.75;17.75,149.75;209.5,265;310.75,197.75;327.25,60.5
43762;4.75,52.25;263.75,297.5;270.75,30;344.25,257.75;19,141;210,263.5;284.5,201.25;327.25,60.5
31657;4.75,52.25;263.75,297.5;270.75,30;310,270;30.25,125.25;239.75,308.75;322.25,159.25;329,117
38947;73.75,33;201.5,310.5;270.75,30;310,270;7,71;229.5,274;328.5,163.75;353,141.75
15317;120.25,21.25;219,311;270.75,30;364,255;22.25,119.75;229.5,274;304.5,115;358.25,199
14555;101,79.75;167.5,279.25;257.5,34;362.75,257.75;6.25,138.25;229.5,274;304.5,115;354.75,180.75
47630;43.75,104.25;116.75,251.75;306,67.5;362.75,257.75;31.25,109.5;224,315.75;288,151.5;354.75,180.75
48915;80.5,90.75;80.5,221.5;339,113;360,279.25;89,102.75;227.5,313.25;288,151.5;354.75,180.75
7607;44.25,106.75;89.25,271.75;306.75,111.25;324.25,318.5;128,94.25;232.25,256.5;288,151.5;354.75,180.75
19196;9,111;89.25,271.75;306.75,111.25;321.75,293.75;98.25,67.5;186.75,258.5;331.5,161.5;349.5,143.75
287;18.5,84.25;127.5,285;317.25,106;341.25,288.5;128.75,94;153.75,302;331.5,161.5;349.5,143.75
41256;13.75,28.25;74.75,280.25;317.25,106;341.25,288.5;126,93.75;153.75,302;337,187.25;360.25,154.75
1111;26.5,30;58.25,294;296.5,104.25;341,289;126,93.75;154.5,302;336.75,184.75;360.25,154.75
32812;36.5,40.25;92.5,303.25;243.25,117;298,321;119.5,91;154.5,302;330.75,192;360.25,154.75
32032;33.25,38.5;92.5,303.25;243.25,117;298,321;145.25,50.5;160.75,319.5;301.75,233.75;313.25,163.25
15612;47.75,34.5;92.5,303.25;274.75,102.25;298,321;107.75,40.5;154,298.75;318.25,241.25;351.5,150.5
11717;4.25,5.25;67.75,291;274.75,102.25;351.75,306.5;121.75,38.5;154,298.75;297.5,268.75;320.25,160
27600;64.75,2.5;114.5,292;274.75,102.25;346.5,313.5;123,9.5;129,314.25;294.5,268.25;320.25,160
33144;65.25,32.75;102.25,317.25;274.75,102.25;314.75,264;87.5,47.5;158,301.5;274.25,248.5;320.25,160
7980;58,71;154.25,302.25;306,116;317.75,306.25;87.5,47.5;158,301.5;295,294;320.25,160
43648;32,19;154.25,302.25;293,111.25;317.75,306.25;60.25,13.75;158,301.5;305.25,306;347.75,152.75
20980;32,19;199,309.5;282.5,54;324.25,321;60.25,13.75;172.25,270.25;328,319.5;335.5,172.5
14731;60.75,58.5;122.75,291;308.5,102.25;365.5,254;60.25,13.75;172.25,270.25;281.75,261.5;283.5,118
639;104.5,16.25;122.75,291;266.25,94.75;363.5,231.25;103.25,40;176.25,315;281.75,261.5;298.25,88
27727;119.5,62.75;122.75,291;257.5,55.25;366.5,194;94.25,49.5;156.5,278.75;232,275;298.25,88
28990;119.5,62.75;122.75,291;257.5,55.25;309.25,208.25;99.25,35.25;141.5,303;268.75,235.5;270.5,93.25
30742;57.25,57.75;122.75,291;257.5,55.25;312.25,208.5;119.5,72;148.5,318.25;237,189;302.25,110
17407;57.25,57.75;122.75,291;257.5,55.25;356.75,228;69,56.5;176.25,304.75;228,159.5;308,79.75
6682;60.25,61.25;122.75,291;257.5,55.25;320.5,224.25;94.5,109;158.75,318.5;238.25,208;329.5,26
297;36.75,71;103,244;257.5,55.25;320.5,224.25;149.75,92.5;196,306.5;217.75,194.5;342,24.25
47307;15,41.75;113.5,231.25;254,17.75;320.5,224.25;149.75,92.5;155.75,286;243.75,160.75;342.25,46.25
21399;28,68;87.25,213.75;254,17.75;365.5,237.5;144.25,88.25;155.75,286;238,117;335.25,90.25
37530;30.75,70.25;87.25,213.75;272.75,25.5;356.75,288.5;119,41;190.5,241;240.25,133.5;335.25,90.25
41832;6.75,85.5;36,240.75;318.5,24.25;356.75,288.5;119,41;190,240.75;196.5,98.75;297.25,84
49734;6.75,85.5;36,240.75;331.25,31.5;341.75,248.5;151.25,52;190,240.75;214.5,154.75;309.75,91
9573;6.75,85.5;47.75,243;294.5,37.75;340.25,224;171.75,87.75;225.5,256;236.5,127;309.75,91
34063;6.75,85.5;47.75,243;294.5,37.75;363,195.25;121,73.75;229.5,256.75;250.25,130.5;354,53.25
9463;24,62.75;47.75,243;254,47;363,195.25;152.25,53;247.75,292;253.75,121.75;357.5,78.25
35495;12.5,58.5;40.5,260.75;223.75,43.25;363,195.25;139,52;248,293;300.25,137.5;357.5,78.25
38245;12.5,58.5;40.5,260.75;245.75,92.5;363,195.25;172.75,7.5;232.5,275;312.25,163.75;354.5,55.25
43123;18.75,126.75;38.5,256.75;212.5,53;336.25,197;229.25,7.5;232.5,275;252,133.75;354.5,55.25
45012;18.75,126.75;92,234.25;210.25,62.25;363.25,141.5;174,28;212.75,266;219.5,120.5;354.5,55.25
33536;40.75,95.75;92,234.25;195,105.75;363.25,142.75;161,52.75;161.25,230;219.5,120.5;355,62.75
44082;28.75,56;70.25,286.75;172,85.5;363.25,142.75;149,29.75;184,182;219.5,120.5;311.5,41.25
31232;30.5,41.75;53.5,279.75;150.25,124.25;331.75,150.25;149,56.5;194,182.5;219.5,120.5;311.5,41.25
39870;19.75,42.75;41,253;140.5,89.5;361,135;149,56.5;171,165.75;218,121;311.5,41.25
7542;19.75,42.75;41,253;165.5,134.5;361.25,122.75;96.25,51.75;144,203.25;220.25,119;305.25,18.75
9105;19.75,42.75;71.5,218.75;165.5,134.5;326.25,142.75;100.75,33.5;169.5,196.5;270.25,111.25;287.5,21.5
43536;21.75,79.25;81.25,176.5;107.5,109.5;326.25,142.75;100.75,33.5;169.5,196.5;314.5,159.5;341.5,17.5
39227;28.5,84.5;33.25,157.75;107,114;269,166;100.75,33.5;169.5,196.5;268.5,192.25;359.25,56.5
33704;0.25,85;56.25,209.75;107,114;224,191.25;90.25,65.25;123,162.75;263.75,193.25;359.25,56.5
6601;29.75,77.5;59.5,242.75;107,114;229.25,203.5;90.25,65.25;127.75,161;256.75,145.5;337.25,79.75
30616;7.75,85;59.5,242.75;90.75,86.25;211.75,226.75;48.25,52.5;145,154.75;286.75,105.5;337.25,79.75
45083;10.75,124.5;53.5,218.75;90.75,86.25;211.75,226.75;45.75,2;144.25,154;326.25,129.5;349.25,80
29899;40.75,106.75;53.5,218.75;63.25,85.5;226.25,170.75;37,62.25;144.25,154;318.75,159.5;346.75,79.5
29419;40.75,106.75;59.25,239.25;63.25,85.5;240.25,170.75;64.25,51.25;176.25,153;321,198.75;352.75,60.75
19336;40.75,106.75;86.5,280;87,85.5;252.75,207.25;89.75,67;152.25,117.75;275.75,208;352.75,60.75
13326;40.75,106.75;86.5,280;87.25,141.25;281.5,212.5;82,15.75;133.5,71.5;230.5,199;339.25,82.75
30738;54.5,75.25;60.25,295.5;84.75,86.25;334,216.25;83.25,19.5;153.25,87.5;230.5,199;339.25,82.75
1189;55,76.5;122,291;123.5,29.75;334,216.25;83.25,19.5;91.75,107.25;233,222;353.25,17
12733;86.5,113.75;151.75,301.25;184.75,21.5;314.75,263.5;83.25,19.5;94.25,88.75;233.5,222.25;353.25,17
19641;58.75,69;161.5,305;202.5,6.75;343.25,279.25;27.75,44.75;94.25,88.75;279.25,238.5;353.25,17
26832;86.75,71.75;162,304.75;202.5,6.75;343.25,279.25;72.25,40.5;123.25,60.5;315.5,205.75;331.5,8.25
25706;90.75,94;162,304.75;221.5,62.75;343.25,279.25;48,30.75;142.75,81.5;340.25,211.75;352.25,5.25
20416;44.75,51.75;209.25,259.5;209.5,52.5;352.25,306.5;48,30.75;164.5,30.75;300,198.5;352.25,5.25
18283;67.25,31.5;209.25,259.5;221.75,30.5;306.75,304.5;81.75,82;187,24;351,175;352.25,5.25
573;63.5,85.5;201,307.5;221.75,31;352.5,275;127.25,77.75;133.75,19.75;351,175;352.25,5.25
6921;63.5,85.5;183.25,259;221.25,30.75;355,273;102.25,108.75;148.75,11.5;311.25,203.5;352.25,5.25
43049;109.5,90;218,230.75;221.25,30.75;349,321.25;102.75,49.25;168.5,51.25;276,202.75;352.25,5.25
2560;110.75,53.75;161.25,219.25;221.25,30.75;353,317.75;102.75,49.25;204.75,106;261.25,257.75;304.5,17
46947;110.75,53.75;162.75,203.75;221.25,30.75;349,288.5;55.5,91.75;154.75,80;236,257;304.5,17
5163;112.75,15.75;162.75,203.75;221.25,30.75;316.25,242.25;19.5,119.75;172.5,108;181.5,274.25;304.5,17
10483;53,45.75;142,240.25;221.25,30.75;263,237.75;46,100.5;106.75,121.75;181.5,274.25;270,9.25
37254;27.75,42.25;180,260.25;221.25,30.75;265,180;21.25,112.75;126,72.25;210,272;270,9.25
17489;12.5,9.25;179.75,231;221.25,30.75;265,180;45.75,77.25;159.5,92.5;174,238.5;270,9.25
1183;14.25,8.75;140.75,224.5;264.5,12.25;286.25,164.25;72.75,119.75;159.5,92.5;166.75,221.5;270,9.25
32041;14.25,8.75;145.5,187.75;270.5,34;272.5,149.5;114.25,143.5;134,78;155.75,202.75;270,9.25
31350;3.5,63.25;135.75,126;271.5,17.5;329,150.75;76.5,191;142.5,50.5;155.75,202.75;270,9.25
9514;48.75,57.75;147.5,76.25;271.5,17.5;302.25,141.75;76.5,191;115.75,82;153.75,223.5;260.5,16.25
10213;31,67.5;158.5,109.5;271.5,17.5;292,155.5;76.5,191;115.25,82.75;135,176.5;239.25,10.5
6021;20.5,107.5;158.5,109.5;232.5,33.75;293,114.75;76.5,191;86.75,103.25;169,188.75;195.75,5.5
42810;20.5,107.5;170.75,164;193,7;293.5,126.5;38,176.5;113.5,82.5;151.5,225.5;195.75,5.5
30942;35,105.25;136.75,125.25;231.75,31;269,178.25;1.25,173.5;85.25,59;151.5,225.5;195.75,5.5
16878;3,110;161.5,162;246.75,47;299.25,186.25;1.25,173.5;82.5,55.75;162.5,260;195.75,5.5
48374;27,120.25;152,209;269,34;273.5,164.75;1.25,173.5;71.75,11.5;162.5,260;195.75,5.5
15155;2.75,113;147.25,183.75;292.25,36.5;301.25,141.75;1.25,173.5;71.75,11.5;189.75,256.5;208.25,59.5
44863;2.75,113;117.25,225.5;292.25,36.5;322.75,90.5;50,180.75;106,38;176.5,305.25;260.75,70.25
9049;47.75,107.25;117.25,225.5;270,2.75;312.75,64.75;35,177.5;125,74.75;192.25,257.5;260.75,70.25
7115;47.75,107.25;130.5,187.75;270,2.75;310.5,82.25;77.75,175.75;143,57.75;166.25,243;267.75,88.5
19972;47.75,107.25;130.5,187.75;265,55.25;310.5,82.25;38.5,188.5;151.5,4.75;160.75,272.75;297.25,91.25
5506;45.5,160.5;97.25,155.5;262,111.75;352.75,96.25;38.5,188.5;151.5,4.75;160.75,272.75;296.25,51.75
6062;32.5,119.25;90.75,142.25;227.75,69.25;352.75,96.25;93.5,191;136.75,55.75;183.5,273.25;296.25,51.75
47131;10.5,167;34.25,168.75;179.5,50;352.75,96.25;93.5,191;147,81;160.5,230.25;283.75,41.5
8215;56.75,193.5;90.25,156;136,66.75;352.75,96.25;84,189;88.25,100.25;146.75,270;283.75,41.5
26919;84.5,205.75;109.5,205.25;134.75,21;352.75,96.25;40.5,197.25;88.75,63.75;178,266.5;283.75,41.5
43680;67.25,153.75;109.5,205.25;116.75,36.25;339.25,48.5;11.75,231;119.75,20.75;178,266.5;283.75,41.5
21253;50.75,155.5;109.5,205.25;131,19.75;339,50.25;6,196;81.5,24.75;232.75,284.75;283.75,41.5
4775;30.25,134.5;107.25,164.75;181.5,21;351.5,8.25;6,196;82.75,12.25;232.75,284.75;283.75,41.5
10293;73.5,145.5;104,140.25;144.25,75.75;351.5,8.25;54,235.5;156,12.75;221.5,219.75;283.75,41.5
30269;73.5,145.5;104,140.25;144.25,75.75;328.25,29;89.25,198.25;141.75,29.25;175.25,196;313.5,38.5
29258;54.5,150.25;143.75,129.75;150.25,125.75;355.25,32.75;89.25,198.25;141.75,29.25;175.25,196;352,53.75
21550;93.5,92.75;185.25,91.5;185.75,110.75;341.5,81.25;81.5,253;141.75,29.25;186.25,251;352,53.75
18735;57.25,74.25;200.25,63.25;234.25,120.5;351.75,100.25;82.25,249.5;94,20;186.25,251;352,53.75
48265;19.5,107.5;179.25,112.75;205.75,77.25;351.75,100.25;90.25,234.25;150.75,29.25;227.75,258;352,53.75
18469;26,148;210.25,62.75;246.25,120;357.5,129.5;36.25,252.5;158.5,14.75;227.75,258;352,53.75
15717;71.5,166.25;224.75,45.75;276.75,132;357.5,129.5;36.25,252.5;156.5,16.75;257.5,235.75;322.75,22.75
26629;22.25,153.75;252.75,28;292.75,84.25;349.25,94.25;24.25,214.25;159,14.75;257.5,235.75;322.75,22.75
19058;22.25,153.75;224,81.5;299.5,37.75;351.75,102.75;24.25,214.25;160.75,50.5;258,220.5;337.75,79
34271;0.75,194.5;269,74;299.5,37.75;351.75,102.75;59.25,175.25;184.25,95.75;286,201.75;326.75,57.5
10231;10.25,141.25;269,74;299.5,37.75;351.75,102.75;61,175.75;122.25,107;300.75,153.75;305.75,87.25
46873;3.75,143.5;306.5,72.5;325.75,33.5;356,168.25;61,175.75;122.25,107;244,128.25;305.75,87.25
11900;65.75,159.75;306.75,71.5;354.75,33;356,168.25;92.25,189.5;94,103.75;244,128.25;344.5,62.5
22270;77.75,139.75;305,96.75;309.5,88.75;332.75,141.25;92.25,189.5;98.75,49.75;244,128.25;333.25,0.75
24193;78,146.5;278.25,137.75;291.25,105;343.5,178.25;92.25,189.5;125,94.25;260.5,176.5;333.25,0.75
37041;79,111.25;245.25,170.25;269.25,102.5;343.5,178.25;58.25,195.75;143.25,88.25;297.75,219.5;333.25,0.75
32014;119.5,138.5;263.25,137.75;289,136.25;295,146.25;40.75,251.75;88.25,67.25;297.75,219.5;333.25,0.75
25675;144.75,127.25;263.5,135.25;269.75,168.5;294.25,113.75;57.25,249;65.75,122;297.75,219.5;333.25,0.75
25790;172.75,116.5;241.75,127;263,179.5;303.25,80.5;57.25,249;64.75,107.5;259,204.25;333.25,0.75
21559;225.75,93.75;273.5,166.25;278,164.75;356,100.25;60.5,248;64.5,108.75;259,204.25;333.25,0.75
28278;225.75,93.75;273.5,166.25;278,164.75;356.25,123;19.25,270;27,124.5;232.75,213.25;310.5,43.5
15886;184,47;306,140.75;330.25,159.25;353,132.75;19.25,270;27,124.5;215.5,220.25;346,66.5
49622;184,47;268,179.5;272.25,165.75;290,165.5;82.25,268.25;99.75,140.25;182.5,275.75;346,66.5
32296;183.75,43.5;243,215.25;268.25,103.5;289.25,115.5;47.75,252;67.25,151;182.5,275.75;346,66.5
45373;215,9.5;259.75,244;263.25,66;313.5,80.75;17.75,203.25;44.5,112;182.5,275.75;346,66.5
3342;243.75,30.25;302.25,264;306,115;333.25,98;73.75,182.5;81,91;182.5,275.75;346,66.5
22007;250.25,67.5;317.75,242;330,151.5;355.5,130.25;72.75,204;85.25,100.25;182.5,275.75;346,66.5
2112;250.25,67.5;297,211;318.5,110.5;330,151.5;97,170.5;135,91.25;149.5,238.75;350.5,31.5
23489;217.25,63.75;265.5,178;314.5,137.25;318.5,110.5;162,185.75;167.25,114.75;185.5,248;350.5,31.5
49258;193.75,58.75;282.25,194.5;314.5,137.25;318.5,110.5;140.25,224.25;156.75,167.75;232.5,200.25;351,33.5
36286;140,76.5;273,169;314.5,137.25;315.5,112;140.25,224.25;177,149.25;286.5,185.25;336,62.5
13483;125.25,66.75;264.75,135.25;270,133.75;323.5,152.75;145,176.25;165.25,161.75;286.5,185.25;336,62.5
47217;125.25,66.75;263.25,112.75;264.75,135.25;323.5,152.75;125.5,125.25;189.5,106;302.75,241.25;316.25,82.75
49918;125.25,66.75;227.75,126.5;243.75,197;351,128.25;119.25,103.75;212,95.75;302.75,241.25;316.25,82.75
17054;87.5,58;212.25,162.75;222.5,185.5;365.5,168.25;119.25,103.75;212,95.75;256.25,225.5;316.25,82.75
36616;50.25,9;197.75,107;225.25,236.5;336.75,151.5;119.25,103.75;184.25,48.75;269.75,232.75;316.25,82.75
7771;12.5,45.25;204,73;261.75,270.25;332,136.5;70.5,120.5;184.25,48.75;269.75,232.75;316.25,82.75
49623;37,40.75;227.25,43.25;252.75,302.25;305.75,110.5;70.5,120.5;140.25,71.5;265.25,275;316.25,82.75
7359;58,97;261.5,32.25;302.75,322.25;321,135.25;70.5,120.5;140.25,71.5;261.75,306.5;316.25,82
32970;62.25,121.25;261.5,32.25;341.25,321.25;364,165.75;70.5,120.5;124.25,118;245.25,317.75;346.5,53.75
28917;62.5,120.5;246,83.25;320.25,315.5;364,165.75;56,129.5;163.25,88.25;245.25,317.75;328.5,7.25
15883;115.75,130.25;268.25,130.75;289.75,320.5;364,165.75;26.75,125.25;152,32;201,319.75;328.5,7.25
32638;62.25,112.5;268.25,130.75;286.25,322.5;362,228;19.5,156;99.75,35;201,316.75;328.5,7.25
30002;61.25,112.5;207,169;336.25,276.25;353,213.5;61.5,202;99.75,35;248.75,292.75;328.5,7.25
18331;73.75,88.5;194.25,113.75;292.75,309.5;312.25,245.75;28,189;99.75,35;249.25,288;328.5,7.25
40761;95.5,84.75;229,86.75;240.5,296.5;312.25,248;28,189;112.25,15;238.5,284.75;328.5,7.25
20794;86.5,107.25;187.75,88.25;240.5,296.5;289.75,249;13.25,171.75;174.5,2.75;279.5,227;328.5,7.25
38442;59,62.75;137,100.75;285,319.25;291.25,236.75;13.25,171.75;204.75,61.25;279.5,227;328.5,7.25
2290;26.5,31;138,160.25;285,319.25;307.75,264;18.25,110.25;205.25,61.25;279.5,227;358,57.75
18784;42,76;123.75,201.75;321.75,303.75;356.5,230.25;20.25,108.5;251.25,48;279.5,227;358,57.75
21279;5.75,93;123.75,201.75;322.25,307.25;356.5,230.25;27.75,118.25;260.75,118.5;266,246.25;337,3.25
6104;4.25,91.75;93.25,195;322.25,307.25;356.5,230.25;71,134.5;271.25,172.75;287,281.5;320.75,53.25
47861;42.5,124;53.75,157;260.75,322;363.75,289;61.75,95.25;271.25,172.75;287,281.5;354.75,16
18555;42.5,124;112.25,126;294.25,322.25;303.5,289.5;63,95.25;274.5,143.25;353.5,302.75;354.75,16
22801;42.5,124;121.75,81.75;299.5,322.5;328.5,252;63,97.75;249,168.25;343.75,277;354.75,16
50480;93.5,85.75;94.25,86.25;299.5,322.5;303,264.75;77.25,73;262.25,223.5;343.75,277;354.75,16
24458;93.25,79.75;94.25,86.25;291.5,320.75;298,321;25.25,109;240.5,174.5;340.25,279.25;354.75,16
24055;81.75,124.5;105,12.25;291.5,320.75;298,321;3,61.25;242.75,179;346.75,277.75;363,36
4208;117,180.75;127.5,29.75;291.5,320.75;324.25,258.25;51.75,7.5;206.5,150.5;343,204.5;363,36
11374;117,180.75;142,55.25;291.5,320.75;324.25,258.25;65.75,7.25;217.75,193;335.75,194.5;351.75,21.25
45628;125.5,124;142,55.25;304.5,302.25;324.25,258.25;18,8;248,244;298.75,202.25;349,20.75
25692;90.5,159.75;159.5,60.25;290.75,243.5;330.5,198.75;18,8;197.5,218;247.75,214;349,20.75
23686;113,166.25;206.5,69.25;327.5,206.25;358.75,230.25;18,8;217.75,248;234.25,258.25;349,20.75
35427;136,126;239.5,113;289,164;366.5,187;61.25,41.75;211.75,271.75;234.25,258.25;349,20.75
6371;191,138;202.75,71.25;313,151.5;366.5,187;61.25,41.75;197.5,320.25;221,271.25;349,20.75
32702;144.75,125.5;151.25,43.75;313,151.5;356,208;64.75,12.75;197.5,320.25;233.5,232.75;362.5,82
746;115,164.75;127.5,30.75;366,185.25;367,184.25;61.5,12.75;197.5,320.25;293,233;362.5,82
10639;87.75,172.25;127.5,30.75;366,185.25;367,184.25;20.25,29.5;253.25,315.5;280.25,270.5;355.5,77.5
10740;87.75,172.25;127.5,30.75;333.25,172.25;349,214.75;30.5,50.75;243.75,315;313.5,300.5;341.75,97.25
29208;99.5,191.25;150.25,31.25;287.5,164.75;372,150.75;2.5,70;243.75,315;313.5,300.5;340,159
22136;99.5,191.25;172,89.5;271,117;358.5,133.75;11.5,31.5;242.75,308.75;319.75,301.75;340,159
48244;149.75,160.25;175.75,113.75;325.5,92.75;360.5,121.5;11.5,31.5;220,315.25;319.75,301.75;340,159
30033;134.5,129.25;161.25,124.25;315,129;336.75,149.5;11.5,31.5;170.5,299.25;319.75,301.75;340,159
9858;160,108.5;160.75,108.25;287.75,164.75;357.75,217;10.75,32.75;170.5,299.25;319.75,301.75;361.5,230
42442;160,108.5;186.5,50;278,230.5;357.75,217;48,22.75;145.25,246.5;257.25,290.5;361.5,230
17545;104.5,84;192,37.75;272.5,229.75;357.75,217;48,22.75;97.75,281.5;211,285;329,275
13803;85.5,58.5;216.5,44.25;244,188.25;357.75,217;91.5,32.5;97.75,319;211,285;329.75,275.75
22215;116.5,55;216.5,44.25;244.5,188.25;357.75,217;98.5,12.25;106,281.75;223.5,275.5;297.25,303.25
109;116.5,55;185.25,60;244.5,188.25;357.75,217;147,43.5;160.25,288.75;199.5,243.75;313.25,311.5
12870;115.75,56;184.25,92.5;259,134.75;314.75,257;147,43.5;164,240;198,308.25;313.25,311.5
346;79.75,28;221.25,92;284.5,104.25;288.25,232.25;147,43.5;164,240;178,288;354.5,276.75
38809;80.5,27.25;221.25,92;285,71.75;288.25,232.25;122,39.25;194.75,277;198.5,319.75;320,287.75
35403;76.25,23.75;172.5,90.5;297.25,73.25;297.75,211.5;122,39.25;144.75,257;198.5,319.75;320,287.75
15015;77,23.75;172.5,90.5;340,35.25;350,230.5;122,39.25;149.25,221.75;175.5,300.75;311.25,237.5
9155;76,58.75;166.75,92;310.75,24.25;350,230.5;120,71.75;152.75,184.75;175.5,300.75;346.25,276.75
17123;42.5,66.75;183.75,81.5;310.75,24.25;344.5,199.25;120,71.75;153.5,162.75;184.75,286.75;326.75,309.5
18838;36.5,25.5;183.75,81.5;310.75,24.25;344.5,199.25;126.25,104.75;185,177.25;234.5,273.5;341.75,277.5
35296;12.25,4.25;201,47.25;330.25,47;330.25,187.25;79.75,119.25;185,177.25;234.5,273.5;328,309.5
15476;12.25,4.25;146,31.25;302,53.75;330.25,187.25;55,97.5;186.75,226.75;218,313.75;319.75,309.25
11120;17.75,33;77.5,7.25;285,55.75;330.5,151.5;55,97.5;186.75,226.75;218,313.25;279.75,266.75
20990;15,60;54,6.25;289.75,74;303.25,137.75;55,97.5;167.5,241;218,313.25;255.5,268.75
25277;12.25,29.25;41.5,61.75;232,82.5;303.25,137.75;103.75,120.25;182,196.5;218,313.25;232.5,256.5
3490;12.25,29.25;41.5,61.75;223.75,57.25;303.25,137.75;133,97.75;186.5,176;220,271.5;263.25,257.25
47135;12.25,29.25;41.5,61.75;204.5,11.25;267.25,122.75;133,97.75;212.75,141.75;227,207.75;275.75,228.5
37684;12.25,29.25;41.5,61.75;227.75,21.5;275,105.5;155.75,48;162.25,166;203,173.75;277,273.75
40561;12.25,29.25;41.5,61.75;227.75,21.5;290,98.25;186.25,99.25;186.25,130.5;217.75,184;271.75,286.5
48590;4.75,22.75;32.5,38.25;227.75,21.5;333.75,113;208.75,61.5;217.75,184;242.5,132.25;271.75,286.5
43308;10.25,9.25;32.5,38.25;245.25,45.5;303.5,91.75;172.75,38;209.25,173;242.5,132.25;274.5,269.5
13002;10.25,9.25;32.5,38.25;203.25,53.75;256.5,60.25;195.5,5.25;202.75,177.5;250.75,132.25;314.75,310.25
49366;55.75,56.25;58.25,8;223.5,41;264.25,97.75;189,0.75;202.75,177.5;250.75,132.25;314.75,310.25
12849;17.25,98.75;58.25,8;223.5,41;264.25,97.75;151,31;156.5,159.25;199.25,87.25;320.75,310.25
35626;35.75,97.75;58.25,8;220,16;240.25,44;151,31;185,95.75;213,105.75;312.5,253.5
7050;35.75,97.75;58.25,8;164.5,33;240.25,44;116.25,51.75;231.25,131.75;251,132.25;352.25,309.25
30076;35.75,98.25;64.5,5.25;134.75,49.75;293.5,56.25;70,57.25;222.5,131.5;251,132.25;352.25,309.25
26470;35.75,98.25;64.25,9;79.25,38.25;293.5,56.25;65.25,97.75;254,173.5;266.5,89.25;323,311
8266;32.5,110;64.25,9;101,86.75;269.25,30.5;108.75,53;254,173.5;302,86.75;323.5,312.5
45214;58.75,166.5;64.25,9;161.5,100.75;272.5,0.5;93.5,20;254,173.5;271.25,70;318.25,313.75
17078;23.5,118.75;126.25,24.75;153.5,35;247.25,42.75;93.5,20;242.5,213.5;271.25,70;318.25,313.75
16708;23.5,118.75;175.25,59;190,50.5;223.25,54.75;75,3.5;203,174.5;265,103.25;318.25,313.75
23574;73.75,85;118,36;190,50.5;285.5,54.25;22,28;239.5,175.75;295,115;318.25,313.75
27826;80.75,64.75;135.5,64;206.5,77.5;327.5,30.5;22,28;230,149.5;295,115;318.25,313.75
8994;97,58.75;177.5,85.75;252.75,41.25;344,4.75;18.75,29.25;230,149.5;292.25,84.5;318.25,313.75
33945;128.25,34;146.75,27.5;291,56;339.25,9.25;32,89.75;210.5,120.5;292.25,84.5;318.25,313.75
30732;120.25,70.5;125,31.25;271.5,18.25;366.75,23;32,89.75;182,107;292.25,84.5;318.25,313.75
46369;120.25,70.5;125,31.25;279,63.5;366.75,23;26.5,41.5;155.25,101.75;272.75,59.25;355,276.75
18513;111.25,15.75;120.25,70.5;266.75,106.75;366.25,23.25;10.5,95.5;163.5,69.25;226.25,89.25;355,276.75
29764;76.75,27.75;105.5,18.75;289.75,113.75;371,73.75;10.5,95.5;152.25,65.75;218.25,73.25;355,276.75
43614;75,28.25;103.75,32.5;347.75,133.75;371,73.75;20.75,120.25;118.75,21;206.25,86.25;355,276.75
48538;95,27;127.5,3.25;355,103.25;371.5,50.5;20.75,120.25;74,34.25;230.75,131.5;355,276.75
35156;74.25,85.5;108.5,45.5;326.5,121;329.5,93.25;20.75,120.25;75.25,12.5;261,168.25;355,276.75
1146;34,59;79.5,36.25;293.5,74.25;330,151.75;20.75,120.25;78.5,16.25;261,168.25;340.25,215.25
17082;28.75,67.25;79.5,36.25;293.5,74.25;363.5,141.25;46.75,132;112.25,41.5;234.25,158.5;349.5,175.75
24687;44.25,32.5;70.75,58.25;309,112.25;327.5,104.5;46.75,132;142.25,51.75;234.25,158.5;336.75,163
25079;65,7;88.5,107.75;326,116.25;341.5,74;57.75,93.75;175,3;234.25,158.5;336.75,163
29074;55.75,61.75;105,112.5;326,116.25;344.75,71.5;57.75,93.75;144,51;240,175.75;354.75,211
1096;58,60.75;138.75,129.25;356,127;357.25,32;57.75,93.75;156,100.5;225.25,188.75;354.75,211
45725;91.5,19;151.5,124.5;349.75,94.25;357.25,32;69,51.25;141.5,89;171,184.75;354.75,211
629;91.75,19.5;151.5,124.5;341.75,50;362.25,39.5;69,51.25;144.25,135.5;151.75,145.25;360.5,166.5
37973;146.5,33.5;152.25,90.75;303,73.5;335.75,19.75;40,76.5;144.25,135.5;151.75,145.25;320.25,143.75
44857;174,37.5;193,38.75;303,73.5;335.75,19.75;87.75,67;168.5,185.75;183.75,163.5;320.25,143.75
40815;174,37.5;211.75,56.25;275.75,103;335.75,19.75;83,25.5;189,164.25;195.5,175.25;313.5,160.25
49213;167.5,22;253.75,79;301.75,137.25;357.25,37.5;83,25.5;189,164.25;195.5,175.25;297.25,207.5
29635;167.5,22;253.75,79;301.75,137.25;332.75,10;96.75,65.75;194.75,218;211.75,160;305.75,243.5
39813;151,30.25;202.75,61.75;316.25,125;353.5,8.75;96.75,65.75;197.5,213.5;211.75,160;303.25,281
31974;143,9.25;196,93;316.25,125;320.75,38;96.75,65.75;197.5,215.5;228.5,151;316.25,236.5
34838;92,19;196,93;309.5,139.75;320.75,38;70.75,57.75;195.75,176.5;235.25,201;316.25,181.25
15631;43.75,9.5;196,93;309.5,139.75;320.75,38;103.25,55.25;217,135.25;225.5,193.25;356.75,163.5
15907;44.5,11.25;238.75,98.25;268.25,132;318,75.25;127.25,18.75;217,135.25;225.5,193.25;340.5,180
6115;11.25,3.75;273.25,111.75;273.5,92.25;332,31;127.25,18.75;198,85.5;225.5,193.25;359,156
17225;11.25,3.75;229.5,170.25;293,115.25;344.25,7.5;127.25,18.75;151,89.25;274.25,180;334.25,134
25990;11.25,3.75;229.5,170.25;293,115.25;308.5,52;94.25,21;105.75,116.25;272.75,130.5;356.25,147.75
38546;11.25,3.75;268.5,178.5;284.75,57.5;300.5,113.5;46.5,8.5;105.75,116.25;287,139;328,123.5
33537;62.25,36.25;268.5,178.5;277.5,35;294,131.75;5.5,34;145.25,89.5;279,88.25;328,123.5
28132;44,42.75;307,154.75;314.75,4.75;315.25,120;5.5,34;145.25,89.5;256,53.75;328,123.5
27887;67.25,88.5;278.25,168.25;313.5,4.5;315.5,113;5.5,34;98.5,109.25;256,53.75;352,151.5
35836;73.5,133.25;278.25,168.25;313.5,4.5;315.5,113;18,18;51.75,128;275.5,24.25;304.5,197.75
28855;89.75,159.5;256.5,134.75;313.5,4.5;341.25,133.75;18,18;71,127.5;245.75,71.5;320,217.75
39725;117.5,178.75;252.25,134.25;300.75,53.75;341.25,133.75;18,18;51.5,134.5;253.75,47.25;334.75,207.25
28798;156.25,224.25;264,93;329.75,8;358,130.75;18,18;51.5,134.5;283,21.25;357,174.5
35938;214.25,227.75;232.5,105.25;330.25,6.5;358,130.75;31.25,28;51.5,134.5;319.5,40;334.75,149.5
11947;214.25,227.75;234.75,147.5;349,29;358,130.75;46.25,78.5;56.5,73;354.5,48.5;358.75,184.25
11451;214.25,227.75;268.5,94.5;349,29;358,130.75;4.75,23.5;19.5,68.75;353.25,62.5;359.75,211.75
7230;192.75,276.25;209,63;279.5,35;291.25,147.5;4.75,23.5;26.5,80.75;353.25,62.5;359.75,211.75
12649;210,309.75;212,132.25;304,100.25;341.75,133.75;39.25,44.25;54.75,68;353.25,62.5;359.75,211.75
3282;183,260.75;198.25,69.25;271.5,55.5;352.5,172.5;73.75,40.25;107.75,59;353.25,62.5;359.75,211.75
24606;183,260.75;211.75,53;246.25,18;293,161;89.75,67.5;105.5,15.5;299.75,35.75;359.75,211.75
21986;153.5,260.5;211.75,53;246.25,18;293,161;102,109.75;116,4.25;295.25,83.5;351.5,150.5
25880;155,236.75;196.25,85.5;246.25,18;292,155.5;96.5,136.75;116,4.25;275.75,134.25;344,143.75
40914;155,236.75;190.5,38.75;216.75,33.25;290.75,167.25;46,138.5;159.75,12.5;275.75,134.25;322,181.25
39016;155,236.75;169.25,18.25;221.5,37.25;266.25,200.75;46.75,138;153.25,5.75;275.75,134.25;289.75,187.25
50308;137.75,286.75;169.25,18.25;199,56.5;266.25,200.75;32.25,76.25;124.25,23.25;251.25,133.25;281.25,187.5
4762;165.25,246;182,41;225.75,22.75;248.5,218.75;60.75,35.5;124.25,23.25;251.25,133.25;327,162
32436;131.75,238.75;197.5,83.75;232,51.5;248.5,218.75;60.75,35.5;129.5,79;255.25,177;284,141.5
35382;80.75,273.5;197.5,83.75;232,51.5;248.5,218.75;64,95.5;121.25,104.25;277.25,134.25;313,196.5
38324;80.75,273.5;178,38.5;260,19.5;260,180.5;47.5,75.75;107.5,135.75;277.25,134.25;288,218.5
938;73.25,280.5;176.75,41;260,19.5;260,180.5;17.75,56.5;56.25,111.75;255,175.75;261.5,240.25
1432;119.25,274;127.75,34;260,19.5;277,130.5;21,35;28,91.75;217.75,224.25;255,175.75
16810;139.75,239.25;172.25,88;246,22.5;299.25,167.25;10.75,59.5;28,91.75;188.5,174.25;255,175.75
33283;139.75,239.25;172.25,88;273.5,70.5;299.25,167.25;15.25,18.25;68.75,86.25;170.5,161.25;211,189
5109;167.75,222.75;172.25,88;273.5,70.5;299.25,167.25;8.5,33;44.75,108.25;175.5,155.5;182,162.5
45298;167.75,222.75;172.25,88;291.5,126;308.75,166.5;8.5,33;46.25,165.5;128,131.75;166.5,226.5
42176;135.25,223.75;172.25,88;230,136.25;265,178.25;19,42;51,143;128,131.75;210,257.5
15231;172,196.75;184.25,113.75;261,179.25;278,194.25;19,42;51,143;154.25,87.75;242.5,237.5
37104;212.75,218.75;213.25,94.25;255.75,195.5;263.25,146;13,57.75;50,162.5;154.25,87.75;242.5,237.5
44789;157.25,227.75;210.5,71.5;222.75,217.75;295.75,167.5;15.25,24.25;55.25,113.5;154.25,87.75;242.5,237.5
29839;165.5,280.5;210.5,71.5;227,191.25;270.25,166.75;20.5,30;64,72.5;154.25,87.75;226.25,191.25
24626;116.25,282.5;177.25,63;242,193;261,157.25;17.75,30.5;90.75,66.25;154.25,87.75;226.25,191.25
47715;65.75,293.25;144.25,77.75;242,193;292,116;27.75,68.75;90.75,66.25;170.75,89;274.75,212.5
43194;40,275.25;153.75,127.5;197.5,169;241.75,119;12.75,39.5;90.75,66.25;170.75,89;274.75,212.5
15547;65.5,295.5;140.25,150.25;232.25,155.25;249.5,163.25;12,39.25;89.25,72;170.75,89;274.75,212.5
14543;71.5,317.75;158.75,124.25;225.25,208.25;269,169.25;12,39.25;89.25,72;170.75,89;268.75,252.25
38413;62.25,267.5;105,138.25;262,220;269,169.25;17.5,3.75;75.25,25.25;170.75,89;269.75,254.5
18152;64,311.75;91,159.25;260.75,223.25;269,169.25;17.5,3.75;123,8.25;199.75,65.25;221.75,283.25
50586;21,283.25;100.25,161.25;282.25,277;294,134.25;37.25,33.25;123,8.25;199.75,65.25;223,274.25
17326;41,241.5;105.75,169.75;254.5,292.25;271.75,149.75;37.25,33.25;122.5,8.5;188.25,27.25;223,274.25
20478;27.5,231;105.75,169.75;254.5,292.25;271.75,149.75;74.5,25.75;160.25,50;187.5,37.75;211.75,290.75
3645;2.5,198;88,115.75;220.5,310.75;271.75,149.75;100.75,38.75;111.25,57.5;187.5,37.75;255.5,288.25
29131;44.75,206.25;88,115.75;223,313.75;255.75,154.25;100.75,38.75;148,76.5;151.5,7.75;265.75,322.25
19954;30.5,171;78,146.5;189,267.75;255.75,154.25;48.25,40.75;148,76.5;163.25,14.75;241.5,293.25
34102;30.5,171;78,146.5;209,236;239,161.25;18.5,40.25;159.75,88.75;171,49;273.5,293.25
28878;31.25,128.25;78,146.5;209,236;239.75,161.75;44.75,40.75;116.5,112.75;182.75,37.75;290.75,281
9258;31.25,128.25;78,146.5;218,202.5;269.5,133.25;83.5,16;122,158.25;141,12.25;311,269.75
36313;1,101.75;54.25,157;218,202.5;307.5,115.5;59.25,14.25;122,158.25;154.25,12.5;309.75,268.5
45705;8.75,143.75;54.25,157;236.5,171.25;362.75,123.25;36.5,56.5;122,158.25;154.25,12.5;331.75,314.5
12137;4.75,113;23.75,170.25;230.25,113;362.75,123.25;37.5,57.25;56.5,176.75;150.25,30.75;331.75,314.5
3235;8,141.25;45.75,123;215,63.75;362.75,123.25;13.25,72;32.75,217;150.25,30.75;331.75,322
26596;0.75,188.25;77.25,117.25;256.25,36;332.5,85.5;9.5,102.5;32.75,217;150.25,30.75;355.75,262.75
30531;0.75,188.25;67.25,67.25;273.25,51;299.5,113.5;2,136;28.25,239.75;150.25,30.75;354.5,259.5
15099;17,176;70.75,17;268,59.5;286.5,72;26.5,114;35.25,254;150.25,30.75;354.5,259.5
27158;57.5,210.25;59,9.25;295.5,88.5;302.25,136.25;34.25,86.75;35.25,254;150.25,30.75;352.5,298.75
1277;52,216.5;53.75,56.75;275,134.75;286,169;34.25,86.75;92.5,247.25;141.75,31.25;352.5,298.75
42347;35.5,242;41.5,111;274.5,181;292.5,208.5;36,88.5;91.75,247.25;141.75,31.25;352.5,298.75
1843;35.75,217;61.5,157.75;248.75,160.75;310.5,241.75;85.25,57.25;91.75,247.25;110.5,80.25;352.5,298.75
2157;24,190.75;66,87.5;248.75,160.75;333.5,283.75;119.5,72.5;141,243.75;163.5,48.5;352.5,298.75
40936;57.5,157.5;66,87.5;247.75,161.5;343.5,300.25;119.5,40.25;124.5,198.25;163.5,48.5;346,291
6127;3.25,182.25;73.25,49.25;304.25,156.25;308.75,318.25;119.75,104.5;124.5,198.25;163.5,48.5;310.5,299.25
48437;19.5,176.5;139,61.75;281.25,125.25;308.75,318.25;148,43;172.75,165.75;203.5,98.25;310.5,299.25
28605;2,201.5;130.25,29.5;280,125.5;285.5,317.75;92.25,63.5;172.75,165.75;203.5,98.25;319.75,312
30218;20.5,242;150.5,34;258.5,134.25;266.75,322.5;74.25,56;172.75,165.75;203.5,98.25;319.75,312
8470;2.5,272.5;174.75,59.5;258.5,134.25;264.5,316.75;52.5,75.75;172.75,165.75;254.5,76;337.25,311.25
16101;2.5,272.5;165.5,91.75;208.75,132;264.5,316.75;11,58.5;144,159.5;285.5,42.75;340.5,289
32934;22.75,306;206,92.5;207,169;264.5,316.75;61.75,68.5;145.5,161;334,66.5;340.5,289
4186;41,269.75;224,85.75;228,184.5;260.25,306;120.5,72.25;145.5,161;334,66.5;340.5,289
20234;41,269.75;168.25,97.75;193,155.25;277.5,248.75;110.25,23.25;146.75,114;334,66.5;353.75,279
4207;2,279;143.25,129.25;154,157.75;310.25,264;110.25,23.25;147.5,116.5;334,66.5;353.5,268.25
29389;33,241.5;130.25,167.5;161.5,128;321.25,303.75;102.25,41;122.5,162.25;334,66.5;353.5,268.25
5174;27.75,227.5;110.25,166.75;141.25,137;293.25,322.75;80,44.5;122.5,162.25;334,66.5;338.75,274.25
2725;27.75,227.5;54.5,152.25;137.25,128.5;293.25,322.75;78.75,46.25;86.5,190;330.75,33.75;355.25,286.75
19970;65,217.5;71.75,97.5;73.5,142.25;293.25,322.75;74.75,24.25;86.5,190;331.5,33;335.25,312
9506;59.5,218.25;75,57.75;107.25,122.75;293.25,322.75;71.75,57.25;80.75,134.25;291,2.5;335.25,312
18584;29.75,166.75;68.25,124.25;115.25,58;293.25,322.75;15.25,68.5;85,168.25;299.5,51.5;335.25,312
4218;12.5,175;112.25,113;170.75,85.75;309,321.25;8.75,3;42.25,178.25;299.5,51.5;335.25,312
16989;12.5,175;138,125.5;139,63;277.75,290.75;8.75,3;41.5,178.5;311.25,12.75;321.5,288
31946;56.5,147.75;92.5,182.25;161.5,59.25;278,287.25;43.25,2.75;49.75,132;311.25,12.75;321.5,288
2831;57.25,145.5;86,176;205.5,47.25;313.25,259.75;49.75,30.5;49.75,132;297.5,57.25;321.5,288
26124;91.75,142.75;97,158.75;225.25,78.25;294.5,303.5;49.75,30.5;49.75,132;271.5,12.25;321.5,288
3350;91.75,142.75;96.75,157.5;220.25,86;353.5,321;26.25,70.75;107,153.25;278.5,10.75;321.5,288
29587;82,127.75;130.25,190;178.5,46.75;307.25,322.25;38.25,109;107,153.25;278.5,10.75;312,310.25
34648;52,176.5;84.75,206;165,112.75;307.25,322.25;48.75,173.25;84,169;278.5,10.75;359,276.5
7593;33,138.25;70.5,165.25;165,112.75;302.75,319;32.25,133.25;125.25,199;312.25,31;359,276.5
4716;27.25,122.75;70.5,165.25;165,112.75;302.75,319;15,172.5;147.5,143.75;309.75,15;359.25,279.5
20462;33.5,134.25;91,120;152.5,156.5;283.5,321.75;18,173.75;102.75,126.75;309.75,15;359.25,279.5
586;34.25,91.5;109,90.5;134.25,183.25;235.5,287.25;8.25,203;126,173.75;309.75,15;359.25,279.5
17650;26.75,148.25;63.75,121.25;134.25,183.25;241,273.75;35.5,231.25;124.25,176.25;309.75,15;354,291.25
7752;67.75,181.5;69.25,117.5;138.5,222.75;241.75,274.25;35.5,231.25;110.75,137.25;295.75,62.5;354,291.25
13592;67.75,181.5;85.5,113.75;175.5,236.25;217.25,259;57.5,180.25;117.5,198;295.75,62.5;355,283.5
15648;67.75,181.5;85,113.25;200,265.25;264.5,244.75;21,158.5;78.75,167.25;342,62.25;355,283.5
26568;67.75,181.5;85,113.25;244.5,267.25;317.75,262.5;19.5,202.75;33.5,143.5;335,2.25;359,277
45812;67.75,181.5;147,127.25;185.75,290.75;266,244.75;5.5,239.25;33.5,143.5;329.25,52.25;339.25,294
1484;109.25,238;131.25,171.75;154.75,280.25;224.25,199;4.75,231.5;37.25,146.5;329.25,52.25;339.25,294
28105;90.75,206.5;126.75,180.75;133,238.5;226.75,206.75;3,230.5;80.25,173.75;329.25,52.25;339.25,294
28019;87.75,227.5;116.5,229.5;120,273;226.75,206.75;38,192;77.5,119.25;307.75,90.75;339.25,294
25941;89.5,243.5;100.75,236.75;145.5,227;286.5,230;38,192;77.5,119.25;264,78.5;343,289.25
40279;50,215.5;97,191.5;117.75,252.75;345.5,252;4.75,171.5;77.5,119.25;264,78.5;343,289.25
10128;3,232;48.5,189;145.25,223.25;351.75,288;4.75,171.5;90.5,170.75;264,78.5;324.25,265
2021;1.5,220.25;67.75,166;143,266.75;363.75,253.25;4.75,171.5;99.5,162.75;208.5,92;324.25,265
2421;1.5,220.25;29.5,138.25;103.25,231.5;362.75,251.25;4.75,171.5;124.5,198.75;184.75,41.5;352,306.25
36310;1.5,220.25;20,84.5;103.25,231.5;362.75,251.25;22.25,122.75;103.5,153.75;158.5,92.25;339.75,311
17760;30.75,183.5;44,48.25;144.5,228.25;345.25,273.25;46,80.25;103.5,153.75;158.5,92.25;339.75,311
6740;14.5,160.5;84,91.75;125.5,269.75;330.25,248.25;46,80.25;47,159.5;202.25,108;339.75,311
33793;9.75,145.25;122.25,48.75;153.75,261.25;365.5,267;37.75,88.75;47,159.5;202.25,108;339.75,311
6622;25.25,111;115.25,21.5;151.75,286;322,264.75;37,89.75;46.25,159.5;202.25,108;339.75,311
28494;14,84.5;84,30.25;151.75,286;301.25,288;38,89.25;46.25,159.5;146.5,80.5;355.5,296.75
49070;11.5,32.25;110.25,22;117.25,275.25;355.5,289.5;35.5,136.75;74.25,138.25;146.5,80.5;355.5,296.75
19274;3,6.75;148.25,4.5;157.5,266.75;320.75,318.5;35.5,136.75;56,129.5;151.25,46.75;355.5,296.75
15327;53.5,12;114.75,20.5;158.5,243.75;328.75,270.25;35.5,136.75;66.5,108.25;151.25,46.75;355.5,296.75
35958;22.25,41.75;114.75,20.5;162.75,203.25;315.5,211.75;26,154.75;106.25,137.5;148.25,68.75;355.5,296.75
38404;51,48.25;82.75,39.25;168.25,186.5;281.75,260.5;26,154.75;164.5,165.75;202.75,69.5;355.5,296.75
921;68.25,75.25;72.75,34.25;218.25,218;274.25,275.75;25.25,108;164.5,165.75;202.25,67.5;355.5,296.75
36898;72.75,34.25;88.25,90.25;204.25,167.5;291.25,319;25.25,108;154.5,116.25;231.5,121;340.5,287
2955;85.25,66.5;88.25,147.75;224.25,199;306.75,301;4.75,139.25;109.75,150.25;231.5,121;340.5,287
38908;77.75,21;88.25,147.75;224.25,199;313,246.5;47.75,164.75;150.5,150.25;203,145.75;301.25,242
9125;77.75,21;100.25,162.25;240.25,200.25;354.75,273;47.75,164.75;175.75,178;231.75,121.75;344.25,221.75
25722;106.25,7;110.75,167.75;281,183.5;349.5,308.75;48,164.75;175.75,178;187.75,98;344.25,221.75
40907;80.5,24.25;122,141.5;291,164.75;353.25,321;48,164.75;175.75,178;187.75,98;324.75,276.5
23615;64.25,58.75;157.5,158.5;296.25,106.5;358.5,313;20.25,217.5;175.75,178;204,45.75;324.75,276.5
20632;73.25,21.25;163.75,164;287,55.5;346.75,267;9.5,172.75;144.5,169.25;204,45.75;324.75,276.5
18529;52.25,75.75;215.5,161.25;287,55.5;334.25,312.75;15.25,206.75;144.5,169.25;238.25,7.25;274.5,270.5
26861;73.5,120.75;177.75,172.5;264,17.5;286.5,319.5;15.25,206.75;123,130.25;238.25,7.25;279.25,306.25
6565;107,111;225,127.5;300.5,13.5;311.75,311.5;15.25,206.75;148.25,176.5;211.25,55.5;279.25,306.25
45369;69.75,154.25;269,106;277.25,17.5;341,267.25;15.25,206.75;147.75,176.75;184.75,41;279.25,306.25
7146;94.5,178.25;268.5,105;286.75,57.5;354.75,275.25;50.75,223.25;147.75,176.75;181.25,39.75;279.25,306.25
50152;94.5,178.25;272.25,71.25;295.25,57.25;344.75,225;82.25,268.25;147.25,177.5;181.25,39.75;277.75,306
30611;118.75,200.25;295.75,56.5;315,86.25;344.75,225;92.25,319.5;143.5,149.5;181.25,39.75;329.75,321
33260;126.5,204.5;295.75,56.5;313,86.25;344.75,225;61.75,296.5;111.75,105;175,11.75;329.5,310.5
5415;166.25,181;307.75,52.25;315.5,151;342.5,198.75;61.75,296.5;73.5,112.75;175,11.75;266.25,318.75
30583;160.75,227.25;264.75,11.25;273.25,151.75;357,177.25;25.75,264.5;37.5,141.5;175,11.75;266.25,318.75
47354;116.75,254.75;208.25,21.5;227.75,178.75;357,177.25;25.75,264.5;31.75,136.75;152.75,12;218,314.25
41205;116.75,254.75;156.5,28;168,162.75;356.75,159.75;25.75,266;54.25,175.25;163.5,51.5;218,314.25
22657;101.25,226.5;168,5;168,162.75;354,155.5;38.5,221;59.5,175.75;185.5,96;218,314.25
5105;82,273.75;155.25,54.5;206,199.5;354,155.5;58.25,172.25;70.5,210.5;175,117;218,314.25
38609;82.75,273;113,48.75;206,199.5;360,130.5;32.75,197.75;112.25,225.5;175,117;197.5,308
37764;43.75,240.75;116.5,104;206,199.5;305.75,120.5;71,162.75;112.25,225.5;179.25,103.5;190.75,256.75
37003;43.25,240.25;129.5,55.75;186.75,156.25;307,99.75;71,162.75;112.25,225.5;187.5,102;190.75,256.75
24853;54.5,209.25;112.5,33.75;139,147.5;332.75,91.5;71,162.75;112.25,225.5;167.75,61;211.25,277
15754;47.5,228;112.5,33.75;122,144.5;278.25,74.5;71,162.75;113.75,274.75;123.25,23.25;237.5,300.25
47679;63,254.5;105,47;169.25,161.5;266,92.5;89,116.5;113.75,274.75;142.5,55.75;237.5,300.25
1508;66.75,281.25;131,20.25;157,158.5;295.5,92.25;89,116.5;138.5,266;143.5,51.5;237.5,300.25
24488;15.5,309;131,20.25;138.5,129.25;290,96.75;89,116.5;104,276.75;122,74.5;211.25,275
44075;15.5,309;128.75,19.75;138.5,129.25;309.25,52.75;39.5,112;52,298.5;69.75,86.25;219.25,246
28744;19.75,308;66,36.75;114.25,120.25;303.25,52.5;33.25,123;52,298.5;76.25,21.5;219.25,246
15061;31,266.75;66.25,36.25;114.25,120.25;369,70.25;7,70.75;52,298.5;75.25,11;198,226.75
38651;32,238.5;53.25,97.25;88.5,119;357,137;7,70.75;52,298.5;111.5,9.75;198.5,226.25
28296;18.25,241;49.5,97.25;88.5,119;361.25,175.5;41.25,105.25;52,298.5;96.75,39.25;194.25,183.75
4309;26.5,298.5;49.5,96.75;83,134;364,172.5;41.25,105.25;52,298.5;83.5,49.25;189.5,189.25
24557;34.25,240.5;63.5,28.75;69.5,170.75;325.75,162.25;41.25,105.25;52,298.5;99.5,35;240.75,240.25
47833;33.75,241.25;63.5,29.25;69.5,170.75;334.25,119;19.75,125.25;52,298.5;151.75,46.75;263.75,271.75
9757;7.75,270.75;63.5,29.25;85,207.25;273,149;10.25,57;93.5,300.5;161,49;263.75,271.75
1722;7.5,306.5;40.5,67.75;85,207.25;270,180;10.25,58;93.5,300.5;117.25,54;226.5,272.25
30411;7.5,306.5;40.5,67.75;117.75,257.25;270,180;24.25,29.5;126.5,263.75;171.5,9.75;196.5,215.5
41494;23.25,241.5;95,103.25;117.75,257.25;270,180;45,23.5;142.25,201.75;201,21.5;209.25,174.75
11961;33.75,242;141.5,108.25;157.5,266.25;299,211;45,23.5;142.25,201.75;233,3.25;261,168.25
30415;79,241.5;144.75,56;184.25,272.25;331.25,235.5;45,23.5;148.75,249.75;233,3.25;272,181
41209;112,200.25;151.25,46;212.5,302.75;331.75,197;45,23.5;148.75,249.75;233,3.25;317.75,197.25
45824;112,200.25;152,46.25;198.25,318.75;306,211.75;45,23.5;120,224.25;177.25,11;281.25,185.25
956;112,200.25;167.5,50.75;211.5,319.5;313,201;91.75,47.25;120,224.25;151,31.5;310.5,159.75
7012;84.25,184.25;161.25,6.25;254.25,293.5;368,196.25;91.75,47.25;147.25,188.75;151,31.5;336.75,207.25
43734;84.25,184.25;210.75,40.5;269,267.5;332.25,191.5;108.5,11.25;145.25,188;191,0.75;336.75,207.25
27387;136.25,183.25;210,63;256.25,248.5;332.25,191.5;89,53.5;157.25,244;191,0.75;287.5,218.25
397;99.25,188.25;182,90.75;250.5,271;363.25,210.25;103.75,10.75;157.5,244.75;191,0.75;287.5,218.25
46812;51.5,175.75;214.25,81.75;292.75,304.5;364.25,252.75;103.75,10.75;121.5,217.5;191,0.75;310,253.5
8354;87.75,212.5;222.25,135;292.75,304.5;350.75,241.5;103.75,10.75;128.75,194.25;168.25,38.5;355.5,265.25
9684;88.75,247.75;276,105.75;347.5,276.75;363.25,288.5;74.25,26.25;132.5,191.5;168.25,38.5;355.5,265.25
11314;83.75,281;284.75,87.75;304.75,250.25;317,264.25;93,21;145.5,223.75;168.25,38.5;355.5,265.25
10913;46,311;293,115.5;305,250.75;309,320.25;49.5,8.5;145.5,223.75;147,76;355.5,265.25
11876;81,280.5;272.75,58;316.25,282.5;347.25,317.5;49.5,8.5;88.25,225.5;147,76;361,279
18404;102.5,247;279.5,104.25;306.5,307.5;347.25,317.5;51.5,8.25;88.25,225.5;151.25,29.75;319,310.25
42244;98,283.25;252.25,117.5;306.5,307.5;360.25,294.75;78.25,21;88.25,225.5;113.5,32.25;319,310.25
20424;97.75,282.75;218.5,155;286,320.5;360.25,294.75;76.5,59.25;76.75,195.5;88,32.75;319,310.25
49521;117.75,242.25;155.25,159.5;286,320.5;359,296;14.5,68.75;28.25,227.25;88,32.75;346,265
34149;81.5,247.75;107.5,130.5;262.25,310.5;359,296;26,34.25;40.5,293.5;88,32.75;346,265
45667;80,287;83.25,184.25;262.25,310.5;359,296;15.5,4.25;76.75,251.5;107.5,40.25;353.5,248.75
40832;17,309.5;140.25,198.25;262.25,310.5;359,296;19.75,18.25;39.5,282.5;119.5,5.5;352.75,182.75
7495;17,309.5;171.5,229.25;284.5,321.5;354.5,320.25;19.75,18.25;39,282.25;74.75,11.75;357,140
1503;29.75,314.5;213,199.5;284.5,321.5;353.5,290;19.75,18.25;75.5,289.25;84.5,25.25;355.5,141
31337;66.5,316.25;213,199.5;291,322.25;313.25,304.75;52.5,43;75.5,289.25;88.25,24.75;355.5,141
6130;87.25,266.25;194.75,245.5;298,322.75;344,270.25;23,32.25;80.5,283;88.25,24.75;355.5,141
27735;39.75,229;160.75,279;285.25,318;365.25,259;23,32.25;46.75,292.5;88.25,24.75;355.5,141
44692;58.75,242.25;121.25,266.75;246,292.5;330.75,247.25;40.5,1.25;46.75,292.5;88.5,26.5;355.5,141
26909;54,272.5;103,238.25;204.25,296.5;310.5,224.25;6.75,13.5;53.5,297;88.5,26.5;355.5,141
31851;56,230.5;85.5,287;205.5,310.5;310.5,224.25;17.75,16.5;65.75,247;88.5,26.5;355.5,141
36453;40,181.5;85.5,287;206.25,261;319.75,206.25;33.25,31.5;65.75,247;82.25,59.5;337.75,118
15144;56,177.25;65.25,259.75;198.5,310;329.5,198.25;33.25,31.5;55.5,254.25;82.25,59.5;342,117.5
46498;56,177.25;65.25,259.75;198.5,310;323.25,152.5;5.5,69.75;76.5,263.5;142.25,92.75;355.75,81
29222;9.25,144.25;50.5,230.5;144.75,316.75;271.75,165.5;52.75,80;85,196.75;142.25,92.75;355.75,81
49189;6.5,173.5;61,238.5;173.5,296;271.75,165.5;24.5,128.5;115.25,196.25;142.25,92.75;305.75,87.25
46716;31.75,139.5;108.5,230.5;173.5,296;266.5,212.5;24.5,128.5;131.75,227.75;156,95;338,130
10431;70.25,148;75,210.25;195.25,245.5;267.5,212.5;43.25,142;131.75,227.75;207.25,86.25;338,130
24754;27.25,148.25;75,210.25;188.25,268.5;280,255.25;38.25,157;131.75,227.75;197,97.25;278.25,120.25
17204;19.75,153.25;61,230;188.25,268.5;263.25,273;53.25,168.25;105.25,184.25;197,97.25;319.75,153.25
6905;9.25,140.25;61,230;188.25,268.5;263.25,273;83.5,188.75;111,225.25;236.75,120.75;350.25,160.25
14174;45.75,126;58.75,248;136.25,239.25;263.25,273;98.5,234.25;98.5,284.25;186,97;350.25,160.25
40362;17.25,104.5;99.75,249;156.75,208.5;235.25,258.5;98.5,234.25;98.5,284.25;151,87.5;315.5,207.5
46507;47.75,123.5;136.5,272.75;156.5,212.75;235.25,258.5;87.5,267.5;101.75,268.75;168.75,82.75;315.5,207.5
3845;58.5,151.25;144.5,318.5;152,227.75;235.25,258.5;84.75,269.5;116,275.25;161.25,49.5;315.5,207.5
16572;68.5,125.5;147.5,305.5;151.75,286;220.75,231;84.75,269.5;107,275;161.25,49.5;315.5,207.5
18750;25,81.25;113.75,316;151.75,286;161.75,224.25;109.25,315.75;151.25,318;161.25,49.5;349.5,167.75
9065;18.5,108.25;71.25,280.5;160.75,228.25;190.25,280.25;87.5,283.75;151.25,318;161.25,49.5;325,205.25
12455;17.5,176;71.25,280.5;136.75,239.5;190.25,280.25;31.5,285.25;122.5,323.75;160.25,96.5;353.75,265.75
44424;15,222;41,242.75;104.75,283.25;190.25,280.25;20,307;96.5,316.75;226.75,93.25;353.75,265.75
37318;41.25,198.25;54.5,210.25;68,307.75;190.25,280.25;16.75,245.25;77.25,276.5;201.25,99.75;353.75,265.75
568;11.75,153.25;49.5,243;71.25,308.5;190.25,280.25;27.5,308.5;47,247.75;201.25,99.75;304.5,238.5
10448;15.5,160.5;60.5,282;68,255.5;204.75,316.75;27.5,308.5;53.75,281.25;201.25,99.75;273.25,196.25
39510;15.5,160.5;68,255.5;73.5,286;204.75,316.75;4.75,287.25;60.25,323.25;208,54.25;314,164
16330;37.5,161.75;68,255.5;134.5,272.25;176.25,280.75;23.25,309;62,323;200.25,41.75;314,164
19240;28,119.25;40.5,193.25;80.5,298.75;142.5,261;9.75,302.25;62,323;200.25,41.75;323.25,159.5
40116;69.5,142;72.25,208.75;90.25,322;151.5,208;9.75,302.25;62,323;241.5,29.25;323.25,159.5
39837;40,179;69.5,142;125.5,272.5;167.5,147.25;2,309.75;75.75,283;241.5,29.25;296,143.75
32488;40,179;74,140.5;126.75,236;167.5,147.25;50,322.75;115,324.25;186.25,26.75;298.25,143.75
3231;81.25,187;91.75,149.75;139.75,265.75;167.5,147.25;50,322.75;128.25,286.75;185,56.5;280.5,174
30175;53,219.25;73.25,147.25;130,239.25;143.75,147.5;50,322.75;128.25,286.75;185.25,56.75;314.25,208.5
22489;23.75,240.5;109.5,107;157.25,200.5;163.5,124.75;50,322.75;128.25,286.75;171.75,51;351.5,169.75
32345;50.75,190.25;110.75,160.25;155.5,236.75;168.25,62.75;69.75,317;128.25,286.75;171.75,51;314.25,159.75
9191;63.75,147.25;125,200;152,237.25;168.25,62.75;119.75,291.5;170.5,322.5;171.75,51;322.75,161.5
13201;62.75,184.5;151.25,259;163,297.75;184.5,49;119.75,291.5;170.5,323.25;174,10.25;322.75,161.5
40153;64.25,186.5;163,297.75;173.25,225.5;200.75,61.5;178.5,305.75;184,306.25;229,17.5;322.75,161.5
5768;64.25,186.5;163,297.75;173.25,225.5;243.75,120.5;145,300;175,295.5;193,65;353.75,196.75
43954;64.25,186.5;123.25,267.5;183.5,261.25;256.25,156.25;152,318.5;175,295.5;201.75,34.25;349.25,193.25
1954;57.5,201.25;154,223.25;201,309.75;256.75,150;152,318.5;160.75,303.5;201.75,34.25;362.25,235.5
38045;83.5,248.25;162.5,177.5;210,260;296.75,168.5;152,318.5;160.75,303.5;243.25,36;355.25,287.25
45266;70.75,205.5;143.5,209.25;210,260;276.5,180.25;151.25,319.75;160.75,303.5;202,60.5;353.75,298.25
30386;125.75,181.5;197.75,174.5;239.75,224;282.5,185;140.75,284;151.25,319.75;263.75,60.25;353.75,298.25
8517;159.25,144;206.25,168.5;209.5,184.75;290.75,212.5;140.75,284;157.75,318.5;263.75,60.25;353.75,298.25
22093;170.25,135.75;197.5,169.25;243.5,197.5;251.5,219;137.5,241.5;157.75,318.5;263.75,60.25;353.75,298.25
7485;170.25,135.75;206.75,184.5;238.25,169.75;242.75,168.5;136.75,242.25;151.75,317.5;243.5,4.75;353.75,298.25
4211;202.25,60.75;207.75,175;238.25,169.75;292.25,110.75;126.25,228.75;195.25,320.25;243.5,4.75;323.75,222.25
18988;175,47;195,229.5;217,203.5;301.25,111.5;126.25,228.75;195.25,320.25;266.25,5.25;345.75,223.25
8428;187,102;204,286;233.25,170.25;302.25,141.75;146.25,202.25;195.25,320.25;256.75,12.5;345.75,223.25
17499;172.5,162.75;189,323;252,108;280.25,164.75;146,204;185.25,301.75;256.75,12.5;345.75,223.25
23362;115.75,125.25;215.75,294.25;248.25,130.75;292.25,114.75;85,169;122.5,308.75;256.75,12.5;345.75,223.25
3301;86.5,140.75;215.75,294.25;292,137.25;336.25,107.25;88,136.25;122.5,308.75;244.75,17;364.25,276.5
14697;118,185;176,269.75;247.25,119.75;336.25,107.25;76,81.75;122.5,308.75;298.75,26.25;351.25,243.5
38574;153,204.5;219.5,252.5;259,66.5;336.25,107.25;75.75,81.5;122.5,308.75;250,15.75;332,211.25
39540;167.5,230.5;184.25,251.5;272,31.5;331.75,59.5;75.75,81.5;142.75,303.25;250,15.75;332,211.25
31707;167.5,230.5;184.25,251.5;272,31.5;341.5,113.5;89.25,35;140.25,271.25;227.25,49.25;346.75,204
46898;174.25,280.75;204,277.5;272,31.5;324.5,119.25;145.25,31.75;166,302.75;195,99;346.75,204
8681;154.5,293;217.5,271.75;282,55.75;328.75,155;145.25,31.75;165,278.25;221.75,150;346.75,204
24579;116,281;241.75,223.5;279.5,72.5;328.75,155;145.5,51.5;156.5,226.25;221.25,149.5;346.75,204
4800;136.75,317.75;262.5,240.75;279.5,72.5;321,146;130.25,19.5;156.5,226.25;244.25,114.75;347.5,154
26218;187.25,278.25;211,276;283.25,77.5;321,146;79,17;92.5,220.75;244.25,114.75;335,161
8980;136.5,267;209,308.25;293.5,114;358.75,179.75;79,17;81.25,189;244.25,114.75;335,161
22882;136.5,287.5;197.25,320.25;293.5,114;358.75,179.75;35.5,50.5;122,229;187,105;351.75,154
21544;156.75,296.25;158.5,303.5;293.5,114;323.5,192.75;44.75,42.25;123.5,229.75;149.75,90.5;351.75,154
39326;99.25,309.75;162.25,278.75;273,132;300,236.75;44.75,42.25;125.25,211.25;149.75,90.5;296.75,196.5
29496;60.5,274.75;162.25,278.75;273,132;300,236.75;51,35.5;156.75,203.25;205.25,99.5;270,194.25
44439;61,250;193,253.5;285.5,103;286.25,232.25;51,35.5;157,204;228,134;270,194.25
43307;61,250;172.25,233;246,70.25;271.25,238.75;69,41.5;115.75,169.25;228,134;268.5,180
23087;66.75,243;163,226;286.75,89.25;302,210;70.5,42.25;88.5,190;228,134;268.5,180
21007;66.75,243;117.5,213;278,129;308,165.5;70.5,42.25;83.75,135.5;184.75,131;274.75,181.5
17416;89.25,228.5;89.5,222.5;278,129;357.25,155.75;70.5,42.25;111.25,116.5;209.25,176.25;274.75,181.5
20172;98.5,191.5;103.25,224.25;280,126.75;318,154.75;73.75,9.5;100.25,78.75;209.25,176.25;274.75,181.5
39327;52.75,188.75;103.25,224.25;258,133.25;314,159.25;73.75,9.5;143.5,80.75;175,197;250.5,132.25
10503;1,198;99.5,196.5;246.25,99;314,159.25;125.25,19.5;159.5,88;175,197;210.75,139.25
38040;1,198;99.5,196.5;246.25,99;352.25,158.75;79.5,19.5;201.75,106.25;217.5,165.25;270,153
47784;17.25,190.25;99.5,196.5;246.25,99;350.5,166;79.5,19.5;221.75,50.5;244.25,117.25;245.5,194
40113;55.5,216.25;99.5,196.5;246.25,99;315,150.25;92,34.25;204.5,53.75;242.75,133.25;246,219.5
21360;55.5,216.25;99.5,196.5;249.75,109;315,150.25;46.5,8;191.75,89.25;243,82.25;245.25,257.25
46637;73.25,209.75;154.5,207.5;310.5,115.5;329.5,197.75;47.25,8.25;156,55;243,82.25;245.25,257.25
19154;119.25,199.75;138.5,223.5;313.25,62.5;361.5,227.75;60,12.5;156,55;224,90.25;245.25,257.25
21932;75,176;163,216.75;283.5,56.75;361.5,227.75;99.75,38.75;156,55;201.25,95;244.5,268.75
7519;78.75,147.25;117.75,207.75;302,87.25;361.5,227.75;88.75,94;156,55;161,104;262.25,272.75
35901;39.25,113.25;125.5,252;306,71;361.5,227.75;88.75,94;138.75,74.75;160.25,95.5;267,250.25
4771;20.5,62.5;88.25,212.25;285,75;361.5,227.75;101.25,144;164.75,57.75;169.25,60.25;267,250.25
50584;20.5,62.5;88.25,212.25;274.25,23.5;352.75,213.25;73.75,124.75;146.5,52.75;218.75,36.5;288.25,220.75
27047;11.5,34.75;59.5,176.25;274.25,23.5;344.5,242.25;73.75,124.75;117.25,10.5;165.75,40;277.75,238.75
12100;53.25,46.25;59.5,176.25;274.25,23.5;344.5,242.25;85.25,72.5;144,50.75;146.25,48;258,218.75
5397;53.25,46.25;83.75,172.25;263.75,24.5;331,276.75;41.5,39.5;89.25,62.5;146.25,48;256.25,220
2380;53.25,46.25;137.25,183.25;246,30.75;331,276.75;12,31;147.5,50.75;160.25,91.25;241.25,186
30946;95,9.75;129.25,239.5;212,75.5;313.25,268.25;12,31;147.5,50.75;160.25,91.25;182.25,197
12763;60.75,58.25;152.25,223.25;186.5,81.25;345.25,311.25;9.25,17.75;147.5,50.75;160.25,91.25;205.75,139.25
12669;64.5,121.75;168.5,161.5;186,81;345.25,311.25;9.25,17.75;115.25,4.25;178.25,153;189,196
40009;75.75,87.5;145.5,227;159,27.5;343.25,320;9.25,17.75;78.75,19.5;109.25,171;189,196
9448;94.5,83.75;145.5,227;163,21.5;343.25,320;10.25,24.25;85.75,12.25;91.75,164;153.25,181.25
50071;110.5,73.25;157.5,240.75;223.5,21.5;317.75,313.25;10.25,24.25;81.75,41.75;94,170.25;153.25,181.25
12851;94.5,58;157.5,240.75;225,22.75;317.75,313.25;77,19.5;88.5,101.75;108.5,140.5;165.75,243
23465;108.5,106.5;140.25,227.25;225,22.75;332.25,321.25;77,19.5;88.5,101.75;98,171.25;172.25,270.25
10813;119.75,48.5;140.25,227.25;225,22.75;281.5,277;80,19.5;123,163.75;128.75,107.5;166.5,242.5
12439;119.75,48.5;170.5,196.25;225.75,22;240.25,304;80,19.5;101.25,143.25;146.75,154;159.5,235.5
38918;45.75,47.75;123.25,236.75;207,45.75;306.25,321.75;80,19.5;101.25,143.25;174.5,197.5;183.75,182.25
38337;36.75,105.25;181.25,259;226.75,83.25;306.25,321.75;80,19.5;100.5,144;124.75,234.5;166.5,237
9230;64,158;160,262.5;241.5,102.75;277.25,312.75;80,19.5;100.5,144;124.75,234.5;162.5,187.25
24409;99.25,190;187.25,249.25;199,73.5;285.75,318.75;90.25,35.5;99.75,144.75;124.75,234.5;162.5,187.25
451;132.75,174.5;160.5,225;212.5,16;285.75,318.75;72,81;123,122.75;124.75,234.5;183.75,180.75
8948;168.75,228;171.5,279;271.5,23.25;296,300.75;90.75,65;123,122.75;124.75,234.5;166,163.75
27772;162.75,267;204,309.5;286,24.5;289.25,304;80,43;108.25,97.25;124.75,234.5;166,163.75
35695;141,283.75;207.5,260.5;286,24.5;298.25,319.25;80,43;99.75,136.75;106.5,269;141.25,194.75
29161;141,283.75;243,260.25;286,24.5;308.5,307;45,30.75;81.5,98.75;104.25,270.25;188.75,163.5
20434;175.5,278.25;227,248.75;307,14.5;323.75,315.5;45,30.75;81.5,98.75;105,304;212.5,127
38893;163.25,296.75;203.25,195.25;249.25,12;275.25,321.75;45,30.75;81.5,71.25;91.25,303.75;212.5,127
29478;164.75,296.5;171.25,140.75;211.5,57.25;275.25,321.75;16,49.75;26.75,80.5;75,305.25;212.5,127
50368;148.75,228.25;227.5,154.75;230,57;247,310.75;16,49.75;57.75,112.25;75,305.25;191,181.75
2037;153.75,195.25;227.5,154.75;229.5,57.25;302.25,302.75;16,49.75;69.25,89.25;96,316.75;174,164.25
10497;153.5,223.25;239.5,151.75;275.5,90.75;283.25,318;16,49.75;77.25,131.5;96,316.75;195.75,174
7859;114,228;239.25,95;309.75,97.25;320.25,304.25;9.25,37.75;77.25,131.5;96,316.75;164.75,117.25
29267;95.5,282.75;242.5,116.75;290.25,42.75;339.25,267;33.5,31.75;77.25,131.5;96,316.75;164.75,117.25
15903;74,286;247.25,136;269.75,29;303.5,250.25;33.5,31.75;47.5,128.5;105,274.25;164.75,117.25
13885;84.25,266.75;246.75,102.25;269.5,33.5;307,213.5;33.5,31.75;47.5,128.5;74.75,289.75;161.5,116.5
15333;94.25,233.5;271,105.25;280.25,40.25;307,213.5;16,0.75;30.5,75.75;74.75,289.75;196.25,97.5
1964;120,287;268,111.5;305,96.75;363.75,241.75;16,0.75;30.5,75.75;52.75,263.25;203,60
39495;107,244;286.25,103;299.5,112.5;317.25,257;16,0.75;18,71;52.75,263.25;197.25,11
744;106.5,244;273.25,110.5;303.25,120.5;330.25,237.25;8.5,60.5;50.75,76.75;52.75,263.25;197.25,11
37670;50,214.5;230.25,77.25;298.75,167;306.75,289.25;4.5,37.75;50.75,76.75;110,273.75;197.25,11
33014;26,181.5;194.5,84.25;265.5,132;345.75,315;5,38;50.75,76.75;117.25,291.5;197.25,11
14597;2.75,182.5;249,70.25;274,133.5;334.25,300.25;5,38;39.25,79.5;145.5,300.75;197.25,11
1506;11.5,175.25;276.5,33.5;308.25,115.5;322.25,301;37.75,29.25;39.25,79.5;141.75,268.25;197.25,11
879;1.75,178;268,94.5;293.5,111;322.25,301;40,77.5;49.75,28.75;141.75,268.25;181.75,30.25
4067;1.75,178;285.25,143.25;293.75,72.5;345.75,278.75;40,77.5;81.25,10.75;143.75,222.25;180.5,31.5
22366;1.75,178;263,180;268.5,58.5;318.5,250;40.25,100.5;81.25,10.75;158.75,273;180.5,31.5
39903;1.75,178;250.25,130.25;270.5,29;338.5,254.25;38.75,93.75;101.75,19.25;158.75,273;160.75,82.75
13275;11.75,158.75;230.25,67;314.5,3.5;355.5,214;38.75,93.75;144.5,68.75;158.75,273;200.25,41.75
42055;65.25,154.25;230.25,67;312.75,22.5;364.5,209;55.75,108.25;98.25,66.75;150.75,225.75;200.25,41.75
21322;68.25,157;252.75,47.25;284.25,44.75;367.25,210.25;81.5,163.75;98.25,66.75;150.75,225.75;193,8.25
44171;15,152.75;252.75,9.75;311.75,57.25;330.5,218.5;81.5,163.75;98.25,66.75;151.25,249.5;193,8.25
48726;7.25,141.75;215.5,41.5;324.25,118;357,170.25;82,164;91.75,24.25;151.25,249.5;193,8.25
15495;7.25,141.75;237,81.25;308.25,115;347,165;69.75,216.25;91.75,24.25;137,238.5;243.25,39
45225;32.5,133.75;228.25,54.75;336.25,74;347,165;68.75,222.25;99.75,39.5;112.5,259.75;243.25,39
24446;33.75,133.75;262.25,94.75;324.75,26;336.25,141.25;87.75,182;99.75,39.5;114.25,265.25;243.25,39
3671;37,179.25;267.5,101.75;324.75,26;336.25,141.25;104.75,121.75;126.25,98;156.75,296.25;285,13.75
14631;37,179.25;315.25,141.75;322.5,88.25;364.5,143.5;104.75,121.75;118.75,54;161.25,299.25;284.25,15
8028;30,124.25;281.75,73.25;288,24;364.5,143.5;110.75,82.5;169,53;173.5,232.75;284.25,15
17546;12.5,158;281.75,73.25;288,24;364.5,143.5;99.75,41.25;175.75,105.25;214.75,270.5;253.5,27.75
46025;12.5,158;264,131;279.75,60;332,93.25;99.75,41.25;119.75,107.25;199.75,224.5;256.75,9
44671;15.5,160.5;264,131;279.75,60;340.75,86.25;31.5,41.75;56,128.5;153.75,225.25;299.25,35.5
27556;15.5,160.5;242.25,116;267.25,1.25;284.5,71.25;31.5,41.75;85.75,190.5;155,173.75;299.25,35.5
5333;63.75,188.5;199.25,92;298.5,34.75;331.75,75;31.5,41.75;85.75,190.5;150,226.5;315,36.75
9927;63.75,188.5;197.5,94.5;302.75,40.75;319,115.75;31,80.25;53.25,221.75;150,226.5;334.25,8.75
47771;13.5,176;178.5,46.5;259.25,41.5;266.25,137.75;31,80.25;81.5,190.5;185.75,233;334.25,8.75
41324;29,196.25;188.5,9;207,45.75;256.5,196.25;31,80.25;125.25,157.75;231.25,188.75;334.25,8.75
12724;85.25,166;167,38.25;246.75,80.75;248,170.25;4,71.25;125.25,157.75;233.5,206;334.25,8.75
2966;68.25,153.75;128.5,41.75;225,129;254.25,188.25;4,71.25;123.25,113.25;233.5,206;281.75,13.25
29637;68.25,153.75;176,18;188.75,112;199.25,167.75;4,92.5;160,116.75;233.75,206.5;281.75,13.25
22733;103,164.5;116.25,36.25;162.75,126.75;173.75,155.75;4,92.5;171.25,90.75;281,239.25;281.75,13.25
14695;95,196.75;116.75,55.5;131.25,57.75;179.25,211.5;4,92.5;171.25,90.75;261,184;282,12.75
14808;57.75,172.25;69.25,97.5;84.75,86.25;155.75,254.25;4,92.5;212,98;261,184;282,12.75
23082;9,174;69.25,97.5;130.5,124.5;164,309;30.75,104.25;212,98;244.5,196;281.25,12
18621;37.5,137.5;71.5,147.25;73.5,141.25;138,320.25;66.5,100.5;168,113.25;244.5,196;281.25,12
25351;37,130.75;37,132.25;39.5,96.75;119,273.25;114,116.75;231.25,115.75;244.5,196;281.25,12
40545;2.25,123.5;37,161.75;39.5,96.75;178.75,267.5;93.75,131;193.25,175.75;263.25,220.5;281.25,12
27899;2.25,123.5;46.25,213.5;61.75,76.25;246.75,258;96.25,127;193.25,175.75;320.5,180.75;337,20.25
8834;2.25,123.5;55.5,175.5;69.75,133.25;246,260;99.75,125.5;162.5,186.75;317.5,218.5;337,20.25
10589;5.5,165.5;63.5,171.25;69.75,133.25;279.5,243.25;90.75,179.5;127.25,153;322.75,158.5;337,20.25
17612;16.5,145.25;31.25,170.25;69.75,133.25;280.75,297.5;48.25,185.75;127.25,153;290.5,143.75;313.25,64
41157;2.75,124;31.25,170.25;32.25,93;249.75,315;13.5,148.25;139,197;290.5,143.75;294.75,97.5
10564;2.75,124;31.25,170.25;84.25,91.5;249.75,315;25,101;177,214.25;310.75,100;311.5,161
19943;11.25,145.25;43.5,202.75;51.25,54.75;236.25,259;25,101;177,214.25;283.25,120;360,146
28708;23.5,84.5;39.5,204.25;65.5,4.25;236.25,259;27.5,101.75;177,214.25;309.75,93.5;311.25,186
26307;23.5,84.5;39.5,204.25;127.5,14;192,239.5;27.5,101.75;183.5,162;336.75,133.5;357.25,155.75
22532;5.75,26.25;53,218.25;129.5,39.25;192,239.5;44.75,107.75;232.25,186;307.5,172.25;357.25,155.75
2605;36.5,25;65.5,218;129.5,39.25;192,239.5;49.25,131;185,197.5;340.5,150.25;352.75,162.5
24736;36.5,25;75,272.5;129.5,39.25;159.75,260.75;110.75,136.25;218.25,215.25;325.5,204.25;358,153.5
18523;36.5,25;68.5,218.75;108,67.75;172.25,227.5;118.75,104.5;211.75,173;313,218.75;358,153.5
45426;34.5,25;68.5,218.75;143.25,89.75;146.5,227;78.5,80.25;210.5,155.75;313.5,225.5;358,153.5
3603;21.5,62.75;68.5,218.75;143.25,89.75;146.5,227;54.5,130.5;235.75,124;292.75,199.25;345.25,143.25
10039;8.5,26.5;54.25,167.5;143.25,89.75;188.75,254.75;86,169;235.75,124;294.5,198.25;358.25,150.5
35849;8.5,26.5;87,140.25;155.75,54.25;215.75,241.25;97.75,181.5;218,160.5;283.25,240.5;358.25,150.5
28159;31.75,55.5;66.75,147.5;160,10.5;226,279.5;97.75,181.5;218,160.5;300,262.5;358.25,150.5
8729;31.75,55.5;103,137;160,10.5;226,279.5;59.75,202.75;163.5,163.5;316.25,300.25;351.75,153.5
50044;53.25,45.75;136.75,127;160,10.5;280.75,291.5;59.75,202.75;144.75,116.25;339,288.75;344.75,120
27112;58.25,55.5;162,84;166.25,22.75;280.75,291.5;123.75,197.5;181.25,163.5;339,288.75;342,117.5
50145;58.25,55.5;162,84;166.25,22.75;275.75,241.75;129.25,199.25;170.25,144.75;338.25,277.75;360.25,155
30372;62.5,4.75;162,84;215.75,4;315.75,195;140.25,199.5;153.5,91.25;353.75,303.25;360.25,155
20785;79.5,5.75;162,84;216.5,12.75;355.5,198.25;96,229.25;168.75,103.25;318.75,270;360.25,155
25525;43.75,44.25;104.5,50.25;219.5,45;325.75,162.5;96,229.25;168.75,103.25;313,210.25;347.75,149.75
47549;43.75,44.25;126,47.75;182,47.25;292.75,212.5;143.5,222.75;168.75,103.25;301.5,184.25;317,195.25
24129;39.25,59;125.25,47.5;163.25,10.5;292.75,212.5;160,239.75;211.5,98.5;301.5,184.25;352.5,167.5
62;27,119.25;131.5,90.5;190.75,9.25;235.5,190;151.75,224.5;213.5,86.75;301.5,184.25;352.5,167.5
22134;27,119.25;164,98.25;190.75,9.25;207.5,169.75;114.5,230;190.75,108.5;334,150.25;353,141.75
13550;27,119.25;150,129.75;190.75,9.25;207.5,169.75;88.5,283.5;160.25,90.5;315.25,161.25;341,79.5
41410;59.25,171.75;150,129.75;179.5,18.75;234.5,129.5;72,283.75;172.25,38.5;336,191.75;341,79.5
19739;75.5,113.5;162.5,99.75;179.5,18.75;234.5,129.5;43.75,307.75;177.75,32.25;356.75,212.5;358.25,79
6005;106.25,128.5;140,118;167.75,16.5;235,129.25;43.75,307.75;195,1.75;308.5,199;358.25,79
46890;106.25,128.5;160.5,129.75;221.75,30.5;235,129.25;39.5,293.5;223.25,18;308.5,199;318.75,45
29069;64.25,87;159.25,110.75;220,71;291.5,112.25;69,283.5;223.25,18;308.5,199;318.75,45
47573;64.25,87;187.25,82;231.5,105.25;245.5,78;33.75,265.5;223.25,18;310,250.75;319,44.5
12297;62.5,123.75;166.75,100.25;231.5,105.25;245.5,78;33.25,265.25;179.75,28.25;320.25,310.75;365.75,77.5
42026;81.75,133.75;173,149.5;192.5,118.75;225,129;45.5,247.5;146.5,58.25;320.25,310.75;365.75,77.5
15438;81.75,133.75;150.5,205.75;192.5,118.75;283.25,104.25;19,291.5;112.5,94;285.25,323.75;342.5,80.75
27068;83,133.5;129.5,202.75;201.25,151.75;283.25,104.25;13.25,273.5;123,126.75;295.75,296.75;342.5,80.75
16655;93.5,159.25;103.25,164.75;243.25,136;319,137.25;55.75,296.25;123,126.75;295.75,296.75;342.5,80.75
17066;93.5,159.25;112.5,166.75;284.75,104.25;317.75,164.25;27.5,307.5;93,152.25;295.75,296.75;355.75,81
47071;70.5,141.5;90.75,139.25;300.5,53;301.25,138.25;27.5,307.5;113,113.25;295.75,296.75;355.75,81
17596;7.75,141.75;148.5,134.75;274,89.25;298.5,92.75;10,269.5;89.75,137.75;295.75,296.75;355.75,81
7586;3.75,145;143.25,78.75;293.25,113.5;301.5,54.5;20.25,271;31.75,146.5;295.75,296.75;355.75,81
14650;40.5,137.5;139,19.25;310.5,56.5;314.25,2.25;20.25,271;31.75,146.5;313.75,313.75;355.75,81
47702;14.5,153.25;143.75,14.5;294.25,115.75;354,31.75;20.25,271;31.75,146.5;313.75,313.75;335.75,60.25
31855;26.25,189.75;166.25,22.75;298.5,85;319.75,22.5;20.25,271;84.5,190.5;313.75,313.75;335.75,60.25
20611;87.25,177;212.25,22;255.5,42.75;346,11.25;19.75,266;54.25,149;313.75,313.75;335.75,60.25
9797;87.25,177;217.5,2.5;313.75,18.25;354.75,33;30.5,278.25;52,147.25;298.75,261.5;335.75,60.25
13490;89.25,181.5;217.5,2.5;339.5,33;364.75,74.25;22.75,220;89.25,104.25;298.75,261.5;308.5,52.5
3735;56.5,239.75;217.5,2.5;339,33;348,42.25;16.75,247.25;89.25,104.25;237,241.75;267.5,58
38660;91,265.75;239,23;339,33;348.5,42.25;5,244;37.75,88.75;237,241.75;287.75,90.75
2237;91,265.75;281.25,73.75;340.5,33.75;341,75.5;27.5,211.5;38,89.25;199.75,236.25;287.75,90.75
43484;126.75,234.75;315,22.25;364,54;367.75,54.25;27.5,211.5;38,89.25;199.75,236.25;292,141.5
29031;173.25,232;315,22.25;331.75,63.25;367.75,54.25;43,253;60,142.25;195.25,238;224.75,166.75
19253;212.75,246.25;282.5,55.25;323.25,23.25;337.25,63.75;43,253;60,142.25;170.25,223.25;193,180.75
2032;187,231.25;284.25,25.25;323.25,23.25;371.5,51;79.75,275.5;105.25,128.5;170.25,223.25;209.25,152
10984;221.75,245.25;281,75.25;286.75,56.25;322.5,53.75;79.75,275.5;132.75,130.75;170.25,223.25;210,151.25
46218;241.5,215.5;276.25,72.5;304.5,67.75;319,112.25;79.75,275.5;132.75,130.75;152,203.25;237.75,120.75
45174;241.5,212.5;276.25,72.5;304.5,72.5;319,112.25;110.5,224.75;136.25,178.75;180.75,198;203.75,144
27699;241,273.75;289,74.25;304.5,72.5;307.25,111.5;78.25,167.25;110.5,224.75;212.5,251;246.5,133.25
20162;213,259;289,74.25;304.5,72.5;324,159.75;51.25,169.25;128.25,246.75;263,224.25;278.5,143.75
27788;160.25,262.5;293.75,103;304.5,72.5;324,159.75;54,133.5;178.5,231.75;246.5,281.75;249,176.5
44832;157.25,225;281.25,72.5;293.75,103;321.75,162.25;54,133.5;182.5,215;245.25,316.75;252.75,141.75
36510;179.5,228.5;253.75,79;256.25,135.25;266,178;51.75,137.25;182.5,215;244.25,318.75;252.75,141.75
32191;225.25,202;230.5,79.5;278.25,77.5;291.75,213;51.75,137.25;182.5,215;222,272.75;252,72.75
14622;224.75,199;230.75,79;323.5,64.75;350.25,229.75;51.75,137.25;182.5,215;182.5,305.75;267.5,106
46859;224.75,199;230.75,79;325.25,3.75;350.25,229.75;9.5,172.75;150.25,162.5;154.75,302.25;291.5,84.25
42025;224.75,199;258.25,42.25;301.75,56.75;350.25,229.75;3.75,188.75;156.25,165.75;216.75,306;273.75,117.25
9375;224.75,199;235,85.5;287.75,25.25;347.5,252;3.25,189.5;126.5,127.75;216.75,306;283.75,173.25
34018;225.5,170.25;234.75,84.75;276,43.75;318.75,208;7.5,128;114,148.5;216.75,306;283.75,173.25
25239;171.25,162.75;276,43.75;287.5,104.75;324.75,160.75;57.75,168.25;86.75,144;216.75,306;246,133.25
4361;143.75,157.5;276,43.75;287.5,104.75;324.75,160.75;98,136;126,128.25;202.5,274.75;224,159.25
5061;156.5,160.25;256.75,31.5;336.5,74.75;364,142.75;98,136;165.25,150.75;186.75,238.75;224,159.25
1723;138.5,127.75;223.25,57.25;290.5,57;359,136.25;98,136;165.25,150.75;167,226.5;236.25,150.5
22670;121.25,180;210,24.5;308,14;359,136.25;116,82.25;144,90.5;191,184.75;236.25,150.5
10572;145,225.75;183.25,41.75;308,14;326.75,117;116,82.25;200,97.5;252,169.25;260.5,142
35613;126.5,204.5;223.5,55.75;266.5,2.75;326.75,117;116,82.25;249.25,71.75;301.25,194.75;301.75,151.25
32880;146.5,226.25;238.5,77;272,32;279.5,101.25;116,82.25;227.5,65.75;248.5,198.75;301.75,151.25
20490;143.75,227.5;238.5,77;256.5,50.5;272.5,148.5;162.75,65.5;221.75,72;248.5,198.75;288.75,137.5
48049;161.75,255;191,50.25;273.25,50.5;286.5,103.75;162.75,65.5;205,36;248.5,198.75;289.5,138
13374;148.75,288.25;183.75,13.5;300.25,80.5;324.5,104.5;146.75,52.25;205,36;210.5,205.5;289.5,138
10230;161.5,232.25;183.75,13.5;259.25,73.25;280,105.25;152,48;165,14.75;194,181.5;289.5,138
19428;165,224.25;165.75,49.25;259.25,73.25;295.75,92.75;99,77.5;120.25,8.25;133.75,177.5;289.5,138
41852;159.75,193.25;187,59.25;259.25,73.25;317.75,138.75;82,87.25;95.75,36.25;156.25,202.75;289.5,138
3879;159.75,193.25;219.25,73.75;279.25,105.25;317.25,138.75;82,87.25;144.5,50.25;157,247;304,151.5
46982;204.75,166.5;219.75,73.75;325.5,115.25;350.5,157.25;82,87.25;144.5,50.25;157.5,278.75;288.75,123.5
44344;193,135.5;221,72.25;358,138.25;368.5,193;72.75,133.5;144.5,50.25;157.75,277.75;288.75,123.5
38460;193,135.5;243.25,117.5;338.25,149.75;342.25,229.5;63.25,149;158,87.25;168.25,226.25;288.75,123.5
36380;198,176.75;261.75,137.75;293.25,115;342,210;60.25,203.25;158,87.25;168.25,226.25;288.75,123.5
12829;163,187.5;271,179;310.5,84.25;324.5,213.25;60.25,203.25;158,87.25;168.25,226.25;235.5,118.5
6303;105.25,164.25;278.25,169.5;302.5,74;306.25,208.5;73,222.25;158,87.25;168.25,226.25;250.5,76.5
44104;105.25,164.25;278.25,169.5;287.5,104.5;307.5,210.25;123.75,196.5;171.25,88.75;193.5,177;208.5,55.25
10132;83.75,206.25;278.25,169.5;287.5,104.5;293.25,206.5;149,201.75;155.75,52.25;187.75,196.5;208.75,54.75
16388;99.75,247;235.25,129.75;276.75,122.25;344.25,228.25;130.25,216.75;155.75,52.25;187.75,196.5;194.5,65.25
16520;126.75,263.5;261.5,153.75;277.5,138.5;331.75,188.25;109.25,227.75;147,49.75;187.75,196.5;194.5,65.25
8572;126.25,265;225.5,186;277.5,138.5;357.5,134;87.75,191;104.25,8.5;187.75,196.5;212,5.5
30123;126.25,265;223.75,230;296.75,105;356,134.25;60,173.75;104.25,8.5;188.25,175.25;195.75,1.5
30086;162.5,216.75;203.5,230;316.75,59;360.75,123;20,123.5;65.75,8.25;188.25,175.25;195.75,1.5
2656;170.5,184.75;234.25,252.5;315.5,111.25;346.75,89;20,123.5;65.75,8.25;150.25,221;206.5,35.25
21650;169.5,184.5;234.25,252.5;276.5,74.5;326,104;22.25,118.25;114.75,40.25;115.5,194;206.5,35.25
17601;181,230;234.25,252.5;257.5,53.25;301.5,52.5;2.25,137.75;115,45.25;115.5,194;229.5,48.25
26878;173,189;232.25,204.5;256.75,65.75;344.25,20.25;41.75,177.5;74,32.5;115.5,194;229.5,48.25
43063;173,189;236,224.25;260.5,17.25;315.25,58.75;58.5,161;74,32.5;115.75,222.5;202.25,48
36072;173,189;238.5,258.25;310.5,52;336,22;73.75,121.5;74,32.5;122.25,199;219,18
22781;158,157.5;238.5,258.25;325.25,90.5;366.5,28.25;89.25,137.75;111.25,49;118.5,240;219,18
27574;135.75,156.25;238.5,258.25;293.25,112;366.5,28.25;100.25,82.25;141.75,43.5;165.75,282;251.5,11.5
2697;163.5,144.5;252.5,204.75;264.5,66.75;366.5,28.25;100.25,82.25;151.5,52;153.75,278.75;280.5,27.75
8636;150.5,128.25;250,219.5;279.5,71.25;332.25,61;114.75,117;151.5,52;153.75,278.75;281,28
10795;150.5,128.25;276.75,242.75;286.25,104.25;286.75,57;78.75,173.75;141,46.5;153.75,278.75;281,28
28418;150,91.5;252.25,224.25;269,72.75;335,32.5;60.5,237;104.75,93.75;153.75,278.75;281,28
3300;109.25,72.75;249,274;286.75,26.25;296.75,13.75;31.75,186;104.75,93.75;153.75,278.75;232.5,37.25
2852;83.25,80;193.5,265.25;242.75,4.25;296.75,13.75;27.75,176;104.75,93.75;150,239.5;273.5,62
8465;43.75,48.75;167.5,303.25;183.75,16.25;296.75,13.75;64.25,163;91.75,52.75;150,239.5;238.75,55.75
19415;85.25,23.75;167,303;185.25,3;296.75,13.75;81.5,190;116.5,13.25;195.25,276.5;238.75,55.75
33667;53.75,32;133.5,292.5;185.25,3;300,53.5;115.25,245;116.5,13.25;225,273.75;266,51
37144;39,12.5;133.5,292.5;167.25,20.75;301,111.75;122.25,275.5;170,1.25;204,219.25;266,51
19375;39,12.5;149.75,313.25;160,37.25;301,111.75;115.5,308;184.5,28;245,255.75;288.5,20.5
38761;39,12.5;149.75,313.25;160,37.25;314.75,138.75;152.5,319;226.75,66.25;246.25,234.5;285.75,42
26117;5.75,63.25;102.75,294.75;119,40.5;294.5,114.75;152.5,319;226.75,66.25;265.5,245.25;285.75,42
39357;14.5,58;69.5,287;158.25,28.25;294.5,114.75;186,303.75;229.5,61.75;244.75,229.75;285.75,42
5111;14.5,58;25.25,269.25;161,7.75;336.25,126.5;225.25,283.25;229.5,61.75;245.25,229.75;296.25,36.5
44108;66.5,28.5;82.5,287;161,7.75;336.25,126.5;186.75,303.25;195.25,97.5;294,228.5;296.25,36.5
39269;12.75,8.75;103,235.5;121.5,4.5;336.25,126.5;184.75,288.75;195.25,97.5;245,255.75;341.75,66.5
18612;12.75,8.75;138.5,287.5;153,33.75;357,158.25;183.5,293.25;190.75,40;245,255.75;351.75,18.25
22556;12.75,8.75;141.75,299.5;200.5,12;370,120.5;183.5,293.25;212.75,105.25;290.25,247.25;356.5,55.5
24358;12.75,8.75;135.5,266.5;153.5,29.25;339.25,104;143.75,299.5;220.75,106.25;320,211.25;356.5,55.5
20593;12.75,8.75;92.75,311.75;141.75,64;323.75,105.25;91,283.5;249.25,102;266.5,174.25;356.5,55.5
32523;12.75,8.75;97,319.75;155.25,50;366.5,123;68,277.25;242.5,97;266.5,174.25;358,80.5
47514;6,5.25;74.25,280.25;155.25,50;303,152.5;56.25,295.75;232.75,150;235,149;358,80.5
42514;6,5.25;73,280.75;174,33;283,105.25;75,306.5;218.5,160.25;261,159.5;358,80.5
34488;17.75,35.5;73,280.75;174,33;238.75,71.25;22,309.25;253.75,143.5;282,176;318,82.5
25861;17.75,35.5;52,230.5;174,33;225,68.25;7,310.25;216,156.5;312.5,198;315.5,130.75
13384;13.5,29.5;107.75,227.25;174,33;209,62.5;22.25,306;229,155;312.5,198;326.5,162
42578;4.25,6.25;161.5,223.25;198.75,64;250.5,78;22.25,302.25;214.25,172.75;312.5,198;326.5,162
4362;41.75,23;161.5,223.25;167.75,98.75;225.25,65.75;40,318.5;243,140.5;326,210.75;326.5,162
5079;31.5,77;117.75,214;130,98.75;225.25,65.75;40,318.5;240.75,121.25;319.75,163.75;321.75,159.75
21435;44.5,31;78.5,204.25;130,98.75;225.25,65.75;40.25,263;188.25,132;277.25,187;341,110
2224;85.25,66;98.5,205.75;133.75,57.25;206.5,48.75;40,266;166.75,139;277.25,187;341,110
1958;53.5,99;63.5,217.75;143.5,33.5;188.25,73.25;39.25,265.25;166.75,139;311,210.25;341,110
28319;53.5,99;56,234.5;113.25,44.5;230.75,50.25;39.25,265.25;174.25,142.75;324.25,244;353.25,67.25
28610;6.75,83;43,273;88,58.25;273.5,75;39.25,265.25;174.25,142.75;343,216.75;351.75,62.75
20189;16.5,77;29.75,227.25;52.25,54.5;309.5,102.25;39.25,265.25;164.5,164.25;349,218.75;351.75,62.75
44844;3.75,113;13.5,189.75;52.25,54.5;348.75,128.25;39.25,265.25;164.5,164.25;297.75,220;330.25,94.25
2881;3.75,113;13,190.25;53.25,98.75;356.5,94.75;14.25,309.25;144.5,111.25;297.75,220;350.75,80
28887;3.5,64.25;55.5,229.5;63.5,95.75;355.5,156.25;14.25,309.25;144.5,111.25;355.25,247;361.25,51.5
37556;3.5,64.25;69,184;88.5,116.25;353,128.75;70.75,295.5;105.75,137.75;355.25,247;355.75,11
19172;39.75,91.75;48.5,234.5;78.75,95.75;324.5,114.75;123.5,309.25;144.75,174.75;355.25,247;355.75,11
48238;29.25,146.25;47.75,234.75;64.25,58.25;324.5,114.75;72,296.25;127.5,124.75;351.75,205.5;355.75,11
33556;41,137.25;54.5,229;64.25,58.25;270,73;111.5,293;131.5,152;351.75,205.5;352.75,46
35820;15.25,169.75;21.5,170.5;100.25,19.25;301.75,81.5;108.75,293;131.5,152;317.25,244;352.75,46
5247;47.75,172.25;68,208.75;154.5,10;325.25,126.5;108.75,293;163,105.5;317.25,244;352.75,46
8853;6,174.5;99.25,255.5;106.25,7.5;334,126.5;80.5,255.25;209,98.75;317.25,244;352.75,46
10439;6,174.5;98.25,283.5;149.5,31.25;332.75,88.25;63.5,206.75;153,87.25;291.75,195;352.75,46
14948;5.5,165;93.5,300.5;113.25,17.25;331.75,85.75;76,204.25;102.75,109;291.75,195;352.75,46
14549;5.5,165;93.5,300.5;154.5,34.5;331.75,85.75;22,191.75;101.75,68;345.5,225;353.25,55
44471;26,182.75;47,310.75;131.75,78.75;324.5,89.75;49.25,221.25;104,69.25;345.5,225;353.25,55
659;42.5,214;50.75,295;70.75,86.5;283.75,40.75;23.75,248;98.5,87.25;345.5,225;353.25,55
35187;42.5,213;50.75,295;112.5,36.25;324,14;36.25,233;58.25,68.5;324.75,191.75;353.25,55
3531;60,230.5;60,241;155.25,91.5;324.25,14.75;36.25,233;58.25,68.5;334.75,131;345.25,78.25
30843;16.5,261.25;60,230.5;156.25,90.5;352.5,12.25;51.75,224;76,21.5;338.5,187.25;345.25,78.25
7770;34.25,295.25;50.5,216.75;161,75;349.75,32.25;51.75,224;75.5,21.75;331.25,178.5;345.25,78.25
5891;8,308;50.5,216.75;131,47.5;298.5,4.5;32.25,213.5;38.5,33.25;331.25,178.5;332.75,62.25
43335;31,239.25;44.25,238.75;121.5,88.25;298.5,4.5;21.5,156;38.5,33.25;274.75,152.25;353.75,82.25
37985;52,238.25;97.25,247.5;162.5,126.25;302.25,55.25;21.5,156;38.5,33.25;311,132.5;359.5,147
8735;28,266.25;92.5,255.25;188.75,113.75;276.25,106.75;27.5,125.25;81.25,21;311,132.5;359.5,147
22951;28,266.25;103.75,296;141.5,112.25;293.25,115;12.5,142.75;125.5,23;311,132.5;355,202.5
15639;41.5,305.5;162.75,274.5;185.75,81.75;293.25,115;3.25,136.75;119,62;308.25,131.75;355,202.5
33903;67.75,312;162.25,273.75;197.5,38.5;244.5,135.5;3.25,136.75;87.5,24.25;308.25,131.75;325,204.75
754;107,310.5;162.25,273.75;176.75,58.5;242.5,134.5;3.25,136.75;97.75,77;347.75,172.25;353,232.75
28203;125.5,304.5;148,319.5;192,49;261.75,137.75;40.5,112;77.75,40.5;347.75,172.25;353,232.75
10456;128.5,291.5;155,266.25;243.25,23;269.5,148;40.5,112;64.25,10.5;347.75,172.25;353,232.75
15956;128.5,291.5;203.5,259;290.75,4;318.5,152.5;40.5,112;80.25,3.25;330.5,129.5;359.5,247.75
28945;128.5,291.5;203.25,261.25;333.75,41.25;334.75,115.25;30.5,77.25;75.25,41.25;330.5,129.5;340.5,207.5
45162;172.25,242.75;240.75,280.75;280,34.5;334.75,115.25;60.5,104.5;77,43;291.5,115.5;340.5,207.5
46264;129.75,239;290.5,319;311.75,6.25;334.75,115.25;77,43;87.25,98.25;312.5,64.75;346.75,210.25
24466;129.75,239;285.25,318.25;311.75,6.25;334.75,115.25;82.25,104.25;86,121.75;311.5,22.75;355.5,146.75
9328;158.75,286;268.5,286.25;312.75,4.5;334.75,115.25;142.75,89.75;147.25,146.75;328.25,0.75;355.5,146.75
46431;158.25,265.5;246,244.5;323.5,6;323.75,105.25;142,87.25;147.25,146.75;328.25,0.75;355.5,146.75
41789;158.25,265.5;213,218.25;323.5,6;327,113.25;100.75,137;116.5,194;328.25,0.75;358.5,80
49404;145.5,316;186.75,202.5;334.5,30;344.75,133.75;69.5,153.5;116.5,194;328.25,0.75;358.5,80
41296;122,258.25;248.75,204;334.5,30;360,127.25;69.5,153.5;116.5,194;354,50.5;354.25,66.25
29797;104.5,303.5;267.5,178;286.5,74.75;357.5,168.25;76.25,216.5;135,185.5;354,50.5;354.25,66.25
28036;76.5,286;296.75,209.5;297,136.25;316.5,132.5;76.25,216.5;123.5,198;354,50.5;354.25,66.25
11894;112.25,237;271.5,225.75;297,136.25;302.75,112.5;125.75,194;164.75,237;300.5,27;354.25,66.25
14155;72.5,208.75;271.5,225.75;277.25,74.5;288.25,73.75;94.25,220.25;164.75,237;308.5,33.75;339.5,79.25
47471;58,248.75;271.5,225.75;298,14.5;330,41;85,196.75;160.25,230.5;308.5,34.25;339.5,79.25
14849;44.5,237.75;271.5,225.75;298,14.5;330,41;107.75,140.25;193.25,243.75;307.75,43.25;321.25,63.25
32314;72,208.75;271.5,225.75;296.25,8.5;298.5,7.5;94.75,196;226.75,227.75;307.75,43.25;338.25,60.75
41530;72,208.75;294.25,220.5;297.75,8;353,16.75;139.75,185.5;226.25,185.5;307.5,42.75;338.25,60.75
4640;112,221.5;231.75,199;297.75,8;365,51.5;90.75,221.25;235.25,118.5;277,17;338.25,60.75
28097;112.25,220.5;231.25,205.75;297.75,8;368,21;49,198.25;193,104;277,17;363.75,37.25
10037;131.75,200.5;248.75,259.25;297.75,8;368,21;57,198.75;186.25,154;271.5,12.75;351.75,49
36483;163.75,202.75;280.75,293;309.25,57.5;328.25,60;26.5,176.75;152.5,178.25;271.5,12.75;351.75,49
4369;170,227.75;307.25,319.5;309.25,57.5;324.75,113;26.5,176.75;186.5,175.75;275.75,45;354.5,44
13022;217,259.5;282,277.25;293.75,103;349.5,163.75;26.5,176.75;186.5,175.75;275.75,45;317.25,24.75
3378;240,217;248,270.75;263,95;350.5,163.5;26.5,176.75;186.5,175.75;249,10.5;340,78
40443;203.5,168;261.5,240.75;309.25,95.25;346.25,165.5;54.75,164.75;186.5,175.75;249,10.5;340,73.5
10295;228.75,145;257.5,285.5;295.5,139.5;346.25,165.5;67,211;224.25,165.75;249,10.5;347.25,35.75
44596;173.5,146.75;257.5,285.5;276,178.75;346.25,165.5;52.75,186.5;208.75,202.75;265,48.5;345.5,32.5
34419;168.25,155;257.5,285.5;287.75,165;335.75,137;20.5,201.75;210,257.5;265,48.5;322.75,57.25
33607;177.5,104.75;261.5,299.25;283.25,185.5;293.5,101.25;20.5,201.75;210,257.5;232.5,10;332.75,60
15912;154.25,128.75;198,308;261,243.25;314.75,128.75;2,241.25;211,258.5;232.5,10;332.75,60
24049;178.75,158.5;221.5,259.5;260.75,237.5;298.5,96.25;33.75,277.5;224.5,284.25;232.5,10;332.75,60
10859;212.25,201;230,189.75;266.25,291.5;290,112.5;33.75,277.5;224.5,284.25;277,34.5;332.75,60
8251;180.25,238.75;242,216.75;279.75,312.75;290,112.5;65.75,271;224.5,284.25;315.75,19.75;353.25,69
1377;180.25,238.75;217.5,235;255.25,316.5;280.25,165;95.75,221.25;177.5,303.75;316,21.25;353.25,69
3598;180.25,238.75;217.5,235;256.75,316.5;284,138;128.75,199;217.5,320.25;298.5,63;326.5,82.25
45844;150.75,265;241,193.25;256.75,316.5;335.75,137;162.25,161.75;219,316.75;298.5,63;356.5,83
24585;173.75,311.25;222.25,228.25;258,315.5;362.5,85.75;114,198;159.5,318.5;298.5,63;356.5,83
3321;144.75,317.25;193.5,178.25;253,293.75;309.25,53.75;60,203.5;159.5,318.5;298.5,63;356.5,83
14226;134.5,291.5;193.5,178.25;284.75,320;292.75,106.75;67,185.75;117.5,289.5;268.75,74.5;356.5,83
50519;86.25,297.75;227.5,145.25;284.75,320;294.5,112.25;67,185.75;117.5,289.5;303.75,122;305,115
16879;120.25,302;266.75,103.75;274.25,313.5;292,127.75;24.5,189.25;117.5,289.5;303.75,122;305,115
38161;139,299.25;266.75,103.75;315.25,301.5;328.25,165.25;19.75,219;96.25,319.75;303.75,122;304.5,111.25
26380;185.25,269.75;225.25,130;278.5,251.75;328.25,165.25;17.5,155;73,309.25;296.75,115.75;303.75,122
42825;144.5,227;231,126.5;276,295;328.25,165.25;26.75,177.25;131,316.75;296.75,115.75;302.25,125.75
22897;155,228;265.5,90.75;276,295;324.5,208.75;43.75,155.25;132,317.25;273.75,114.75;302.25,125.75
1238;105,229;264.5,135.25;281,320.5;350,229.25;6.25,196.5;120.5,308;273.75,114.75;302.25,125.75
6886;120,198.75;264.5,135.25;281,320.5;363.5,297;15.5,150;178,266.5;271.75,115;302.25,125.75
26894;85.25,248.25;248.25,169;288,261.25;364.25,252.75;38.25,118.75;131.5,288.75;271.75,115;302.25,125.75
48211;71,281;290.75,169.25;300.75,318.75;364.25,252.75;3,87.25;69,297.75;271.75,115;302.25,125.75
10615;87,269;322,210.5;350,320;362,288;3,87.25;69,297.75;300.75,138;310.25,159.25
14435;87,269;307.75,239;310.25,322;343.25,240.75;3.5,87.25;123.75,318.75;300.75,138;358,175
16920;90.75,282.5;266.5,255.75;310.25,322;343.25,240.75;24.75,94.75;85.25,301.75;299.5,138;368.25,234.25
19959;90.75,282.5;291.5,237.75;310.25,322;343.25,240.75;20,123.5;70.25,286.75;317,198.25;360.25,231.25
45701;90.75,282.5;300.5,211;310.25,285.5;343.25,240.75;18.25,111.5;32,242.5;273,194.5;360.25,231.25
37236;66.5,295.5;241,223.75;342.75,228;345.75,239;18.25,111.5;32,242.5;273,194.5;360.5,175.5
34424;72.25,299.25;218.5,204.5;330.25,266;354,186.25;18.25,111.5;31.5,242.5;273,194.5;327.5,219.5
27437;117.25,315.5;218.5,204.5;297.75,302.25;354,186.25;5,128.25;31.5,242.5;227.25,206;328,163.25
26683;117.25,315.5;218.5,204.5;249.75,316.5;307,214.25;8.5,145.25;80,285;214.25,173.25;333.25,137.25
34399;117.25,315.5;262.5,178.5;280.5,277.25;297.5,229;26.5,105.5;80,285;195.75,175.25;329.25,94.25
38941;67.25,305.5;245.75,190.5;281.5,256.75;297.5,229;1.5,128.5;80,285;236.75,215;270.75,90.75
26083;38.5,308.75;226.25,237.5;284.5,251.75;314.5,263.75;1.5,128.5;80,285;236.75,215;315.25,107.5
179;7.5,284;211.75,202;320.5,224.25;328.25,229.5;1.5,128.5;64.25,290.25;248.75,220.75;315.25,107.5
782;39.5,242;211.75,202;323.75,224.25;356.25,272.5;8.5,171.25;64.25,290.25;218,166.75;277.75,89.5
26765;39.5,242;230.5,251.5;325.75,226.25;356.25,272.5;27,203.75;73.75,301.75;250.5,203.25;253.5,51
9052;57,240.75;253.25,246.25;316.75,259.75;356.25,272.5;59,223.25;70.25,267.75;251.5,203.5;253.5,51
15264;90,249.25;253.25,246.25;336,315;340.25,313.75;68.25,248.5;116.25,290.5;214,201;253.5,51
2055;91,249.25;253.25,246.25;351,290;364.25,275;107.5,229;142.75,270.5;172,196;253.5,51
25255;91,249.25;253.25,246.25;351.5,290.25;365.5,265;94,220.75;104,235.25;138.5,145;219.75,64
40152;91,249.25;257.75,239.5;322.75,305;349.25,230.75;68.5,168.75;104,235.25;164,113.25;179.25,106.5
38366;131,244.75;214.5,200.5;322.75,305;362.75,276.5;72.75,199.25;145.5,203.75;164,113.25;214.25,139
46794;131,244.75;229,185.5;290.25,318.25;312.25,302;71.25,183.75;145.5,203.75;163.5,113.25;235.75,118.5
13817;122.25,243.5;225.25,203;290.25,318.25;366.25,316.5;71.25,183.75;133.5,195;212.5,120.5;273.5,104
4504;122,244;225.25,203;282.25,319.75;336,313.5;16.25,205.75;100.5,152.75;147,113.75;273.5,104
22417;155.75,224.5;240.5,188.5;272.5,267.5;340.25,313.25;4.75,173.5;100.5,152.75;114,115.75;273.5,104
23182;139.25,227.5;217,132;272.5,267.5;331,301;4.75,173.5;108.75,111.75;137.25,73.5;317.5,99.5
5827;137.25,225.75;234,105.25;258.5,238.25;331,301;10,191.5;108,114;179.25,48.25;317.5,99.5
8883;164.5,185;196.25,113;258.5,238.25;331,301;54.75,223.25;103.25,76.75;143,56.75;354.5,54.25
46386;129.75,188.5;158.5,125.25;235.5,204.75;318,319.75;31.25,251;84.75,20;143,56.75;354.5,54.25
29465;118.25,180.25;158.5,125.25;281.75,215.75;312.5,268.75;45.75,294.5;83.75,21.75;143,56.75;339.75,34.5
18825;140.5,149;142.25,128.5;285.75,166.5;312.5,268.75;74,278.25;113.5,41.25;143.75,44.25;339.75,34.5
4967;145.5,116.5;146,124.5;240.25,165.75;360.75,294.25;59,221.5;125.25,22.75;143.75,44.25;339.75,34.5
38269;140.5,100.75;156.25,86.25;212.5,218.25;307,287.5;21.25,215.75;125.25,22.75;143.75,44.25;329.25,42.25
47429;154.25,85.5;181,80.25;224,260;252,287.75;22,198.25;125.25,22.75;168.5,88.25;329.25,42.25
28292;173.75,147.25;238.5,79.75;252,287.75;265,244.75;21.5,198.5;98.75,67;168.5,88.25;289,2.25
10891;173.75,147.25;231.75,77.25;252,287.75;275.5,236.5;62.75,216.25;143.5,89.75;208.25,86.75;289.25,34.5
3318;173.75,147.25;232,76.25;250.5,244;268.5,232;34,205.75;143.25,87.75;214.5,125.75;289.25,34.5
45027;173.75,147.25;196,96.75;289.5,243.5;300,206;20,192.75;170.25,87.25;188.25,96.25;289.25,34.5
26927;155,127.25;188.5,38.25;294,251;306,224.75;16.75,191.5;170.25,87.25;188.25,96.25;269.25,13.5
27342;144.25,177.5;218.25,55.75;306,224.75;339,256.5;15.75,143.25;170.25,87.25;172.75,146.25;250.5,71.75
32004;116.75,205.25;218.25,55.75;306,224.75;339,256.5;19.25,203;186.75,48.25;213,124.75;266.25,70.25
2833;157.5,156.75;223.75,57;246.5,245.5;363,247.5;19.25,203;165,96;195.5,181.5;266.25,70.25
44362;158.75,157.25;174.25,20.5;195.25,245.5;312.25,245.75;19.25,203;193.5,68.5;195.5,181.5;325.25,82
36401;155.5,193.5;174.25,20.5;236.75,267.25;312.25,245.75;53.75,221;184.75,130.5;218.75,121;355.25,44.5
19807;93,202.25;178,37;278,231;300.5,235.25;53.75,221;187.75,134.5;218.75,121;337.25,79
2850;131,244.25;178,37;292.75,180;300.5,235.25;90,196.5;157,96;188,161.25;345.75,60.25
10243;156.5,260.5;178,37;269.5,167;327.25,206.5;90,196.5;192.25,69.25;227.5,193.25;302,25
33775;143.75,244.25;152,88.5;260.5,177.5;327.25,206.5;95.75,221.75;163,91.25;245.25,183.75;302,25
41274;100.75,232;152,88.5;226.75,203.5;342.25,197.25;119,274.5;163,91.25;224.25,155.25;258,6.25
3976;66.75,248.75;153,88.25;170,196.75;370,186.75;94.5,232.25;166,35.5;224.25,155.25;258,6.25
33812;90.25,196.5;108.5,59.5;127.25,243;360.25,251;94.5,232.25;133.25,19.75;246,194;258,6.25
24343;29.5,206.75;72,85.5;127.25,243;360.25,251;100.25,269.75;127.25,20.75;235,228;273.5,62
36959;29.5,206.75;67.75,124;157.25,227.75;326.25,283.25;87.5,255;141.75,12;235,228;264.5,49.75
47063;48.25,247.5;87.5,119;132,191.75;344.5,321.25;127.75,266.25;141.75,12;221,246.25;264.5,49.75
20098;47.75,279.5;73.25,115;132,191.75;343,289.5;74,273.75;124.25,19.75;196.75,254.75;264.5,49.75
32644;43.75,270.5;78.75,109.75;86.75,197.25;343.25,289;75.5,273;124.25,19.75;167.5,303;264.5,49.75
14533;68.75,291.5;79.75,75.25;89,204.25;343.25,289;11.5,269.5;155.75,52;167.5,303;264.75,48
33560;67,296.75;70.25,20.75;89,204.25;344.75,239;67.25,265.5;155.75,52;168.5,303.75;214,35.75
34945;67,296.75;70.25,20.75;89,204.25;277,256.25;43.75,306.75;188.5,102;220,319;255.25,14.75
5393;28.25,303.75;64,84;89,204.25;282.5,245.75;45.25,276.75;192.25,107.5;220,319;254.75,19.25
18917;26,241;64,84;70.25,146;271,255.25;45.25,276.75;173.25,41;228.75,255.5;233,82.25
37341;37.25,271.5;86.25,34.5;100,165;227.75,267.75;45.25,276.75;173.25,41;228.25,256.75;298.75,85.75
30673;10,227;86.5,73.5;100,165;214,247.75;41.25,251.75;162,49.75;234.75,208.75;298.75,85.75
5357;27.75,230.5;85,107.25;100,165;214,247.75;44.5,306.75;193.5,5.75;229.75,188.75;312.5,86.75
31360;25.25,284.75;85,107.25;94.25,159;199.5,250.75;44.5,306.75;204.25,53.25;271.25,238.5;288.5,143.25
40927;53.25,295.5;85,107.25;93.25,157.5;239.25,291.25;44.5,306.75;162.75,72.25;302.75,198;309.75,91
12519;52.25,321.75;85,107.25;93.25,157.5;223,302.5;44.5,306.75;198.75,84;268.5,237;321.25,131.5
32133;52.25,321.75;117.25,114.25;134,189.25;227.5,271.75;5.5,306.75;162,81.5;268.5,237;350,175
27884;52.25,321.75;64.25,146;132.5,189.75;276.75,245;5.5,306.75;199.75,99.5;275,266.75;345.5,144.75
2907;15.75,302;21,178;82.5,228;247.25,273;5.5,306.75;135.5,98.75;314.5,313.5;345.5,144.75
30758;16.25,306;80.5,178.25;115,219.75;215.25,217.25;8.5,304;135.5,98.75;314.5,313.5;340.75,172
18711;16.25,306;51.25,190.75;61.25,201.5;253,181.75;8.5,304;149,56;347.75,266;357.25,149.5
46789;7,265;8.5,177.75;26,212.25;282,165.75;43,310.75;131.25,76.75;347.75,266;357.25,149.5
6153;16.5,228.5;22,177.5;24,177.25;282,165.75;31.5,311.25;131.25,76.75;312.5,237;329.25,200
37096;49.5,215.75;70,202.75;76.25,227.5;282,165.75;87.25,268.25;132,78.75;312.5,237;341,204.5
49176;49.5,215.75;70,202.75;76.25,227.5;250.5,116.5;57.5,235;101.25,35.75;288.75,227;356,162.75
11421;40,238.25;76.25,227.5;81.75,173.25;222,80.25;30.25,186;136.75,56.75;252.25,244.75;356,162.75
24067;2.75,222;60.25,170.75;63.5,218.75;240.5,96.25;30.25,186;136.75,56.75;260.5,291.5;352.5,197.25
2308;2.75,222;49.25,138;57.5,216.5;285.25,72.5;52,144;91,19.5;260.5,291.5;319.5,194.75
33665;1.5,199.75;49.25,138;77,175.25;277.5,130.5;91.5,168.25;143,48.25;242.5,310.25;319.5,194.75
15103;1.5,199.75;65.5,113.75;65.75,144.75;306.25,110.5;65,177.75;132.25,19.25;242.5,310.25;309.25,142.5
30254;1.75,196.5;15,126.5;65.75,144.75;309,135.25;65,177.75;150.5,53.25;223,311.25;276.25,120.25
39307;0.25,198.5;15,126.5;65.75,144.75;271,167.75;94,220.75;121.5,41;160.75,299.25;276,119.25
36281;0.25,199.75;15,126.5;65.75,144.75;291,229.5;65.25,248.5;145.25,42.5;221.25,280;268.25,181.25
33005;0.25,199.75;9.5,90.75;91.25,157;291,229.5;65.25,248.5;193.25,40.25;245.25,320.25;277.75,192.5
20259;50,190.5;51.25,75.75;91.25,157;353,216;65.25,248.5;210.25,62.75;266,282.75;289,233
32159;50,190.5;95,59.25;116.75,146;361,208.5;74,270.5;210.25,62.75;238.5,292.5;338.25,225.25
42334;50,190.5;95,59.25;116.75,146;369.75,149.25;84.25,301.25;168,88.25;191.75,307.5;284,199
42412;92,190.25;95,59.25;116.75,146;317.5,150;45.25,306.25;160.5,48.5;160.5,283;257.25,174.5
30178;70.25,190.5;107,32.5;133.75,126.5;300,153.75;45.25,306.25;157.75,32;161.5,299.75;257.25,174.5
9220;28.5,230.5;52.75,54.5;112.5,69.75;300,153.75;45.25,306.25;130.75,76.75;175.25,304.25;254.5,175.75
28517;9,176.25;35.5,37.5;112.5,69.25;273.25,144.5;104.25,304.25;130.75,76.75;184.75,289.5;254.5,175.75
14276;6.5,174.25;35.5,37.5;88,118;282.25,122.75;118.5,293;130.75,76.75;196,309;301.25,204
35201;6.5,174.25;35.5,37.5;79.5,133;282.25,122.75;93.75,241.75;110.25,136.25;221.5,315.75;331.75,164
12204;2.5,194.5;6.25,50;80.5,172;317.75,116;72,192.25;110.25,136.25;221.5,315.75;354.75,213.5
14223;8,177.25;62.75,26.75;72,175.25;317.75,116;72,192.25;139.75,188;179.5,302.75;346.25,277.75
36562;20.25,153.25;51.5,65.5;61.75,171.75;317.75,116;16.75,217.5;98,189;130,317.75;346.25,277.75
32775;2,178.25;40.25,61.25;71,135.75;317.75,116;10,244;97.25,191.25;128,323.25;346.25,277.75
49199;16.5,145.75;88.5,63.25;114.75,105;316.25,111.5;3.75,308.25;97.25,191.25;158.25,300.25;346.25,277.75
1230;16.5,145.75;100.5,26.5;137,127.25;316.25,111.5;13,308.25;106.25,164.25;185,251.5;347.25,321.5
43500;46.75,138;85.5,66.25;137.75,127.5;308,114;3,309.25;106.25,164.25;161.25,222;347.25,321.5
12030;49,125;84.5,86;174.5,162.5;308,114;20,288.5;78.5,151.25;152,224.75;347.25,321.5
42395;99.25,126.25;109.75,121.25;193,155.25;280,72.25;20,288.5;93.5,137.25;148.25,249.75;347.25,321.5
37746;78.25,120.75;153.5,124.25;207.25,167;293,105.25;20,288.5;101,122.25;110.25,281.75;347.25,321.5
20150;78.25,120.75;134.25,125.25;191.75,213.5;293.5,53.75;20,288.5;81.25,156.75;143,317.25;309.75,298
38127;72,96.25;114,138.5;156.5,213.75;252.75,44.5;12.25,306.5;37.75,146.5;143,317.25;309.75,298
43151;105.25,126.25;117.5,180.25;153,158.25;258.5,18;30.75,300.5;36.75,146.75;143,317.25;309.75,298
49985;47.5,123;136.25,192;153,158.25;270,31.5;14.5,310.75;36.75,146.75;83.75,305.5;281,288.25
30938;47.5,123;101.25,223.25;203,185.25;213.5,32.75;14.5,310.75;35.75,143.5;117.5,323.25;327,314
39459;4.5,105.75;137.25,227.75;209.5,240.75;266,19.5;14.5,310.75;35.75,143.5;117.5,323.25;347.25,294
7492;4.5,105.75;117.25,239.75;242.5,268.25;316.5,41;14.5,310.75;18.25,111.25;120.25,273.25;341.75,294.75
6990;16.25,42.25;140.5,287;242.75,267.5;370,73.25;14.5,310.75;31,123.25;130.75,289.5;341.75,294.75
47462;28.25,17.25;140.5,287;202,283.75;357.25,20.5;15.25,314.5;77.5,110.25;118.75,290.5;341.75,294.75
25915;66.5,25.75;115.75,257.75;209,310.75;357.25,20.5;15.25,314.5;82,100.75;142.25,268.75;355.75,243.5
30421;2,26;147.5,302;209,310.75;357.25,20.5;57.75,268.25;83,168.25;123,298;353.5,198.25
3052;68.75,32;140.25,226.75;230,278.5;352.5,35.75;33.25,240.5;62,165.5;123,298;353.5,198.25
2077;32.25,36.5;164.25,202.75;230.5,253;352.5,35.75;7,245.5;49.25,175.25;145.25,271.25;353.5,198.25
14753;79.75,17.25;114.5,199.75;230.5,253;313.75,6.25;13.75,272;23.5,179.75;167.75,299.75;353.5,198.25
41520;64.75,1.5;147.5,239.25;250.25,313.25;265,1;13.75,272;23.5,178;166.75,296.25;353.5,198.25
49814;66.25,31.75;147.5,239.25;250.25,313.25;303.25,55.5;45.75,308.75;90.75,189.5;217.5,253;291.75,199
22119;106,18.5;122,259.25;250.25,313.25;266.25,94;94.25,316;113.25,196;217.5,253;328.5,205.75
23480;106,18.5;155.5,226.5;219,270.5;262.25,30.5;105.5,283.75;113.25,196;241.5,261.5;333.75,205.75
49273;109.75,72.75;152,230;168.25,302.75;247.25,29;105.5,283.75;113.25,196;194.25,254.75;281.25,217
17331;87.5,86.25;177.5,204;184,272.5;188.5,50.25;61.5,267.25;113.25,196;193.25,307;281.25,217
41432;51.25,55.5;177.5,204;217,260.5;244.75,28.5;62,297.75;134,224.25;249.25,310.25;281.25,217
4817;81.5,91.75;215,217.75;220.5,266;243.75,28;62,297.75;142.25,222.25;249.25,310.25;256,163.25
5977;81.5,91.75;162,256.75;165,290.25;260.25,94.5;1.75,309.75;148.75,249.75;239,320;256,163.25
29900;79.5,84.25;155.5,289;162,256.75;270.75,148.75;1.75,309.75;115.25,196.5;278.75,293.5;316,145
16160;65.75,88.5;155.5,289;178.5,266.25;286,165.5;14.5,293;115.25,196.5;261.25,258.75;305.25,149.5
24956;67.5,98.75;103.5,256;165.5,226;286,165.5;13.25,314.5;115.25,196.5;313,228.75;336.25,164
46621;67.5,98.75;103.5,256;208.5,200.5;281.5,167.5;24.25,300.25;139.5,155.25;301.75,199;359.75,158.75
23571;89.5,155.25;142.25,238.25;208.5,200.5;322.75,156.75;2.5,245;139,155.25;251,234.75;359.75,158.75
30869;97.75,126.25;153.75,243.25;208.5,200.5;287,186.25;21.25,210.25;151.5,155.5;197,249.5;359.75,158.75
48418;49.25,90.5;163.5,227.75;252,227;309.25,208.25;25.25,175.25;151.5,155.5;164.5,239.5;359.75,158.75
43656;11.5,42.75;164.25,217.25;272.75,167;335.25,209.75;55.5,171.75;125.25,116;164.5,239.5;359.75,158.75
33102;6,3.75;164.25,217.25;281.75,166.5;364,236.5;55.5,171.75;118.5,140.5;222,220.25;329.75,147.5
22779;54.25,32.5;164.25,217.25;256.5,219;340,218.25;21.75,212.25;180.5,131.5;227.25,183;329.75,147.5
17714;51,69.25;164.25,217.25;255.25,210.75;319,259.25;58,237;143.5,88.75;227.25,183;284,176.5
2769;51,69.25;164.25,217.25;255.25,210.75;336,258.75;27.5,205.75;106.75,124.25;243,164.75;257.25,174.5
40059;51,69.25;161.5,162;256.75,210.5;336,258.75;52,257.75;120.75,161.5;234,209.5;301.75,204.25
34008;16.25,41.75;184.75,113.75;239.5,198.25;336,258.75;15.5,297.75;120,113.75;234.75,212;301.75,204.25
34707;5,41.75;217.75,73.5;264,241.75;336,258.75;63.25,297.25;120,113.75;196,247;316.75,211.25
8347;25.75,62.75;175.5,43.5;275.5,216;324.5,210.25;24.5,265.5;120,113.75;196,247;270.75,194.25
3528;7.75,32.75;138.5,76.25;264,181;363.25,242.25;24.5,265.5;120,113.75;147,252;330.25,197.5
10017;50.25,54.5;138.5,76.25;288.25,230;363.25,242.25;13,309.25;104.25,66;120.25,198.5;292.75,152.5
48710;81.75,79.75;140.75,74.75;288.25,230;350,239;27,323.75;88,108.25;120.25,198.5;336.5,135
22614;81.75,79.75;115.75,127.75;273,272;342.5,198.75;27,323.75;86.25,102.25;141.5,198;344.5,187.25
23301;81.25,113.75;84.5,141.25;296.5,245.5;342.5,198.75;27,323.75;45.25,90.25;137.25,198.75;356.5,165.25
49539;74.5,142.5;87.5,178;343.75,278.75;356.5,199.25;27,323.75;39.5,89.25;137.25,198.75;335.5,197
21536;27,177.75;116.5,230.25;286,288;325.75,205.5;18,323.25;58.5,121.75;137.25,198.75;335.5,197
11725;27,177.25;140,266.5;286.25,287.25;344.25,230.5;44.5,310.25;58.5,121.75;116.75,215.5;335.5,197
41335;0.75,177.75;162.5,218.75;286.25,318.75;296,238.75;44.5,310.25;58.5,121.75;129,252.5;335.75,192.25
3492;0.25,175.5;120.5,259.75;286.25,318.75;295,239;44.5,310.25;85.5,115.25;105.5,274.25;336.25,226
48126;25.5,139.25;107,308.5;286.25,318.75;295,239;35.5,264.5;116.75,77;169.75,265.5;364.25,278
19762;79.75,140;117.25,271.75;293.5,322.75;311.75,218;29.75,311.5;119.5,80.75;169.75,265.5;364.25,278
29385;65.25,184.5;86.75,312.25;264.75,288;312.75,216.75;64.25,297.25;74.25,57;169.75,265.5;364.25,278
23168;69.5,140.75;86,287;243.75,313.25;312.75,216.75;62.5,311;70.25,21;181,289;364.25,278
46361;69.5,140.75;95.75,318;236.5,280.75;246.75,249.75;29.5,291.5;48,2.5;181,289;364.25,278
20870;39.25,78;92.75,297.75;236.5,280.75;298.75,230;3,240.25;48,2.5;194,251;307,307.5
28796;39.25,78;85.25,321.5;238.75,257.5;336.75,197.25;3,240.25;48,2;236,218.75;338.5,313.5
26394;16.5,29.5;85.75,321.25;238.75,257.5;336.75,197.25;11.75,194.75;77.25,12.25;265.5,244.25;357.5,312.75
33228;67.5,1.25;85.75,321.25;297,264.25;353,255.25;23.25,188;118.75,18.25;265.5,244.25;357.5,312.75
27759;82.75,33.25;112,308.5;301.5,254.5;323.75,227.5;61,191.5;118.75,18.25;265.5,244.25;357.5,312.75
41390;142.5,13;144.5,305.5;293.5,210.5;301.75,255;61,191.5;118.75,18.25;234.25,255.25;313,298.25
13970;109.25,43;183.25,277.75;248.25,188.5;301.75,255;67.25,212;118.75,18.25;234.25,255.25;321.75,309
38790;82.5,67;183.25,277.75;248.25,188.5;301.75,255;74.75,173.75;101.75,12.25;180.25,232.25;353.75,266.75
14200;124.75,83.25;126,279;247,188.75;293.5,230;74.75,173.75;100.5,34;180.25,232.25;356.75,231.25
36096;102.75,35.25;139.5,264.75;202.5,230;345,240.5;82,166.5;92.25,21.5;180.25,232.25;356.75,231.25
26997;105.25,9.25;139.25,309;212,241.75;355,198.25;82,166.5;107.5,14;180.25,232.25;355,191.25
30182;105.25,9.25;133.25,291;212,241.75;355,198.25;29,150.75;131,48.75;210.75,184.75;356.25,137.5
31362;80.75,3.75;85,248.75;242.5,204.25;316.75,224.75;6.25,196.5;130,49;210.75,184.75;356.25,137.5
43285;59.75,4.25;136,213.5;242.5,204.25;332,279.5;6.25,196.5;144.5,48.25;194.75,242.25;341.75,115
41287;72,43.5;147,240.5;229.25,204.5;283.75,319.5;5.5,195.75;144.5,48.25;220.5,184.75;341.75,115
46504;72,43.5;170.5,290;199,226;308.75,289.5;5.5,195.75;164.25,48.5;275.25,213.75;293.25,138.5
19886;133,55.25;170.5,290;246.25,260.25;261.5,264.25;5.5,195.75;146.75,88.75;274,192.25;279.5,90.25
44411;133,55.25;169.5,289;211.75,225;223.25,260.5;7.75,171.25;146.75,88.75;249.75,142;309.75,83.5
43391;122,6.75;198.5,321.25;237.75,279.75;264.75,306.5;7.75,171.25;146.75,88.75;282.5,176;309.75,83.5
2929;127.75,33;167.25,262.5;282.5,318.25;293,322.25;8,139.25;116.25,80.5;282.5,176;309.75,83.5
47433;127.75,33;170.25,297.25;282.5,318.25;293,322.25;24.5,127;65,55.5;309.25,196.25;324.75,82.5
28271;142.5,77.5;198.75,267.5;283.75,321.75;293,322.25;70.25,125.75;75.5,20.5;295.5,201.75;324.75,82.5
45787;173,52.25;257,286;291,318.25;313.5,294.5;51,76.25;75.5,20.5;295.5,201.75;324.75,82.5
47030;172.5,52.5;265.5,242.5;291,318.25;350.75,288.5;75.25,9.75;98.25,40;229.25,204.75;324.75,82.5
137;172.5,52.5;244,260.25;291.75,317.75;350.75,288.5;9,4;129,97.75;185,213.25;276.5,46.75
11532;173.75,21.75;242.75,297.25;291.75,317.75;368.75,314.25;7.5,49;129,97.75;195.75,240.75;277.5,46.5
16924;184,72.25;277.25,313;306.25,320.25;316.75,302.5;7.5,49;162.75,53.25;195.75,240.75;277.5,46.5
27651;228,42.5;278.5,286.25;306.25,320.25;330.5,293.5;3,96;184.5,36.75;195.75,240.75;244.75,73
31314;221.25,73.75;262,255.25;294.75,319.5;330.5,293.5;38,56.25;152.5,29;195.75,240.75;262.25,133
46271;188.5,49;243,218.25;294.75,319.5;322.75,300;4,34.5;152.5,29;230,263.5;262.75,131
29235;155.5,33.5;243,218.25;286.25,286.5;290.5,320.75;3.75,32.75;152.5,29;189.25,275.75;247,133.75
35811;155.5,33.5;243,218.25;264,308.75;272.5,261;3.75,32.75;93.75,21;159.75,319.5;220,116
35770;155.5,33.5;229,189.75;255.5,276.75;265.25,240.5;3,32.75;93.75,21;210,297.25;212,106.75
33927;154.5,7.75;179.5,219.5;255.5,276.75;263,180.5;3,32.75;97.25,65;219,257;241.5,48
5666;176.5,47.5;218.75,253;230.5,237.5;237.25,224.5;3,32.75;79.75,121.5;219,257;241.5,48
16598;196.25,83.5;205,254.75;215.25,217.25;230.5,237.5;3.75,32.75;79.75,121.5;227.75,230.75;240.25,17.25
37296;163.25,124.25;240.25,237.5;246.5,249;258.25,238.5;20.5,46;77.5,100;227.75,230.75;240.25,17.25
49049;195.25,113.75;223.25,260.5;238.5,308;272.75,197;20.5,46;77.5,100;172.75,197;240.25,17.25
26489;141.5,128.5;194.25,296.5;217.25,320.25;272.75,197;12,70.5;89.5,33.25;172.75,197;239.5,11.5
11290;158,125.75;249,288;268.25,301;269.75,164.25;12,70.5;144.25,28.75;223.5,231.75;239.5,11.5
19008;201.5,174.75;214.5,311.5;249.5,259.5;269.75,128.25;32.75,52.5;144.25,28.75;223.5,231.75;250.25,60.75
24319;176.25,162.5;214.5,311.5;239,215.75;307,139.25;32.75,52.5;176.25,7.5;213.5,175.75;217.75,99.75
20156;167.5,224;174,270;241.75,161.5;287,183.75;95.75,34.75;176.25,7.5;213.5,175.75;274,90.75
20719;167.5,224;174,270;206.5,178.25;281.5,173;85.75,13;175,39;185.25,129.5;219.25,68.25
14159;167.5,224;174,270;206.5,178.25;263.25,112;134.75,20.5;139.75,73.25;159.75,105.25;160.5,51.75
32388;208.75,201;221.5,302.75;222.25,251.5;302.75,140.75;134.75,20.5;139.75,73.25;160.25,55;201.75,106
40281;198,170;221.5,302.75;275,221.75;293.75,168.75;99.25,9.5;139.75,73.25;141.25,12;182.5,72
4121;146.75,193.25;205.5,299.25;273,286.25;302,209;82.75,24.75;139.75,73.25;141.25,12;182.5,72
17944;161,222.75;205.5,299.25;291,322.75;328.5,266.25;106.25,54;139.75,71.5;141.25,12;226,95.25
34000;118.25,224;164.75,279.25;286.25,276.75;340.75,315;76.5,29;139.75,71.5;141.25,12;268,99.5
34884;156,253;204.25,282.25;279,256.75;350.75,304.5;65.75,11.5;139.75,71.5;141.25,12;268,99.5
19881;165.25,280.5;187,230.75;240.5,217.25;290,322.5;65.75,11.5;139.25,29;139.75,71.5;308.75,153.5
23596;165.25,280.5;228.25,205.75;229.5,189.25;341.25,315;61.5,12.75;107.25,41;139.75,71.5;301.25,196
45201;165.25,280.5;245,176.75;247.5,170.25;348.75,317.75;38.75,34;107.25,41;193.75,100.5;301.25,196
30063;165.25,280.5;238.25,188.5;247.5,170.25;348.75,317.75;25.25,71;114.25,12.75;213.5,85.75;325.75,211.75
22717;198,306;205.75,178;247.5,170.25;285.25,322.75;9,44.75;112.75,13.5;213.5,85.75;289,185
2616;160.5,319.25;180.75,229.25;246.75,127;302,289.25;9,44.75;112.75,13.5;215.25,27.25;273,170
5423;115.25,284.5;222,267;298.75,110.5;306.25,289.25;9,44.75;112.75,13.5;205.5,22.25;257.5,163.75
47846;86,314.25;222,267;254.5,99;275.75,283.5;9,44.75;128.25,20.75;170,49.75;277.75,142.75
7401;52,293.25;222,267;274.25,61;286.5,232;9,44.75;156.25,32;201.25,61.5;321.5,136
8691;25.75,305.25;223.5,275;259,34.75;286.5,232;15,18;156.25,32;235.25,49.75;269,173.25
942;62.5,280.75;233.25,252.5;293,37.75;326,265.75;14.5,16.25;156.25,32;235.25,49.75;269.25,180.75
43430;41.5,263.75;245.5,209.25;271.75,74.75;356,289;14.5,16.25;129.75,19.25;256,9.5;269.25,180.75
3196;41.5,263.75;270.5,180.25;310,55;354.25,317.75;13.5,15;87.75,47;256,9.5;323.25,161.5
42286;5.75,295;303,152.25;312.5,41.5;354.25,317.75;13.5,15;54.25,93.75;256,9.5;358.75,192
42216;42.25,317.75;294.25,89.25;302,97.25;311,319.75;13.5,15;54.25,93.75;263.75,72;358.75,192
6917;43.25,317.5;271.25,102.5;290,127.75;350.75,274.5;13,4.75;54.25,93.75;264.5,83;358.75,192
49288;74,306.5;267.75,112.25;289.5,164.25;308.5,259.5;49,30.75;54.25,93.75;285.5,114.5;358.75,192
37317;50.5,284.25;228.25,127;272.5,167.75;277.25,240.75;11.25,10;54.25,93.75;285.5,114.5;358.75,192
14477;69,230.5;275.25,135.25;281.25,142;317.5,226;8,58.5;54.25,93.75;289.75,144.25;358.75,192
13377;41,238.5;306.5,99.25;309.5,114.5;340.75,239;10.5,11;54.25,93.75;290.25,141;358.75,192
44118;12.25,295.5;277.75,75.5;324,114.75;342.75,179.25;13,71;109.75,112.75;290.25,141;358.75,192
40750;10.75,305.5;283.5,101.75;324,114.75;355.25,209;30,88.5;101,108.75;281.5,120.25;358.75,192
40844;30.5,284;310.75,97.25;331,138;352.75,224.5;30,88.5;120.5,97.75;281.5,120.25;329.75,159
26487;30.5,284;317,58.75;340.5,164.5;352.75,224.5;32,146.25;168.25,92.5;277,114;348,171
19089;67.75,247.75;317.5,58.5;340.5,164.5;352.75,224.5;56.5,153.5;219.25,108.25;254.5,76;340.25,171
12436;54,216;296.75,102.75;340.5,164.5;349.25,225.5;56.5,153.5;255.5,132.25;303,58.25;328.5,164
35678;78.5,200.75;285.25,106.5;312.5,150;364,241;56.5,153.5;226.5,117.5;303,58.25;328.5,164
40033;117.5,163;295.5,85.5;356.25,122;363.25,248.25;56.5,153.5;226.5,117.5;307.5,4.25;328.5,164
29920;160.25,203.25;292.25,54.25;303.75,136.75;354.75,289.5;69,129;226.5,117.5;307.5,4.25;328.5,164
35020;179.25,234;244.5,13;287,102.75;354.75,289.5;51.5,175.75;226.5,117.5;241.25,15;355.25,164.75
14615;164.25,206.75;244,13.25;276.5,74;354.75,289.5;51.5,175.75;190.75,163.5;213.5,6.75;339.5,147
5550;177,201.5;270.5,36.5;302.5,113.75;323.75,318.5;59.25,175.25;160,151.75;213.5,6.75;339.5,147
2839;177,201.5;284.5,72;287,122.5;370.25,321;69.75,153.5;138.5,143.5;213.5,6.75;314.25,161
10219;162.5,224.75;264,97.5;291.75,115.75;364,290;39.5,111.5;187.75,176.5;213.5,6.75;314.25,161
32838;162.5,224.75;211,79;260,96.5;344.5,266.75;15,101;216.25,154;234.5,36.75;314.25,161
47228;153.5,228;188.75,58.5;294.75,115.5;349.25,275;15,101;216.25,154;234.5,36.75;320,195
12195;94.75,249;170.75,88;314.5,151.5;339.75,313;72,100.75;221.25,160;234.5,36.75;320,195
2724;82,267;170.75,88;314.5,151.5;339.75,313;39.25,107.5;197.5,177.25;215.25,19;335.25,221.75
43923;36,299.25;177.5,38.5;293.5,101.25;355,319;36.5,111.5;197.5,177.25;215.25,19;271.25,218.75
22808;43.75,296.5;199,83.75;285,74.25;306.75,321.75;36.5,111.5;190.25,181;215.25,19;271.25,218.75
47591;57,252.5;186,58.75;275.5,102.5;342.75,290;96.75,88;190.25,181;215.25,19;282.25,174.75
12284;98.25,255.5;145.75,20.75;272.25,71.5;342.75,290;136.25,107.25;190.25,181;226.5,36;241.25,186
30381;119,264.75;157.75,30.25;269,71;342.75,290;161.5,89;201.5,174.25;226.5,36;249.25,215.75
14041;143,302.25;166.25,44.5;283.5,25.5;342.75,290;141.5,98.25;201.5,174.25;264.75,82.25;269,275.75
46965;89.75,312;210.75,9.75;300.5,19.75;316.25,299.5;141.5,98.25;181.75,181;239.75,120.75;269,275.75
11390;70.25,299;210.75,9.75;300.5,19.75;316.25,299.5;198.25,87.75;213.25,190.5;228.5,114;312.5,311.5
2060;98.25,282.5;210.5,9.25;310.75,57.25;356,251.75;198.25,87.75;213.25,190.5;248,110.75;340.75,321
24707;69.75,317.5;268.75,30;298.5,95.75;322.25,306.75;154.25,49.75;213.25,190.5;285.5,95.75;340.75,321
37351;69.75,317.5;268.75,30;298.5,95.75;364.25,311.5;120.25,16.75;175.5,215.5;320.25,107.25;334.75,294.5
31768;84.5,256.25;233.75,10;271,72.25;364.25,311.5;156.5,65.25;175.5,215.5;352.5,136.75;362,262.75
17963;139,296.5;173.75,21.75;210.75,77.25;364.25,311.5;93.75,47.25;226,251.75;327.75,160.25;362,262.75
5226;89.5,287;166.75,48.25;253.75,109.25;364.25,311.5;93.75,47.25;224,252.25;284,173;320.75,299.75
21945;88.75,284.25;167,49.25;253.75,109.25;364.25,311.5;151.25,51.75;201.5,210;326.5,158.75;360.25,267.25
25776;121.25,278.5;169.25,20.25;242,170.75;361.75,279.75;116.75,52.25;201.5,210;326.5,158.75;360.25,267.25
8478;130,237.25;159,34.75;267,128.25;364,236;162.75,11.5;241.5,182.25;326.5,158.75;360.25,267.25
33643;130,237.25;174.5,36.75;298.75,112.25;338.25,224.5;159.5,50.25;284.75,196.25;347.75,207;360.25,267.25
39336;130,237.25;142,55.25;294.25,101.5;340,266;146,91.75;303.5,196.25;303.75,216.5;360.25,267.25
10868;130,237.25;203.75,56.5;287.5,70.75;347.75,273;146,91.75;284.5,225;293.5,198;344.75,277.5
35444;147,262.25;183.5,36.75;277.25,30.5;347.75,273;163.25,48.5;284.5,225;303.5,197.25;309,301.5
3908;113,307.5;183.5,36.75;277.25,30.5;346.5,271.25;146,92.75;301.5,196;308,198.75;332.5,275
26824;113.25,304;214.75,38.75;277.25,30.5;335.75,217;146,92.75;300.25,199.75;320.25,243;339.75,313.75
16694;52,294.5;216,39.25;240.75,32.25;306,163;164,161.75;300.25,199.75;320.25,243;357.5,283.5
21642;8.75,306.5;216,39.25;272.75,31;274.75,129.5;164,161.75;320.25,243;328.5,205.75;358,283.5
41249;44.75,308.5;151.5,46.5;239.25,73.5;274.75,129.5;139.75,199;292.25,301.5;352,184.75;358,283.5
37152;45,307.25;141.5,38.75;189,36.75;274.75,129.5;117.25,198.5;292.25,301.5;351.5,202.25;356,285.5
38162;81.25,297.5;122.75,42.5;126.75,33.5;274.75,129.5;117.25,198.5;319,314;348,152;355,285.5
25425;31.25,240;126.75,33.5;167.75,100.25;301.75,53;114.25,197.5;276.25,304.75;354.25,80.75;355,285.5
35523;27.25,257;118.25,84;189.75,111.75;310.75,52.25;111,225.25;267.25,320.25;354.25,80.75;355,285.5
19857;11,262.25;135.75,98.5;170.5,89.5;324.5,6.5;111,225.25;236.75,309;354.25,80.75;355,285.5
25775;55,231.25;135.75,98.5;224.25,72.75;323.75,7;103,276.75;236.75,309;324.25,57.5;338.75,309.5
655;87.75,213;135,88.75;213.75,63.25;270.5,23.25;87.5,225.5;236.75,309;324.25,57.5;339.25,309.5
3147;33.5,240.5;188,78.75;216.25,1;273.75,87.75;113.75,276.5;236.75,309;301.25,13;339.25,309.5
16197;81.75,267.5;170.75,100.5;216.25,1;257,44.5;153.25,247.75;236.75,309;240.75,14.25;335.5,320.75
8147;62.25,255.75;146,139.75;232.75,21.5;271.5,72.75;125.25,273.5;236.75,309;240.75,14.25;313,311.5
36619;56,219;146.25,193.5;229.5,12.25;265.25,17.5;99.5,220.25;236.75,309;252.5,41.5;313,311.5
1911;56,219;135.5,149;159,27.5;276.5,15.75;63.5,191.75;236.75,310.5;261.25,105.5;313,311.5
47074;53.75,158.25;74.5,135;148.5,86.75;290,5.5;23,206.75;173.75,290.25;261.25,105.5;313,311.5
16905;28.5,177.5;74.5,135;149,86.75;344,3.25;38.25,206.75;161.25,298.5;261.25,105.5;353.25,279.5
9322;37,138.25;43.5,113.5;174,21;336,32;38.25,206.75;161.25,298.5;260.25,104.5;354,264.75
30021;30.25,115.75;37,138.25;226.75,32.25;352,12.25;46.5,247;147,319;211.25,99.5;354,264.75
36549;25.5,62.75;36,114.25;215.5,9.5;353.5,42.75;42.5,308.25;147,319;211.25,99.5;354,264.75
8590;4.75,42.25;27.25,182;215.75,8.5;298,73.25;42.5,308.25;168,298.75;215.25,24.25;354,264.75
1416;10,55.5;47.75,210.25;160.25,2.5;298,73.25;42.5,308.25;176.25,238;216.25,27.25;336,319.5
7425;28.75,96.75;47.75,210.25;160.25,2.5;283.25,120;64.75,307.5;161.25,195.25;166.5,36.5;351,314
16783;30.5,139.25;53.5,170.75;142.5,21.25;283.25,120;64.75,307.5;184,230.25;189,1.25;351.25,314.5
39401;48,101.75;53.5,170.75;175.5,35.25;257.5,154;47.25,311.25;178.25,265.75;189,1.25;330.75,281.75
37595;47.75,100.75;53.5,170.75;175.5,35.25;248.25,136;32.5,265.25;146.75,301.75;162.75,17.75;326.75,314.25
26448;69.75,99;87,227.75;152.75,31.25;284.25,143.75;32.5,265.25;146.25,283.5;162.75,17.75;326.75,314.25
32681;71.5,147.25;94.5,174.75;113.25,67;264.25,135.25;69,208.5;146.25,283.5;162.75,17.75;326.75,314.25
33203;64,88.5;114,163.25;128.75,46;271.5,73.75;90,196.5;146.25,283.5;162.75,17.75;326.75,314.25
34384;34,93;96.75,163.75;128.75,13.75;261,32.25;90,196.5;161.5,226.5;162.75,17.75;352.25,305.25
27683;23.5,84.25;123.5,204;128.75,13.75;226.75,30.25;90.5,196;169.75,221.75;184,60.75;352.25,305.25
35598;42,125;79.25,165.5;81,22.25;203.5,41.5;90.5,196;145.75,162;184,60.75;352.25,305.25
26333;1.5,108;106.75,214.5;114.75,20;195,84.25;91.75,195.5;145.75,162;165.5,78.5;352.25,305.25
27648;19.75,104.5;106.75,214.5;142,77.25;222.5,54.75;91.75,195.5;152.25,155.25;189.75,39.5;320,312
35040;51.75,98.75;140.25,239;172.75,85;222.5,54.75;87.75,177.5;139.25,158.25;189.75,39.5;291.75,268
35670;81.75,133.75;140.25,239;206.75,78.25;217.25,38.5;87.75,177.5;139.75,157;221.5,19;273.75,238.5
27586;93.5,155.25;181.5,245.75;231.75,126.5;271,25.25;87.75,177.5;169.25,115.75;242,77;273.75,238.5
4954;93.5,155.25;144.5,226.5;260.25,154.75;273.75,18.5;87.75,177.5;167.25,161.75;245.5,120.5;270.75,212
24270;122.75,150.75;144.5,226.5;260.25,154.75;301.75,52.5;107.75,153.25;215.25,141;285,150.5;310,195.25
27149;106.75,125.5;153,204.5;260.25,154.75;279.5,17.5;124.25,113.25;224.75,184;254.25,164.25;310,195.25
21267;73,112.75;164.75,161;218.5,164;320.25,53;121.5,158.25;192.75,175.75;254.25,164.25;310,195.25
16137;26,138.25;164.75,161;217.75,164;320.25,53;77.25,131.5;213.25,161.75;302.25,184.75;354.25,191
4851;66.25,172.25;158.5,215.75;224.5,186;320.25,53;112,112.75;222.5,160.25;283,176;354.25,191
16987;70.5,114.5;144.5,186.5;176.25,212.75;281.75,85;150.5,83.5;222.5,160.25;283,176;355.75,248.5
34337;70.5,114.5;144.5,186.5;176.25,212.75;303.5,52.25;189.75,68.25;221.75,133.75;320.5,180.75;343,206
6579;70.5,115.5;131.25,172.25;176.25,212.75;303.5,52.25;244.75,76.5;266.75,133.25;303.5,195.75;359.25,190.5
25162;70.5,115.5;131.25,172.25;160.25,226.75;303.5,52.25;253,70.75;290,115;300.5,204;354,197.75
50027;70.5,115.5;131.25,172.25;160.75,260.25;279.75,35;245.25,15.25;248.5,132.25;300.5,204;344.5,216.75
4533;70.5,115.5;99,191.25;176.5,268;268.5,90.75;247,11.25;248.5,132.25;308.75,196.5;334.5,161
31647;37.75,67.25;101,197;176.5,268;244.25,134.75;247,11.25;249,99.5;316.75,137;328,206.5
8604;5.5,85.75;75.5,177;176.5,268;272,122.5;240.25,23.25;267.75,65.75;316.75,137;326,243.5
42566;19.75,74.5;88.5,191;222,270;290,96.75;189,24;267.75,65.75;317,137.5;326,243.5
28114;20,75;127,200.5;241.5,280.75;290,96.75;189,24;252.25,106.25;273.25,118;291.25,248.75
30810;44.75,66.25;171.5,162.75;251.5,282;269.25,105.75;189,24;235.5,124;273.25,118;291.25,248.75
1258;21.25,81.25;162,147;250.75,281.5;269.25,105.75;213,56.25;235.5,124;292.75,83.5;307.75,242.75
24965;20,79.75;162,147;286.25,322.5;308.75,94.75;212.75,108;252.5,133.75;254.5,73;307.75,242.75
13264;38.75,79.5;204.5,176.25;291,321;294.25,72.75;215.5,103.25;247.25,93.75;252.5,133.75;307.75,242.75
31221;62.5,118.75;245,200;247.75,308.75;328.25,38.25;160,89.5;247.25,93.75;252.5,133.75;307.75,242.75
35242;55.75,68.25;223.75,230.25;247.75,308.75;339.25,38.25;160,89.5;207.25,106.5;286.75,143.25;292.75,280.75
196;111.75,69.5;203,189.5;203.25,318.5;339.75,39;119.75,105;207.25,106.5;276.5,114.25;292.75,280.75
1165;104.25,71.5;203,189.5;203.25,318.5;335.25,37.25;123.25,156.5;192.5,90.25;227,107.5;283,286.75
49723;105.25,70.75;203,189.5;203.25,318.5;278,30.5;97.25,190.75;140.25,71.75;208,99;305.75,293.25
20765;105.25,70.75;203,189.5;203.25,318.5;273.5,23.75;112.25,245.5;147,90.25;151.5,112.25;292,288.25
43052;127.75,26.75;138.5,204;179.25,318.75;272,72.5;112.25,245.5;114,113.75;191.5,84;292,288.25
48195;86,33.5;138.5,204;149,306;289.5,75.25;60.75,214.75;112.75,104.75;212.5,85.75;292,288.25
9651;85.5,32.5;116.75,205.75;147.5,261.25;328,58;96,258;121,140;212.5,85.75;292,288.25
16701;51,49.75;113.5,154.75;168.75,213.25;299.5,57;79.25,220.25;100.75,107.5;212.5,85.75;292,288.25
23672;51,49.75;145.75,126;169,260.5;323.5,41;61,191;100.75,107.5;231.25,131.75;243,309.75
13029;110,45.25;131.5,89;203.75,283;323.5,41;61,191;120.75,103.75;196.5,84.5;224.5,278.75
15265;72,24.75;129.75,62.5;239,258.5;287.75,70.75;56.25,222;120.75,103.75;171.25,38;224.5,278.75
4181;116.5,42.25;130.25,61.75;258.5,240.75;270.5,30.5;56.25,222;120.75,103.75;202.5,48.5;266.25,258.25
46420;116.5,42.25;158,28.5;298.25,229.25;331.5,31.5;56.25,222;120.75,103.75;227.5,64.25;308.75,234.25
25666;81,80;158,28.5;258.25,255.25;367.25,70.25;38.75,275.75;91.5,153.75;227.5,64.25;309.75,196.25
12514;83,77;136,75.75;224.5,218.75;325.5,92.75;20.25,307.5;91.5,153.75;241,77;309.75,196.25
50189;77.5,96.25;181.5,37.5;255.75,169.75;357.75,80.75;20.25,307.5;91.5,153.75;245.75,33;309.75,196.25
46477;110.25,60;221.25,35.75;264.5,134.25;357.75,80.75;20.25,307.5;101.75,110;253.75,77;311.25,228.75
22288;110.25,60;219,73;268,101.75;330.75,112.25;10.5,269;103,156;253.75,77;296.25,277.75
12382;110.25,60;184.25,89.5;268,101.75;329,93.25;43.25,309.25;154,174.5;206.5,46.5;271.75,295
38500;142.25,75.75;155,129;219.25,84.75;359.5,126.5;43.25,309.25;154,174.5;206.25,47;271.75,295
7827;114.25,120.25;135.25,128;219.25,84.75;303,112;11.5,274;143,183.5;206.25,47;271.75,295
27800;135,128;149,97.5;217.75,66.75;310,73.5;11.5,274;106.75,161.75;207.75,51.75;271.75,295
49434;130.25,173.5;149.25,85.5;245.75,66.75;287.25,38.25;22.5,293;106.75,161.75;207.25,51.75;271.75,295
33174;95.75,190;149.25,85.5;268.5,64.5;295,14.5;22.5,293;123.75,115.5;220.75,36;239.75,281.75
28005;162,195.25;163.5,111.75;240.5,99.5;254.25,58.75;22.5,293;121.75,107.5;220.75,36;239.75,281.75
36292;113.75,213.5;132.5,90;178.25,107.25;293.5,113.75;22.5,293;151.5,49;164.75,40.5;239.75,281.75
37295;77.75,227.75;132.5,90;192.25,155.75;281.75,89.25;22.5,293;149.75,56.25;164.25,95;262.25,293
43802;128.75,239;132.5,90;183.25,157.5;317,139.25;54.5,254;149.75,56.25;209,98;319,310.25
18694;128.75,239;165.25,100.25;194,146.5;315.75,134.75;54.5,254;106.75,76.75;255,77;311.25,311.5
40283;103.75,228.75;165.25,100.25;244,127.5;329.75,150.5;54.5,254;142.25,53.5;215.25,35.5;311.25,313.75
43933;88.75,195.75;165.25,100.25;266.5,101.25;279.5,167;55.25,249.25;150.25,89.75;188.25,37.75;311.25,313.75
22146;102.5,161.5;139,62;219.75,131;279.5,167;55.25,249.25;121.5,74;195.25,89.75;353.75,296.25
34415;118.5,138.5;135,43.75;230.5,187.75;282.25,191.25;58.25,202.25;121.5,74;239.75,131.75;353.75,296.25
37629;78.75,140.75;114.25,20;228.5,190.75;281.25,194.5;58.25,202.25;121.5,74;260.75,173.75;353.75,296.25
30736;121,178.75;122.25,40.5;175.75,163.75;221,191;73.75,223.5;121.5,74;286.25,195.5;353.75,296.25
27296;87,140.5;122.25,40.5;198.75,162.25;218.25,201;51.25,272.75;121.5,74;241.5,232;323,263.25
29387;117.5,169;154,29.5;198.75,162.25;223.25,230.25;11,309.75;130.25,126.25;283.75,199.25;323,263.25
31900;101,193.75;121,17.25;224.75,127;252.5,245.5;47.25,272.75;130.25,126.25;273.75,153.25;323,263.25
31497;51.5,188;153,41.75;224.75,127;236.25,225;82.25,269.75;130.25,126.25;284.25,174.5;336.25,310.75
28363;0.5,181.75;124.75,60;203,170;209,243.75;110,291;130.25,126.25;316.25,207.75;336.25,310.75
22160;4.75,210.25;153.75,31.25;161.25,210.25;171.75,279.25;128.25,282.75;183.75,98.25;316.25,207.75;336.25,310.75
31319;50.5,231;153.75,31.25;160.25,206.75;171.75,279.25;108.25,318;143.25,42.5;263.25,262.5;334,287.75
6974;8.25,226.75;107.25,34;160.5,223.5;173.75,242.25;108.25,318;168.5,40.5;258.75,287.75;334,287.75
48044;8.25,226.75;105.75,51.5;173.75,242.25;188.25,200.75;108.25,318;220.5,76;246,308.75;274.5,293.25
45091;8.25,226.75;105.5,83;173.75,242.25;230.75,208.25;90.75,258.25;221,75.25;268.25,317.75;310.75,298
17079;15.5,279;105,83;173.75,242.25;235.25,209.75;90.75,258.25;241.75,23.25;261.5,290.5;360.25,279.5
25745;1,273.25;47.25,60.25;173.75,242.25;225.75,236;64,207;227.25,18.5;261.5,290.5;319.25,242.5
34060;2.75,271.5;12.25,35;173.75,242.25;255.5,220;44.25,163.75;227.25,18.5;324,301.5;332.75,264.5
18939;2.75,271.5;11.5,33.25;221,261;244.25,282.25;94.75,131;227.25,18.5;283,251.75;365.5,212.75
19608;47.5,304;51,8;179.25,310.5;243.5,282.25;94.75,131;264,75.25;277,310;365.5,212.75
1524;49.5,294;51,8;180.25,310.25;243.5,282.25;70.5,127.5;281,132.75;321.75,311.25;341,231.25
21345;39.5,258;51,8;180.25,310.25;243.5,282.25;61.75,72.75;231.5,117.25;321.25,311.25;332,262.75
13901;9.25,212.5;83,21.25;180.75,310.25;251,248.5;45.5,7;231.5,117.25;282.25,260.25;321.25,311.25
46935;4.75,241.5;83,21.25;180.25,310.25;271.75,254.75;4.75,33.75;231.5,117.25;264.75,269.25;336.75,309
1402;4.75,241.5;82.5,21;208.25,265.25;252.75,200.25;4.75,33.75;241,126;262.25,259.25;317.5,259.25
30258;16.5,223;82.5,21;182.25,252;244.5,212.5;8.25,91.75;241,126;282.5,276;317.75,259
32209;34.25,242.5;129.25,23.75;237.75,223.5;273,168.5;8.25,91.75;267.75,100.75;282.5,276;359.75,277.5
34624;15,287;148.5,86.75;212,204.5;315.5,151.25;8.25,91.75;267.25,99.5;307.25,242.75;359.75,277.5
37628;15,287;181,48.25;181.75,203;273.5,179.5;80,109;323.75,56.75;334.25,190.75;359.75,277.5
25750;16.75,286.5;181,48.25;231.75,207.25;237.75,188.5;80,109;261.75,27.25;280.75,218.75;329,283.5
11553;16.75,286.5;216.75,35.25;217,201.5;237.75,188.5;57.25,93;243.25,17.75;280.75,218.75;353.5,296.75
15686;59,240.75;188.75,62;217,201.5;272,148.5;113.5,97.25;228.25,19.5;247,266;353.5,296.75
11343;59,240.75;201,93.5;212.5,239.75;287.5,165;143,51;228.25,19.5;243.5,293.25;366,279
40231;115.25,225.5;201,93.5;212.5,239.75;287.5,165;178,8.25;206.75,72.75;244.25,248.75;361,264.25
12957;147.75,189;183.75,92.5;199.25,245.5;272.5,166;178,8.25;215,46.5;245,249.25;361,264.25
6201;119.75,179.5;143.5,128.5;188,221.5;272.75,195;178,8.25;239.25,15.25;252.25,252;361,264.25
12185;112.75,240;181.75,110.5;217.25,230.25;221.25,227.25;114.75,6;239.25,15.25;252.25,252;333.5,218.5
12465;72.5,218.75;198,85.25;247,220;248.75,287;114.75,6;219.75,79.75;252.25,252;333.5,218.5
33132;53.25,182;198,85.25;202,245.75;247,287.25;71,33;247.5,132.75;249,294;333.5,218.5
7709;53.25,182;167.25,85.75;202,245.75;247,287.25;77.5,3.5;238.5,179;246.75,246.25;276.75,206.5
47016;23.25,153.75;137,128.5;212.5,294.25;303,286.75;35.25,43.5;238.5,179;246.75,246.25;302,187.25
33470;13.5,119.75;140.75,99.5;227.25,302.75;285.25,319.5;36,44.5;238.5,179;246.75,246.25;306.75,207.25
43043;35.75,118.75;140.75,99.5;227.25,302.75;285.25,319.5;68.25,11;273.25,176.5;275.5,276;351.75,196.25
47388;35.75,118.75;195.5,84.25;227.25,302.75;294.5,251.75;68.25,11;292.75,186.5;303.5,278.25;311,219.25
43095;67.75,109.75;210.25,80.75;216.5,311;315.75,315;68.25,11;261,195;303.5,278.25;310.5,218.5
45781;79,111.5;169.75,45;194.25,265.25;315.75,315;68.25,11;278.25,252;292.5,258.75;314.75,187.5
9308;58.75,155.5;229.25,51.75;233,316.25;343.5,266.75;68.25,11;251,309.25;274.75,293.25;314.75,187.5
7538;89.25,178.25;228.25,52.5;233,316.25;317.75,262.5;68.25,11;255.25,292.75;272.75,237.25;292,195
4038;89.25,178.25;228.25,52.5;233,316.25;272.5,222.25;83.25,24.75;231,273.75;240,216;269.75,192.5
11402;60.25,172.25;206.25,92;233,316.25;341.25,229;90.75,67.5;231,273.75;277.25,217.75;283.75,172.75
39325;11.5,191;206.25,92;234.75,315.75;342.75,210;81.25,11.75;195.75,318.75;276.75,186.5;277.25,217.75
30894;18.75,241.5;206.25,92;234.75,315.75;294.75,245.25;122,38.5;187.75,272.25;254.5,215.25;274.25,214.75
24240;54.5,229.25;211.75,55;284.25,322.75;294.75,245.25;121.5,73.5;185.75,221;254.5,215.25;319.5,217.5
47585;54.5,229.25;193.25,67;284.25,322.75;294.75,245.25;124.75,105.5;172.25,196.5;266,198.25;270,223.5
44749;54.5,229.25;191,67.5;286.5,319;297.75,249.25;124.75,105.5;202.25,159.25;264.5,188;265.25,170.75
10573;58.5,209.75;191,67.5;250.75,315.25;252.75,271;172.25,107.75;174.75,162;264.5,188;310.75,163.75
48262;91.25,232;191,67.5;198.5,306.5;252.75,271;141.75,107.5;145.75,168;264.5,188;335,219.25
30646;91.25,232;182.75,110.5;185,272.25;254.5,280.5;118.25,115.75;125.25,116.5;218.75,195;335,219.25
6001;91.25,232;170.5,125.75;185,272.25;291,319.25;62.75,113.75;89.25,72.5;161,202.75;359.25,194.5
35001;112,202.75;145.25,126.75;210.5,240.75;324.25,315.5;89.25,72.5;111.25,116;125.5,197;359.25,194.5
46243;94.75,165.25;113,160.25;233.5,252.5;282.5,318;81.5,17;111.25,116;125.5,197;359.25,194.5
25541;94.75,165.25;113,160.25;233.5,252.5;310.75,288.75;121.75,18.5;159.5,88.25;173.75,196;357.5,156
25308;69.75,183.5;141.5,129.25;233.5,252.5;353.75,274.25;91,5;128,71.5;173.75,196;316.25,203.75
3165;28.5,177.5;161,161.25;244,267;362.5,277.25;91,5;148.75,34.25;173.75,196;265.75,192.75
42715;26.75,167.25;149,203.25;244,267;354,261.5;91,5;127.25,71.25;139.75,197.5;308,202.5
6822;39,137.5;170.75,236.75;255,304.25;354,261.5;91,6.25;160.5,96.5;164,194.25;308,202.5
47403;2.75,124;155.25,259.75;282.75,295;341.25,225.5;91,6.25;133,72.25;164,194.25;333,181.25
20887;2.75,124;155.25,259.75;282.75,295;310,239.75;74.5,42.5;125.25,12.75;148.75,173;360.5,148
49867;0.25,182.25;119.75,205.75;284,321.25;308.75,289.5;74.5,42.5;125.25,12.75;134,189;360.5,148
13133;0.25,182.25;116.75,256.25;281,287.25;322.5,319.25;83.5,101.75;127.25,34.75;201,176.25;360.5,148
6727;0.25,182.25;101,295.75;281,287.25;322.5,319.25;64.25,105;156.75,68.25;186.5,174;339.25,161
18895;20.5,240.5;116,318;281,287.25;291.75,322.5;23.5,123.5;189.75,37;234.75,189.75;339.25,161
22013;40,284;116,318;276.75,262.25;308.25,289.5;27,128.25;158.75,30.75;214.25,173.25;339.25,161
8017;11.25,263.75;116,318;245,217.75;304.25,301;26.5,183.25;158.75,30.75;180.25,149.25;359.25,150.75
13035;11.25,263.75;116,318;245,217.75;327.25,240.5;27,213;139.5,56;153.75,118.75;358.75,175.5
25557;49,218.25;114.75,315;245,217.75;363.25,247.75;28,213.5;126.75,77.75;153,118;358.75,175.5
32349;33.5,223;114.75,315;278.5,239;334.75,243.75;71.5,223;97.75,135.75;147.25,155.75;358.75,175.5
33519;33.5,223;114.75,315;280.5,238.75;334.75,243.75;20.25,206.25;71.75,163;148.25,169;303.5,194.75
31766;33.5,223;160.5,322;280.5,238.75;334.75,243.75;49.75,175.25;76,125.75;189,177.75;271.25,235.25
29306;26.75,217;160.5,322;257.5,269;335.25,243.75;19.25,159.75;76,125.75;166.5,188.25;251.5,199
18194;15.25,262;110,317;276.25,284;348.25,225.5;19.25,159.75;76,125.75;114.5,199.5;226,158.5
9015;15.25,262;109,317.5;282,322.25;361.25,213.5;1.25,173;58.5,101;79.75,231.5;226,158.5
18533;32.5,240;120,260.25;344.25,312.25;348.75,167.5;1.25,173;30.5,118.75;79.75,231.5;204.5,95.75
9145;35.75,190.5;105,226.75;356,259.5;358.5,139;1.25,173;79.5,126.75;79.75,231.5;155.75,118.25
23377;83.25,166;135.75,223.5;356,259.5;360.5,127;1.25,173;64.25,93.5;71.25,252;154.75,120.5
437;58.25,171.25;160.5,162;331.75,290.75;336.75,133;38,146.25;64.25,93.5;71.25,252;103.5,140.5
45397;58.25,171.25;160.5,162;331,294;336.75,133;14.25,94.75;36,119.25;109.5,228.5;119.75,91.25
5223;8.75,140.25;207.5,175.25;307.25,320.5;337.75,150.25;14.25,94.75;36,119.25;86,189;120.75,91
46110;8.75,140.25;243.5,181;307.25,320.5;337.75,150.25;22.25,141.25;54,130.5;116.75,126.5;123.5,24
27493;33.25,157.75;296,167;297.5,302.25;322,189;20.25,191.25;34.5,174.25;116.75,126.5;123.5,24
3792;59.25,177.5;270,177.75;292.25,230.5;319,111.5;20.25,191.25;34.5,174.25;144.25,184.75;186.75,32
27849;45.75,126;270,177.75;271.5,254.5;320.25,159.25;10.5,238.75;34.5,174.25;143.75,184.25;164.75,32.25
6463;11,153.25;244,177.5;247.75,301;320.25,159.25;27,201.75;71.5,204.75;143.75,184.25;160.25,89.25
41687;55.75,151;244,177.5;268.75,248;320.25,159.25;27,232.75;65.5,265.75;83,199;155.5,48.75
11438;50,171.75;209.75,185.75;225.25,230;274.5,164.75;27,232.75;47.25,307.25;77.25,215;155.5,48.75
25422;50,171.75;217.75,201;235.75,258.25;281,229.5;16.75,220.5;84.25,284;85.25,221.75;155.5,48.75
49150;50,171.75;217.75,201;220.25,271.25;331,197.75;29,188.75;78,276.75;141.75,223.75;147,48.25
20178;18,143.25;201,223.5;220.25,271.25;331,197.75;39,206.75;82.5,220.75;117.75,267.25;167,35
24051;50.25,126;201,223.5;262,241.25;335.75,149.75;54.5,184.75;82.5,220.75;94,284.25;210.75,6
50125;13.75,142.75;148.75,223.5;278.25,282.5;328.5,156.75;54.5,184.75;82.5,220.75;94,284.25;191.25,11.5
10047;13.75,142.75;132.25,183.75;292.25,231.5;328.5,156.75;20.25,207.25;56.75,247;85,236;193.75,13.5
12590;6.75,190;160.5,228;248,277;317.5,145.5;20.25,207.25;71.5,223;114,230.5;193.75,13.5
6560;10.25,141.75;166,265.75;198.75,244.5;322.25,191.25;20.25,207.25;71.5,223;175.75,241.5;193.75,13.5
16612;50,182.75;153.75,223.75;198.75,244.5;352.5,157.5;20.25,207.25;69,171;229.75,246;244,5.75
12544;58,241.5;123.5,258.25;140.25,240;352.5,157.5;46.25,247;106.25,117.5;179,289.75;244,5.75
3694;58,241.5;123.5,258.25;138,223;352.5,157.5;84.25,286;140.5,97.75;196.75,249;290.75,15
22358;97.75,283.5;114,236.5;117.75,236.75;296.25,165.5;36.25,309.25;140.5,97.75;163.5,239.5;290.75,15
23758;39.5,299.75;100.5,191;157.5,243.75;313.5,127.5;44.75,295.5;140.5,97.75;156.25,183;290.75,15
38654;39.5,299.75;113.5,200.25;114.75,284.5;310.25,96.75;50,250.75;140.5,97.75;152.75,185.25;254.25,17.5
32306;56.5,302.25;111.5,199.25;114.75,284.5;302,52.5;50,250.75;161.25,89.5;208,205;297.75,9.5
12240;8.5,311;111.5,199.25;143,302.25;341.5,16.25;83.75,285;142.75,49.25;208,205;297.75,9.5
11051;8.5,311;111.5,199.25;139.25,267;371,43.25;44.75,309.25;166.5,17.75;200.75,175.75;297.25,8.5
32954;8.5,311;59,170.25;92.75,297.25;371,43.25;88.75,268.25;163.75,52.75;186.5,197.5;296.5,8.5
6007;8.5,311;59,170.25;92.75,297.25;332,30;71.25,288.75;151,11.75;159,224.75;335.75,59
36627;9,303;55,166.5;71,318.25;315.75,75.75;21.25,310;95.25,24.75;159,224.75;335.75,59
29847;9,303;79.25,103;88.75,283.5;315.75,75.75;10.25,287.75;94.5,25.25;161.25,277.75;348.5,51.25
13341;9,303;79.25,103;88.75,283.5;277,104.5;23,311.5;93.5,35;174.75,303.75;355,15
29050;9,303;51.25,50.25;62.25,264;277,104.5;82,306.75;99,51;220.75,283.75;354.75,72.5
4263;16,301.75;85,34;99.5,303.25;273.25,41.5;31.75,265.25;99,51;219.25,280.5;354.75,72.5
17593;74.5,281.75;104,9.25;122,291.5;273.25,41.5;48.75,273.25;145.25,53.5;198,236.25;354.75,72.5
12905;74.5,281.75;151,30.25;181.25,268.5;336.25,37.25;48.75,273.25;131.75,20.25;169.75,294.25;338,133
36110;88.5,283.75;151,30.25;172.5,261.25;334.5,29.5;59.25,316.5;151.5,65.75;169.75,294.25;359,175
4941;95.75,299.25;153,27.5;172.5,261.25;265.25,30.5;68.5,289.75;150.5,92;166,301.5;359,175
9844;66.75,247.75;127,24;172.5,261.25;254.5,61.25;43.75,317.75;150.75,51.5;167.75,296;359,175
30685;71.75,242.25;127,24;142.75,259.25;292,53.25;43.75,317.75;168,52.75;213.75,276.5;335.75,195.5
36692;71.75,242.25;127,24;146.5,301.75;331.25,63;53.25,297.25;196,97.5;213.5,277.25;323.75,222.25
26402;71.75,242.25;127,24;146.5,301.75;369,50.5;70.75,258.25;184.5,110;190,307.25;294.5,264.25
21254;71.75,242.25;111.5,56.5;146.5,301.75;337.75,78.25;53.25,290.25;196,96.75;244.25,320.75;249.75,288.25
16946;57.75,249;97.75,12;145,302.25;299.5,114.5;11.25,279.5;153.75,81;244.25,320.75;249.75,288.25
34632;71,286;131.75,33;140.25,286.75;280.25,164.25;11.5,297.75;153.75,81;244.25,320.75;250,288.75
9591;19,306.5;142.25,21.25;155.25,224.75;293.25,184;11.5,297.75;103,34.5;244.25,320.75;250,288.75
3855;6.75,264.25;142.25,20.75;163,218.75;294,126.75;11.5,297.75;173.5,37;241.75,310.25;250,288.75
2884;6.75,264.25;109.75,32.5;138.25,178;267,128.25;11.5,297.75;223.75,53.25;236.25,266;280.75,306
9217;35,243.25;111.25,89.25;157.25,210.25;250,78.5;11.5,297.75;190.25,4.5;236.25,266;280.75,306
11698;67.5,219;111.25,89.25;156.5,243.75;251.75,131.25;26.5,292.5;220.5,21;255.5,221.75;280.75,306
28539;67.5,219;115.75,71;164.75,214.25;250.75,156;15.25,309.25;220.5,21;302,196;330,313.5
37694;49,215.75;142,75.75;164.75,214.25;207.5,179;13.25,306.5;223.5,26;327,200;330,313.5
14805;61,155.5;142,75.75;164.75,214.25;207.5,179;54.75,296.75;271,21;336.75,265.5;359.75,265.75
21790;91,120.5;142,75.75;160,246;204.5,168;21.75,309;271.5,20.75;336.75,265.5;357,314
1212;105,137.25;145.5,124.25;163.25,299.75;204.5,168;21.75,309;250.25,41.25;294,247.25;352.25,305.25
33795;105,137.25;145.5,124.25;162,298.75;204.5,168;29,307;205.25,46.75;322,309;337.75,312.75
14436;43.75,138.5;110,67.25;144.25,310.5;204.5,168;22.25,301.25;157.75,34.25;323,310;337.75,312.75
16516;14,177.75;123.75,69.5;146.5,303.25;176,203.5;22.25,301.25;157.75,34.25;271.5,274;309.75,297.5
10560;23.25,222;123.75,69.5;149.25,270.25;191.75,213.5;3,298.25;169.5,50;237.75,256.25;309.75,297.5
14167;43.5,241;134.5,124.75;142.75,261.75;201.25,146;3,298.25;187.25,95.75;236.25,254.25;309.75,297.5
5619;10.5,232.75;96.5,114;165,252.5;228.25,130;3,298.25;187.25,95.75;212.25,271.75;357.75,279
35227;41.25,275.75;79.5,71;143.75,226.25;263.5,153.75;3,298.25;186.75,84.5;212.25,271.75;315.75,254.5
39704;51,294;79.5,71;135.25,192;309.5,140.75;3,298.25;166.75,92.5;182.5,287.75;297.75,219
31909;18.5,309;79.5,71;135.25,189.75;309.5,140.75;14,306.5;125,117.25;194.25,253.5;323.25,241.5
36558;18.5,309;79.5,71;135.25,189.75;301.25,135.75;9.25,317;119.5,72.5;239.25,215;355,239
15307;14.5,307;79.5,71;135,128.5;319.75,195;36.25,293.5;69.5,77.5;239.25,215;308.5,190
35347;14.5,307;85.25,27.25;140.25,148.25;345.25,209.25;36.25,293.5;98.75,40.25;237.25,215.75;318.75,242
31967;57.75,282;85.25,27.25;130.75,192;310.5,244;36.25,293.5;120.75,17;197.5,177;261.75,241
14352;39,237.75;39.5,41.75;140.75,197;342,243.75;3.5,288.5;120.75,17;197.5,177;269,275.75
36012;31,181.5;48.25,94.75;141.25,197;310.5,241.25;47.5,308.25;72.75,9.5;197.5,177;269,275.75
9768;52.5,181.25;65.75,144.75;94.75,247;287.75,262.5;47.5,308.25;82,20;208.75,186;269,275.75
21842;48.25,249.5;65.75,144.75;75,248.75;289.75,320.25;69.75,254.5;81,21.75;229.5,223.25;269,275.75
31275;68,249.25;92.75,212.5;116.75,201.25;345,272.75;114.5,273.5;120.25,20.25;229.5,223.25;269,275.75
15922;33.5,198.25;74.75,190.5;101.75,257;345,272.75;101,221.75;171.75,40;229.5,223.25;264.25,275
19320;56.75,171.25;71.75,181.5;122.5,292.5;345,271.25;112.75,241;140.25,12;229.5,223.25;264.25,275
23290;54.5,231.25;56.75,171.25;115.75,310.5;327.75,213.5;112.75,241;199.25,41.75;223.25,284.25;272,287.25
41744;102,254;108.75,160.75;141,306;270.5,225;122.75,198;199.25,41.75;223.25,284.25;299.75,257.75
8053;84,255;98.75,213;100.25,283.25;274,263.25;145.5,239;199.25,41.75;226.75,246.75;299.75,257.75
44829;80.5,232;99.25,250.5;122.5,301.5;274,263.25;145.75,239.5;199.25,41.75;273.5,252;343.25,278.25
43667;51,229.5;121.5,268;143.25,267.25;335,257.75;117,198.25;199.25,41.75;273.5,252;343.25,278.25
27669;44,259;121.5,268;144.25,239.75;357.5,208.25;155,247.25;199.25,41.75;280.75,241.75;296.5,247.75
22519;44,259;115.75,280.5;121.5,268.5;357.5,208.25;124.25,197;156.25,32;304.25,291.25;339.5,205
42042;43.25,259.5;76.25,298;125.5,242.25;349.25,197;124.25,197;156.25,32;312,314.5;334.25,206.25
40164;43.25,259.5;76.25,298;98.5,205.75;324.25,227.5;124.25,197;152.25,87.25;322.25,311;360,158.5
21900;33,277.75;45.5,273.75;49,240;322.5,211.75;124.25,197;127.75,104;322.25,311;337,174
13663;45.25,286.25;49,240;55.5,284.25;360.5,239.75;98.75,232.75;178.5,113.25;322.25,311;337.25,227.25
33382;16.75,305;73.25,297.75;84,322.75;332.25,248.25;148.5,236.75;225.5,107;322.25,311;337.25,227.25
13118;16.75,305;73.25,297.75;145.5,304.75;347.25,197;167.5,303.25;261.5,139.25;329.5,312;335.75,227.75
4568;8.5,307.5;29.5,268.5;98.75,257;325.75,190.75;167.5,303.25;285.5,143.25;329.5,312;335.75,227.75
39853;8.5,307.5;31.75,217;78.25,233.5;323.25,206.5;127.25,264;303.5,115.5;329.5,312;354,243.75
21546;17.5,307.5;31.25,216;78.25,233.5;318.25,222.25;152.5,221.25;327.25,160.25;329.5,312;345.75,206.25
9198;48.75,243.25;65.25,208.75;80.75,178.25;361.75,276.75;152.5,221.25;278,127.5;331.75,321.25;345.75,206.25
8135;48,243.25;65.25,208.75;84.5,141.5;361.75,276.75;139.25,198.75;310,183.75;331.75,322;337,162
3651;52.75,293.5;79.75,175;84,85.25;345.25,311.25;160,251.25;310,183.75;331.75,322;335,169
40367;69.5,256.25;132.25,168.75;144,66.75;360.5,290;138.75,190.5;310,183.75;331.75,321.25;335,169
44056;51.5,190.5;70.5,165.25;185.75,112.5;310.25,254.25;165.75,149.25;269.25,222;331.75,321.25;335,169
44248;51.5,190.5;87.5,195.5;185.75,112.5;259.25,272.75;166,148.75;223,231.75;335,319.25;351.5,138.75
31079;51.5,190.5;87.5,195.5;185.75,112.5;290,318.75;193,98.75;231.5,212.75;314.5,311.5;360.5,157.5
28677;51.5,190.5;100.25,212.25;185.75,112.5;334.25,314.75;169,80.5;219.75,171;319.5,312;342,204
45104;51.5,190.5;100.25,212.25;185.75,112.5;335.5,267.5;168.75,81.25;281,203.75;319.75,312.75;359.75,184
11622;51.5,190.5;100.25,212.25;179.5,61.5;335.5,267.5;171.75,91;305.75,172;326.75,310;360,174
20965;51.5,190.5;58.75,240.75;141.75,14.5;334.25,266.5;176.75,45.75;305.75,113.5;326.75,310;330.25,131.5
13804;51.5,137.25;65,186;117.25,19.5;334.25,266.5;216.25,23.5;307.5,90.75;326.75,310;345.5,81.25
43135;69.75,74.75;93.5,142.75;117.25,19.5;305.25,240.75;208.75,68.25;307.5,90.75;313.5,298.25;356.75,83
27920;60.75,116.5;89.5,121;126.5,49.25;328.75,266.75;208.75,68.25;273.75,88.75;324.75,276.5;356.75,83
27288;60.75,116.5;89.5,121;113.25,87.5;328.75,266.75;224.25,122.5;249,42;303,291.25;358,40.5
48776;60.5,117.5;89.5,121;113.25,107;287.5,286;253.75,169.5;281.5,34.5;303,291.25;348.5,83
43265;60.5,117.5;89.5,121;131.5,78.75;319.25,314.75;267.5,169;298,50.5;303,291.25;328.5,32.25
4413;60.5,117.5;89.5,121;148,34.25;319.25,314.75;230,151.5;248.75,14.75;362,269.25;364,50.75
48464;17.75,144.75;49,179.5;166.25,45.25;281,318;188,178;253.5,19.75;362,269.25;364,50.75
4873;26.5,182.25;38.75,138.5;166.25,45.25;316.75,322.25;176,161.5;253.5,19.75;348.25,276;364,50.75
3945;17.25,222;20.5,84.5;166.25,45.25;316.75,322.25;166,105.5;253.5,19.75;356.25,264.75;358.25,82.5
40312;17.25,222;32.5,111.75;186,59.25;277.25,311;97,109;195.75,2;354.5,259.5;358.25,82.5
21258;26.25,233.25;32.5,111.75;181.5,35.75;284.5,318.25;155.25,123.25;195.75,2;324,244;337.25,131.5
33962;26.25,233.25;32.75,112.25;181.5,35.75;252.5,305.25;151,112.25;203.25,41.75;295.75,199.5;306.75,171
28168;26.25,233.25;33,111.75;181.5,35.75;308,314.25;104.75,117.75;223.75,41.75;266.5,224;291.5,197.25
11524;9.75,264;71.5,139.5;193,38;337.25,315;104.75,117.75;223.75,41.75;228,254.75;297,139
28740;52,241.5;59.75,92.5;167.25,16.5;337.25,315;107.5,161;183,61.75;192.75,250;297,139
6876;64,254.5;67,116.75;141.75,14.5;302.75,319;107.5,161;183,61.75;222.5,274.75;314,180.25
50003;64,254.5;66.5,116.75;108.5,45.5;302.75,319;130.25,123.25;183.25,96;239,290.5;342,205.25
3872;57.5,295.25;86,118.5;108.5,45.5;355.5,319;102,153.25;166.75,105.25;283.25,259.75;342,205.25
10395;28,266.25;58,68.75;63.75,4.75;364.25,262.75;59.5,107.75;166.75,105.25;284,259.5;342,205.25
50085;5.25,208.75;14,84.5;63.75,4.75;319.75,242.25;59.25,108.75;166.75,105.25;339.75,273.75;348,143.75
42458;48.25,213.5;62.5,136;91.5,12.25;319.75,242.25;45.25,42.25;219,97.25;339.75,273.75;362.75,80
26327;45.75,183;62.5,136;114.25,34.5;336.5,299;84.5,24.25;194.75,96;339.75,273.25;362.75,80
35981;45.75,183;78,120.25;157,30.75;284.75,312.75;85.75,19.5;181.25,48.25;338,288.25;362.75,80
45179;14.75,226.75;110.5,113.5;157,30.75;327.25,315.5;66.25,3.5;150,91.75;343,289.25;362.75,80
15610;52.5,238.5;133.25,125;157,30.75;324.75,318.5;65.75,41.75;109.75,136.25;307.5,233.5;362.75,80
50407;62.5,230.25;86.25,86.25;156,88.25;337,270.25;40.75,88.25;79.25,163;307.5,233.5;362.75,80
3496;40.25,267.75;68.75,44.75;111.75,112.5;313,245.75;40.75,88.25;88.75,144.25;307.5,233.5;362.75,80
13740;55,295;68.75,44.75;111.75,112.5;312.25,245.25;34.5,146.75;73.25,132;323.75,257.5;344,136.75
30432;65.25,264.5;113.75,20.5;133.75,128.25;312.25,245.25;10.5,128;99,108;332.5,210.25;344,136.75
20524;39.75,240.25;113.75,20.5;171,164;318.75,208;40,76.75;42.75,75.25;333.5,210.25;344,136.75
20681;49.75,190.25;76.5,43.25;171,164;279.5,254.75;36,132.75;50.25,77.25;333.5,210.25;335.5,91.75
15985;69,141.25;111.75,23;172.5,156;304.5,289;5.5,109.5;58.75,40.5;333.5,210.25;335.5,91.75
18803;69,141.25;153.75,27.5;163.5,110.75;264.75,310.5;4.25,105;61.25,72.75;317.5,211.25;335.5,91.75
45102;70.5,141;192,50.25;197.25,113.5;264.75,310.5;2.25,105;75.25,110.5;317.5,211.25;335.5,91.75
46837;66.25,118.75;222,61;267.5,103.75;298.5,319.75;50.25,143.75;118.75,102.75;317.5,211.25;335.5,91.75
2606;66.75,153.75;218.5,36.5;268,118.25;289.25,296.25;75.5,124.75;164.75,114;317.5,211.25;335.5,91.75
41429;66.75,153.75;218.5,36.5;281,74.75;289.25,296.25;23.25,108.5;121.25,91.75;285.5,198.75;287,101
47953;30,135.5;209.25,77.25;281,74.75;301.5,322.75;23.25,108.5;127,50.75;285.5,198.75;342.5,118
27458;10,140.75;190.25,112.75;281,74.75;301.5,322.75;3.75,54.5;154.5,51;286.75,203.75;345.75,81
477;9.75,142.75;195.25,113.5;276.75,19;301.5,322.75;45.75,51.5;187.25,26.75;253.75,252.5;345.75,81
47566;14.5,144.25;195.25,113.5;277,19.75;301.5,322.75;80.75,11.75;202.75,22.5;219,275.25;345.75,81
34591;7.75,189.5;162.5,128;277,19.75;367.25,309.5;80.75,11.75;239.25,38.25;264.75,269.75;345.75,81
6961;11.5,178.25;129.25,148.5;277,19.75;338.25,298.75;99,51;253.75,72.25;264.75,269.75;345.75,81
29288;66.75,153.75;129.25,148.5;269.75,75.25;357,295.5;99,51;222,93.5;250.5,293;348.5,82.5
30221;82,116.75;129.25,148.5;250,82;353,263.25;84.5,41;222,93.5;250.75,291.25;319,112
28567;83,116.25;148,156.75;252.5,134.5;308.5,288;86.75,26.25;222,93.5;250.75,291.25;294.75,96.75
1601;94.25,74;146.25,108.75;252.5,134.5;306.25,317.25;86.75,26.25;257.75,90.5;275.5,275;293,107.75
19384;135.5,91.25;154.75,129;298.25,115.75;322.25,300;63.75,40.25;257.75,90.5;275.5,275;293.5,107.5
1973;108,42.75;150.5,160.25;322.25,156.75;360.5,253.25;42.5,75.25;257.75,90.5;286.75,217.25;293.5,107.5
34371;108,42.75;159,129.25;322.25,156.75;342,266;94.25,35.25;226,36.75;255,173.75;283.5,118
31194;108,42.75;137.75,129;317.75,158.75;342.5,266.5;58.5,6.5;221.25,74.75;278.5,191.75;283.5,118
25924;91,93.5;124.25,142;290.5,157.5;359.25,294.75;48,57.75;174.5,38.5;278.5,191.75;283.5,118
21668;119.75,52;124.25,142;275.25,106.75;362,284;48,57.75;144.25,49;271.5,203;322.25,137.25
43298;134.5,20.25;137.25,124.25;289.25,73.75;362,284;13,41.75;141.75,30.25;270,203.5;322.25,137.25
20525;117.25,59;129.25,64;272.25,70.5;360.5,240.25;13,41.75;103.25,39.5;270,203.5;277,153.25
33355;89.25,100;130.75,27.25;235.25,82;362,231.25;13,41.75;152.25,30.75;270.5,263.5;277,153.25
14128;123,49.75;185.5,50;270.5,74.25;344.25,172;3.75,103.5;152.25,30.75;270.5,263.5;301,127.25
36417;178.25,18.5;216.25,74.75;229.5,74.5;333,225.5;3.75,103.5;152.25,30.75;270.5,263.5;275.25,153.25
17882;178.25,18.5;206.25,77.25;247.5,77.5;290,184;3.75,103.5;116,36.25;224.25,284.25;229.25,185
33946;147.5,77.25;154,112.75;261.5,18;310.5,243;26.25,109;116,36.25;224.25,284.25;257.5,177
15920;135.5,129.25;147.5,77.25;236.25,67.75;273.5,239.25;70.75,127.75;139.25,32;186.25,301.75;257.5,177
31673;135.5,129.25;176.25,41.75;236.25,67.75;273.5,239.25;86.75,144;115.5,38.25;186.25,301.25;262.25,175
2718;135.5,129.25;151,17.25;211,62.75;247,248.5;85.25,148.75;115.5,38.25;167.5,300.5;251,128.25
19309;117.5,144.5;195.75,7.25;211,62.75;247,248.5;19.25,141.75;45.25,33.5;195,251;255.25,174.75
39086;129.5,191.25;202.25,53.75;213.75,64;310,268.25;17.5,143;45.25,33.5;195,251;283.75,196.5
48305;84,193.75;225.75,57.25;242.5,31.5;312.5,269.5;53.75,176.25;68.5,57;195,251;283.75,196.5
17497;84,193.75;225.75,57.25;242.5,31.5;273.5,311.75;8.75,202.75;59,109.25;201,218.5;265.75,145.75
30589;84,193.75;221.5,54;255,53.25;302.25,319;15.75,214.25;59,109.25;184.5,181.5;258,164.25
6631;100.75,190;210.25,5.75;255,53.25;344,313.25;14.25,212.25;15.25,94.75;222,217.75;258,164.25
1899;100.75,190;259.25,18.5;268.75,68.25;311,318.25;1,239.25;15,92.25;174,238;258,164.25
48475;85.75,239.75;223.75,55.25;293,113.75;355,318.25;50.25,249;57.5,107.5;174,238;258,164.25
23409;107,222.25;223.75,55.25;266.25,94;307.25,321.75;48,281;57.5,107.5;206.75,203.5;282.5,176.5
32196;99.75,248;221.5,63;231.25,54;307.25,321.75;21,323.75;72.5,102;207,203.25;282.5,176.5
45328;99.5,243.25;269.75,36;284.25,57;337.25,270.75;21,323.75;107.75,122.25;196.5,238.25;282.5,176.5
17209;99.5,242.75;269.75,36;298.25,45.25;344.75,314;41,291;107.75,122.25;223.25,283.25;283.75,138
5787;99.5,242.75;252.75,77;298.25,45.25;344.75,314;77.25,258.25;79,87.25;242.5,317;271.25,91.25
28550;85.25,271.75;270.5,73;298.25,45.25;352.5,289;77.75,210.5;79,87.25;265.25,319.75;300.75,47.25
935;97.75,319;244.75,22;298.25,45.25;352.5,289;32.5,222;80.5,87.25;305.5,303.25;341.25,53.25
7494;95.25,321.5;273,72;309.25,54;349.25,225.5;17.75,269.5;80.5,87.25;305.5,303.25;341.25,53.25
44257;145.5,315.5;267.25,126.5;284,104.75;362,231.25;23.25,300.75;81,119.75;305.5,303.25;341.25,53.25
35305;145.25,310.75;271.25,129.5;312.25,95.75;359.25,183.5;16.25,254.75;81,119.75;309,262.75;341.25,53.25
8817;145.25,310.75;309.75,92.25;333,85.75;336.25,137.5;16.25,254.75;93.75,65.5;303.75,280.5;325.25,45
45254;159.75,248.75;307.5,141.75;331.25,96.75;336.5,76.25;16.25,254.75;93.75,65.5;303.75,280.5;306,94.75
14516;159.75,248.25;297.75,167.5;309.75,36.5;358.25,118.25;4.75,311.5;93.75,65.5;280.5,245.75;306,94.75
10088;160.25,249.25;240.75,205;260.75,71.25;299.5,111;53,322;93.75,65.5;304.25,199;306,94.75
30209;181.5,265.5;282.75,238.25;308.75,56.5;326.75,139.75;38.5,309.75;93.75,65.5;304.25,199;306,94.75
17076;203,296.25;249.5,272.75;282.25,38.25;317.25,120.5;32.25,276;93.75,65.5;304.25,199;306,94.75
26791;203,296.25;239,300;265.25,17.5;357,129.25;23.5,311.25;115.75,91.75;273.25,180.5;306,94.75
36148;164.5,309.5;241.25,271.25;285.5,72.75;357,129.25;73.25,286;152.5,79.25;273.25,180.5;296,95
23618;174.5,303.5;211.5,302;233.5,80.5;357,129.25;73.25,286;143.25,90.25;279,241.5;326.25,130
19158;139.75,313.75;176,298.75;239,21.5;337,108;73.25,286;143.25,90.25;286.25,265.25;355.5,153.75
22650;139.75,313.75;192.5,269;211,37.5;342.25,81.25;73.25,286;104.25,66.25;282.75,245;328.5,196
19479;102.75,319.75;139.75,255;207,78;316.75,120.5;39,290;104.25,66.25;283.25,244.25;328.5,196
17669;110,281.75;155.5,310.25;214.75,77.25;288.5,136.5;6.25,294;104.25,66.25;255.25,268.75;328.5,196
49999;135.25,281.75;137.25,267.25;214.75,77.25;273.25,168;57.25,295.75;151.75,92.75;266.25,274.5;328.5,196
47242;135.25,281.75;153.25,223.5;240,28.75;273.25,168;47.5,296;103.75,78.25;279,258.75;361,212.5
14006;142,297.75;145.75,188.25;217,13.75;325,149.5;63.25,247;74.5,34.25;279,258.75;361,212.5
46693;141.5,296.75;145.75,188.25;278.25,34;352.75,98.75;3.5,239.25;74.5,34.25;302.5,257.25;358.75,276.25
44345;103.5,295.75;155.25,184.25;270.25,99;352.75,98.75;57.5,212.25;74.5,34.25;301.25,199.25;353,296.75
33666;137.75,316.75;211.5,195.5;254.25,56.75;349.75,94.75;42,252;108.5,53.75;301.25,199.25;353,296.75
34774;127.25,284.5;211.5,195.5;254.25,56.75;349.75,94.75;3,243;163.5,56;270.25,196;309.25,298.5
15157;92.75,241.75;170.5,196.75;285,74;349.75,94.75;3,243;125.5,73.75;244.5,196;269.5,288.25
28195;58.75,276.5;159.5,236.75;261.25,25;357.75,80.25;18.5,203.75;125.5,73.75;227.75,187.75;269.5,288.25
32950;58.75,276.5;122.25,278.5;267.75,33;355.5,137.75;46.75,180.5;125.5,73.75;192.25,196;274.25,284.25
38752;98.75,312;111.25,296;262,61.25;355.5,137.75;20.5,141;115.75,111.75;202.75,150.25;274.25,284.25
38563;98.75,312;116.5,283;278.75,48;324.5,198.25;72,184.5;171,152;238.75,117.75;274.25,284.25
35910;66.5,280.25;99,283.75;268.75,102.5;289.75,240.25;118.25,215.5;171,152;188.75,88;274.25,284.25
21136;13.75,273.75;98.75,284;219.75,88;256,200.25;64.75,215.25;171,152;189.25,41.75;274.25,284.25
34811;20.5,227;98.75,284;168.25,85.75;256,200.25;77.5,208.75;193,180.75;204,47.75;284,281.75
21763;38.5,209.5;87.75,297.5;140,96.75;256,200.25;77.5,208.75;189.5,165.25;210.5,99;315.75,322
24003;49.5,188.5;73,256;140,96.75;263.25,155;90.75,157.25;185,105;196.5,97.25;315.75,322
34505;84,205.75;110.25,240;140.25,136.75;296.5,128.5;90.5,168;185,105;196.5,97.25;315.75,322
22068;84,205.75;161.5,225;185,133.5;298.75,148.25;63.25,152.75;137.75,123.5;141.5,89.75;315.75,322
27251;52,237.75;168.25,271.5;237,155.5;264,183.25;15,149.5;137.75,123.5;141.5,89.75;315.75,322
24187;90,275;125.5,255;237,155.5;287,142.5;32.75,132.25;137.75,123.5;155,48.5;294,284.25
19224;118.75,292;125.5,255;238.5,156.5;285,87.5;14,127.75;113.75,150.25;155,48.5;335,319.25
22051;98.5,322.25;108.25,296;257.5,154;293.5,105.25;14,127.75;77,176.5;155,48.5;335,319.25
12444;70.5,309.75;108.25,296;271.25,164.25;276.5,74;15.5,118.25;114,199.25;155,48.5;308.75,273.75
16966;42.5,258.5;162.5,281.25;226.25,129.5;322.75,58.75;15.5,118.25;114,199.25;155,48.5;318.75,312.75
1246;59,230;126.25,303;226,130;322.75,58.75;18.5,119.75;90.5,157.5;155,48.5;331.25,309.5
14862;15.5,241.5;143.75,317;267,131.75;322.75,58.75;2,87.25;83.25,119.5;172.5,48.5;331.25,309.5
15143;35.25,234.25;143.75,317;267,131.75;286.5,72.5;16.25,41;128,128.75;145.25,53.25;330.25,313.75
40045;5.5,241;167.75,322;258,182.75;290.75,111.5;16.25,41;106.5,152.75;117,74;330.25,313.75
4794;52.25,240.25;174,320.75;213.25,204;241.75,130.75;2.5,2.75;106.5,152.75;174,91;330.25,313.75
41308;52.25,240.25;174,320.75;216.25,235.5;250.5,82;36.75,41.25;106.25,154;138.75,107;350.25,314.25
38232;52.25,240.25;136.25,318.75;183.5,270.75;250.5,82;51.5,84.75;70.5,192;179.25,96.5;312.75,297.5
27316;52.25,240.25;107,311;131.5,272.25;250.5,82;34,56.75;73,188.75;161,51.75;323,311
3522;6.5,258.25;107,311;131.5,272.25;290.5,54;59.75,13.25;74.75,185.25;162.25,9.5;285.75,276.75
14841;53.5,228.5;107,311;125.5,286;268.25,32.5;48.75,61.75;74.75,185.25;177.75,7.5;227.5,274
21324;50.5,207.5;138,319.75;150,304.75;326.75,37;47,90.25;74.75,185.25;177.75,7.5;227.5,274
48671;68.25,170.25;122.5,273;162.5,281.25;350,13.25;64.75,88.75;118.25,227.75;177.75,7.5;227.5,274
32241;35,197.75;85.5,266;201.25,265.25;299.5,37.75;64.75,88.75;118.25,227.75;141,7.75;199,218
19342;34,197.25;114.75,282.5;200.5,307.25;261.5,27.25;64.75,88.75;133.75,197.5;179.75,29.75;199,218
47890;34,197.25;88.75,322;191.25,254.5;270.75,33.5;64.75,88.75;119.5,240;168.75,79.75;199,218
46149;27,233.25;37.25,310;169.25,230;270.75,33.5;52,43;161.5,246.75;168.75,79.75;223.75,166.75
932;27,233.25;43.25,296.25;121.75,250.25;270.75,33.5;106.25,52.75;145.25,300;174.5,96.5;219.25,122.75
31770;0.75,184.75;89.25,316.75;155.5,213.75;296.25,92.75;106.25,52.75;145.25,300;165.25,57.25;189.75,68.25
7211;17.5,141.75;89.25,316.75;135.75,225.25;264,134.75;130.25,107.5;154.5,285.25;165.25,57.25;232,50.75
11270;17.5,141.75;89.25,316.75;170.25,202.25;221,190;121.25,111.75;184.25,307.25;231,78.25;254.75,15.75
27233;12.75,152.75;52.25,321.75;126,239.25;165.75,163;121.25,111.75;221.5,259.5;231,78.25;320.75,31
37031;12.75,152.75;13.5,287;103.5,205;165.75,163;121.75,114;227.75,278.5;238,116;340.25,53.75
43778;12.75,152.75;13.5,287;109.75,160.75;165.75,163;80.25,90.75;178.5,270.75;292,98;301.5,88
9487;40,137.25;50,295.5;100.25,208.5;109.75,165.25;80.25,90.75;130,223.5;279.5,143.25;301.5,88
10479;49,114.25;59,295.5;94.75,168.5;100.25,208.5;127.5,71.5;151,171.75;279.5,143.25;305,85.5
44246;49,113.75;59,295.5;92.5,166.25;100.25,208.5;119.75,19;185.25,133.5;316,130.75;366.75,80
43666;20.25,62.25;59,295.5;67.5,147;114,206.75;122.75,12;175,173.25;327.5,195;366.75,80
6082;4.5,62.25;59,295.5;67.5,147;114,206.75;63.5,12;124,194.5;325.5,139.25;350,81.75
4570;32,50.25;59,295.5;115.5,104;149.75,185;14.25,11.25;152,190.5;323.25,161.5;350,81.75
14234;41,61.75;52,277;87.5,85.75;149.75,185;21.5,70.5;118.25,208.75;323.25,161.5;337.5,79
18294;51,74.25;102.25,296;134.25,89.25;144.75,227.25;51.5,112;147.75,161.75;323.25,161.5;337.5,79
31292;28.25,30.25;63.75,318;134.25,89.25;170.25,270.25;92.5,78;161.75,224;323.25,161.5;340,73.5
15399;26.25,30.25;90.75,310.25;134.25,89.25;179,266;84.25,47;161.75,224;340.5,115;359.5,44.25
25073;70.25,32.5;90.75,310.25;132.5,44.5;179.5,219.5;139.75,34.25;141.25,181.5;342.5,117.5;359.5,44.25
14726;70.25,32.5;90.75,310.25;126.25,18;205,268.75;143,51;154,143.25;338.25,93.25;342.25,79.25
33418;15.25,63.75;90.75,310.25;97,58.25;241.5,292.5;91,32.5;141.75,202.25;294.5,61.25;338.25,93.25
20001;15.25,63.75;90,310.25;112.25,35;186.25,271.75;78.5,20;141.75,202.25;329.75,4.75;349.5,83
5551;29.5,20;50.75,276.75;112.25,35;160.75,280.5;78.5,20;101.5,263;311,45;333.5,124.5
44334;29.5,20;50.25,277;112.25,35;115.75,308.5;37.75,33.75;126.75,276.75;271.5,16.75;294.25,79.75
19531;6,5.75;84,257;102.5,44;115.75,308.5;27,33.5;171.75,288.5;227,20;294.25,79.75
16210;6,34.5;41.5,242.5;102.5,44;115.75,308.5;34,50.25;126,323.25;203,60.5;252,77.5
42517;6,34.5;59.75,249.5;112.75,33.75;115.75,308.5;82,19.5;123.5,280;148.25,65.75;252,77.5
18930;6,34.5;59.75,249.5;63.25,57.25;115.75,308.5;79.25,11;182.25,286.5;194,98.25;236.25,75.5
41696;6,34.5;32.25,275.5;90.75,44.5;126,246.25;79.25,11;171.25,238.5;188,105;249.5,130.25
22863;6,34.5;32,309;103.25,18.25;125,244.5;119,40.25;171.25,238.5;206.75,159.25;210.25,173.25
8622;3,80.5;32,309;72.75,37;144.5,244;145.75,87.5;171.25,238.5;196.25,95.75;205.75,117.5
42934;3,80.5;32,309;109.25,18.25;189.25,249.25;82.25,88;189.75,239.25;222.5,117.5;249,71.75
44288;15.5,142.25;63.5,306.25;109.25,18.25;224.25,205.75;82.5,20.5;198,255.5;249,71.75;254.75,141.75
45931;15.5,142.25;63.5,306.25;159,35.25;229.25,178.25;82.5,20.5;222.75,253.5;255.75,9;292.75,142.75
22537;10.75,124;22.75,308.75;173,50.25;229.25,178.25;83.75,24.25;252,288.5;255.75,9;273.75,181.75
2125;10.75,124;56.25,295;181.5,12.25;231.5,184;30,47.5;242.5,320.5;255.75,9;313.75,129
8785;56,99;97.25,281.75;202.25,15.5;231,183;30,47.5;242.5,320.5;243.5,9;295.25,83.5
28489;69.5,146.25;154.5,266.25;225.25,32.75;294.75,167.5;30,47.5;265.25,265;272.75,31;295.25,83.5
39792;68.25,171.75;165.25,225.25;246.5,8;274.5,169.5;26,81.25;265.25,265;273.75,30;295.25,83.5
14325;68.25,171.75;165.25,225.25;217.75,7.25;274.5,169.5;18.75,125.25;214,272;243.75,14.5;259,77
17590;70,177.5;155.75,194.75;184.75,8.5;298.75,168.5;69.75,126.25;214,272;243.75,14.5;259,77
21554;57.5,228.25;126.75,244;197.5,50.25;315.75,217.75;69.75,126.25;159.75,303.5;243.75,14.5;281.75,105
34568;78.75,184.75;123.25,243.5;165.75,48.75;333.25,247;62.25,170.25;153.25,318.5;243.75,14.5;281.75,105
46116;71.5,174.75;163.25,227.25;165.75,48.75;333.25,247;67,208.5;141.5,298.25;221.25,36;234.75,121.25
37988;36.25,145;144.75,227.75;188.5,7;333.25,247;38.25,221.25;131,263.75;221.25,36;251,132.75
6022;2,177.5;144.75,227.75;222,53;288.5,293.75;38.25,221.25;166,300;191,89;267.75,148.5
36644;2,177.5;183.5,260.5;201.25,84.25;258.25,288.25;62.5,201.5;166,300;207.25,74.5;231.5,115.5
1045;31.25,182;224.25,271.25;239.25,73.5;268.75,267.5;62.5,201.5;193.25,249;207.75,74.75;231.5,115.5
1489;31.25,200.5;282,278.25;289.5,115;293.75,320.25;62.5,201.5;186,301.25;207.75,74.75;212.25,155.25
15080;63,255.25;284.5,322.75;286.75,89.25;303.25,285.5;51,263.25;186,301.25;207.75,74.75;212.25,155.25
24509;64.75,255.25;284.5,322.75;286.75,89.25;300.5,230;10.5,232.25;131,323.75;166.25,115.75;248.75,114.25
17261;49.5,215.75;241.75,287.75;259,135.25;279,168.75;10.75,230.5;131,323.75;172.75,107.75;248.75,114.25
10154;18.5,230.75;241.75,287.75;278.25,122.25;290.25,115.75;17.75,202.75;81,306.25;172.75,107.75;253.5,53.5
20720;15.25,170.75;208.75,269;273.75,168;290.25,115.75;16.5,204;37.5,320.25;218.25,94;253.5,53.5
29107;75.5,158.75;224.25,230.5;264,182.75;286.25,164.25;29,191.5;37.5,320.25;237.25,82.75;253.5,53.5
29087;84.75,187;291.25,210.5;293.5,161;345.75,133.75;29,191.5;72,265.75;212.5,52.25;253.5,53.5
35529;137,223.75;251,172.75;291.25,210.5;297.5,137;3.5,154.5;72,265.75;161.75,81.25;212.25,64.25
41585;155.5,226.5;249.75,177;291.25,210.5;351.25,128.25;50.75,168.25;104.75,304.25;161.75,81.25;223.25,36.5
17610;155.5,226.5;204.25,176.25;262,255.75;296.75,105.75;72.75,168.75;142.25,319;203.25,98.25;223.25,36.5
40465;138.25,183.75;249.75,196.25;262,255.75;296.75,105.75;121.5,197.5;168.5,302;210,93.5;273,31.5
13654;138.25,183.75;225.5,211.25;261.5,273;295.25,104.75;123.5,196;168.5,302;223,92.5;294.5,4.25
13017;156.25,223;267.75,228;273.5,256.75;280,143;123.5,196;168.5,302;256,95.25;291.75,5
35635;186.75,246;266,269;271.25,249;280,143;146.75,202.25;168.5,302;204.75,61.25;291.75,4.25
45582;208.25,265.25;245.5,296.5;263.75,300;297.75,173.5;146.75,202.25;168.5,302;204.75,61.25;261,47.25
26046;218.25,278.5;277.25,263.5;300.75,317.75;317,152;146.75,202.25;168.5,302;204.75,62.25;248.25,69.25
14481;207.5,308.25;240,214.5;277.5,283.25;300.75,190.75;135.75,169.25;168.5,302;214.25,58.25;248.25,69.25
24399;209.5,282.5;253,183.25;300.75,322;341.5,239;100.25,151.75;148.75,262.75;214.25,58.25;248.25,69.25
7531;199.5,294.75;269.25,244.75;289.25,319.5;298.25,232;41.75,163;148.75,262.75;214.25,58.25;243.25,38.5
38821;199.5,294.75;269.25,244.75;289.25,319.5;310.75,240.25;23.25,107.5;151.25,224.5;168.25,88;233,82.25
14944;149.5,298.5;269.25,244.75;289.25,319.5;308.5,215.25;26.75,91.75;185.75,218.75;212.5,85.5;230.5,135
46519;149.5,298.5;252.75,182;252.75,295.75;336,210;26.75,91.75;136.25,235;205.75,85.75;215.5,74.5
2277;185.5,272.5;236.5,130;252.75,295.75;369.5,196;16.25,38.25;151.5,245.25;205.75,85.75;223.5,37.75
30116;168,228.75;235.75,130;247,274;369.5,196;16.25,38.25;187,232.5;216,40.75;220.5,15
13238;219,200.5;226.75,176.75;300.75,304.5;356.5,166.25;16.25,38.25;187,232.5;216,40.75;271.5,16.75
9862;219,200.5;274.75,148.25;290,251.5;359,122.25;5.5,70.5;187,176.25;216,40.75;273,16.75
25305;219,200.5;274.75,148.25;290,251.5;365.25,68.75;34.5,96.25;137.75,187.75;192.75,98.5;254.25,42.25
43060;219,200.5;312.5,152.75;318.5,255;342.5,81;21,119.25;106.75,150.25;197,122.5;254.25,42.25
14143;219,200.5;312.5,152.75;327.25,216.75;348.25,43;53.25,92.75;83.25,190;218.25,167.5;228.5,14
9307;272,166.25;309.5,112.75;352.25,197.25;353,86.25;53.25,92.75;95.25,158.75;218.25,167.5;229.5,62
2599;279,166;309.5,112.75;328.75,197.25;333,67.25;44.25,143.25;56,128.5;215.25,167.5;229.5,62
30550;278,168.75;283.25,141.75;286.75,182.75;333,67.25;23.25,182.5;121.75,106.75;215.25,167.5;237,71
42518;268.25,104.25;279.25,129.75;286.75,182.75;360,20.75;26.75,118.25;128,126.75;215.25,167.5;237,71
35125;254.5,65;267.75,95;273.75,144.25;356.25,13.25;5.5,92.5;128,126.75;215.25,167.5;237,71
35850;201.75,63.5;273.75,144.25;277.25,105.5;356.25,13.25;13.75,92;150,109.75;180.25,172.25;226.75,16.5
39912;250,23;273.75,144.25;304.5,79.75;354,23;26.25,32;124.75,115.5;180,172.75;226.75,16.5
17801;280.75,10.25;281,159.25;294.25,98.75;315,25;26.25,32;146.25,68.75;198.25,180.25;226.75,16.5
27463;270,33.5;272,165.75;317,125.25;318,21.25;26.25,32;149,68.75;198.25,180.25;229,12.75
15663;270,5.75;272,165.75;280.75,75.5;323.5,2.25;26.25,32;139,119.75;201.5,184;269.25,64.25
19849;218,43.5;236.75,201;261.75,96.5;323.5,2.25;19.5,30;127.25,50.5;201.5,184;230.25,114
15184;192.75,55;209.25,199;261.75,96.5;364.75,20.5;1.75,3.5;166.25,39;201.5,184;230.25,114
40768;192.75,55;209.25,199;230,85.25;364.75,20.5;3,69;158.5,90.75;166.5,165.25;183,153.25
38553;128.25,29.5;209.25,199;272.5,70.25;366.25,70.25;3,69;134.25,20.75;148.25,223.5;181.5,150.5
16100;109.75,16.25;180.25,238.25;314,41.5;328.25,117;3,69;98.5,52.25;148.25,223.5;181.5,150.5
7325;109.75,16.25;200,274.5;298,13.5;346,89;39.25,111.25;127,94.25;148.25,223.5;191.25,195.75
3138;156.5,34.5;163.25,299.25;337.25,32;346,89;23.5,155;129.75,107.25;148.25,223.5;224,230.25
41579;93,19;116.75,310.5;313.5,24.25;327,119.25;26.25,124;129.75,107.25;148.25,223.5;246.25,229
50588;65.5,4.75;135.75,281.75;268,19.5;359.25,122.75;48.75,111.25;129.75,107.25;176.75,196.5;246.25,229
43344;61.25,8;109,318;270.5,33.5;359.25,122.75;48.75,111.25;153.25,89;225.25,191.25;230.25,207.75
20105;61.25,8;73.75,291.25;246,21.25;366.25,122.25;46.25,108.5;153.25,89;262.25,143.75;266,173.5
39453;10.5,8.75;73.75,291.25;195,12;366.5,185.5;92,109;140,56.5;262.25,143.75;265.25,168.5
47827;10.5,8.75;29.5,313.5;209,64;363,187.25;92,109;139,6;234.5,149;308.5,201.5
6931;38.5,41.25;39.75,261.25;173,87.25;326.5,158.25;92,109;94.25,20.5;234.5,149;299.5,198.75
22702;13.25,63.25;47.5,295;173,87.25;278.25,169.5;34.25,119.25;94.25,20.5;234.75,154;346.25,206.25
32262;40.75,93;52.25,322.75;182.25,131.25;278.25,169.5;23.5,94.75;119.75,60.5;234.75,154;360.5,213.5
34062;11,59.25;31,300.25;225.5,105.25;278.25,169.5;53.5,93.5;127.75,77;192,180.25;360.5,213.5
11429;0.25,82;33,284;225.5,105.25;251.25,187;46.75,52.25;152,43.75;192,180.25;357.25,155.25
30196;50.5,124;83.5,243.5;230.75,127;280.5,217.75;46.75,52.25;164,38;247.75,173.5;357.25,155.25
35658;77.75,165.5;92.5,282.75;230.75,127;267.5,225.75;2.5,70;126,39;207.5,203.25;357.25,155.25
43724;88,178;94.5,297.25;207.75,169.25;274.5,179.25;42.25,108.5;98.75,66;207.5,203.25;357.25,155.25
25661;88,178;94.5,297.25;174.5,200.75;323.75,165.75;93.75,107;119.5,49;262.75,175.5;353.5,199.25
41955;48.25,192.75;49.25,308.25;135,239.75;325.75,165.75;93.75,107;126.5,62.75;262.75,175.5;359,172.5
22083;0.75,181.25;41.5,303;101.75,208;325.75,165.75;95,131.25;120.5,38.25;262.75,175.5;360.5,158.5
19914;32.25,138;47,284;129.75,214;357.5,177.25;95,131.25;142.5,90.75;258.75,218;360.5,158.5
31785;62,92.5;68.75,309;129.75,214;325,150.25;49.75,133;186.5,100.5;300,236;360.5,158.5
6567;26.75,105;53.5,317.75;155.25,194.25;286.25,168.75;104,143.5;151,119.5;300,236;360.5,158.5
49876;8.5,154.25;9,310.5;140,224.25;292.25,113.75;47.5,130.5;150.25,119;300,236;360.5,158.5
1990;8.5,154.25;38.75,279.5;157.5,230.75;292.25,113.75;47.75,75.25;150.25,119;252.75,256;357,153.5
19136;45.5,126;46.25,264;157.5,230.75;267.25,127;8.25,39;194.25,86.75;252.75,256;348.5,194.75
33026;9.25,124.5;70.75,291;146.5,227.75;269,126.75;8.25,34.75;194.25,86.75;252.75,256;294.25,198
19616;9.25,124.5;40.25,300.25;146.5,227.75;314,151.75;26.25,68.75;212.75,107.5;229.5,272.25;317.75,144
39665;22,177.25;40.25,300.25;146.5,227.75;314,151.75;44,33.5;161.25,120.75;198.75,305.25;309.75,159.5
5411;1.25,203;39.75,300.25;152.75,223;355.75,151.75;44,33.5;160.5,87.25;223.5,272.5;309.75,159.5
10281;1.25,203;39.75,300.25;152.75,223;343.5,199.75;90.75,67.75;184,97.25;185.25,250;309.75,163.75
48122;12,178;39.75,300.25;118.75,208.75;343.5,199.75;63.5,101;205,142.5;218.5,274.75;281.75,218.25
26936;12,178;74.25,280.5;116,209.25;343.5,199.75;33.5,144;202.75,173.75;265.5,255.75;316,198
10858;22.25,127.75;77.25,299.5;116,209.25;355,239.25;1.5,155;220.25,169.5;239,274.5;316,198
28997;54.5,177.5;79.5,303.25;120,185.5;367,167.25;20.25,219.5;220.25,159.75;239,274.5;316,198
49885;54.5,177.5;58,293.5;144.75,183.5;348.5,162.5;51.25,224;220.25,159.75;277,267.25;310,161.25
45364;2,159;80,300.5;128.5,147.5;360.5,134.5;47.75,181;220.25,159.75;277,267.25;310,161.25
34465;2,159;31.75,297.5;114.25,106;360.5,134.5;18.75,201.75;184,175.5;265.75,265;351.25,157.5
7175;12.25,189.5;35.5,284.25;114.25,106;360.5,134.5;22,171.25;168.5,221;302.75,243;356.5,172
28820;2.75,216.5;35.5,284.25;167.5,136.5;358.25,201;22,171.25;182.75,162;261.25,251.75;334.5,205
19957;2.75,216.5;12.5,261.25;130,101.25;354.25,257;22,171.25;193,176.5;257,292.5;312.5,199.75
32082;1,193.25;11.75,269.75;128.5,59;312.75,225;22,171.25;217,203.25;257,292.5;318.75,185
20165;10.75,154.25;41,239.5;161.25,71.5;356,272.5;7,202.75;217,203.25;257,292.5;318.75,185
15978;26.75,116.75;57.5,277.75;178.5,87.5;360,213.75;7,202.75;233.5,207.75;291,310;318.75,185
4182;31.75,55;33.25,266.75;178.5,87.5;363.5,210.25;7,202.75;259,204.75;260.25,276.5;316.75,203.75
34346;8.5,108;67,309.75;233.5,105.25;363.5,210.25;7,202.75;251.75,147;294,218.5;294.25,185.5
44363;17.25,85;67,309.75;255,47.25;348.75,197.25;7,202.75;247,141.5;250,225.5;256.5,176.75
26509;16.25,86.25;30.75,319;295.75,8.5;348.75,197.25;7,202.75;237.5,132.5;285.5,249;296.25,184.5
26508;16.25,87;24,295.25;324,19.25;348.75,197.25;7,202.75;195.5,173;285.75,197;302,185.25
27292;5.5,52;22.5,279;276,30;324.25,141.75;7,202.75;208.75,120.5;243.75,168.5;302,185.25
50482;25.75,87;51.5,248.5;277,23.25;324.25,141.75;32,176.5;192.5,100.25;206.5,206;302,185.25
9186;36.5,58;51.5,248.5;338.25,9.75;349.75,159.75;75.25,147.5;192.5,100.25;234,193.25;328.25,136.75
38330;13.75,57.75;53.5,217.5;287.75,24.25;307.75,155;75.25,147.5;192.5,100.25;249.25,252;315.25,107.5
43681;34,21;37.75,189;291.75,20.25;303,163.25;75.25,147.5;237,64.75;249.25,252;315.25,107.5
23072;65.5,2.25;78.75,227.75;287.75,44.75;303,163.25;49,164.25;193.5,97;249.25,252;305.5,149.75
47409;115.25,19.5;138,222.75;235,22.5;277.25,148.5;49,164.25;208,76;228.5,272.25;305.5,149.75
41740;134.5,58;140,159.75;226.25,45.75;277.25,148.5;49,164.25;188.75,95.75;232,257.75;340.25,170.5
19750;87.75,92.5;128.5,214;182,81;293.5,115.25;49,164.25;204.75,86.75;233.5,238;340.25,170.5
37449;69.5,48;161.25,216.25;182,81;293.5,115.25;6.25,172.75;207,69.5;286.75,225.75;350.5,174.25
9667;76.25,99;198.5,226;210.75,35.25;322,88.75;31,206.25;207,69.5;286.75,225.75;350.5,174.25
44429;80.75,63.25;160,179.75;269.75,24.5;285,106.5;31,206.25;207,69.5;312.5,210.75;359.75,214.75
13525;80.75,63.25;137,201;269.75,24.5;289.5,164.25;83.25,221.25;191.75,89.25;323.75,178.75;334.5,219.5
150;111.5,78.75;137,225.75;287,57.25;309.5,201.25;121.5,198;195,95.25;323.75,178.75;334.5,219.5
21812;111.5,78.75;123.25,272.5;287,57.25;315.75,224.75;89.5,225.75;218.5,41.25;322.25,161;357.25,166.75
47125;111.5,78.75;159,265.75;253.25,93;273.5,233.75;47,255.75;164.5,36.5;293.5,170.5;357.25,166.75
20245;94.25,90.25;174.25,281.25;210.25,78.25;273.5,233.75;58,247.75;142.75,12.5;293.5,170.5;353.75,197.25
28782;76.75,40.25;228.5,275;231.75,75.5;273.5,233.75;58.75,272.25;142.75,12.5;296,144.25;325,204.75
18718;132,41.75;257.25,322.25;268.25,74.25;312.75,262.5;58.75,272.25;142.75,12.5;273,102.25;302.75,233.25
20698;157,29.75;219.25,320.75;300,111;331.75,216.25;104,282;142.75,12.5;273,102.25;302.75,233.25
38620;157,29.75;219.25,320.75;313,77.75;331.75,216.25;91,282.75;126.75,19.25;302.25,85.75;359.5,235.75
42539;187,38;273.5,295;299.25,112;331.75,216.25;91,282.75;166.5,40;286.5,98.75;309,256.75
35605;182.5,8.25;286,318;301.75,156.25;318.5,160.75;143.75,270;166.5,40;287.25,99.5;309,256.75
14158;209.75,64.25;286,318;299.75,148.25;332.25,179.25;115,223.25;150.25,88.25;287.25,99.5;335,199.5
16400;236.25,124.5;256.75,307.25;293.75,211;353.5,213.5;142,222.75;194,95.25;287.25,99.5;335,199.5
105;199,69.25;206.5,310.75;293.75,211;367.25,148;117,203;187.75,96.75;226.25,106;335,199.5
13767;157,44.5;206.5,310.75;318.5,252.25;369,183.75;134.25,190.5;187.75,96.75;255.25,132.75;282,173
28704;124.25,57;206.5,310.75;318.5,252.25;369,183.75;142,197;177,146.25;268.5,181.5;270.75,209.5
16369;172.25,38.75;180,267.75;266.5,273;331.75,216.75;115.25,240;168.25,195.5;268.5,181.5;270.75,209.5
22878;172.75,36.5;217.5,260;245.5,297.5;291,208.5;115.25,240;131.75,197;268.5,181.5;270.75,209.5
4070;172.75,36.5;219.5,247.75;245.25,297;336,198.75;115.25,240;188.75,182.5;310.75,196.75;317.75,248.75
26676;150,64;202.25,260.5;250,268.25;336,198.75;115.25,240;210.75,172.75;330.5,227;351,291
28913;147.75,113.75;177.75,220.5;230.25,253;336,198.75;113.25,199;223.25,166.25;286,264.75;351,291
4950;187.25,81.5;229.5,189.25;239.75,293.75;309.5,163;113.25,199;223.25,166.25;249.25,255.5;351,291
34621;187.25,81.5;247,218.5;283.25,320;304.25,132.25;113.25,199;236,200.75;237.25,214.75;357.25,227.5
29519;220,62.25;244,267;308.5,288.5;343.5,158.25;113.25,199;236,200.75;262.75,235;320,224.25
40075;185,48.25;266.25,294.5;308.5,289.75;334.25,224;72.5,203.75;236,200.75;262.75,235;324.75,271.75
13775;144,31.25;266.25,294.5;308.5,289.75;340.25,235.25;65.75,161.5;221.25,161.75;231.75,206;322,217.75
40053;138.25,21;298.5,289.5;300.5,321.75;325.75,197.25;65.75,161.5;222.25,161.5;230.75,206.5;322,217.75
43605;142,64.25;297.75,289.75;300.5,321.75;344.25,157.5;65.75,161.5;192.25,165;197.25,174;352,176.25
47569;161.5,100.75;300.5,321.75;305.75,304.25;313.25,125.25;74.25,177.5;214.5,159.5;223.5,161.75;352,176.25
22397;148.5,46.75;272,285.75;332.25,318.5;364.5,120.75;74.25,177.5;214.5,159.5;223.5,161.75;317.25,124.5
36534;193,38;215.5,278.75;332.25,318.5;339.75,112.5;30,148;162.75,160.75;223.5,161.75;338.5,187.25
27459;197.25,84;198,309;330.75,299.75;339.75,112.5;65,177.75;165.5,164.25;194.25,173.75;338.5,187.25
4406;139.5,55.25;198,309;355.75,313.25;359.25,118.75;65,177.75;131.25,128.75;205.25,219.75;336.75,184.75
10021;156,46.5;262.75,322.5;301.25,286;319.25,165.75;114.75,198;137.25,185.5;205.25,219.75;336.75,184.75
7789;160.75,73.75;262.75,322.5;301.25,286;319.25,165.75;86.25,212;113,230;218.25,176.25;348,172.5
33701;159.75,75.25;244.75,312.25;301.25,286;319.25,165.75;51,257.75;100,282.25;208,152.25;358,223.5
844;196,93;242,316;256.25,274.75;309.25,132.25;19.5,297.25;79.25,315.5;208,152.25;358,223.5
20454;196,93;243.75,259.75;307.25,243;309.5,132.75;16.25,296;76.5,255.25;265.5,140;358,223.5
4638;156.25,84.5;273.75,256.75;289.25,255.5;296.25,103;16.25,296;76.5,255.25;266.75,170.25;358,223.5
46500;108,68.75;246,313;289.25,255.5;296.25,103;30.25,320;119.75,291.5;242.5,225;335.5,173.5
48569;59.25,55.25;268.75,322.5;282.5,237.25;296.25,103;3,308.25;119.75,291.5;236.5,251.75;328.5,163.25
36217;59.25,55.25;268.75,322.5;282.5,237.25;323.25,135.75;4.75,306.75;171,299.75;245.5,198.75;334,147.75
18486;59.25,55.25;216.5,311.5;282,237.25;355.75,81.25;1,243.75;171,299.75;273.75,215;358.25,202
41485;35.25,56.5;242.5,258.5;290,251.5;331.75,31.5;25.5,264.75;171,299.75;273.75,215;353.5,204.25
46857;1.5,75.5;242.5,258.5;290,251.5;331.75,31.5;40.5,253.5;129.25,259;315,239.25;355.75,262.25
27383;51.25,60.75;242.5,258.5;277.75,217.75;333.75,26;32,307;124.75,278;315,239.25;342.75,276.25
21963;28.25,55.25;198.25,233.75;326.25,186.5;333.75,26;43.75,300.5;82.75,252.25;282.75,199.25;342.75,276.25
20823;28.25,55.25;199.75,235.75;273.75,208.5;280.25,58;43.75,300.5;145.75,270.25;304,233;321.25,312
26645;5.25,74.75;201.5,227.5;273.5,166.5;294.25,105.75;81.25,320.75;145.75,270.25;305,195.75;321.25,312
1998;31.5,73.5;239.75,246;273.5,166.5;358.25,84.75;95.75,316;161.5,230.25;279.5,250;321.25,312
49774;68.75,70;210.75,278.5;266.75,163.75;358.25,84.75;95.75,316;166.75,194.25;247.75,230.25;342.75,277.75
45919;52.5,43.25;215.75,247.25;317.75,163;369.5,72.75;145,303.75;152.25,225.75;247.75,230.25;342.75,277.75
40323;38.5,15;257.5,279.25;325.25,199;369.5,72.75;90.5,282.75;152.25,225.75;207.75,255.5;310.5,244.25
4236;40.75,15.25;291.75,307.75;361.25,201;369.5,72.75;107,270;152.25,225.75;246.25,237.25;297.5,233.5
42434;40.75,15.25;280.75,283;364,228.75;369.5,72.75;69,268.25;130.75,195;246.25,237.25;351.25,238.25
43196;51.75,56.5;276,230;315.75,228.25;322.5,105.25;82.75,268.25;130.75,195;257.75,205.5;351.25,238.25
22631;60,6.75;250.5,201.5;281.5,261;355.5,137;71.5,222.25;130.75,195;257.75,205.5;351.75,238.75
20487;104.75,19.25;227,183.5;253.5,245.5;355.5,137;12,231.75;163,164.75;260.5,163.75;351.75,238.75
26295;65,7;208.5,169.75;253.5,245.5;352,182.5;4.75,195.25;216,150.5;271,139.5;351.75,238.75
27184;59.75,4.25;208.5,169.75;297.25,236.75;318.25,213;4,196;216,150.5;305,131;350.75,223.25
9765;59.75,4.25;188.25,152.25;296.25,237;361.5,192.5;48,173.75;226.75,94;236.5,133.75;350.75,223.25
15118;59.75,4.25;146.25,184.25;313,293.25;361,213.75;78.5,220.25;226.75,94;237.5,134;312.75,258
10675;38.25,39.25;119,150;290.5,321.5;361,213.75;78.5,220.25;168.75,79.25;195.25,97;314.5,202
48398;11,84.25;165.5,162.75;334.25,322.5;352,229.5;66.25,221;167.75,80.75;195.25,97;314.5,202
22153;28.5,84.25;159,214.75;305,314.75;352,229.5;109.25,265;156,116.5;195.25,97;340.5,206.5
23670;90.5,91;159,214.75;273.5,299.5;309.25,231.25;123,308;182.25,169.5;203,98;340.5,206.5
50461;135,128;144.25,226.5;243.25,259.5;270.25,203.75;132.5,308;182.25,169.5;203,98;340.5,206.5
19140;135,128;144.25,226.5;243.25,259.5;301.25,239.25;64,306.5;141.25,197.5;163.75,114;315.25,163.5
29775;138.25,124.5;144.25,226.5;225.25,313.25;300.5,232;64,306.5;183.5,213.5;205.75,106.25;282,173
16211;155,124.5;180.75,254.75;209,310.75;270,230.5;10,309.25;155,203.75;205.75,106.25;282,173
50455;155,124.5;180.75,254.75;209,310.75;328.25,213.75;11.5,309.75;150.25,188.5;246,132.25;269.25,231.75
9577;158.5,128.25;168.25,266.25;220.75,269.25;328.25,213.75;4.5,287.75;149,203.75;246,132.25;270.75,252
42750;158.5,128.25;168.25,266.25;205,269.5;318.5,252;8.25,302.25;113.75,228;209.75,176;246.5,281.75
38726;91.75,142.75;235,253;239.5,216.25;354.25,288.75;8.25,302.25;139,244.75;209.75,176;246.5,281.75
2704;57.5,157.5;256.25,247;259.5,180;325,283.5;8.5,302.75;139,244.75;187.75,173.75;246.5,281.75
9989;19,144.25;222.25,236.5;245,179.5;360.5,265.75;8.5,302.75;131,294;194.75,180.75;246.5,281.75
33571;50.5,181.25;164.25,216.25;265,132;360.5,265.75;8.5,302.75;124.25,298.25;183.5,165.5;228.25,290.75
329;30.5,137.5;142.5,240;277,101.75;360.5,265.75;7.75,279.5;124.25,298.25;206.5,189;245.5,320.5
50442;70.5,134.75;142.5,240;261,155.75;319.75,214.75;7.75,279.5;109.75,317.25;190.5,213.5;220,319.5
30766;69.5,133.75;121,209.25;301.75,139.75;303.75,167;28.25,310;109.75,317.25;195,215.25;220,319.5
43013;69.5,133.75;121,209.25;303.75,167;337,149.25;36,277.5;117.75,286.75;183,197;183,303.75
21164;30.25,145.25;115,208.25;275,134.25;314,125.25;11.25,309.75;117.75,286.75;183,197;189.75,272.75
42461;30.25,145.25;115,208.25;266.5,179.25;314,125.25;39,293;138.75,228.75;153.5,221.5;186.75,277.25
14685;89.5,166.25;109.25,163.25;266.5,179.25;313.25,128.25;28.5,308;122,229;153.5,221.5;214.25,300.25
14996;122.75,214;137.75,126.25;243,127;270,150;80.5,286.75;87.75,258;153.5,221.5;214.25,300.25
25600;122.75,214;182.75,152.75;221.5,132;297.25,164.5;52.25,307.5;87.75,258;125.75,196;201,317.75
5677;149.75,184.5;178.75,158.5;210.25,81.75;301.75,165;52.25,307.5;121.5,252;171.75,184.5;201,317.75
15453;160.25,206.25;179.25,112;215.5,44.25;301.75,165;15.25,308;166.25,236.5;185,181;201,317.75
47394;135.25,238.25;153,169.25;192,3.25;261.5,153.25;15.25,308;166.25,236.5;183.5,163.75;226.25,303.25
12299;89.25,213.25;92,173;219.5,17.5;280.75,144.75;15.25,308;109.5,259.75;147,145.25;226.25,303.25
44162;75,190;79,142.75;243.25,18;280.75,144.75;43,317.25;107.25,268.25;141.25,107.5;226.25,303.25
26873;68.5,248.75;133.75,160.75;202.25,12;230.75,155.25;43,317.25;110.5,309.25;141.25,107.5;225,302
18502;49,218.25;147.75,183;166,10.5;224.5,146.5;20.5,306.25;89,313.75;141.25,107.5;225,302
5151;43.75,243;147.75,183;154.25,31.25;210.5,196.5;10.75,291.5;57.75,288.75;181,129.5;225,302
43721;54.5,245.5;97.25,159.5;214.5,32.25;224,251.5;10.75,291.5;106.5,281;181,129.5;225,302
43407;16.5,230.75;109.75,169.25;215,61.75;230,246.25;34.75,321;106.5,281;207,117.5;225,302
41878;60.25,274;123.5,148.75;213.75,17.25;247.5,191.5;46.25,302.25;108.5,309.25;207,117.5;225,302
49788;17.75,305.5;86.5,119.5;220,8.5;247.5,191.5;20,310;108.5,309.25;184,97;227.5,318
94;21.25,306;130,92.5;209.75,63.25;273.5,179.75;16,248.75;106.5,283;184,97;227.5,318
40188;21.25,306;143.25,128.5;166.25,45.25;228,188.75;18.75,273;122.75,265;129,79;227.5,318
5239;21.75,306.5;117.75,123.5;134.25,89.25;228,188.75;18.75,273;96.25,225.5;129.75,104.25;209.75,275.5
1878;21.75,306.5;70,96.25;134.25,89.25;228,188.75;15.75,279.5;100.5,220.75;154,50.5;219.25,220
26084;21.75,306.5;28,121.25;107,109.5;281.5,168.25;15.75,279.5;80.75,202.75;137.25,71.5;251.75,247.5
534;8,302.75;28,121.25;136.25,77.25;260.5,177.75;18.75,291.5;74.75,185.75;159.75,91;251.75,247.5
28947;52.25,274;61.5,170.25;90,91.25;260.5,177.75;69,260.25;74.75,185.75;204.25,95.25;251.25,248
43199;11.75,307.5;63.25,176.75;80,86;260.5,177.75;69,260.25;72.75,221;203.75,93.75;242,237.75
31320;33,272.25;85,158.25;87.5,59.5;281.5,229.75;19.75,249.25;118,259.25;203.75,93.75;242,237.75
18625;67.25,249.25;86.5,139.5;136.5,43.75;281.5,229.75;19.75,249.25;169.75,251.75;188,98.5;207.75,204.75
23842;50,284;91.25,91.5;135,75.75;245,244;32,207.25;170.25,250.5;188,98.5;207.75,204.75
20210;5.25,267.75;91.25,91.5;186,59.25;273,269.5;2,240.75;174.25,280.75;188.75,88.5;207.75,204.75
7189;5.25,267.75;49.75,54.5;235.25,82;264,270.25;2,240.75;144.75,303.75;151,118;227.75,209
45036;5.25,267.75;49.75,54.5;237.5,45.75;252.5,223.75;19.5,280.25;107,317.75;133.75,106.5;228.25,231.75
16469;5.25,267.75;11.25,8.25;212.75,17.25;251.75,224.25;46.75,302;47.25,310.25;125.5,131.25;228.25,231.75
15780;5.25,267.75;11.25,8.25;247.25,13.5;267.5,178;32.25,253;54.25,247.5;182.75,162;234.75,283.25
38457;5.25,267.75;11.25,8.25;209.5,48.75;314,158.25;9.75,270;55.25,249.25;202.75,173.25;218.75,323.5
10912;47.5,227;64,26.25;266.75,69;310.75,99.25;41.5,317.25;55.25,249.25;196.5,174.5;218.75,323.5
19252;70.5,223.5;103,17.75;214.75,79.75;352.25,97.75;20.5,307.75;55.25,249.25;196.5,174.5;238.75,310.25
46757;57.25,286.75;119.5,66.75;214.75,79.75;326,93.25;20.5,307.75;87,283.25;188.75,218;221.5,321
19511;14.25,308;119.5,66.75;257.5,58.25;310.25,111.5;20.5,307.75;92.5,281.25;185.5,231.75;267.25,322.25
441;5.75,294.5;65.75,88;241.75,116.5;307.5,96.75;2.5,311;104.5,236.25;185.5,231.75;267.25,322.25
38205;16.25,309.5;63,126.25;200.5,73.5;269.25,103;26.25,292.5;77.25,268.25;185.5,231.75;267.25,322.25
33311;16.25,309.5;31.75,168.75;228.75,34.25;258,56.25;11.75,287;78.25,269.5;185.5,231.75;236.5,300.25
34536;16.25,309.5;77.75,165;221.75,75;269.75,26;13.75,283.25;96.5,226;185.5,231.75;260.75,258.75
5224;16.25,309.5;130.25,167.75;221.25,50;308.25,53;3.25,309.75;146.75,269.5;186,180.5;260.75,258.75
8981;24,309.5;163,129.25;221.25,50;313.75,3.25;3.25,309.75;119.25,295.5;193.75,174.25;221,262.25
34862;83.25,286.25;163,129.25;221.25,50;313.75,3.25;10.5,269;74.25,296;189.5,174;190,226.75
1161;123,292.5;178.75,138;229.5,32.5;324.75,20.5;11.75,306.5;74.25,296;189.5,174;214.5,270.75
144;121,257.75;178.75,138;237,47.5;324.75,20.5;3.25,311;21.75,311.5;157.5,151.5;213.5,271
38453;114.5,291.5;135,97.75;273.5,97.5;335,23.25;4.5,310.25;21.75,311.5;157.5,151.5;213.5,271
15249;111.5,311.5;132.5,76.25;236.75,122.5;329.75,48.25;4.75,288.75;21.75,311.5;158.25,150.5;213.5,271
41426;65.25,295.5;148,51.75;272,75.25;341.25,28.75;11.5,279.75;21.75,311.5;158.25,150.5;213.5,271
36;86.25,299.75;144.75,56;216.25,57;315,6.5;11.5,279.75;21.75,311.5;171,95.5;224,319
23625;80,316;144.75,56;216,56.5;262.75,13;15.5,282.75;21.75,311.5;193.5,66.75;243.75,281.75
17541;94.75,297.25;144.75,56;212.5,126.75;244.75,39.25;16.75,245.75;21.75,311.5;162.5,58.75;227.5,272.5
21482;94.75,297.25;145.75,55.75;212.25,104.5;226.75,74;16.75,245.75;70.75,296.5;156,100;178.5,269.75
16074;66.75,280.5;145.75,55.75;212.25,104.5;236,39;29,215.5;109.25,324.5;126.25,73.5;169.25,302.75
48187;90.75,284.25;145.75,55.75;212.25,104.5;248.5,12.5;29,215.5;88.75,320.25;167.5,51;174.5,314.5
31845;109.5,284.25;171,18.75;185.5,158.75;292.5,14.5;29,215.5;88.75,320.25;162,14.75;207.25,284.75
16910;100,224.75;218.5,69.25;233.25,113;292.5,14.5;70,275.25;83.5,245.25;162,14.75;222.5,314.25
13505;99.5,225.25;211.25,77.25;230,85.75;247,30.75;35.75,233.75;88.25,214.25;162,14.75;222.5,314.25
31931;99.5,225.25;158.75,89.25;230,85.75;299.5,54;19.25,187;24.75,202.25;107,8.25;222.5,314.25
33040;51,239.75;131.25,31;270.25,77.5;316.75,6.25;19.25,187;81.5,174.25;152.75,53.25;222.5,314.25
17440;86,265.75;131.25,31;270.75,26.5;321.75,13.75;32,183.75;57,174.75;123.75,23.75;222.5,314.25
17210;43,253;185.5,48.75;231.5,54.25;323,19;32,183.75;47.5,122.25;121,73.5;222.5,314.25
27832;43,253;185.5,48.75;288.5,24.5;324,18.75;47.75,197;73.5,100;130.25,91.5;236,283.75
9376;71.5,219.75;231.75,44.75;249.75,68.5;291.5,57.5;47.75,197;76.5,33;130.25,91.5;260,254.25
34628;24,193;249.75,68.5;274,18;329.75,31.5;25.75,186;32.5,45.75;119.75,105;260,254.25
33881;24,193;192,49.75;310.75,57.25;361,90.25;11,141.75;18.25,16.75;119.75,105;260,254.75
35282;24.75,193.75;145.5,55.25;310.75,57.25;351.25,102.75;11,141.75;40.25,52.25;64.75,96.75;230.75,255.25
5354;51.75,248.5;131.25,27.25;295.25,57;351.25,102.75;11,141.75;11.75,10.75;91.5,87.25;247.75,227.5
28070;51.75,248.5;156,48.25;253,78.5;351.25,102.75;4.75,171;67.5,3.25;69.5,79.25;247.75,227
49313;51.75,248.5;155,47.25;253,78.5;351.25,102.75;15,171.5;15.25,23.75;18,51;251.25,216
38615;17.5,306;107.75,22.75;290.5,137.5;312,64.5;15,171.5;15.25,23.75;18,51;274.25,181.25
20375;48.5,263.75;111.75,12.75;248.25,118.75;312,64.5;3.75,139.25;18,51;18.5,19.75;268.5,110.25
50241;48.5,263.75;111.75,12.75;211,71.75;336.25,33.5;25.25,171.5;73.5,33;77.5,3.5;208.25,69.5
34230;47.75,263.5;113.75,34.5;149.75,55;336.25,33.5;27.5,213.5;56.5,8;73.5,33;246,76.5
17065;31,242.75;75,57.75;149.75,55;370.5,72.75;27.5,213.5;36.75,49.5;120.75,18.25;249.25,41.75
42957;27.75,211.5;69.75,33.5;113.25,23;370.5,72.75;27.5,213.5;48,76.25;103.5,6.5;246.5,40
26829;25.5,214;62.25,9;105.75,35;369.25,25;24.5,244.75;48,76.25;103.5,6.5;246.5,40
36437;58.5,228.75;80.5,36.5;124.75,34;349.75,31;24.5,244.75;48,76.25;152.25,7.75;187.75,37.5
46319;33.25,210.5;81,25.75;166.5,60.25;349.75,31;24.5,244.25;29,124.75;152.25,7.75;211,5.75
21079;65,205.5;65.5,84;125.5,57.25;311.5,5.5;24.5,244.25;75.75,171;155.25,29.25;211,5.75
4890;31.5,264.5;44.75,109;165.75,96.75;326.75,11.75;33,232;75.75,171;93.5,25.75;211,5.75
3795;15.25,306;20.5,176.25;175.75,162.75;371,20.5;33,232;75.5,191;93.5,25.75;211,5.75
42485;2.75,293.25;47.25,152.75;175,220.5;371,20.5;0.75,170.75;20.75,217.5;93.5,25.75;258,6.25
28717;2.75,293.25;7,141.75;186.25,271.75;340.75,2.25;14.25,144.75;64.5,247;113,11.75;258,6.25
18101;2.75,293.25;76.75,129.25;255,248.5;286.25,26.25;31.5,89.5;63.5,249.25;109.5,53;258,6.25
21783;25,251.5;85,108.25;251.75,227;286.25,26.25;30.75,89.25;63.5,249.25;112.75,40.25;298.5,9.25
33499;41.25,241.25;97,156.25;252,182.75;259.75,72.75;25.5,127;63.5,249.25;64.75,68.5;298.5,9.25
3772;49,217.75;103.5,229.25;252,182.75;259.75,72.75;18.25,142.25;63.5,249.25;92,110;314.75,22.75
29380;5.5,164.5;44,216.75;252,182.75;259.75,72.75;17.5,143;57.75,319.25;128,98.25;314.25,5
19950;16.5,175.75;95.5,165;215.75,230.25;261.5,18.5;17.5,143;20.5,306.25;151.75,88.75;314.25,5
27778;16.5,175.75;93.75,156.5;155.75,254.25;222.75,33.75;17.5,143;72.75,297;91.75,52.75;334.25,50.75
39406;2,227.25;77.25,103.5;116.75,266.25;218.5,1;16.75,143;72.75,297;91.75,52.75;336.75,7.75
26619;40.75,241.5;85.5,141.5;88.5,303.25;205.5,46.75;17.5,143;72.75,297;85.5,19.5;336.75,7.75
23846;40.75,241.5;107.5,154.75;116.75,317;195.25,72.25;8.75,196.25;73.25,301.25;128.75,18;336.75,7.75
28390;58.25,189.25;107.5,154.75;179,318;189.5,116.75;8,196.5;48.25,253.25;62.5,14.5;336.75,7.75
16277;88.75,197;107.5,154.75;163.75,260.25;189.5,116.75;8.25,203.25;100.75,220.75;120.75,23.25;349.5,50.75
13129;91.25,140.5;111.5,206.25;136.5,223;183.25,110.5;8.25,203.25;98.75,153.25;144,51.5;349.5,50.75
32294;56.25,172.25;96.5,159.75;121.75,199.5;151,81.75;8.25,203.25;78.75,215.25;147.75,51.5;349.5,50.75
28108;56.25,172.25;110.5,153.75;156.5,158;207.75,77.75;8,156.75;27.25,189.25;147.75,51.5;312.5,75
13070;57.5,172.5;141.5,197.5;146.75,157.5;240.75,30.25;8,156.75;69,190.5;147.75,51.5;277.5,94
25696;0.25,151.5;88.5,176;167.5,187;306,37.75;8,156.75;99,199.5;147.75,51.5;303.75,150.5
32778;11.75,152.75;36.75,167.75;151.5,125.25;306,37.75;39,189;140.25,172.25;147.75,51.5;338.25,123.5
13652;34,181.5;38,134.75;106.75,123.75;332.75,49;77.25,226.5;124,197;147.75,51.5;338.25,123.5
10761;78.5,201.75;80.25,85.75;143.75,129.25;307.5,18.25;77.25,226.5;124,197;212.75,54.5;358.25,155.5
31573;89.25,206.75;105.75,36.25;157.25,159.25;311.75,24;77.25,226.5;144.25,238.5;212.75,54;358.25,155.5
25767;71.5,175.25;147.5,82;161.5,115.75;311.75,24;133,215;154,299.75;178.25,96;358.25,155.5
17663;54.75,177;178.25,60;222.25,132.25;250,23;133,215;154,299.75;174.75,160.5;331,147
17491;93.75,174.75;178.25,60;247.25,134.25;250,23;144.75,221.75;177.75,265.5;219,131.5;321.75,178.75
3934;93.75,174.75;219.75,81.5;247.25,134.25;250,23;102.5,234.25;216,247;224,99.75;338.5,230.75
3641;80.25,184.25;219.75,81.5;261,179;268,31.5;85.5,211;176.75,296.5;203.25,140.5;338.5,230.75
1829;115,159.75;219.75,81.5;279.25,166.25;303.75,53;36,222.25;176.75,296.5;220.25,172.5;354.75,205
38115;156.25,152.75;219.75,81.5;264,179.25;304.5,93.75;82.5,231.25;144.5,298.75;220.25,172.5;316.5,196.75
37879;201,139;219.75,81.5;264,179.25;304.5,93.75;87.75,247.5;167,300.5;239,176;348.75,207.5
23063;201,139;219.75,81.5;275.75,241.75;279,63.5;86.75,248.5;183.5,306.25;198.75,226.75;362.25,261.25
26400;168,136.5;243.25,82.25;255.5,272.25;279,63.5;56.5,247.5;131,314.25;172.25,232.75;362.25,261.25
31646;184.75,111.5;239.5,48.25;283.5,311.75;296.75,101.5;56.5,247.5;132,313.75;171,240;362.25,261.25
520;195.25,71;214.5,15.5;274.75,288.5;296.75,101.5;45.25,260.5;96.75,282.75;156.5,255.25;362.25,261.25
26698;195.25,71;214.5,15.5;275,287.25;309.5,145.5;70.5,208.75;83.75,316;155.75,286.5;354.5,290.25
26877;149,35.25;214.5,15.5;275,287.25;309.5,145.5;129.25,197.25;141.75,298.5;145.5,223.25;352.25,245
24442;149,35.25;193.5,59.5;275,287.25;357,157.25;99,260.75;128.5,318.75;152.25,156.25;351.75,244.75
3607;138,47.25;193.5,59.5;314.25,306.75;352.25,209.5;106.5,304.5;183.5,321.5;192.25,180.5;351.75,244.75
18943;123.25,16.5;192.25,59.25;344,311.25;356.75,229;69.5,263.75;183.5,321.5;192.25,180.5;351.75,244.75
44964;174.5,35;176,46.5;344,311.25;362.75,267.25;70.25,318;134.75,310;192.25,180.5;351.75,244.75
39703;141.5,11.5;214.5,106.75;344,311.25;344.75,197;70.25,318;204.5,284.25;255,173.5;358.25,205.25
5305;177,18.25;266.75,122.75;321.75,258.25;344.75,197;37.75,313.25;156,289.5;284.75,140.25;358.25,205.25
44291;186.75,59.5;298.25,153.75;321.75,258.25;344.75,197;11.25,307;154.5,247.25;257.75,146.5;359,158
33277;141.75,21.5;271,168.25;278.5,217;327.75,187.25;18.25,248;137.5,217.25;257.75,146.5;359,158
20059;190,38.5;224.25,207.75;271,168.25;327.75,187.25;18.25,292.5;85.25,251.25;244.25,115;336,170
24540;149.5,15.75;206.5,169.25;271,168.25;327.75,187.25;48.25,252;75.75,278.25;255,76.5;334.5,174.5
15933;149.5,15.75;198.25,113.75;268.75,132;305.25,158.75;68.25,288.75;97,222.25;248,77.5;334.5,174.5
12423;149.5,15.75;198.25,113.75;268.75,132;330,152.75;73.5,302;78.75,190;257,28;325.75,138.25
23273;147.75,4;180.75,60.25;322,143.25;355.5,128.5;75.25,287.75;78.75,190;285.25,40.5;325.75,138.25
5695;80.75,29.75;179,102;280.25,104.75;310.75,145.75;75.25,287.75;78.75,190;229,19.5;338.25,130.5
44337;51,48.25;179,102;289,72.5;310.75,145.75;37.5,319.75;122,198.25;240,73;364.5,141
48272;51,48.25;211.75,136.25;279.75,31;359,166.5;46.5,306.25;122,198.25;240,73;342.25,141.25
29483;95.75,20.5;217.5,82.25;279.25,35.5;359,166.5;5.5,279.75;122,198.25;268.25,33.5;306.5,170.25
9541;78,6.75;225,56.5;266.75,18.5;329.5,149.5;55.25,270;122,198.25;268.25,33.5;337.75,131
44845;78,6.75;225,56.5;285.75,54.25;326.25,172.25;48.5,319.5;82,163.25;323.75,22.5;338,96.75
23378;56.5,8;270.5,71;317.5,81.75;326.25,172.25;16.25,303.5;82.75,163.25;326.75,59.75;338,96.75
13249;5.5,4.25;300.75,54.5;316.25,116;328.25,156.75;12.25,280;26,197.75;326.75,59.75;338,96.75
20186;63.5,36;281.25,89.25;297,92.25;360,95;12.25,280;26,197.75;322,43.5;338,96.75
14067;70.5,74.25;257,111.5;304,102.25;307.25,112.25;12.25,280;25,198.25;322,43.5;352.75,66.75
23349;26.5,85.75;257,111.5;304,102.25;307.25,112.25;43.25,251.25;43.75,251.25;324.25,59.25;346.25,81.25
30451;19,140.75;197.75,113.5;300.25,120.5;304,101.75;43.25,251.25;43.75,251.25;349.25,51.75;354.5,24.5
50025;63.5,186;205.75,93.25;300,120.75;319.25,113;21,202.75;39,190;349.25,51.75;354.5,24.5
21351;71.5,255.25;230.25,30.75;300,120.75;309,112.75;5.5,145.75;90.25,246;304.25,61.75;354.5,24.5
39648;103.25,212.75;235,75.25;286.5,165.75;307.75,155;40.5,112.5;49.5,270.25;304.25,61.75;354.5,24.5
22139;92,181.5;209,56.75;260.25,134.25;326.75,215.5;7.5,135.25;49.5,270.25;315.5,122.75;354.5,24.5
18059;66,221.25;179,46.25;270,103.25;283.25,222;40,79.75;49.5,270.25;345.75,82.25;354.5,24.5
11217;77.5,165.75;179,46.25;259.75,94.75;276.75,213.5;51,138.75;77,207.5;345.75,82.25;349.25,24.75
21756;142.25,191.25;204,45.25;251.5,116.5;299.75,250.25;12,96;22.75,186.75;345.75,82.25;349.25,24.75
13013;89.75,189.5;166.75,104.25;251.75,136;346.25,288.5;11.25,108.5;22.75,186.75;345.75,82.25;349.25,24.75
13876;80.75,229.75;166.75,104.25;264.75,81.5;298,302.25;11.25,108.5;73,192.25;319.75,31.75;324.25,61
7868;38,225.5;143.25,76.25;273.75,67;303,318.25;10,139.25;51,195.75;319.75,31.75;324.25,61
33956;38,225.5;159.75,127.25;273.75,67;306,301.5;27.75,119.25;66.75,185.5;289.5,6.25;302.75,110
50292;27.25,271.25;158.5,158;208.75,63.75;318.75,319;19.75,124.25;31.75,215;289.5,6.25;302.75,110
38711;8.25,308.5;163,99.25;190,37.75;258.25,292.5;19.75,124.25;31.75,215;291,7.25;302,87.75
36428;15.25,302.5;138,158.75;190,37.75;200.5,310.25;20.75,120.5;31.75,215;285,12.5;315.25,51.75
16871;15.25,302.5;141.75,129.75;166.75,92;179.25,265.25;0.25,46.75;114.75,197.5;243,81.25;285,12.5
41278;66.25,309;88.5,113.75;166.75,92;172.5,278.5;28.75,104.75;114.75,197.5;210.5,57.25;285.5,12
14955;66.25,309;115,74.25;154.5,126.75;161.5,233.25;47.75,127;90,153.25;161.25,92.75;285.5,12
14341;28.75,319.25;83.5,63;148.75,116.25;161.5,233.25;33.75,140.75;90,153.25;132.25,124.75;321,32.25
36834;26.75,271.25;49.75,32.75;114.25,111;161.5,233.25;45.5,112.5;70,183.75;84.75,126.25;321,32.25
28585;47.5,293.5;49.75,32.75;87,140.25;102.5,255;9.25,102.75;40,138.5;137.75,171.75;321,32.25
17085;41.5,258.5;43.25,47.75;71.25,166;113.25,303.5;9.25,102.75;44.25,136;141.5,194;321,32.25
25617;11.75,241;54,11.25;72.5,222.5;115.25,259.25;9.25,102.75;43.75,135.75;141.5,194;312.75,82.25
32959;73,228;81,65.5;87.75,229.75;135.25,224;9.25,102.75;70.5,189.25;141.5,194;266.75,33
49940;21.25,228.75;37.75,80.25;145.75,227;156.5,226;9.25,102.75;70.5,189.25;141.5,194;267.25,33
50287;14.5,229;68,136.25;120,269.5;154.5,206.5;9.25,102.75;22,191.75;141.5,194;267.25,33
45899;24.25,202.5;59,170.75;96.5,281.5;171,226.75;9.25,102.75;22,191.75;95,171.25;267.25,33
21014;24,202;59,170.75;96.5,281.5;183,178.75;21.5,40.5;48.75,147;61.25,148.75;214,66.5
27470;24,202;86,221.25;87.5,271.75;179,228.5;21.75,29.25;38.25,192.25;61.25,148.75;214.75,66
17583;24,202;73.5,187;87.5,271.75;179,228.5;46.25,4.75;53.25,221;75,120.5;230,131.75
7853;48.75,188.75;87.5,139.75;88,271.75;179,228.5;21,43.25;58.75,203.25;75,120.5;187,176.25
49327;48.75,188.75;85,108.25;88,271.75;157,249.5;11.25,23.25;32,177.75;58.5,72.75;163.25,162
23233;68.75,172.25;90.75,140.5;99.25,254.5;157,249.5;11.25,23.25;26.75,202.75;72,34.25;140.25,199.5
22041;68.5,172.5;94.5,90.75;112.5,312.5;203,248.25;11.25,23.25;16.25,220;84.75,100.25;140.25,199.5
16665;51,230;68.25,41.5;112.5,312.5;227.5,246.25;11.25,23.25;60.5,194.5;92.75,67;96.75,190.5
27833;47.5,226.5;67.75,40.5;80,300.25;227.5,246.25;26,53.5;60.5,194.5;89.25,20;141.75,155.75
25812;10.25,267.25;17.25,57.75;55.25,321.75;227.5,246.25;26,53.5;49,152.5;132.75,22.75;142.75,156
39770;10,304.5;46.5,16.75;102.75,284.5;223.75,279;26,53.5;49,152.5;99.5,12.5;153.75,177.5
34157;39.25,261;63,74.25;76.5,233;214.5,201.5;26,53.5;49,152.5;99.5,12.5;141.75,197.25
22239;22.5,242;48.25,57.25;72.5,257.25;224.5,188.25;26,53.5;32.5,135.25;99.5,12.5;136,183.5
33280;36.25,203.25;48.25,57.25;137.5,281.75;159.75,195.25;26.75,104.75;56.75,93.75;127.75,19.75;136,183.5
9428;34.25,158;48.25,57.25;143.75,267;168.25,161.5;26.75,104.75;77.25,150;185.25,36.75;185.25,174.75
5088;16,177.5;48.25,57.25;87,255;176.25,110;26.75,104.75;122.25,199.25;160.5,67.75;225.5,203.5
6077;19.75,153.25;65,86;80,243.5;194.5,84.25;26.75,104.75;116.75,194;142,116.5;225.5,203.5
26482;59.5,160.5;74,23.5;80,243.5;182.5,91;8,135.25;99,191;164,162.25;225.5,203.5
29473;53,210.25;74,23.5;114,228;207.25,81.75;24.5,72;99,191;175.5,108;206,190.5
33207;41.25,226.5;74,23.5;115.25,256.25;207.25,81.75;16.75,45.5;49.5,165.25;163.5,88.25;244.5,230.5
45278;9.75,263.5;74,23.5;168,279;170.5,37;26,49.25;41.5,112;163.5,88.25;244.5,230.5
34112;5.5,263;126,52.25;186.25,271;210.25,61;26.5,49.5;41.5,112;201.5,100.5;244.5,230.5
22349;5.5,263;188.25,41.25;219,259;237,30.75;26.5,50.5;41.5,112;142.75,91.5;276.25,176.5
28265;5.5,263;249.75,11;263.25,228.5;299.25,57.5;26.5,50.5;91.75,156.25;158.5,57.75;209.75,172.75
49439;68.5,248.75;249.75,11;263,180;327.5,88.75;5.5,92;91.75,156.25;197.75,40;253.75,156.25
23392;78.75,227.75;222,62.75;263,180;344.75,133.75;5.5,92;82.75,154.25;243.5,9;298.5,152.5
19595;62.25,261.75;203.75,62.75;278.5,133.75;323.75,152;5.5,92;66.5,204.25;243.5,9;304.25,196
22324;106.5,283.5;181,80.75;333.75,114.75;355.5,174.25;6.5,93.75;9.75,193.25;243.5,9;304.25,196
11940;68.5,294.5;151.75,126;345.25,112;362.5,187.5;6.5,93.75;68.25,224.25;281.75,23.5;304.25,196
103;31.25,284.75;122.25,179.75;308,111.25;332.75,224.5;9.5,109.5;68.25,224.25;281.5,37;304.25,196
25124;31.25,284.75;140,241;286,167.25;332.5,224.5;5,92;68.25,224.25;250,4.75;251.25,226.75
44997;31.25,284.75;142.25,259.75;278.25,106;337,256.5;5,92;114.25,199.25;252,12.75;301.75,244
28220;88.25,286.75;142.25,259.75;277.75,71;360,213.75;3.75,93.75;114.25,199.25;260.75,33.25;264.75,274
38400;114.75,291.5;133,200.25;270.25,98.5;343.75,228.5;60,108.5;61.25,222.5;260.75,33.25;264.75,274
22905;165.75,304;181,204.5;271,34;343.75,228.5;23.75,125.5;66.25,224;260.75,33.25;261.5,321.75
46636;166.25,303.75;181,204.5;270.75,29;343.75,228.5;56.25,94;86,168.75;209.25,55.75;323.25,321
20215;166.25,303.75;185.25,239.75;239.5,48.75;334.75,197.25;38,59.75;38.75,197;153.75,45;323.25,321
27471;208.5,311;228.5,211.25;247,36.5;296.25,239.25;38.75,35.5;38.75,198.5;153.75,45;323.25,321
41908;162,312.5;242.75,190;244.5,13;296.25,239.25;38.75,35.5;78.75,221.75;159,90.5;291,316
8146;168,312.5;204.5,168;244.75,12.5;326.75,208.5;72.5,34.25;78.75,221.75;146.5,118.25;291,316
18308;167.25,312;202.75,185;223.75,49.75;291,211;72.5,34.25;107,183.5;116,92;291,316
11126;167.25,312;170.75,220.5;249.25,101.25;282,194.5;90.75,26.25;107,183.5;116,92;355.5,312.75
27039;155.75,304.75;177.75,206.5;191.25,139.25;259.25,146;90.75,26.25;122.25,199.5;144,156.5;355.5,312.75
23568;115,304.5;177.75,206.5;191.25,139.25;265.5,157.25;112.75,18.75;155,199.75;179.25,165.75;355.75,313.25
17192;115,304.5;177.75,206.5;191.25,139.25;272.5,165.25;151.25,48.5;182.5,215.5;216.5,193.25;315,313.75
48197;115,304.5;222.5,184;232.75,170.75;299.75,112;172.25,103.25;182.5,215.5;216.5,193.25;336,320.75
19086;113.75,303.25;232.75,170.75;275.5,218.25;338,105.5;135.75,106;142,201.75;174,188.25;336,320.75
14181;113.25,304;227.25,145.5;272,179.25;290,116;85,71.75;142,201.75;164.25,161;336,320.75
10440;135.5,284;173.75,146.5;253,173.25;303.75,52.5;85,71.75;102.5,260.75;215.5,201.5;336,320.75
13138;116.25,302.75;124.5,138.5;228.75,127.5;322,91.25;85,71.75;130.5,265.5;172.75,165.25;336,320.75
26520;90.75,311.75;165,146.5;222,92.5;322,91.25;81.25,71.5;130.5,265.5;220.75,169.5;292.25,318.25
39053;82.5,297.25;153,126.75;222,92.5;327.75,35;81.25,71.5;129,316.75;251.25,147;292.25,319
27128;25.5,277.5;161.25,125.75;278.25,109;309.5,41.5;81.25,71.5;146.75,278.75;202.5,174.75;292.25,319
19651;47.75,234.75;138.75,127.5;295.75,98.75;329.25,57.5;102.25,39.5;146.75,278.75;212.75,176.5;292.25,319
47958;48.75,243;174.5,90.25;240,88.5;306.25,110.75;120.75,17.75;144.75,223.25;212.75,176.5;292.25,319
29180;16.25,228.25;115,89.5;281.75,71.75;301,112;85.75,24;194.5,247;212.75,176.5;292.25,319
13765;15,228.75;90,108.25;309.25,115.25;309.75,80.25;85.75,24;197.75,229.25;226,115;292.25,319
30369;15,228.75;120.25,80;254.5,109.25;278.75,33;108.25,78.75;170.25,269.75;226,115;234.25,309.75
43351;33.25,213.75;120.25,80;235.5,135.5;317.75,55;157.75,96.5;167.25,226.25;223.75,113.75;234.25,309.75
44071;33.25,213.75;140.75,101.5;273,164.75;336.25,3.25;125.25,107.5;167.25,226.25;190.25,110.5;234.25,309.75
20608;26,147.5;186.25,113.25;240.5,217;308.5,14;144,143.5;168.25,224;190.25,110.5;234.25,309.75
18861;12.5,175.25;167.5,147.25;276.25,254.75;298.5,37.25;110.5,153.25;124.25,194.25;190.25,110.5;234.25,309.75
22131;70.75,172.25;162,215.75;276.25,254.75;319,26;66.75,186;124.25,194.25;213.5,158.25;219.5,248
21494;59.75,178.25;203,259.5;218.25,245.25;261.25,31;74.5,206.75;124.25,194.25;213.5,158.25;219.5,248
5023;59.75,178.25;212.5,278;218.25,245.25;222.25,10.25;120,230;152.25,152.75;191.5,109;222,227.75
41375;38,188.75;212.25,279.25;218.25,245.25;222.25,10.25;98.5,191;171,161.25;172.5,161.25;228.75,184.5
11144;10.25,142.25;211.75,243.25;239.5,305.25;270,28.5;119,251.5;170.25,154;172.5,161.25;228.75,184.5
27807;5.5,165;211.75,243.25;239.5,305.75;253.25,5.75;138.25,271.25;148.75,157;158,143;228.75,184.5
14142;37.25,193;194.5,285.75;196.25,266.5;302.25,37.25;103.5,316;126.5,124.75;148.75,157;228.75,184.5
6352;37.25,193;165.5,274.75;176,290.75;302.25,37.25;130,263.75;159,90.75;165.25,224;208.5,124.75
27713;36,193;135.75,286.25;176,290.75;277.75,33;130,263.75;153,48.75;162.25,162.75;171,95
20763;41.25,214.25;179.75,317.25;192.75,276.25;222,62;130,263.75;145.75,30.75;160.25,160.5;171,95
19283;99.75,246.5;179.75,317.25;192.75,276.25;252.25,32.75;62.5,247.5;79.25,12;144.5,223.5;171,97.5
45384;114.5,199.25;179.75,317.25;192.75,276.25;252.25,32.75;48.75,247;98.75,67;123.25,199.5;168.25,110.25
44003;157,214.75;199.25,277;221.5,265.5;252.25,33.75;5.75,279.5;55.75,94.25;123.25,199.5;168.25,110.25
25353;160.5,224.25;214,261;239.5,215;252.25,33.75;27,307;95.25,88.75;123.25,199.5;151.75,82
34360;160.5,224.25;239,214.25;275,231.5;288.25,25.25;73.25,283.75;119,71.25;123.25,199.5;188,95
18791;196,244.75;268.25,229;300.75,229.5;305.5,67.75;78.25,287.75;119,71.25;146,202.25;188,95
19703;181,245.75;252.5,188.25;306.75,251.5;369,54;47,295.5;110.5,13.25;146,202.25;188,95
26188;126,267.25;244.5,180.75;306.75,251.5;335.75,34.5;47,295.5;128.75,20.75;140,222.25;224,106.25
20744;101.75,214.5;207.25,175.5;292,286;369,33.5;47,295.5;128.75,20.75;142.5,222.25;226.75,102.25
6229;144,227.25;158.5,156.5;322,319.5;339,13.75;47,295.5;142.25,50;142.5,222.25;226,100.75
26205;141.5,261;199.75,178.25;322,319.5;339.25,13.25;47,295.5;159.5,118;166.75,224.75;263.5,58.75
39151;141.5,261;199.75,178.25;304.5,309.5;339.25,13.25;35.25,262.25;164.75,162.75;209.75,176.75;304.75,15
48837;94,299.25;199.75,178.25;298.5,319.75;339.25,13.25;18.5,306.75;148.5,166;224.75,186;304.75,15
15054;76.5,255.75;196,177.25;299.75,317.75;308.5,36.75;18.5,306.75;129.25,107.5;224.75,186;304.75,15
20465;60,229;222.25,199;302.5,312.75;326,30.5;18.5,306.75;129.25,107.5;246.5,193.5;304.75,15
46765;60,229;277.75,201.25;302.5,312.75;326,30.5;40.25,296;142.5,97.75;237.5,140.75;287,22.25
16835;60,229;277.75,201.25;350.5,276.5;357.25,28.75;10.25,270;90,99.75;209.25,84.75;315,64
43277;60,229;279.5,166.25;355,242;365,53;51.25,247.5;144,92;209.25,84.75;348.25,80.5
123;77.25,165.5;279.5,166.25;310,243;348,24;51.25,247.5;109,38;217,51.75;313.25,26.75
5297;77.25,165.5;238.25,135.25;292.75,188.5;336,76.25;102,221.25;109,38;241.5,48;351.75,21.25
40348;77.25,165.5;269.25,105.5;285.75,164.5;286.75,70.5;52.75,224;113.5,36.25;236,95.5;351.75,21.25
34513;15,178;283,54.75;314.75,137.75;339.5,33;29.5,214.5;113.5,36.25;235.25,96.75;351.75,21.25
47380;7.25,124.5;276.75,75.5;313,152.5;352,14.75;52,269.75;172,43.75;235.25,96.75;351.75,21.25
40828;69,141.5;276.75,75.5;313,152.5;332,41.5;115.5,258.75;150.5,87.25;263.25,49.5;329,5.25
40395;70.5,126;244.75,19.25;313,152.5;342.5,86.25;104.5,308;137.5,44;263.25,48;329,5.25
16577;42,66.75;190.5,49.25;341.5,156.5;368.5,50.5;49.5,268.75;137.5,44;243.75,73;329,5.25
43752;77,58.25;188.75,78.5;341.5,156.5;368.5,50.5;55.25,297.25;145.75,52.75;253.75,53.75;326.25,5.75
8996;43,30.5;228,50;342,156;368.5,50.5;16.25,296.5;96.75,66;253.75,53.75;306.25,3.5
32276;43,30.5;228.5,48.75;342,156;368.5,50.5;68.25,297.5;76.75,10.75;301,61.75;302,22.5
8413;53.75,44.25;179.5,82.25;276.75,134.25;368.5,50.5;68.25,297.5;152.25,29.75;300.75,26.25;340.75,63
39212;47.75,34.5;179.5,82.25;306.5,93.25;368.5,50.5;73.25,255.5;194,2.25;282.5,36;324.25,29.25
17479;93.5,63.5;179.5,82.25;306,71.75;368.5,50.5;15,292.5;151.75,12;318.5,25.25;357,55.5
44466;139.25,56;176.5,34.5;306,71.75;344.5,76;65.5,289.75;108.5,40.75;318.5,25.25;357,55.5
17742;121.5,120.5;247.5,13;280.75,75.5;355.5,99.75;65.5,289.75;76.5,20;248,5.25;357,55.5
1978;145.75,128.75;248.25,13.25;261,53.25;355.5,99.75;41.5,321;66.75,12.75;201.25,13.25;357,55.5
46252;177,86.25;248.25,13.25;295.25,101.25;355.5,99.75;19,291.5;118.25,19.5;238.25,11;325.75,57.75
11751;143,124.5;248.25,13.25;288.5,134;322.25,140.75;38.5,296.5;118.25,19.5;218.75,40;278.5,20
8793;143,124.5;269.5,69;307.5,95.25;317.25,138.75;31,292.5;118.25,19.5;189.5,0.75;226,45.75
12306;139,116.5;286,75.25;307.5,95.25;317.25,138.75;31.25,292.5;75,32.5;169.25,26;193.75,98.75
45062;151.25,152.75;264,18;297.5,134.5;307.5,95.25;31.25,292.5;59.5,41;140.75,60.25;145.5,89.25
14441;136.25,157.25;273.25,14.25;281.75,167.5;331.75,63.25;31.25,292.5;71,79.25;140.75,60.25;144.25,79
41365;136.25,157.25;273.25,14.25;305.5,191.25;333.25,105.5;5,309.5;51.75,84.75;120,5.5;144.25,79
20800;89.25,197.75;231.25,41.5;303.25,191.75;368.25,54.25;5,309.5;51.75,84.75;163.25,58.75;184.75,91
25438;137,200.5;231.25,41.5;351.5,214.75;368.25,54.25;4.75,307.5;46,53;136.5,42.75;224.75,127
11043;86.75,214.5;185.25,73.25;353.5,209;368.25,54.25;4.75,307.5;46.25,53.5;79,19.5;213,85.75
5536;130.25,213.5;158,124.5;345.5,225.5;369.5,33.75;4.75,307.5;46.25,53.5;81,41.5;188.25,40.25
49278;87,171.5;195.25,92.75;343.75,229;365.75,39.25;4.75,307.5;46.25,53.5;119.5,91.75;188.25,40.25
10317;149.75,158;216.75,35.25;343.75,229;365.75,39.25;2,245.5;98.5,79;101,153.25;201.75,105
19369;149.75,158;176.5,1.5;343.75,229;365.75,39.25;31,241.25;68,29;82.25,210.5;172.5,50
5112;155.25,193.25;182,3.5;315.75,248.25;353,87.5;51.25,223;68,29;75,174.5;172.5,50
15546;146.75,238.25;193.5,38.25;337.75,225;353,87.5;50.25,279.25;68,29;136.75,192;173.25,106.75
24084;146.75,238.25;149.75,9.5;354.25,213.25;359.5,35.5;10.5,296.25;68,29;138,192;161.75,91.25
49510;146.75,238.25;163.5,10.5;353,209.5;355.25,16.25;10.5,296.25;109.5,56.5;165.25,150.75;184.75,37.25
32491;146.75,238.25;182.25,1.25;353,209.5;355.25,16.25;3,308.75;45.5,56.5;135.75,93.5;159.5,17.75
15797;141.75,299.5;174.25,63;285,232;310.75,54.5;3,308.75;19,123.5;135.75,93.5;158,14.75
22170;113,303.25;169.75,49.75;285,232;324.5,25.5;11,271;19,123.5;147.75,48.75;154.25,44.5
29401;152.75,280.25;176.25,58.5;245.25,274.75;293.25,52;11,271;59.25,116;112.75,19.25;154.25,44.5
1474;187.75,251;200.25,84.5;218,271.75;313,77.75;13.25,309.75;59.25,116;112.75,19.25;204.25,57
9097;140.5,227;217.75,89.25;222,259;313,77.75;22.5,249.75;51,147;112.75,19.25;168.25,38.5
42220;89.75,197.25;193,84.75;280,277.5;302.25,55.5;22.5,249.75;92,190.5;112.75,19.25;183.25,99
16494;74.5,228.25;212.75,33.75;280,277.5;308.25,112.75;15.75,282;87.5,245.75;123.75,23.25;183.25,99
15885;73.75,228.75;248,3.5;280,277.5;314.75,111.5;51.25,282;87.75,301.25;95.75,7;183.25,99
31409;73.75,228.75;291.5,55.75;302.25,320.75;368.25,122.25;51.25,282;87.75,301.25;88.25,62.25;158.25,58.75
5120;56.5,182.25;265,18;333.25,311.25;368.25,122.25;58.5,247;87.75,301.25;120.5,38.5;156.5,60.5
17926;7.25,190.75;247.25,33.25;291,318.25;322,138.25;62.75,248;87.75,301.25;120.5,38.5;151.25,48.5
34113;34.75,242;235.25,69;289.5,318;322,138.25;83.75,199.75;111.75,281.25;120.5,38.5;175,39.5
43494;38.25,196.75;235.25,69;289.5,318;366.5,186;23.25,190.25;111.75,281.25;175.25,35.5;190.75,4.5
10727;22.5,177.25;273.5,74.75;315.25,302.5;316.5,152.5;23.25,190.25;109,293.5;175.25,35.5;219.75,20
5728;40.5,118.25;241.25,60.5;298.25,272.75;330.5,93.25;12,145.75;109,293.5;163.25,96;219.75,20
4929;1.75,90;267.75,19;278.5,239;342.75,113.25;12,145.75;109,293.5;212.25,107;219.75,20
35317;63.75,75.25;212.75,2.75;278.5,239;310.5,114.25;25.5,155;109,293.5;166.75,147.75;251.25,4.75
32434;49.75,48.25;196,38;296.75,237;356,134.5;9.25,197.25;84.75,317;166.75,147.75;251.25,4.75
10174;2.5,92.75;178.75,86.75;290.75,208.5;356,134.5;2.75,136.25;118.5,294.5;168.75,147.75;251.25,4.75
43372;2.5,92.75;157.75,110.25;343.25,182.25;343.5,80.5;2.75,136.25;152.75,303.75;169.75,148.25;292.75,31.5
49661;15,29.5;175.25,111;343.25,182.25;343.5,80.5;3,136;152.75,290;212.75,176;261.75,63.5
10419;14.25,25.25;121.5,78.5;317,120.25;321,143.25;3,136;125.75,318.25;212.75,176;268.75,21
36818;14.25,25.25;105.75,125;317,120.25;357,137.5;55.25,132;104.5,308;201.25,172.75;262.75,21
32263;41.75,46.25;115.25,122.25;269,74.5;297.5,133.5;58.5,169.75;100.5,315.75;201.25,172.75;262.75,21
28471;50,49.25;161.5,162.5;236.5,112;280,74;58.5,169.75;100.5,315.75;189,178.25;245,24.75
23985;64.5,75.75;172.75,161.5;283.25,142.25;294.5,53;47.75,180;100.5,315.75;189,178.25;255.25,15.75
37087;69.25,78.75;214,201.5;238.25,170.75;262.5,27.75;47.75,180;153.25,317.5;231,135;255.25,15.75
40724;75.5,59;207,178;238.25,170.75;262.5,27.75;16.25,148.5;124.5,296;242.25,85.75;297.25,62.5
20269;75.5,59;207.25,186.25;231.5,136.25;242.75,10;16.5,149;152.5,277.75;206,76;297.25,62.5
11773;38.5,8.75;232.75,203;255.5,135.25;275,32;16.5,149;152.5,277.75;206,76;359.5,56.5
23960;60.75,57;277.75,164.5;296.75,105;300.5,53;29.5,187.25;181.75,290.25;206,76;359.5,56.5
27781;62.75,1.5;268,181;273.25,74.5;277.25,60;29.5,187.25;161.25,288.75;206.5,76;359.5,56.5
39732;76.5,25.25;265,183.25;276,65.75;328.75,33;58.5,132.5;195,305;206.5,76;359.5,56.5
46946;64.25,68.75;242,217;298.75,54;301,57.25;62.5,180.25;195,305;206.5,76;359.5,56.5
36796;69.75,78.75;245.5,217.75;295,14.5;334,74.75;107,194.5;195,305;207,76;359.5,56.5
25920;16.75,103;262.25,238;287.25,52;332.5,65.5;149.25,150.5;195,305;246,101.75;359.5,56.5
12512;8.75,142.75;245.5,257.75;274.75,101.25;298.5,55.75;143.5,92.25;195,305;246,101.75;359.5,56.5
34911;33.75,168.25;218,318.5;303,110.5;333,34.5;143.5,92.25;192.25,305.25;246,101.75;313.75,51.25
13728;47,137.25;218,318.5;273.5,127;336.25,62.75;143.5,92.25;151.75,301.75;243.75,73;297,23
4700;78.75,166;218,318.5;278,74;331.75,117.5;143.5,92.25;193.5,310.75;208.5,45.75;307.25,4.5
9677;48.5,171.75;218,318.5;225.5,68.5;357,89.5;109.5,112.75;193.5,310.75;194,95.75;286.75,35
28822;66,183;203,308.75;222,34.75;357,89.5;129.75,78.75;155.75,285.75;160.25,91;286.75,35
40161;51,218;146,312.5;216.25,62.25;300,111.25;129.75,78.75;155.75,285.75;160.25,91;241.25,23.25
5017;51,218;146,312.5;264.25,18;300,111.25;151.75,57.75;158.25,225.5;181,31.5;261.5,16.75
9368;78.5,202;93.25,282;263.25,19.75;286.5,104.25;144.25,30;158.25,225.5;168,36;261.5,16.75
7472;78.5,202;118,287;259.5,65.5;286.5,104.25;91.25,67.25;139,184.25;228,18;290.25,37.75
8231;28,215.75;165.25,322;230,53;277.75,144.5;91.25,67.25;193.25,175.25;228,18;290.25,37.75
3808;44,261.5;165.25,322;268,32;277.75,144.5;91.75,95;185.25,178.25;223.5,57.75;285,95.25
2111;10.25,231;165.25,322;290.25,56.75;317.75,154.5;91.75,95;219.75,172;228,50.5;295,37.75
10191;1.5,180.75;165.25,322;290.25,56.75;317.75,154.5;124.5,115.25;166.75,187.5;188.25,37.75;239.75,14.5
12690;1.5,185.25;165.25,322;322.25,69;344.25,182;110.75,113;115.25,196.25;188.25,37.75;298.5,9.25
13962;38.75,183.5;139.25,309.5;322.25,69;351.5,242.75;85.75,164;137.25,178;161.75,25;298.5,9.25
1341;50.5,215;139.25,319.25;286,103;315.75,209.5;123.75,174.5;131,140.5;161.75,25;298.5,9.25
21882;63,159;139.25,319.25;286.5,57.5;288,231;75.5,190;86.75,127;106.5,7.75;298.5,9.25
2215;95.5,203.5;101,284;237,70;245,217;75.5,190;86.75,127;106.25,8.75;263.5,19.5
44097;105,248.5;136,292.5;223.25,61.25;258.5,255.75;75.5,190;86.75,127;106.25,8.75;249,17
13054;89.5,243.5;174.25,307.75;178.5,36;310.25,247.5;78,191.25;86.75,127;139,11.75;249,17
4382;49.5,218.25;192.5,261.25;217.25,63.25;331.25,283.25;78,191.25;138.75,159.5;157.25,29.25;249,17
45307;47,217;192.5,261.25;212,13.5;300.25,245.75;78,191.25;154.25,120.5;217.25,35.5;305.5,17.5
20636;47,217;192.5,261.25;212,13.5;265.25,238;21.75,175.5;187,95.25;223.25,15;270.75,15.5
38750;43,273;165,226.5;211,13.25;265.25,238;21,155.75;217,134.75;226,38.25;270.75,15.5
37658;39.75,260.25;117.25,236.5;225.25,34;265.25,238;64.5,174.5;195,99.5;223.5,37.75;270.75,15.5
42276;56,202.75;117.25,236.5;182,36.75;223,279;66.75,160.5;195,99.5;205.25,40.75;231.25,16
37740;48.75,242.75;65.5,218.5;216.5,49.5;223,279;14,141;196,85;227.75,85.5;231.25,16
9789;102.25,207.75;121.5,240.25;176,48.5;223,279;14,141;213,85.5;213.75,117.5;285,8.5
3453;80.75,240.75;106.75,238.25;176,48.5;251.75,314;14,141;245.75,60.75;246,73;294.25,36.75
23361;87.5,196;106.75,238.25;160.75,84.25;214.25,318.75;14,141;206,93;267.25,100.75;351.75,67.25
37376;58.5,249.5;120.5,280;138.5,126.25;217.25,260;14,141;206,93;266.25,101;362.25,79
11375;78,222.75;91.75,317.25;172.75,162;217.25,260;14,141;153.25,92.75;267,100.25;356.75,79
26256;26.5,208.25;140.25,302.25;194.5,106.5;248.5,297.5;57,95.5;153,48;267,100.25;356.75,79
42227;26.5,208.25;121.25,264;154,97.5;203,308.5;49.25,141.75;127.25,77;267.5,76.75;356.75,79
3532;26.5,208.25;114,300.75;154,97.5;203,308.5;21.5,159;71,47;318,102.5;322.25,83
1007;60.5,210.25;125.5,252;154,97.5;203,308.5;29.25,178.5;98.25,87.75;321.75,160.5;333.25,57.5
6617;60.5,210.25;125.5,252;140.5,92.5;216,259.5;10.25,148.5;110.5,135.75;348,158;354.5,4
12289;76.75,166;112.5,313;117.25,34.25;243,309.5;22,191.25;95.5,120.75;348,158;354.5,4
11554;76.75,166;91.75,317.25;131.75,11;264.25,301;22,191.25;102.5,110;313.25,161.75;353.25,1.5
5623;76.75,166;124.75,286.5;131.25,10;212.75,277;43.75,160;65,149.75;313.25,161.75;353.25,1.5
4850;42.5,223.75;123,250.75;131.25,10;277.75,254.75;43.75,160;70.5,119.5;296.25,197;352.25,20.75
2139;41.5,223.75;161,305.75;187.75,4.25;264.5,256.75;51.75,112.25;76.25,52.75;296.25,197;352.25,20.75
20688;41.5,223.75;119.25,291.5;188.75,60;214.75,233;51.75,112.25;112.75,76.75;239.5,175.5;334,62
36981;88.5,222.5;119.25,291.5;188.75,60;235.25,255.25;39,77.25;155.5,53;211.25,174.75;313.25,13.75
17955;74,228.25;88.75,273.5;188.75,60;230.25,302;40,77.5;155.5,53;228.75,191.25;309.5,3.25
7028;82.75,175.5;88.75,273.5;161.5,34;230.25,302;60.75,68.5;150.5,65.75;202.5,145;305,9.25
21776;102.75,229;135.5,287.5;151.25,2.5;254.25,278.5;94.5,24.25;150.5,65.75;202.5,145;305,9.25
35561;135.5,225;152.25,261.25;171,47.5;230,285;94.5,24.25;171,31;196.75,173.5;305,9.25
31112;123,214;152.25,261.25;170.75,47;229.5,316.25;124,35;171,31;262.25,174;279,37
31222;60,229.75;138,313.25;154,33.75;261,313.5;124,35;216.75,82.25;236.5,133.75;279,37
41134;30,182.25;81,300;154,33.75;286,313.25;103.25,67.25;216.75,82.25;244,131.75;310,85.75
27020;30,182.25;81,300;154,33.75;340.25,313.75;106,40.25;208.5,67.75;279,125.75;355,82.25
13003;49,190;116.25,258.75;154,33.75;340.25,313.75;125.25,72.5;162.75,92.25;318,103;331.75,57.5
35526;24.5,248;54,253;154.75,41.25;340.25,313.75;120.75,103;218.75,122.5;294.25,142.75;331.75,57.5
37429;12.5,263.75;53.5,227.75;190.5,38.5;320.25,278.5;107.5,152.25;218.75,122.5;294.25,142.75;331.75,57.5
11572;13,228.25;70.5,255.25;223.5,57.5;320.25,278.5;81,144;221,100;294.25,142.75;338.5,100.75
164;20,240.5;58,229.75;218.75,55;284,321;76,118.25;221,100;294.25,142.75;326.5,98.75
46909;4.25,241;34.5,241.75;225,102.25;306.5,314.75;76,118.25;221,100;294.25,142.75;334,42.75
43154;8.75,302;86,229.25;264.25,92;272.75,321.5;69.25,86.25;196,96.5;294.25,142.75;334,42.75
48793;8.75,302;82,227.25;242.75,117;272.75,321.5;29.5,54.25;205.75,85.25;254.25,133.75;293.5,63
19563;8.75,302;44.5,227.75;257.75,133.75;300.75,317.5;66.75,12.75;205.75,85.25;287,98.75;293.75,62.5
45764;8.75,302;89.5,269.75;200.25,92.75;298.25,263.5;66.75,12.75;153,105.75;312.5,150.75;358.5,57.75
44725;4,258.25;43.75,263.25;198.75,62.75;315,294.5;83.5,26.25;153,105.75;312.5,150.75;322,90.25
8611;42.75,277.5;63.75,310.25;223.25,54.75;310.25,322.5;83.5,26.25;145,52.5;301.5,198.25;322,90.25
24151;42.5,239.25;63.75,310.25;223.25,54.75;310.25,322.5;98.75,39;100.5,34.5;296.25,256.75;317.25,78.5
18313;47,172.25;65.75,293.75;225.25,93.25;281.75,255.25;98.75,39;100.5,34.5;294,260.25;324,21.25
6211;2.75,158.25;59,317.25;223.5,94.5;273.5,246.5;98.75,39;100.5,34.5;278.75,312.75;352.25,55
18982;41.75,104.25;55.5,303.5;223.5,93.75;273.5,246.5;39.75,3.25;98.75,39;263.75,264;300.5,35.5
44423;35,57.75;55.25,302.25;220.5,94.5;244.25,282.75;70,34.25;92.25,66.5;263.75,264;300.5,35.5
41682;15.75,29.75;41,243.25;220.5,94.5;243.5,282.25;10.75,59.5;75.5,125.75;285.5,201.25;300.5,35.5
40751;10.75,28.25;41,243.25;231.75,85.25;243.5,282.25;11.25,60.5;33.5,124.25;300.75,199.5;354.25,20.5
18782;10,59.5;33.25,170.75;231.75,85.25;310.25,263.5;56.5,92.25;99.25,95;300.75,199.5;367,83
8275;3.5,109;45.75,206;232,84.75;351.5,288.25;18.25,111.5;68.25,107.75;300.75,199.5;367,83
13928;55.75,152.25;58.5,172.25;217.75,83.5;294.75,317.75;37.75,85.5;109.5,79;300.75,199.5;367,83
18714;50.25,124;85.25,142.25;217.75,83.5;294.75,317.75;29,131;153,88.75;294.25,196.5;342,35.75
31604;7.5,141.25;85.25,142.25;187.5,37.5;301.5,302.5;33.5,188.5;153,88.75;310.75,211.25;341,38.5
39012;7.5,141.25;134,128;160,33.75;301.5,302.5;78,190.5;89.75,67.75;289.25,266.25;330.5,43.5
48583;7.5,141.25;134,128;160,33.75;313,254.75;122,197.75;123,78;237.25,242.25;334.5,2.25
28828;51.5,175.25;95.75,103;122,18.5;342,242.75;80,231.25;123,78;237.25,242.25;312,2.5
13403;2.5,178.5;95.75,103;104,45.25;335.5,215.5;94.75,233.75;123,78;269.25,214.25;320.5,2.5
40034;2.5,178.5;95.75,103;104,45.25;352.5,260.75;69.75,275.5;147.5,50.75;313.5,269.75;314.25,19.75
36494;48.75,190.75;95.75,103;125,13.25;338.25,224.5;20.75,271;127.75,61.5;276.5,286.75;314.25,19.75
11613;53.5,215.5;152.5,98.5;166,5;340.25,228;20.75,271;85.25,80.25;276.5,286.75;314.25,19.75
7216;91.25,187;131.25,93.25;174,60.75;361.5,229;20.75,271;100,52;250.5,309.25;314.25,19.75
22222;93,148.25;163.25,126.75;174,60.75;352.5,228.25;20.75,271;135.25,19.5;198.5,317.75;314.25,20.75
6812;38.5,135;134.25,125.75;178.75,112.5;352.5,225.5;20.75,271;135.25,19.5;198.5,317.75;300,58.25
43865;88.75,109.75;137.75,128.5;200.5,170;302.5,252.75;20.75,271;127,73.75;189,302.5;300,58.25
43746;48.5,124;139,147.5;167.5,140.25;302.5,252.75;46,306.75;153,91.25;184.5,277.75;300,58.25
18433;48.5,124;135,102.5;146,156.5;302.5,252.75;10.75,309.75;145.5,53;171.5,251;297.75,26.75
18816;31,77;94.25,84.25;109.75,168.25;302.5,252.75;10.75,309.75;110.25,12.25;125.25,252.25;284.25,62.75
49469;16,64.25;117.5,69;165.5,163.75;281.25,284;10.75,309.75;109.25,12.5;125.25,252.25;298.25,109.5
7195;16,64.25;103.75,15.75;130.25,137;281.75,322.25;19.25,273;117,74.25;125.25,252.25;296.75,111.25
29444;4.5,54.75;42.5,22.25;145.25,183.25;281.75,322.25;18.25,215.75;103.75,126.25;125.25,252.25;338.5,130.5
1791;54.75,61.25;85.5,63.75;167.75,216.25;340,312.5;48,263.25;121.75,105.5;125.25,252.25;338.5,130.5
14004;28.5,105.25;142.75,76.5;181.75,203;302,288.75;48,263.25;104,140.5;124.25,247.75;338.5,130.5
48480;40.75,124.75;142.75,76.5;154.75,160.25;320,294.25;48,263.25;83.75,97.25;124.25,247.75;360.25,155.75
43974;2.5,108;149.75,126.5;166.75,182.25;320,294.25;23.5,321.25;50.75,116;114.5,230;360.25,155.75
44270;2.5,108;93.5,103.25;160.5,225.25;353,255.25;23.5,321.25;87,87.25;120.75,195.25;328.25,210.25
22258;11,111;123.25,80.75;180.5,265.25;353,255.25;23.5,321.25;77.25,24.25;79.25,190.5;276.25,206.25
2262;11,111;123,79;152,309;338.5,311.5;23.5,321.25;100.5,15.25;125.75,199.5;304.75,195.75
40950;70.5,134.75;109.25,19.5;143.5,310;316.5,319.75;8,294.75;100.5,15.25;125.75,199.5;246.25,226.25
15133;58,166.5;80.5,67;117,318;316.25,318.5;8,294.75;100.5,15.25;112.25,227.75;200.75,227.5
36577;55,230;86,68;114,291;316.25,318.5;8,294.75;132.25,72.25;141.75,271.75;161.75,230.5
1455;74.25,248.75;86,68;114,291;291,320.5;9,271.5;147.5,77;160.5,278.25;174,188.25
42508;74.25,248.75;86,68;114,291;310,264.25;50.25,224.5;128.25,23.75;149.75,221.5;187.75,173.5
48687;38.25,222.5;76.25,64.5;139.75,297.5;307,245.5;12.5,201.75;128.25,23.75;149.75,221.5;181.75,172.5
45074;46,196.5;76.25,64.5;139.75,297.5;307,245.5;32.75,188.25;89.5,20;163.25,189.5;181.75,196.5
27154;38.75,205.5;76.25,64.5;139.75,297.5;307,245.5;6.25,171.25;49.5,33.5;179.75,230.5;182.5,189.5
20729;5.5,183.5;31.5,40.25;139.5,297;307,245.5;18.5,206.25;49.5,33.5;131.5,252;225.25,187.75
32991;9,154.25;20.5,84.5;189,256.25;350,214.25;18.5,206.25;49.5,33.5;145.5,302;226.5,159.5
18000;1.75,173.25;2.5,110.5;223.5,313.25;350,214.25;19.25,204;82.25,21;110,289;226.5,159.5
19474;10.75,145.75;42.25,65.25;257,309.25;292,208.5;80.25,190.5;82.25,21;110,289;226.5,159.5
9512;10.5,145.75;40.75,21.5;253,250.25;269.25,151.75;80.75,191.25;82.25,21;110,289;253.5,169.25
28577;33.5,120.25;40.75,21.5;253,250.25;302.5,102.25;70.25,152.5;89.5,25.25;117,323.25;220.5,182
49399;29.25,67.75;103.25,51.75;223.25,207.25;302.5,102.25;57.5,208.25;78.5,51.25;117,323.25;202.75,213
35137;15.75,42.75;51.5,46.25;216.5,196.5;312.75,80.25;62.5,191.75;106,52.25;117,323.25;202.75,213
40578;2.75,25.25;76.5,13.5;216.5,196.5;270,71.75;71.25,150;106,52.25;145.25,299.5;202.5,211.5
21584;2.75,25.25;53.75,60.75;239.5,165.5;278.75,74.75;41.75,178.25;144.75,87.25;145.25,299.5;238.25,164.25
6761;54.75,67;100,58.25;239.5,165.5;264.5,11.75;13.25,171.75;119.75,94;153.5,303.75;238.25,164.25
33981;65,88;127.25,25.75;281,169.5;287.5,54.5;13.25,171.75;119.75,94;177,288;201.75,144.75
26922;74,58.25;150,29.75;285.5,166.5;332.75,82;13.25,171.75;150.25,87.25;177,288;249.75,148.25
1952;94.75,9.5;150,29.75;256,224.25;276,105.5;55,130.5;171.25,31.75;177,288;203.25,108
29490;94.75,9.5;113,52.25;256,223.5;276,105.5;37.25,105.25;158.75,32;169.5,298.75;247.75,69.5
41597;48.75,54;113,52.25;250,218.25;287.5,164;35.5,50.5;110.75,49.75;223,273;247.75,69.5
46795;7.5,45.75;121.25,72;254,222.75;265.5,156.25;49.5,7.25;160.5,48;223,273;247.75,69.5
11450;51.75,47.75;121.25,72;236.75,259.75;268,102;85.25,24.25;160.5,48;199,224.5;273.75,31.5
1268;64,4.25;120.25,71.25;217.25,291.25;263.25,109;85.25,24.25;168.25,79.75;199,224.5;279.5,7.5
40811;42.5,16.25;113.75,104.5;256.75,261.25;263.25,109;85.25,24.25;192.25,98;220.5,185.5;257.5,16.75
39386;4.5,62.25;161,124.75;242.5,219.25;291.25,104.5;119.5,74.5;210.5,125.75;220.5,185.5;257.5,16.75
45908;14.75,85;107.25,120.75;230,235.75;307.75,113.5;154.25,80;205.25,97.25;220.5,185.5;257.5,16.75
5516;6.5,104.25;91.75,84.25;174.75,242.25;307.75,113.5;152.5,31.5;156,101.25;192.75,178;257.5,16.75
37665;21.25,110.5;61.25,75.75;130,254.5;268.5,102.25;152.5,31.5;183,131;189.25,196.5;257.5,16.75
41895;20.25,110;61.25,75.75;130,254.5;276.5,54.5;131,73.25;166.25,89.5;175.75,239;243.75,76.5
50562;20.25,110;61.25,75.75;130,254.5;235,70.5;141.5,90;180,122.5;188.75,273.25;194.25,89.75
34027;20.25,110;34,44.25;135.25,254.5;271,70.25;142,79.75;181.5,170.25;188.75,273.25;217,78.75
32274;26.25,138.5;34,44.25;140,224.25;310,70.5;133.25,125.75;140,145.25;190,257;217,78.75
36527;1.25,179;35,9.25;155.25,248.25;288,106.75;77.25,137.75;182.75,160.5;190,257;217,78.75
8578;1.25,179;35,9.25;141.5,197.5;288,106.75;97.75,183.5;190.5,162;194,253;265.25,115
24463;1.25,179;3.75,6.25;141.5,197.5;317.5,151.25;65.5,207.75;174,213.25;182.5,277.25;294.5,84.75
27419;14.5,152.75;45.5,64.75;138.75,128.25;249.5,135.5;71.75,134.5;174,213.25;182.5,277.25;254,133
26039;24,206;87.75,103.5;130,89;193,152.75;71.75,134.5;181.5,277.75;223.5,300.25;254,133
5829;57,239.25;67.5,83.5;130,89;186.25,206.75;120,157.25;181.5,277.75;276,275.75;280.75,184.75
42206;25.75,196.25;67.5,83.5;130,89;168.75,234;83.25,125.75;130.5,251.5;284.5,301;291.5,197.75
25975;25.75,196.25;67.5,83.5;114.5,55;168.75,234;95.75,131.5;97.5,225.75;299.75,248.75;314,222
34554;33.75,189.5;81.5,92.75;124,20.5;168.75,234;95.75,131.5;109.5,274.5;319.25,186.75;341,204.25
26617;28.5,137.25;121.25,66.75;152.25,28.25;168.75,234;95.75,131.5;112.75,225;291,130.25;325,242.25
49755;47,170.75;57.25,58.25;152.25,28.25;166.75,286;71,86.25;112.75,225;257.5,84;312.25,244.5
14637;41.5,111;42.25,77.5;152.25,28.25;166.75,286;78.25,135.5;137.25,243.25;250.5,147.75;325.5,206.25
50036;41.5,111;42.25,77.5;181.5,59;205.5,308.75;15.5,135.5;130,217;207.75,105.25;322.25,181.25
1631;4,153.75;74,64.5;217.25,64.25;238.5,259.75;15.5,135.5;156.5,201.75;207.75,105.25;295.5,216.25
46780;4,153.75;85.75,107.5;202.75,71.75;260.75,261.25;15.5,135.5;211.75,207.75;244,132.25;293.25,184.25
25141;52.75,188.25;114.5,143.5;241.75,63.75;251.75,302.5;15.5,135.5;211.75,207.75;271,139.25;322,159.75
48094;72,219.25;166.25,105.25;217,21.5;234.75,302.75;11.75,69.25;209.75,173;271,139.25;322,159.75
27374;72,219.25;148.75,64;182.75,23;234.75,302.75;30.5,100.5;187.25,173.5;283,196;312.75,195.25
39422;15.5,228.75;146.5,58.75;182.75,23;184.75,317.5;8,70.25;165.25,160.75;283,196;344.5,184.25
32500;15.5,228.75;116.75,19.5;167,85.25;184.75,317.5;5,68.75;212,105.75;278,241.25;326,227.5
23291;8,261.25;116.75,19.5;139.5,76.75;224.5,260.5;5,68.75;171,162.5;316.5,269.75;351.5,218.5
31815;9.75,262.25;67.5,38.25;183,67.5;262.5,237.75;33.5,124.75;133.25,194;316.5,269.75;351.5,218.5
1748;52,294.25;81,28.5;182.25,111.75;258.5,256.75;92.75,153.25;121,156.75;316.5,269.75;351.5,218.5
13875;15.25,308;104.5,15.25;212.25,132;288,262.75;92.75,153.25;121,156.75;316.75,270.25;340.75,225.5
569;15.25,308;137.75,21.25;204.25,63.5;223,247.75;32,183.25;56.5,149.75;316.75,270.25;351.5,175
37894;82,320.25;137.75,21.25;183.75,76.5;208.75,267;42,253;64.25,168.75;316.75,270.25;351.5,175
39125;82,320.25;103.5,63;141.5,73.75;175.75,280.5;10.75,307.75;64.25,168.75;338.5,310.5;351.5,245.75
7876;81.75,319.75;84,96;179,60;213.5,311.25;28,320.25;28.5,175.25;338.5,310.5;351.5,245.75
44556;81.75,319.75;110.25,127;227.25,81;285.75,287;28,320.25;99.75,143.25;354.5,269.25;360.5,171.75
4985;79.75,291;136.75,90;203.25,63.75;332.25,246.25;43.75,318.25;106.25,113.75;354.5,269.25;360.5,171.75
32755;89.5,303.5;185.25,59.5;244.75,94.75;317.25,257;43.75,318.25;69.5,77.5;353.75,300.25;360.5,171.75
43854;89.5,303.5;185.25,59.5;300.75,111.75;316.75,222.75;43.75,318.25;68.5,84.75;289.5,299.25;369.5,210.75
39745;36,277.75;119,59.5;358.5,126.25;363,241;43.75,318.25;66,86.75;228,284.75;369.5,210.75
44226;36,277.75;165,48;353,83.5;363.5,267;5,294;54.5,111.5;186.25,233.25;369.5,210.75
45067;15.75,264.25;165,48;319,41;363.5,267;11.25,280;54.5,111.5;216.5,209;358.75,243
37784;42.75,270.5;161,101.75;264.25,28;363.5,267;11.25,280;83.75,80;262.25,222;326.5,242.25
40110;13.25,295;148.5,84.25;299,52;364.25,318.5;11.25,280;115.75,40;256.25,220;326.5,242.25
6661;73,317.25;161.5,100.25;355.25,30.5;364.25,318.5;11.25,280;68.25,12.75;252,276.25;299.5,187.5
23331;52,248.75;160.5,169.25;355.25,30.5;365,274.75;45.25,304;68.25,12.75;225.5,227.75;319.5,218.5
33848;53.5,294;109.75,163.25;337.5,20.5;355.5,242.25;11,292.5;68.25,12.75;225.5,227.75;318.75,221
11679;35.25,242.5;102.25,205.75;310,54.5;355.5,242.25;11,292.5;22.5,45;235.25,219.5;354.25,185.75
12467;35.25,242.5;102.25,205.75;279.25,105.25;363.5,244.75;10.75,280;11.75,9.5;282.25,184.25;333.25,206.25
7534;17.5,306.5;137.25,214;279.25,105.25;343.5,288;10.75,280;38.75,59;323,221.5;338.25,196
33542;17.5,306.5;87.25,187;279.25,105.25;329.5,321.25;18,293;89.75,24.75;336.5,163;355.5,146.25
20074;45,266.5;91.5,233.75;270,72;329.5,321.25;43.75,306.25;89.75,24.75;292.5,149.5;332.75,100.25
28723;45,266.5;102,250;244,99.75;329.5,321.25;14.25,279;86.75,12.5;295.5,197.75;347.25,139.25
37027;0.25,272.75;102,250;230.25,83;329.5,321.25;53.25,253.75;90.5,31.5;273.75,143.25;309.5,138.25
27322;18.75,310.5;102,250;272.25,73.75;329.5,321.25;60.25,215;106.75,77;229,120.5;278.25,187.5
21844;72.75,299.25;98.5,283.75;240.25,36.5;329.5,321.25;60.25,215;87.25,115.75;241.25,87.75;288.25,184.5
11802;92,256.5;110.5,312;247,4;329.5,321.25;48.75,253;87.25,115.75;230.5,41;254,146
11233;82.25,229.5;142.5,300.75;246.5,3.75;301,322.5;47,310.75;87.25,115.75;230.5,41;232.75,154
2601;26,256.75;94.25,309.75;276,64.75;301,322.5;68,260.25;152,92;230.5,41;286.75,110.75
13295;0.5,219.25;94.25,309.75;276,64.75;301,322.5;11.25,273;191.5,109;234.5,3;295,61.75
9477;0.5,219.25;94.25,309.75;283.5,53.75;301,322.5;29.75,246.5;171,92.75;218.75,40;244.75,38.5
6846;27.25,278;70.75,310.25;265.75,92.5;301,322.5;58.5,195.75;171,97.5;218.75,40;262.25,34.5
45754;11.25,279.25;67.5,248.75;292.25,151;301,322.5;58.5,195.75;203.75,157.75;216,41.25;279.5,88.5
48677;14.5,242;47.75,241.75;298.5,153.75;301,322.5;54,239;204,158.25;216,41.25;244.75,70.75
31823;14.5,242;47.75,241.75;249,175.75;301,322.5;87.25,190;230.5,115.5;230.75,39;257.75,98.5
22206;31.25,238.5;36.25,214;249,175.75;321.25,299;156.25,184;186,99.5;230.75,39;257.5,82
16467;7.25,276.75;66.25,202.75;251,205;287.75,286.5;125.25,158.25;144.25,51.25;230.75,39;257.5,82
33697;2.5,301;44,181.25;236,223.75;287.75,286.5;125.25,107.5;144.25,51.25;212.5,66.25;266,35.5
40315;2.5,301;44,181.25;216.5,197.5;287.75,286.5;130.75,92.5;176.75,47.75;231.5,2.25;311.5,42.25
49092;2.5,301;42.75,167.5;244.5,212.5;307.25,319.5;100.25,120.5;151,49.25;231.5,2.25;341.75,81.25
50026;2.5,301;66,114;244.5,212.5;364.25,310.5;99.75,66.5;151,49.25;228.25,46.5;365.75,79.25
23822;43.75,273.25;70,146.5;276,238.75;364.25,310.5;46.5,75.25;160.25,68.25;183.5,68.25;365.75,79.25
43286;49.75,241;70,146.5;277,249.5;340.25,321;103.25,77;134.75,20.25;140.75,73.5;365.75,79.25
26192;71.25,242.25;78.75,114;279.25,286;304.75,300.75;103.25,77;134.75,20.25;140.75,73.5;354,67.25
11221;43,223.5;108.75,164.75;249.25,246.25;275.5,275.75;103.25,77;121.5,4.75;127,126.25;354,67.25
45930;21,176.5;130,191.75;216.5,278.75;256,250.25;111.25,93.25;121.5,4.75;127,126.25;354,67.25
31540;21,176.5;104,138.75;174.5,316.25;309.25,211.25;111.25,93.25;122.5,4.25;189,108;327,82.25
23702;6.5,167;104,138.75;161.5,281.25;309.25,211.25;61.5,108.25;130.75,20.25;184.25,65;326.75,82.75
6495;52.5,153.75;74.5,175.25;170.5,298;331,199.75;61.5,108.25;86.75,21;184.25,65;326.75,82.75
19125;64.5,189;70.75,190.5;184.5,248;331,199.75;61.5,108.25;82.75,59.5;209.5,98.5;341.25,141.25
9001;21.5,170;70.75,190.5;183.5,248.5;331,199.75;76.75,148.75;97.25,10.75;220,132.75;316.5,114.25
3557;65.75,136.25;102.5,227.75;221.25,224.75;331,199.75;95.75,126.75;102.5,57;220,132.75;344,63
49699;65.75,136.25;102.5,227.75;255.5,212.5;331,199.75;94,135.75;120,5.5;189.5,177.5;341.75,78.25
44626;52.25,170.75;88,175.75;247.5,188;294.25,184.5;94,135.75;149.75,11.5;189.5,177.5;319.5,111
38820;10,140.75;56.5,229;208,166.25;263.75,225.25;51.75,126;149.75,11.5;189.5,177.5;319.5,111
49321;9.25,140.75;65.5,193.25;197.75,113.25;292,259;25.5,119.25;149.75,11.5;162.25,162.25;319.5,111
21759;9.25,140.75;52,238.25;145.75,129.75;306,311.75;25.5,119.25;98.75,20;146.5,202.25;355,149.5
4024;10.25,190;18.75,241.5;149.75,128;306,311.75;25.5,119.25;118.5,73.25;153.5,221.5;320,161.75
36891;13.25,170.25;27.75,226.25;186,133.5;306,311.75;25.5,119.25;150.25,29.75;182.5,273.25;299.25,208
3626;31.25,200.5;43.25,241.5;230.75,135.25;306,311.75;25.5,119.25;96.25,67.25;153,221;286.25,143.25
3284;31.25,200.5;43.25,241.5;253.5,109.25;295,259.5;11.5,155.5;83.25,118.5;166.25,165.75;304,152.25
9593;31.25,200.5;58,294;235.25,126;245,280.5;14.75,214.75;109,140;166.25,165.75;304.25,202.25
8357;41.25,204.25;58,294;185.5,81.25;245,280.5;4.25,229.5;56.25,116;169.25,226.5;279.25,251.25
16013;35.5,239.25;54.25,322.25;147.25,83.75;262.5,315;4.25,229.5;56.25,116;159,199.75;261.5,290.5
14693;13.5,228.75;55,278.25;152.25,127.75;314.25,306.75;16,202.75;56.25,116;162.5,166;261.5,290.5
10434;71,205.5;88.25,269.75;159.75,79.75;314.25,306.75;16,202.75;107.75,122.25;129.75,125.75;212.25,285.25
41434;31.25,170.25;85.25,320.25;136,49.25;314.25,306.75;36.75,229;109.5,98.25;129.75,125.75;161.75,298.5
33219;0.5,198.75;52.75,308.25;180.5,38.5;289.5,322.25;36.75,229;109,98.5;148,179.25;161.75,298.5
17270;0.5,198.75;52.75,308.25;128.25,42;298.25,321.25;16,173.5;85.25,100.25;92.25,190;103,267.5
26533;39,238.5;83.75,321.75;149.75,61.25;317.75,279.5;16,173.5;85.25,100.25;92.25,190;124.5,263.5
2117;12.5,262.5;54,322.5;115.5,35.25;292.5,304.5;16,173.5;48.25,131;92.25,190;127.5,229
12964;9,305.5;54,322.5;167.25,20.75;233.25,302;16,173.5;80.25,99.25;91.75,191.25;133,282
33619;34,280.75;54,322.5;179,48.5;221.5,271.75;16,173.5;102.25,107.75;110.25,244;154.5,302.75
12014;33.25,280.5;60.75,317.5;179,48.5;197,245.75;59.75,204.25;73,100.75;106,234.25;154.5,302.75
44232;33.25,280.5;60.75,317.5;180.25,113.25;197,245.75;77.5,208.75;93.5,152.25;106.25,253.5;174.5,239.5
30440;33.25,280.5;60.75,317.5;180.25,113.25;181,266.5;27.75,227.75;56.5,100;151.25,223.5;170,225.5
10081;53.5,230;74.75,298.25;125.25,149;181,266.5;19.5,287.75;56.5,100;185.75,195.75;204,224.25
7882;53.5,230;74.75,298.25;125.25,149;169.5,294.75;16.5,295.25;105.75,115.75;193.25,177.25;235.5,256.75
31340;0.5,226;80.75,321.5;105.5,197.5;204.75,316.5;16.5,295.25;66.75,86.25;177.5,196;235.5,256.75
19537;0.25,201;41.75,309;104,197;204.75,316.5;55.25,296.25;77,126.25;172.25,162.25;235.5,256.75
21032;44.5,181.25;55.25,322.75;87,195.5;207.25,315.75;55.25,296.25;77,126.25;128.5,164;273,275.25
20006;21,128;40.5,277.5;126.25,147;197.5,279.75;55.25,296.25;77,126.25;128.5,164;262.25,276.5
17177;15.75,169.75;40.5,277.5;132,90.5;192.25,231.75;96.75,283.5;110.25,115.5;182.25,164.25;262.25,276.5
6316;15.75,169.75;40.5,277.5;120,55.5;218.75,216.75;111.5,241.25;153.5,116.5;211.75,178;231,246
788;23.75,154.25;41.5,234.5;120.25,80.5;259.25,240.5;96.25,195;163.25,89.75;211.75,178;231,246
44673;10.75,190.25;48,228;110.5,44.5;259.25,240.5;121.75,194;142,43.25;196.75,173;231,246
32427;17.75,141.75;48,228;70,27.25;283.5,183.5;110.5,161;142,43.25;222.25,133.75;280.75,216.75
640;17.75,141.75;29.5,229;47.25,30.25;329.5,149.75;63.25,151;142,43.25;192,165.5;248,233.25
19466;0.75,175.25;44.5,276.5;74.75,45;288,164;63.25,151;139.75,56.25;192,165.5;270,273.25
31083;40.75,133.25;91.75,273;125.5,6.5;311.5,154.75;67.75,181.75;139.75,56.25;213.25,161.75;270,273.25
39295;60.75,116;90.25,272.5;98.25,11;314.75,145.75;67.75,181.75;139.75,56.25;222.75,139.5;231.25,268.25
29755;30.75,67.25;49.75,239.75;104,8;314.75,145.75;62,223.25;139.75,56.25;195,99.25;218.25,307.25
18815;30.75,67.25;49.75,239.75;104,8;298.25,120.5;17.5,186.5;174.25,35;196,95.5;214.75,298.75
29803;11.25,32;45.25,299.75;110.75,20.5;255,85.5;11.75,189.25;152.75,4.75;196,95.5;214.75,298.75
9474;11.25,32;29.25,312.75;63.75,40.75;281.75,74;9.75,171.25;103.25,39.25;199.75,67.75;214.75,298.75
29765;10.75,31.25;42,313.25;63.75,40.75;303,35.5;59.25,128;103.25,39.25;221.25,16.5;267.25,320.75
47587;11,77.75;38.25,277.5;75.5,13;323.25,23.25;59.25,128;103.25,39.25;247,75.5;267.25,320.75
15533;71,111;84,281.25;103.25,75.25;323.25,23.25;59.25,128;123.25,98;264.5,139.5;295,316
29179;89.5,107.25;107,253.25;116.5,67.25;312.25,52.25;59.25,128;104.75,126.25;264.5,139.5;295,316
23185;43,107.25;103.5,251;116,66.25;365.75,70.75;44.5,105.5;155,121.5;264.5,139.5;295,316
13523;36,132;103.5,251;152.25,28.5;365.75,70.75;3,61.25;137.5,74.25;263.75,85.25;293.5,313
18410;66.25,87.5;103.5,251;107.25,63;365.75,70.75;31.75,118;172.75,98.25;224.25,135.25;227.5,314.25
46583;6.75,64.25;73.25,183.5;86.75,63;365.75,70.75;31.75,118;166.25,36;200,142.5;211.5,251
4619;10.75,42.25;60,217.25;64.5,23;365.75,70.75;26,53;190.5,27;200,142.5;207.75,207.75
20188;20.25,25.25;50.5,228;57.5,64.75;340.75,49.25;48.25,45.25;190.5,27;200,142.5;207.75,207.75
8321;33.75,72.75;50.5,228;77.5,7.25;278.75,51.5;39.25,112.25;190.5,27;196.25,176;210.75,185.25
38513;40.25,66.25;50.5,228;77.5,7.25;278.75,51.5;100.25,143.75;154,52;186.75,230.5;188.5,162.25
25612;55.5,70.5;63.25,176.75;77.5,7.25;274.75,64.5;114.75,199.25;186,62.5;186.75,230.5;208.75,108.5
41599;54.5,71.25;63.25,176.75;77.5,7.25;332.25,94;93,170.25;198.25,13.25;228.25,190.25;258.75,76.5
5902;57,97;63.25,176.75;77.5,7.25;342.25,141.25;127,127.75;158.5,29.75;256,197.25;262.5,77
42856;36.25,61.25;77,161.5;91.5,63.5;341.5,81.25;142.5,98.25;158.5,29.75;256,197.25;318.75,51.25
9414;66,49.25;86.5,176.75;87.25,99.5;341.5,81.25;90.75,101.25;148.75,12.5;256,197.25;297.25,90.75
12007;66,49.25;86.5,176.75;87.25,99.5;360.75,33.25;85,56;158.75,66.75;248.75,251;261,100.75
46567;62.25,34.5;78.75,184.5;87.25,99.5;360.75,33.25;143.75,49.5;212.75,68.75;224,311.25;263.75,61.5
13394;25.5,25.25;78.75,184.5;136.25,127;341.75,46;143.75,49.5;225.25,50;226,274.25;264,106.75
26806;25.5,25.25;78.75,184.5;135,125;341.75,46;145.25,75.75;229.25,14.5;250.75,257.25;265.25,111
34528;33.5,72.75;78.75,184.5;141,107.75;287.5,53.5;149,32.25;229.25,14.5;235.25,256.75;240.5,87.25
1315;84,78;110.25,166.25;163.25,51.75;301.5,111.25;149,32.25;229.25,14.5;236.25,254.25;285,143.25
23500;81.75,28.25;131.75,170.5;223.5,55.25;360.75,89.5;149,32.25;208.5,5.5;236.25,254.25;285,143.25
46730;64,26.25;80.5,174.75;227.75,124.5;323.5,52.75;167,50.25;208.5,5.5;236.25,254.25;263.75,176
49263;102.75,35.75;118.25,213;266.25,143.5;293.75,33.5;144.25,51.5;208.5,5.5;236.25,254.25;310,184.75
7475;102.75,35.75;118.25,213;266.25,143.5;349.75,34.25;115,93;155.5,50.5;225.75,220;313.5,227.75
17849;40.75,13.75;118.25,213;266.25,143.5;342.5,76.25;74.25,122;179.75,29.25;197,176.75;277,269.25
5576;40.75,13.75;94.75,233.75;267.5,133.25;295,52.75;78,125.75;179.75,29.25;190.5,197;285.25,301.5
31265;40.25,57.25;61.25,247.5;264.5,128.25;299.25,53.5;91.75,183.5;179.75,29.25;194.25,180.75;285.25,301.5
8878;5,68.75;115.75,251.75;245.25,159.75;251.25,47.5;91.75,183.5;179.75,29.25;194.25,180.75;237.75,319.75
34076;1.75,62.25;154.5,242.75;245.25,159.75;269.25,66.25;91.75,164;155,50.25;237,179;237.75,319.75
38349;3.75,32;146,238.5;213,164;284.5,55.5;129.5,161.75;155,50.25;237,179;237.75,319.75
29225;19.5,89.5;120.75,220.75;225.5,184;297.75,73.25;129.5,161.75;136.25,20.25;237,179;291.75,301.5
11770;49,125;118.75,233.5;225.5,184;268,105.5;106.75,127.75;134.25,42.25;187.25,196;291.75,301.5
39695;69,131.75;137.25,189.5;240.25,198;299,115;106.75,127.75;134.75,41.5;187.25,196;273.75,287.25
29304;29,121.25;137.25,189.5;230,244.75;296.75,164;67.75,89.25;114.25,41.25;187.25,196;240.75,310.25
30936;29,121.25;136,189.75;218.5,230.75;335.25,198;93.25,115.5;145.25,88.25;184.5,174.25;240.75,310.25
43731;29,121.25;136,189.75;216,199.5;363.75,248.25;109,136;126.25,105.25;180.5,165.5;232,274.5
42330;29,121.25;136,189.75;216,199.5;353.75,215.75;125,153.75;188.75,89.5;192,111;219,272.75
33924;50.75,58;147.25,182.75;216,199.5;335.75,279.25;154.25,203.5;161,88;165.25,103.25;219,272.75
14732;61.25,56.75;83.75,187;239.75,200.5;318.75,305.25;134,176;161,88;165.25,103.25;250.75,242.75
33489;61.25,56.75;66.25,145.25;271.25,167.5;318.75,305.25;133.5,175;170.25,29.25;213,106.75;235.25,189.5
37023;14.5,72.75;30.25,111.5;255,196.25;302.75,262.5;133.5,175;170.25,29.25;213,106.75;229.25,183.5
45155;23,116.75;35,108.75;255,196.25;265,241.25;133.5,175;170.25,29.25;183.5,95.25;244,175.5
31670;9.5,93.25;11.75,76.5;229.25,207.25;240,258;131.75,215.25;170.25,29.25;183.5,95.25;202.25,172.75
15580;49.5,47.75;86.25,64.5;229.25,207.25;285.25,230.25;149,222.25;161.25,90.5;170.25,29.25;233.75,127
43228;52,49.25;86.25,64.5;239,165.5;280,232.5;107.5,229;124.25,119.5;170.25,29.25;232.5,67
31187;52,49.25;119.5,60.25;243.5,197.5;300.25,258.25;78.25,273.75;87.5,109;139.5,34.5;232.5,67
28932;73.5,47;78,68.25;228.75,207.25;300.25,258.25;56,248;57.5,100;139.5,34.5;187,96
37424;73.5,47;78,68.25;180.75,222.75;300.25,258.25;31,264.5;104.75,76.75;108.25,40.5;221.25,134.5
33375;73.5,47;85,119.5;134.75,202.75;308.5,309.5;20,309.25;81,103.75;108.25,40.5;170.25,114.25
30702;53.25,9;69.5,114.75;158.25,157.5;358,289;79.75,318.75;81,103.75;108.25,40.5;170.75,113.75
34657;23.75,62.75;69.5,114.75;123,143.5;308.75,321;98.75,280.75;105.5,161.5;152.75,49.25;170.75,113.75
18820;23.75,62.75;28.5,116.25;69.75,129;346,288;104.75,304.25;105.5,161.5;153.75,12.5;176.25,149
42918;23.75,62.75;28.5,116.25;135.25,126.75;314.75,260.5;83.75,268.25;148.75,201.5;161.25,51.75;194.25,176
47061;23.75,62.75;28.5,116.25;135.25,126.75;282.5,283.75;108.5,290.5;185.25,178;187.5,98.5;211,159
13543;28.5,116.25;59,75.75;114.25,120.75;266.75,244.25;109.25,228.75;161,225.75;187.5,98.5;200.5,140.5
22459;64.5,67.25;111,47.25;114.25,120.75;293,259;76.25,255.5;161,225.75;209,85;250.25,176.25
23698;20.5,102.25;116.75,22.5;148.25,81.5;296,245.5;76.25,255.5;161,225.75;162.25,49.5;219.75,177.25
28629;20.5,102.25;108,61.5;148.25,81.5;296,245.5;123.25,298.25;133.5,173.25;144.5,52.75;184.25,164.5
28211;27.5,58;106.25,51.25;165.25,99.75;239.25,257.75;132.25,287;132.5,174.25;144.5,52.75;184.25,164.5
18798;15,74.5;113.75,113.5;191.25,134.5;239.25,257.75;125.5,259.75;132.5,174.25;177.75,9;187.5,188.75
40024;5,89.75;166.5,108.75;195.25,174.5;291.5,230.5;125.5,259.75;128,124.75;177.75,9;183,191
36496;24,152.75;149.25,45.25;180,154.5;347,216.75;125.5,259.75;128,124.75;177.75,9;205,221
24;24,152.75;102.5,49;138.25,124.5;353,277.75;120.5,324.25;128,124.75;176,9.5;188.25,277.25
25629;6.25,92.5;77.5,57.5;122.75,69.75;353,277.75;120.5,324.25;122.75,103.5;194.5,68.25;228.25,230.75
6098;24,62.75;37.5,34.75;167,53;347.5,216.75;119,320;122.75,103.5;194.5,68.25;234.75,188.75
34147;1.75,93.5;37.5,34.75;148.25,116.25;346.25,209.5;119,320;142.5,60.25;168.75,90.5;240.75,243.5
8325;1.75,93.5;65.25,7.75;185,67.5;314,159;119,320;157.25,17.75;217.25,113.75;239.5,242.75
4978;14.5,32;40,55;185,67.5;290.25,209.5;51.75,310;157.25,17.75;162.75,146.5;238.75,243.25
24874;50,46.25;84.75,83.75;167.75,16.5;287.75,231.25;107.5,308;157.25,17.75;162.75,146.5;238.75,243.25
12844;85.25,107.5;86.75,90.5;167,52;306.5,249;145.5,251.25;157.25,17.75;162.75,146.5;267.75,253
41107;58.5,147.5;109.75,127.5;125.75,59.5;287,231;145.5,251.25;153,51.5;173.75,164.75;267.75,253
33854;68,112.5;78.75,134.5;112,55;289.25,165.75;101,235.25;153,51.5;207.75,108;267.75,253
3566;25.5,86.25;105.25,167.25;112,55;333.5,119.75;41.5,251.5;159.5,51.75;207.75,108;261,211.75
37963;25.5,86.25;105.25,167.25;140,62.25;333.5,119.75;27,215;145.75,28.75;187.75,96.25;233.25,188.75
39936;8.5,104.25;142.25,127.75;154.75,108.5;271.75,103.5;54.75,160.75;164.5,60.5;187.75,96.25;233.25,188.75
25167;2.5,64.25;158,129;168,136.5;309.25,112.75;87.75,131;164.5,60.5;187.75,96.25;239.5,146.25
33869;45.75,46.25;157.75,147.5;158,129;339.75,113.25;46.25,116;153.75,89.5;170.25,90.25;239.5,146.25
6512;45.75,46.25;165.75,106.25;174.75,112.75;340,112.75;101,122.25;147.75,52.75;170.25,90.25;182.25,162
46272;41.75,91;174.75,112.75;202.25,61.25;295,74.25;49.75,115.5;99.25,67.25;170.25,90.25;212,202
31121;63.5,86.5;168.75,91.5;240.75,35;275,32.5;49.75,115.5;99.25,67.25;162.75,49.5;167.75,222.5
21058;42.75,35.25;227.25,83.25;241.25,37.25;252.25,19.25;49.75,115.5;99.25,67.25;123.25,18.5;187,173.25
44187;10.25,4.75;186.25,59.5;214.75,16.25;291,14;49.75,115.5;120.25,113.25;123.25,18.5;187,173.25
25536;71.25,24.5;166,67.5;256,18;300.75,54;60.5,111.5;83.5,100.75;123.25,18.5;187,173.25
14754;93,12.25;183.25,42.75;258.5,18;314.25,6.25;60.5,111.5;72,80.5;102.25,7.25;187,173.25
88;105.75,40.75;148.75,11;285.5,56.75;359.5,17.75;60.5,111.5;72,80.5;118.25,20;231.25,219.5
11847;57.75,74.75;148.75,11;286,53;349,23.5;70.25,152.75;90.75,107.75;118.25,20;218,211.5
23863;61.25,129.75;168.75,16.5;289.75,74.25;354,26.75;53.5,112.5;70.25,152.75;158.25,62.5;218,211.5
6745;49.75,75.75;132,45.75;278.5,74.25;318.75,39;53.5,112.5;70.25,152.75;155.5,51;187.75,161.5
11467;44,122;103.25,61.5;263.25,27;277.25,64.5;70.25,152.75;88.5,108;167,49;187.75,161.5
29588;79.75,140.75;131.25,40.5;211.75,33.75;281.5,70.75;74.75,153;99.75,67.25;167,49;187.75,161.5
34596;79.75,140.75;156.75,43.5;190,50;242.25,119.5;35.5,192;99.75,67.25;147.75,12;183.75,180.75
20312;113.25,104.5;156.75,43.5;191.5,49.25;250.5,81.5;7.75,232.5;99.75,67.25;153.75,50.5;194.25,221
32109;131.5,101.25;167.25,90.25;208,79;283.25,52.5;6.5,230.5;132,98.75;153.75,50.5;194.25,221
17153;130.25,89.25;159.5,125;200.25,63.75;283.25,52.5;7.25,230.5;161.75,51.5;191,102;194.25,221
46391;131.25,29.5;198.5,158.75;219.5,41;252.75,58.75;7.25,230.5;115.75,39.5;171,152;194.25,221
37283;169.25,20.25;198.5,158.75;203,43;280.25,70.75;56.5,238.5;115.75,39.5;166.75,165;192.25,172.75
27341;113,40;156.25,194.75;215.25,16.25;263,18.5;56.5,238.5;138.25,20.25;166.75,165;188.5,174.25
21613;113,40;169,136;215.25,16.25;263,18.5;84.5,255.25;143.75,4.75;185.25,134.5;226,207.5
21148;112.5,40.5;141.5,118;215.25,16.25;257.25,18;84.5,255.25;121.75,21.25;173.5,161.25;269.75,212.5
28743;103.75,47;198.25,85.5;225.25,22.25;310.5,6.5;82.75,249.5;121.75,21.25;173.5,161.25;292.25,195
1110;134,24.5;204.5,45.25;219.25,32.5;364.5,33.25;49,295;121.75,21.25;173.5,161.25;323.75,211.75
35279;89.5,62.75;148,29.75;208.25,18;347.75,96.75;49,295;121.75,21.25;173.5,161.25;355,167
33663;89.5,62.75;146.75,8;274,19;296.5,70.25;49,295;163.5,72.25;188.75,177.5;330.5,197.5
2302;89.5,62.75;145.75,8.75;297.25,72.25;350.25,31.25;66.25,224.5;90.25,73.5;171.75,161;330.5,197.5
31056;80.5,22;159.75,72;249.75,109;343.5,71.5;83.25,199.25;137.5,98.25;171.75,161;330.5,197.5
39715;80.5,22;192.75,96;223,89;343.5,71.5;96.5,169.25;161.25,49;179.5,161;291.25,197.25
31330;80.5,22;201.75,60.75;229.5,39.25;283.5,52.75;38.75,192.75;161.25,49;219.75,117.5;229,219.25
26017;79.75,70.75;215,62;222,43.5;291,114;78,182.5;161.25,49;219.75,117.5;220.25,201
23441;130,25;215,62;222,43.5;291,114;115.5,143.25;142,92;251.25,102.25;276,202.25
21935;161.5,57.75;164.75,73.75;236,40;287.5,164;148.25,190.5;151.75,83.5;251.25,102.25;276,202.25
15924;139.5,97.25;154.25,124.75;236,40;287.75,189.25;148.25,190.5;186.25,97.5;260.75,49.5;262,203.5
45724;127.5,124;133.75,126.5;213,55.25;255.75,204.75;179.25,161;186.25,97.5;260.75,49.5;268,198.25
21205;116.5,114.5;144.5,160.25;213,55.25;235.25,230;179.5,126.75;181.75,49.75;248.5,16;268,198.25
10771;129.5,66;164,112.75;181,36;255.5,292.25;177.75,147.25;181.75,49.75;248.5,16;270,201.5
7521;129.5,66;155.25,85.75;189.5,8.25;194,323;177.5,145.75;181.75,49.75;230,17;292.5,152
5378;68.25,58.25;134,150.75;189.5,8.25;224.75,294.25;110.5,113.75;181.75,49.75;308.5,4.25;327,206.25
28081;111.75,75.75;166,164;168.5,46;205,294.25;110.5,113.75;162.75,73.25;308.5,4.25;327,206.25
22340;55.75,56.75;109.25,126.5;223.25,23;245.75,287;49.75,129;144.25,31.75;308.5,4.25;327,206.25
42839;45.5,68.75;115.25,128.5;213.5,17;275,313.5;49.75,129;191.25,41.75;298.25,6.5;327,206.25
40087;35.5,71;122.75,67.75;175.25,16;263.75,323;49.75,129;142,12.25;298.25,6.5;327,206.25
38880;35.75,71;150.5,88.25;216.5,15.5;263.75,323;49.75,129;174.25,37;309.25,25.75;361.75,231.75
46202;30.5,84.25;177.25,113.5;209.5,64;218,302.25;49.75,129;174.25,37;309.25,25.75;365.25,265.25
37078;30.5,84.25;146,128.25;209.5,64;218,303;95.25,183.5;116,74;255.75,12.25;356.75,289.25
43897;50.5,47.25;182.75,152.75;185,87.25;218,303;137.75,168.5;168.75,79.75;255.75,12.25;331,289.25
531;107,34;199.25,91.75;200.75,152.25;275.25,255.25;138,169;228.25,113.75;255.75,12.25;331,289.25
21657;107,34;188.75,112.25;193.5,135.5;316.25,263.5;106.75,151.75;242.75,114.25;262.75,14.75;331,289.25
12327;60.75,9;180,86.25;208.25,176.25;316.25,263.5;106.75,151.75;252,72;319.25,27.75;362.25,248.75
21125;103.5,5;187,49.75;208.25,176.25;317.75,314.75;108.25,125.5;274.25,91.5;318.75,27.5;362.25,248.75
33686;105.75,3.75;187,49.75;208.25,176.25;317.75,314.75;78.75,110.5;332.75,58.5;358.5,57.75;362,266.25
2015;50,49.25;181.75,119.25;225.5,93;315.75,312;78.75,110.5;298,25.5;348.25,79.25;362,266.25
3013;50,49.25;147,129.25;278.5,131.5;315.75,312;63.25,165;298,25.5;323.25,107.25;353.25,292.75
9196;31.75,55.5;147,129.25;252,154.25;310,255;58.5,166;257.25,50;265.5,107.25;353.25,292.75
40216;31.75,55.5;141.5,129.75;280.25,120.25;356,252.25;58.5,166;257.25,50;287,94.5;312.25,300.5
46003;31,58.5;141.5,129.75;301.25,114.75;316.5,233.75;27,155.25;222.5,14.5;271,136.5;312.25,300.5
35576;25.25,94;137.5,159.75;296,88;309.25,240.5;27,155.25;230.5,33;231,114.25;312.25,300.5
19339;39.25,44.25;135.25,215.5;285.25,54.75;285.5,277.25;27,155.25;230.5,33;231,114.25;317.25,301.75
22403;68.25,58.75;155.75,224.75;280,33.5;285.5,277.25;27,155.25;263,67;298.5,110.75;311.5,312.75
18043;60.75,112.75;194.5,216.5;263.25,65;306,212.25;27,155.25;245.25,16;311.25,137;311.5,312.75
33808;74.5,115;198.25,166.25;299.75,115.25;304.25,236.5;57.75,168.25;229.25,18.5;311.25,137;311.5,312.75
13778;48.25,126;260,183.25;299.75,115.25;304.25,236.5;75.5,168.75;236.5,84.25;309.75,94.5;329.75,314
43248;58.75,171.75;260,183.25;302.75,161.75;304.25,236.5;75.5,168.75;244.5,46.25;303,61.25;310.5,297.75
14212;71.75,186.5;242,201.25;274,165.75;334,275.25;111.25,143.25;244.5,46.25;303,61.25;322.75,309
6296;88,178.25;228.25,204;273,181;297.75,289;111.25,143.25;237,76.5;303,61.25;322.75,309
32417;58.25,152.25;205.25,260.5;273,181;324.75,293.75;111.25,143.25;212.5,48;260.75,76.75;362,265.75
2492;83,161.75;247.5,273.5;259.25,230.25;289.5,321.25;105,112.25;204.25,95.75;260.75,76.75;362,265.75
29602;92,181.5;220.25,294.25;259.25,230.25;289.5,321.25;90.75,63.5;246,129.25;268.5,95;359.5,231.75
41993;91,170.75;223.75,252.5;287,168.75;289.5,321.25;90.75,63.5;242.75,131.75;323.25,91.25;351.75,192
5360;91,170.75;167,262.5;242,217.75;289.5,321.25;67.75,121.5;184.25,100.25;298.25,113;322.75,162
505;56,201.75;175.75,299.25;242,217.75;268.75,322;67.75,121.5;206.25,71.75;254.75,132.75;301,187.25
5855;65.75,159.75;175.75,299.25;203.5,244.5;244,305;67.75,121.5;193.5,97;220.25,162;300.5,197.75
44510;65.75,159.75;127.75,284.5;176,280.5;186,269.5;31.5,76.25;160,89.25;220.25,162;262.25,206.25
9531;65.75,159.75;80.75,273.5;179,308.75;186,269.5;31.75,77.5;211.25,72.5;226,117.5;244,243.5
41473;85,222.25;86,319.75;179,308.75;235,284.25;31.75,77.5;192,98.75;273,92.5;279,263.5
13581;39.5,270;52.75,284.75;219.25,259.5;227.25,251.5;31.75,77.5;192,98.75;260.5,141.75;276.5,295
42370;10,248.5;53.25,308;231,301.75;239,272.5;87.5,100.75;192,98.75;260.5,141.75;276.5,295
45978;10,248.5;87,309.25;231,301.75;243.5,216.25;87.5,100.75;228,66.75;301.5,186.25;333.5,272.75
21182;37.75,296.75;114.5,303.5;231,301.75;301.25,220.75;63.25,58;228,66.75;293.25,184.75;322.75,313.75
39543;66.75,313;97.5,320.5;206.25,276.25;359.5,214.75;63.25,58.5;216,125.5;293.25,184.75;322.75,313.75
19552;66.75,313;111,282.5;206.25,277.75;361.5,190;84.75,81.75;176.25,107.75;293.25,184.75;335.25,321.5
8506;66.75,313;137,226.25;181.75,278.75;361.5,190;116,71.5;219.5,92.25;268.25,132.75;291,284.75
21084;63.5,309.75;134,284;144,238.25;361.5,190;116,71.5;209.5,150.5;299.25,113.5;314,242
35299;52,240.25;144,238.25;166,295.75;363.5,193;71.25,126.25;210,150.25;299.25,113.5;314.5,208.75
43250;52,240.25;120,239;194.75,280.75;356,202;71.25,126.25;244.25,115;347,78.25;349.75,172.75
46229;52,240.25;140.5,287.5;196.25,280.25;356,202;71.25,126.25;240,62;355,66.75;360.25,173
27805;44.5,229.75;139.25,224;182.25,311.25;345.5,158.25;71.25,126.25;298.5,91.25;322.25,27.75;360.25,173
22804;15.25,241.5;146.5,266.75;211,309.5;314,161;71.25,126.25;277,37.25;298.5,91.25;330.75,147
48808;12.25,242;146.5,266.75;211,309.5;323.5,120.75;72.75,120;236.5,6.5;300.5,115;323,163
15926;37,284;112,312;188.5,320.75;307.75,113.75;36.75,93.75;236.5,6.5;284.75,93;323,163
10436;40.5,271.75;84.25,286.25;174.75,310.75;326,89.25;36.75,93.75;237,6.25;284.75,93;330.5,192.25
46380;34.25,301.5;48,284;139.25,272.5;326,89.25;70.5,126.5;237,5.25;284.75,93;348.25,150.25
26827;34.25,301.5;37.75,265.25;99.5,243.75;276.5,118.75;63.5,94.25;195.25,41.75;326.75,57.5;348.25,150.25
26796;76.5,273.75;80,229.5;119.5,291.5;289.5,164.5;14.25,100.25;161,14.75;326.75,57.5;348.25,150.25
34869;50.75,248;71,255;119.5,291.5;289.5,164.5;12,33;163,12.75;298.75,110;338.5,158.5
50042;50.75,248;102.5,238.75;125.5,256;313,208.25;77.25,19.5;163,12.75;314,163.5;322.25,158.5
10853;65.75,193.5;91.75,191.75;125.5,256;353.75,241.75;76.25,10.75;156.75,73.75;314,163.5;348.25,206.5
15183;65.75,193.5;93.75,202;115.25,212.5;342,258.25;88.5,19.5;163.5,30.25;314,163.5;316.25,238.5
49518;22.5,176;139.25,240;140.75,223.5;293.25,209.5;141.25,12.5;224,48.75;314,163.5;316.25,238.5
23020;17.5,128;139.25,240;155.5,211.75;308.75,264.5;141.25,12.5;240.5,62.5;292.25,220.75;326.5,207
47212;17.5,128;109.25,222.25;203.25,234;294.5,321.75;141.25,12.5;274.25,22.25;312.75,211.25;358.25,184.5
10570;33.75,95.75;109.25,222.25;204.25,234;294.5,321.75;161,52.75;296.5,34.5;345.75,236;354.5,212.25
21312;44.25,35.75;87.75,172.25;202,259;302.5,310.5;161,52.75;341.25,79.75;345.75,236;351.75,205.5
19842;66.75,74.25;72,139.75;202,259;302.5,310.5;105.75,9.25;331,148.5;345,234;348.25,141.25
31418;38.5,111.75;44,124.5;145.75,303.5;272.75,261.5;55.25,41.75;308.25,123.25;345,234;348.25,141.25
50041;38.5,111.75;44,124.5;85.25,316.5;315.75,244;46,55.5;332.25,81.75;338.25,224.25;348.25,141.25
32814;5,109;25.5,72.75;85.25,316.5;292.75,213;9.5,103;332,82;338.25,224.25;358.5,159
36555;8.75,58.25;9.5,6.25;69.5,275.5;254.25,153.5;3,41.75;282.25,104.25;338.25,224.25;358.5,159
22300;9.25,57.5;9.5,6.25;22.25,298.5;239,127;3,41.75;216,82;299.75,216.5;308,194.25
10473;18,128.5;65.25,1.5;72.5,317.75;239,127;3,41.75;269.5,137;319.75,177.5;320.5,158.75
487;45,98.25;90.25,8;122.25,302.25;268.25,112.25;43.5,68;269.25,128.25;319.75,177.5;320.5,158.75
5595;8,107.5;127.75,11.5;142.75,310.5;294.25,56.25;43.5,68;269.25,128.25;320.5,158.75;351.5,173.75
9890;2.5,46.75;154.25,61.25;212.75,303;294.25,56.25;83,24;246.5,132.25;320.5,158.75;351.5,204.25
27186;1,80.25;124.75,31.5;200,265.25;294.25,56.25;67.5,42;257,133.25;304.25,206;320.5,158.75
16985;2,109;96.75,20.5;154.5,233.75;307,41;67.5,42;257,133.25;301.75,242.75;320.5,158.75
50110;2,109;102.5,19.75;154.5,233.75;318.75,41.25;67.5,42;302.5,109.75;312,271;347.25,206.25
33909;2,109;69.5,31.25;147.5,265.25;318.75,41.25;71.25,33.75;243,94.25;291.25,221;358.75,245
25621;2,109;69,30.75;149,260.25;349,29;71.25,33.75;208,93;283.5,216.5;352,276.75
43262;2,109;52.75,45.25;157,222.75;358.25,14.25;16.25,38.25;167.75,57.5;302.5,235;352,276.75
40235;12.5,62.25;16,79;169,281;340.5,6.25;16.25,38.25;167.75,57.5;295.75,202.5;352,276.75
37847;68,70;74,86;156.5,240.75;292.25,35;4.75,24.25;167.75,57.5;314.25,189.5;352,276.75
15585;68,70;86.5,119.5;145.5,223;272.25,19;8.5,68.5;158.25,91.25;314.25,189.5;354.75,287.25
34219;64.75,121;140.75,111;165,224.25;273.25,49.5;8.5,68.5;185.25,109.5;314.25,189.5;354.75,287.25
47884;70.5,172.25;154.25,125.75;186.75,203.25;312.25,56;8.5,68.5;185.25,109.5;299.25,172.25;335.25,309.75
47333;13,191;143.5,77;221.5,189.75;271,102.25;9,127.25;185.25,109.5;256,163.75;335.25,309.75
18096;26.25,170.25;165,33.75;221.5,189.75;233.75,129.75;53.25,159;169.5,148.75;256,163.75;338.5,291
39838;52,227;183.75,23.25;207.25,186.25;232.75,75.25;81.5,168.25;169.5,148.75;226,156;338.5,291
10630;42.75,284.75;159,27.75;227,185;280,102.25;60.75,222;170.25,148.75;226,156;338.5,291
3054;89.25,300.5;159,27.75;231,183;280,102.25;73.25,246.5;126.75,140.25;240,214;367,279.25
32255;53.75,295.5;116,25;239,215.25;277.25,134.25;81.75,215.25;126.75,140.25;263.75,218;367,279.25
19834;76.75,298.25;78.75,44.75;222.75,227.75;262.25,109;83.75,216.75;140,168;263.75,218;367,279.25
6958;76.75,298.25;80.5,103.25;239.5,178;253.75,153.5;117,197;133,199.25;240.5,225.75;367,279.25
12804;58.5,238.75;78.75,147.75;253.75,153.5;256.75,194.25;104.5,163;126.5,225;240.5,225.75;341.75,255.75
24703;27.25,257;77.25,98.75;253.75,153.5;281.25,254.75;105.75,167.5;126.5,225;193.75,247.5;322.5,309.75
40390;58.5,218.75;68.75,58.75;271,149.5;281.25,254.75;109,135.75;126.5,225;186.75,198;321.75,310.75
14919;58.5,218.75;60.25,8;294.75,104.75;320.75,201;74,120.25;96.25,183.5;186.75,198;329.5,311
38952;56,276;60.25,8;313.5,152.25;336.5,142.25;18.25,111.5;96.25,183.5;187.5,248.5;289.5,276.25
7340;35.25,262.5;66,48;299.25,120.5;336.5,142.25;22.75,124.5;96.25,183.5;193.5,276;320,312.5
12480;10.75,307;111.25,76;269.75,71.5;291.5,114;18.25,111.5;96.25,183.5;193.5,276;320,312.5
3895;32.25,270;110,75.5;208,80.5;271.75,102.75;3.5,146.25;106.25,118.5;193.5,276;320,312.5
15497;25.5,315.5;78,64.5;194.75,93.75;263,59.25;3.5,146.25;63.5,105.5;194.25,277.25;320,312.5
46476;41.75,304.75;71.5,88.5;203.25,62.75;212.75,32.25;3.5,146.25;63.5,105.5;236.5,274.75;286.5,264.25
14502;41.75,304.75;67.25,49.25;161.5,36.5;212.25,33.5;11.25,149;47.5,122.25;239,317.5;286.5,264.25
40170;43,303.75;80,31.5;106.25,8;232,14.25;11.25,149;47.5,122.25;218,302;235,256.5
24869;39.5,316.25;103.75,14;149.5,12;267,9.75;9,173.5;47.5,122.25;218,302;218.25,223.25
13613;39.5,316.25;103.75,14;182,23.5;267,9.75;16,173;24,191.5;177,286.5;240.5,219
42245;39.5,316.25;65.75,2.5;192.5,13.5;294.5,2;24.25,221.75;32.75,197;177,286.5;214,254.75
21879;12.75,291.5;35,36.25;192.75,12.25;294.5,2;11.25,201.75;24.25,221.75;158.75,301.25;190.25,302.5
10915;16.5,310;71.75,98;167.5,22;360,21.75;2.25,136.75;24.25,221.75;107.75,262.75;190.25,302.5
14565;16.5,310;71.75,98;142.5,44;353,85.25;17.25,99.25;53.25,222.25;123.5,280;206.5,277
19288;37.5,285.5;48.25,54.5;118,59;305.5,101.75;26.25,118.75;53.25,222.25;123.5,280;200,320.25
7279;34.75,286;48.25,54.5;135.25,45.25;313.5,137.25;26.25,81;29,222.75;93,232.25;200,320.25
16473;34.75,286;86.25,91.75;135.25,45.25;313.5,137.25;32.75,57.75;49.25,253;56.5,251.75;264,318.25
39438;34.75,286;45.75,138;108.25,21.5;314.25,99;23,39;49.25,253;72.75,305;305.5,291.25
6399;26.25,322.75;59.25,172.25;103.75,70.25;291.5,111.25;23,39;25.5,293;72.75,305;305.5,291.25
8113;63,294;94,155.75;99.25,18.75;319,103.75;23.5,38.5;25.5,293;72.75,305;340,309
4726;69,257;72,209.25;152.25,45.25;333.25,82;18.5,60.25;25.5,293;72.75,305;282.5,276
4449;116,220.25;121.75,207.5;152.25,45.25;310.25,21.25;19,60.25;25.5,317.25;48.75,274.5;282.5,276
37044;115.25,239.75;121.75,207.5;170.75,18.5;352.5,36.75;16,54.5;25.5,317.25;55.75,223;281.75,277.25
19373;97,192.75;143.5,227.25;170.75,18.5;362.75,22;16,54.5;31.5,308.5;60.25,224.5;282.5,277.25
41644;130.5,246.25;173,281.25;176.25,17.25;362.75,22;9.25,10;17.25,270;60.25,224.5;281.75,277.25
44754;143.75,226.75;186.75,317.5;201.75,63.75;327,29;9.25,10;17.25,270;120.25,246.25;282.5,277.25
12659;123.25,270.5;186.75,317.5;201.75,63.75;327,29;3,4.5;57.25,296.25;133,266;314.5,312
25391;103.5,234.75;186.75,317.5;201.75,63.75;279.5,63.5;1.75,7.5;70.25,259;149.75,226;357.5,265.75
9076;95,189.25;222.75,279.5;232.25,47.75;264.5,31.75;19.25,16.5;74.25,258.25;149.75,226;357.5,265.75
5843;95,189.25;162.25,265.25;240.75,61.25;241.25,22.5;66.75,28.75;117.5,259.75;149.75,226;306.25,238.75
7832;51,227.75;118,238.25;223.25,45;224,80.75;66.75,28.75;117.5,259.75;178.25,241.25;332.25,181.75
1248;73.75,248.75;153.5,259.5;223.25,45;288,75;9.5,20;148.25,318;178.25,241.25;329.75,197
2805;69.5,245.5;160.75,299.75;225.25,34;288,75;1,26.75;169.5,303.5;222.5,271;329.75,197
12163;69.5,245.5;160.75,299.75;197.75,72.25;297.25,37;25,33.25;176.25,281.75;248.25,309.25;334.5,162
4618;85.25,287.25;130,272;178.25,59;326.75,10;25,33.25;176.25,281.75;281.5,286.25;304,199.5
33325;86.5,316;157,249.5;178.25,59;313.25,18.25;50.25,54;158.75,300.75;281.5,286.25;286.5,221
18715;77.25,298.5;164.5,228.25;167.25,22.5;313.25,18.25;78.5,25.25;152.75,272.5;273.75,282.5;286.5,221
14337;77.25,298.5;164.5,228.25;167.25,22.5;311,5;99.75,77.75;110.5,307.75;275.25,245.5;294.25,198
48957;54,306.25;164.5,228.25;167.25,22.5;307.75,13.75;99.5,79.25;156.25,319;222.75,220;295.75,195.75
47700;11.25,283.25;147.75,240.25;167.25,22.5;275.25,17.5;76.25,118.75;146.75,272.25;232,159.5;295.75,195.75
24894;11.25,283.25;147.75,240.25;167.25,22.5;303.5,56.75;73.25,163;94.5,314;196.5,100.25;319.5,192
42958;11.25,283.25;167,272.5;174.5,37.75;303.5,56.75;59,152;94.5,314;196.75,97;352.75,166.5
421;11.25,283.25;165.75,273.75;224,81.5;335.75,65.25;46.25,127;59.25,287.75;158.75,118.75;352.75,166.5
48668;10.75,302.75;165.75,273.75;191.5,48.5;355.75,91.75;5.75,112.25;59.25,287.75;173.75,163.5;355.75,148.25
39937;72.75,299.25;112.5,310;130.75,41.5;349.75,42.5;5.75,112.25;79,284.75;172.25,107.75;355.75,148.25
4278;29,308.25;97.25,248;130.75,41.5;337.75,81;5.75,112.25;99.75,224.25;170.5,164;323.25,163.75
5876;17,262;124.25,201.75;142.5,14.5;323,134.25;5.75,112.25;117.25,196;170.5,164;323.25,163.75
17750;11.25,279.25;83,230.25;109,62.5;322.5,136.25;5.75,112.25;117.25,201.5;160.5,202.25;323.25,163.75
14170;9.25,306;42.75,242.75;48,74.75;322.5,136.25;5.75,112.25;120,252;140.25,224;319.25,195.75
31541;9,303;15,254;45.25,123;316.75,165.75;5.75,112.25;86.5,298.25;103.5,198.5;319.25,195.75
12165;28.25,318.75;32.75,197.5;63.25,112.5;278.75,164.75;5.75,112.25;31.75,307;103.5,198.5;272,175.75
12475;17.5,305.5;32.75,197.5;94.25,85.75;297.75,169.5;5.75,112.25;46.5,307.75;136.25,145.25;271.5,118.5
11834;83.75,314;93.75,176.75;134,89;356,136;5.75,112.25;46.5,307.75;136.25,145.25;221.25,117
31727;83.75,314;93.75,176.75;172,49;356,136;17.25,112.25;112.25,295;139.75,175.5;172.5,96
30944;55,303;93.75,176.75;128.25,32.5;326.25,191.75;17.25,112.25;97.5,282.75;148.25,225;152,89.25
15201;60.25,274;91,170.75;137.5,63.25;288.25,229.5;27.25,120.25;97.5,282.75;148.25,225;183.75,97.25
26496;51,248.75;64.5,145.75;114.5,50.25;287.75,187.5;30.75,77.25;115,308;148.25,225;183.75,97.25
45025;10.25,226.75;64.5,145.75;102.75,70.25;254,200.75;30.75,77.25;84.25,285;115.25,194;212.75,46.75
23173;9.5,176.75;70.25,121.25;120.75,77.75;217.5,235;30.75,77.25;47.75,281.25;104.25,225.75;212.75,46.75
10185;14.5,141.25;16,142.25;83.75,44.75;157.75,251.25;30.75,77.25;47.75,281.25;104.25,183.25;242.25,17.25
22116;4,107.5;37.25,161.25;52,16.5;139,298;30.75,77.25;47.75,281.25;138.75,197.75;188.25,30.25
48021;17.5,119.25;24.5,206.5;52.5,16.5;80,300.5;30.75,77.25;57.5,249;150,225;188.25,30.25
1776;14.75,108.5;36.75,167.75;50.5,46.75;60,242.5;30.75,77.25;57.5,249;163.75,194.25;204.75,100.5
263;10,177.25;16.75,228.25;58.25,57.25;90.25,201.75;9,71.25;87.25,189.5;163.75,194.25;204.75,100.5
25256;35,239.5;51.75,247.5;88.25,85.25;120,187;9,71.25;106.75,128.75;163.75,194.25;204.75,100.5
46524;52,247.75;97.75,257;112.5,79.25;143.75,228;12.25,52.25;106.75,128.75;163.75,194.25;186.25,97.25
38845;51,304;110.5,219.75;149.5,91;174.75,222.75;74,45.75;109,152.25;163.75,194.25;186.25,97.25
26752;51,304;136,223;151.75,126.5;174.75,222.75;74.75,24.25;124,158.25;155.5,162.25;184.25,99.75
34804;112.5,314;169,274.75;192.5,154.5;221,181.5;74.75,24.25;83,169.5;155.75,161.75;184.25,99.75
40959;81.5,300.75;177,228.5;205.5,197.5;222.5,188.75;95.25,47.25;113,229.5;155.75,161.75;184.25,99.75
2818;45,316.25;130.75,208;241,216.5;241,217.5;67.75,40.25;73.75,216.25;155.75,161.75;184.25,99.75
40957;44,315.25;130.75,208;287.5,229.5;297.25,232.25;67.75,40.25;91,169;220.75,170.5;227,78.75
30025;66.5,307.75;155.75,183.5;239,258.5;308,263.25;86.25,30.5;91,169;220.75,170.5;246.5,75.5
43166;66.5,307.75;155.75,185;263.5,301.75;273,286.25;66,29.5;91,169;183.25,165.25;231.5,116.75
40089;81.5,298.5;184.75,140.25;273,286.25;298,321.75;66,29.5;118.5,117.5;137.5,199.5;218.75,94
37367;103,236;137,125;208.75,268.5;314,263.75;66,29.5;118.5,117.5;188.75,236.75;220,94.75
43589;121.25,291;137.25,136.75;174.5,279.75;266,238.75;45,25;118.5,117.5;188.75,236.75;220,94.75
8323;86.75,248.25;139.25,102;212,311.25;226.25,252.5;46.5,8.5;118.5,117.5;188.75,236.75;220,94.75
22487;43.25,239.75;133.25,129.75;199,311.25;213.25,227.5;46.5,8.5;90.75,152.25;203.5,176.25;220,94.75
1197;56.5,200.25;168.25,162;194,281;206,260.5;71.5,20.5;90.75,152.25;205.25,147.75;220,94.75
4786;62.75,249.75;162.5,102.75;208.25,259;216.25,204;71.5,20.5;117.5,196.25;178,114.5;220,94.75
45587;44.5,198;162.5,102.75;231.25,230.75;250.5,160.75;129.5,23;140.25,196.5;178,114.5;230.75,39
20492;54,176.25;125,124;231.25,230.75;279,131;129.5,23;156.5,236.75;183.75,96.25;206.25,67.5
1876;83.5,206.25;158.75,125.75;212.75,199;279,131;139,67.75;156.5,236.75;182.25,146;204.75,85.25
38096;83.5,206.25;143.25,177.75;189.75,232.75;261.25,138.25;139,67.75;164.75,202.25;193.5,97;216,56
11113;83.5,206.25;175.5,161.5;194.25,278.75;286.75,182.75;104.5,35.75;164.75,202.25;215,46.5;249,12.75
47538;83.5,206.25;220,129.25;236.75,258.75;286.75,182.75;138.5,72.25;141.75,196;194.5,98.25;213.75,47
34919;72.25,181.5;216.25,62.75;229,190.75;248.75,179.75;138.5,72.25;187.75,178.25;194.5,98.25;252.25,75.5
10815;28,208.5;193,38;229,190.75;248.75,179.75;140.25,60.25;203,175;240.25,106.75;269.25,93
33390;37,148.5;193,38;229,190.75;251.5,193.5;124.25,105.5;164.25,162;234.75,50;250.25,37
6450;14.25,190.75;193,38;224,145.5;258.5,238.75;124.25,105.5;182.25,165.25;186,29.5;264,15.25
7116;14.25,190.75;248.25,28;255,156.75;263,178.25;143.25,50;182.25,165.25;213.75,45;284,35.5
46546;63.75,193;209,56;255,156.75;318.75,195;143.25,50;159.75,125.25;279.25,51.25;323.25,37.75
10449;56,171.75;209,56;219.25,199;297.25,153.75;126.75,74.5;155.25,89.75;277.5,12;323.25,37.75
22404;80.25,201.75;188.75,98.75;255.75,193.75;297.25,153.75;126.75,74.5;142,89.75;234,25;268.5,38
23541;104.5,145;188.75,98.75;237.75,151.25;327.25,165;155.25,89.75;156,53.25;234,25;267.5,94.25
41686;143,192;188.75,98.75;263,92.5;277.25,135.25;142.75,50.5;149,79;188,68.5;267.5,94.25
12081;133.75,189.5;147,129.75;228.25,89;277.25,135.25;116.5,73.25;118.75,113.25;188,68.5;252.75,121.25
11119;131.5,240.75;147,129.75;280.5,89.25;336.25,127;113,116.25;131.25,132.75;150.5,28.75;252.75,121.25
32204;120.75,223.75;157.25,160.25;267.75,58;296.75,89.5;93.5,170;100.25,144.5;150.5,28.75;252.75,121.25
36539;151.5,205.25;161,186.25;267.75,58;294.25,73.75;72,208.5;127.5,115.25;150.5,28.75;280.5,108.25
18103;146.75,226.5;204.5,177.75;217.75,92;256.75,69.25;72,208.5;127.5,115.25;150.5,28.75;322.5,137.25
4760;180.25,259.5;239.75,199.25;267.25,104.25;269.5,73.25;21.5,203.25;127.5,115.25;150.5,28.75;322.5,137.25
50214;142,237.25;239.75,199.25;277.25,122.75;278.25,120.25;21.5,203.25;96,170.75;106.75,51;338.75,147.75
26692;138.5,200;227,211.25;307.5,154.75;337.75,133.5;25,262.5;102.25,136.25;106.75,51;338.75,147.75
49500;168,230.25;247,177;344.25,198;370.75,120.25;25,262.5;102.25,136.25;106.75,51;343.25,141.25
28735;168,230.25;273,217.75;343.25,239;348.75,104.75;35.25,300.75;125,98.75;144.25,31.5;343.25,141.25
47511;168,230.25;273,217.75;347.5,209;348.75,104.75;35.75,310.75;159,87.5;174.5,39.5;357.5,163.25
6854;172.5,293.25;271.5,165;313.5,210;348.75,104.75;53.75,316.75;159,87.5;222.25,40.5;320.25,148.25
15396;172.5,293.25;272.25,164;279.75,213.5;333,133.5;53.75,316.75;163.5,51.25;166,37;271,138
12561;207,309.5;277.25,168.25;303,166.5;310.25,165.75;53.75,316.75;119.5,60.25;166,37;255.5,122.5
42193;222.25,245.25;277.25,168.25;297.5,211.5;361,209.75;24,265.5;119.5,60.25;171.5,49;248.25,129.75
9111;169.5,241.75;277.25,168.25;321.75,262.5;361,209.75;54.5,254;119.5,40;160.75,82.25;243.25,140.25
47369;166.75,243.25;318,149.5;333,306.5;361,209.75;40.5,309.75;119.5,40;189.75,108.5;214.25,173
5722;167.25,243.25;287.25,169.5;330,280.5;363,151.5;40.5,309.75;119.5,40;197,65;250.75,173.5
36258;167.25,243.25;264.5,153.25;297,304.5;319,152.75;27.5,285;119.5,40;219.25,52;248.75,214.75
23838;219,252;270.25,104.5;354.75,318.25;355,136.75;27.5,285;91,5.5;218.75,6.25;248.75,214.75
12774;241,309;329.75,49.5;343.75,258.75;364,169.5;27.5,285;119,39.5;218.75,6.25;248.75,214.75
29020;254.5,248.5;316.25,37.75;343.75,258.75;365,172;33.25,251;114.75,91.25;237.5,62.5;248.75,214.75
15221;270.5,225;313.75,38;357,272.25;365,172;37.25,295.5;114.75,91.25;234,66;257.5,219.25
15426;251.25,187;313.75,38;326.5,225;348,161.25;37.25,295.5;160.5,49.5;255,75.5;275.5,262.5
24648;251.25,187;309.75,14.25;326.5,225;348,161.25;88,303.5;122.5,61.25;221.5,116;309.5,300.25
19940;237.25,170.75;326,2.5;327.25,226.75;348,161.25;109.75,260.75;111.5,101.5;240.25,128.25;309.5,300.25
38248;248.5,219.5;276.5,13;278.25,283.5;348,161.25;109.75,260.75;119.5,73;265.75,62.5;343.25,277.25
5021;247.5,200.75;256,61.25;257.75,306.5;348,161.25;67.5,276.75;141.25,99;218.75,58.25;343.25,277.25
25657;247.25,200.25;256,61.25;257.75,306.5;302.25,166.75;75.5,289.25;163.5,68.75;249.5,32.75;340.75,223
21752;255,153.25;256,61.25;257.75,306.5;314.5,138.25;93,280.75;119.75,77;270.25,76.5;308.5,197.5
49485;267.75,104.5;274,94.5;315.75,306.25;364,166.25;93,280.75;119.75,77;270.25,76.5;290.25,216.75
19587;212.5,93;277.25,133.25;332.25,321.25;356.5,173.25;119,229;119.75,77;250.5,85.25;290.25,216.75
8057;265.75,94.25;294.25,98.75;332.25,321.25;353.25,235.5;119,229;153.5,92.25;234.5,41.5;269.75,213.5
27959;226.75,32.25;294.25,98.75;332.25,321.25;353.25,235.5;119.25,204.75;212.5,62;237.25,3.5;271.5,245.25
10494;226.75,32.25;253.25,116;285.25,318;332.75,283.5;119.25,204.75;184.25,84.5;261.5,14.5;287.75,187.75
44303;188,37.75;224.25,80;251.75,279.75;332.75,283.5;119.25,204.75;194.75,95;298.25,7.5;312.5,180.25
5131;168.25,63.25;199,140.5;302.5,318;344.5,321;119.25,204.75;183,110;298.25,7.5;311.5,199.5
11064;203,42.5;235,198.5;238.5,313.25;344.5,321;119.25,204.75;153,91.25;244.75,16.25;319.75,199.75
4328;177.75,85;287.25,167;296.25,304.5;332,265.75;96.75,156.25;153,91.25;280.75,8.75;319.75,199.75
11797;177.75,85;294.5,115.25;296.75,256.75;300,300.75;97.5,156.75;153,91.25;304,10.75;356,173.75
46573;168.25,53;287.5,106.5;315.25,277.25;322.75,300.5;97.25,156.25;153,91.25;304,10.75;356,173.75
45120;115,81.25;305,102.25;312,225;322.75,300.5;75.25,110;93,105.75;304,10.75;328.25,136.75
2892;47,65.75;258.75,153.75;317.5,201;339.75,311.75;75.25,110;104.75,98.75;313.5,52.5;328.25,136.75
19717;47,65.75;272,166;333,142.5;339.75,311.75;34.25,123;126,133.25;294.5,34.5;317.5,185.25
19513;48.25,32;272,166;331,150.75;332.5,307;34.25,123;145.75,153.25;255.75,5.75;322.25,160.25
34952;97.75,8;272,166;331,150.75;345.75,311.5;83.75,89.25;121.5,209.75;228.25,19;292,115.5
15049;103,18.75;326.25,139.75;331,137.5;365.25,311;83.75,89.25;142.75,268.5;184.25,30.75;292,115.5
30952;132,20.25;270.25,165;329.5,138.5;365.25,311;83.75,89.25;108.75,309.5;235.5,3;254.5,69.75
33814;185,58.75;294.5,161;334.75,149.5;365.25,311;83.75,89.25;130.25,285;219.25,18.5;223.75,16
23413;204.5,43;275,180.5;334.75,149.5;349.5,289.5;83.75,89.25;112.75,282;213.5,69.5;248.5,70.5
17178;188.75,63;279.25,166.5;334.75,149.5;359.5,277.5;83.75,89.25;115.5,280.75;240.5,75.5;248.5,82.25
8109;215.5,56;273.75,144.25;359.75,121;365.5,254;83.75,89.25;142.75,300.25;220.75,84.25;248.5,82.25
993;216,56.5;319.5,151;329.75,90.5;365.5,254;102.75,108;142.75,300.25;152,87.5;244,121
27663;216,56.5;270,164.75;336,65.75;342.25,270.75;61.5,112;138.75,266;152,87.5;310.25,146.75
11646;216,56.5;259.5,219.25;294.75,55.25;360,237.75;30.5,104.5;79.25,287.75;106.75,103.25;310.25,146.75
44804;216,56.5;294.25,210.5;301.75,52.5;342,298.75;19.75,123.75;79.25,287.75;89.25,103.25;309.75,147
7329;216,56.5;264,178.5;286,52.5;316,322;19.75,123.75;84,302;89.25,103.25;323.5,160.5
13010;215.25,57.25;269.75,169;288,72.25;298,319.25;24.75,68.75;84,302;103.5,140.5;323.5,160.5
23710;246.25,2;269.75,169;308.25,115.25;314.75,305.25;75.25,41.25;81.75,301.25;88.75,132;323.5,160.5
19475;204.25,63.5;264,94.75;269.75,169;344.25,311.25;3.25,58.5;81.75,301.25;91.5,170.25;313,210.75
50142;204.25,63.5;270.25,97;286,229.25;306,315.25;3.25,58.5;91.5,300.5;102.5,228.25;266.25,241.5
12682;204.25,63.5;263.5,135.25;271.75,164.75;280.25,256.25;3.25,58.5;43.75,319;127,217.5;266,242
1286;210.75,61;240,170.75;273.75,217.5;293.75,245.25;3.25,58.5;5.25,280;127,217.5;303,195.75
29431;185,35.5;232.25,199;297.5,230;311.5,258.5;3.25,58.5;11.5,245.25;127,217.5;287,216.5
24363;212.75,33.75;231,188.75;277.75,213.25;304,310;2,59.5;11.5,245.25;127,217.5;333.5,207
8831;212.75,33.75;276.5,229.5;296.75,210;305.5,310.5;0.75,38.25;11.5,245.25;80.75,222;357,165
36285;204.75,63.25;299.25,210.5;300.75,210;313.25,312;1.25,38.75;11.5,245.25;55.25,251.75;357,165
12330;199,135.75;273.75,222.5;278.25,256.25;314,311.5;1.25,38.75;11.5,245.25;81.5,211;299,112.25
27604;202,168.25;256.5,225;278.25,256.25;299.5,321.75;1.25,38.75;21,201.75;28,221;299,112.25
35506;208.5,166.25;250,167.25;292,237.25;368.25,324;0.75,37.75;21,201.75;28,221;286.75,144.25
3535;164.25,140;207.5,175.5;281.5,232.5;312.25,297;0.75,37.75;21,201.75;28,221;231.5,159.5
45997;132.75,169.75;215.5,230;229,190.25;363,294.5;0.75,37.75;21,201.75;28,221;211.5,107.75
20739;94.75,203.75;160.5,228;260.75,173.75;341.25,299.75;0.75,37.75;8,171.5;28,221;205.25,149
18543;89.25,206.75;120.5,257.75;246.5,133.5;302.75,322.25;7.5,59;8,171.5;26.5,207.25;205.25,149
4254;60.5,237.75;138,310.5;246.5,133.5;344.5,314.75;15.75,39.75;35.25,104.25;69,188.75;205.25,149
32038;8.25,219;138,310.5;246.5,133.5;344.5,314.75;12.25,17.75;34,79.75;80.25,231;226,158.5
24294;3,182;198,287.25;277.25,169.25;365.25,253.5;12.25,17.75;35.5,80.5;55.25,252.25;226,158.5
35574;3,182;165.75,322.25;292,193.25;365.25,253.5;40.75,33.5;48.75,51.25;95.75,226;228,159
28327;3,182;165.75,322.25;327.25,223.75;365.25,253.5;16.25,17.5;98.5,56;118.5,229;217.75,113.75
34273;47.75,176;160.25,280.25;325.75,151.75;365.25,253.5;62.75,40.5;113,11.75;118.5,229;240.5,116.75
30271;59.5,175.25;155.25,226.25;301.25,188.25;365.25,253.5;80.25,20;93,36.25;118.5,229;254.75,82
34391;98.75,191.5;155.25,226.25;301.25,188.25;365.25,253.5;72.25,19.5;85.25,73;138.75,196;225.75,89.5
48850;60.75,170.25;100.75,208.5;301.25,188.25;365,201;18.75,29.5;85.25,73;126.75,158.5;228.25,135.25
26866;38.5,127.5;64,219.25;336.5,178.5;363.75,235.75;41.5,39.5;126.5,73.25;126.75,158.5;228.25,135.25
32694;38.5,127.5;54,252.75;353.5,242.25;365,201;41.5,39.5;105.75,126.75;127,115.25;179.25,164.25
2965;9,83;47.5,269.75;342,258.75;365,201;81,42.5;90.25,90.75;168.25,90.25;179.25,164.25
22485;5.25,34.75;47.5,269.75;342,258.75;365,201;19,72;27.75,79.5;208.75,143.75;224.5,122.25
37756;8.5,58;52.75,240.75;279.75,262.5;365,201;7.5,92.5;59.25,40.25;224.5,122.25;238,175
22334;47.25,30.75;74.75,300.5;275,277;365,201;7.5,92.5;32,30.75;230.75,186;244.25,116.75
27033;39.5,13.5;65.25,266;260.5,255;347.75,270;7.5,92.5;32,30.75;168,221;186.5,95
2866;35,31;82,233;266.25,201.5;347.75,270;7,137.25;17,3;168,221;199.25,39.75
30886;65.75,60;85.25,165.5;220.75,155;333.75,266.75;7,137.25;17,3;177.5,273.25;197,43.75
12001;27,41.75;50,139.25;181.25,113.75;347.5,289.5;7,137.25;17,3;155,301.25;189.25,20.5
12361;14.75,42.25;50,139.25;189,80.5;309.25,320.25;16.5,127;23.25,48.5;155,301.25;155.75,12
25406;42,47.75;92,89.75;157,112.25;294.5,303;52,91.25;56,7.25;155,301.25;155.75,12
7493;42.75,64.25;50.75,57.5;114.75,79;310,270;37.25,104.25;56,7.25;155,301.25;155.75,12
3622;54.25,32.5;62.75,27.25;70.75,23;308.75,269.75;10,156.25;68.75,40.5;155,301.25;155.75,12
23757;52.75,32;95.75,3.75;96,19;335.25,209.75;39,205.75;95,87.25;155,301.25;155.75,12
38130;62.5,6.75;93.5,12.25;151.25,13.75;335.25,209.75;39,205.75;142.5,88.75;143.25,272;150.5,31.5
47415;43.25,45.75;93.5,12.25;151.25,13.75;335.25,209.75;16.5,206.75;86.25,131;130.75,228;221,18.5
38284;43.25,45.75;93.5,12.25;151.25,13.75;285.25,261;67,211;102.25,109.25;142,195;177.25,8
23281;104.75,56.5;107.75,22.75;117.25,34;255.25,309;63.25,161;102.25,109.25;142,195;176.75,9.5
9933;89.75,109.75;107.75,22.75;178.5,45.75;268.75,255;89.5,169.25;98.5,135.75;142,195;251.5,10.25
5284;85,115.75;147.5,10.25;220,74.25;332.5,254.75;89.5,169.25;98,138;175.25,178;251.5,10.25
12374;77.75,145.75;118.75,52.25;222.75,74;347.75,224;89.5,169.25;98,138;158.75,225.75;243,4.75
41777;58.25,177.5;82.75,92.75;201.25,61.25;332.75,218.5;103.75,144.5;127.5,129.75;158.75,225.75;243,4.75
2408;60.25,209.75;81.75,28.25;226.25,30.5;271.75,238.75;103.75,144.5;127.5,129.75;150.25,270.75;262,23.75
7537;30.25,212.75;81.75,28.25;193,83.25;231,229.75;123.75,104.25;124,197;158.25,230;262,23.75
45737;30.25,212.75;81.75,28.25;193,83.25;230.5,236.25;63.5,131.25;117.5,258;162.25,203.25;257,9.25
37940;30.25,212.75;121,4.5;158,126.5;192.25,213.75;60,165.5;155.5,294;162.25,203.25;243.75,16.5
9751;30.25,212.75;66,4.5;158,126.5;167.75,262.5;54.5,141;93,283.5;195.25,172.75;305,6.75
37712;34.75,206.25;66.25,37.5;125,140.5;167.75,262.5;61.75,153.5;104,309.25;183.5,196.5;305,6.75
23062;53,230.25;56.5,98;160.25,152.75;184.75,310;16,173;104,309.25;183.5,196.5;297.25,23.25
34833;35.5,284;74.25,84;133.25,127.75;239.5,304.75;16,173;126.75,316.75;183.5,196.5;266.5,44
28587;60.75,318.5;74.25,84;178.25,142.75;245.5,307;16,173;167.5,300.25;183,198.25;240.25,31
11042;60.75,318.5;74.25,84;185,91.5;298,314.5;2,171.5;143.25,302.25;221.25,204.75;239.75,33
3481;48.5,263.75;71,111.25;185,91.5;342,288.5;5,135;131.25,259.5;236.5,226.5;239.75,33
20122;32.75,277.25;71,111.25;179,104;317.75,306.75;28.25,109;146.25,271;236.5,226.5;248.5,32.75
19882;58.5,272.75;105.25,61.5;179,104;292.25,321.5;28.25,109;121.5,217.5;179.5,231.75;249,10.5
41014;56,217.75;150.75,51.25;207.75,71;290,319.25;28.25,109;121.5,217.5;187.75,277.25;249,10.5
26803;14.75,169.75;103,13.5;161.5,57.75;290,319.25;21,129.25;90.25,220.25;224.25,284.75;249,10.5
3623;9.5,107.5;101.5,72;150.5,15.5;255.75,294;56,148.75;99.5,198.5;224.25,284.75;249,10.5
42416;37.75,123.75;107.5,58.75;150.5,15.5;198.5,309.25;2,136;83.75,248.5;235.5,275.5;249,10.5
14506;90,171;108,130.5;117.75,4.75;238.75,258;18.75,158.75;83.75,248.5;235.5,275.5;249,10.5
3604;63,170.75;77.75,145.75;117.75,4.75;257,241.75;69.25,142.25;144.5,262.5;239.25,217.5;249,10.5
15966;63,170.75;83,111.5;116.25,6.5;312,224.25;67,149.75;196.5,234.25;220.5,215;249,10.5
25505;68.75,153.25;80,58.75;112.5,44.5;312,224.25;107.25,196;196.5,234.25;205.5,155.25;246.75,48
3425;12.5,152.75;102.5,72.5;112.5,44.5;298.25,289;112.5,197.75;148.25,202.25;182.25,185.75;246.75,48
32969;12.5,152.75;66,111.5;170,18.25;283.75,321.5;103.25,135.75;148.25,202.25;207.75,207.75;287,7.5
21685;19.5,102;38,67.75;223.5,55.75;299.75,317.25;131.75,106.75;156,202.25;207.75,207.75;287,7.5
26427;8.5,76;42.25,47.75;276.25,72.25;280.5,277.25;119.25,107;142.5,151.75;207.75,207.75;287,7.5
39337;24.75,62.25;52.5,74.25;264,133.75;280.5,277.25;136.5,147;166.75,103.25;207.75,207.75;239,5
14165;24.75,62.25;45,101;220.25,156.25;280.5,277.25;99.25,115.25;139.25,99;247,216;277.5,9.5
42631;63.5,97;64.25,86;220.25,156.25;280.5,277.25;79.75,115.5;81.75,104.25;254,173.75;277.5,9.5
12202;97.75,158;109,68.25;163,148.5;325.75,242;79.75,115.5;81.75,104.25;254,173.75;334.75,32
34668;97.75,158;109,68.25;150.25,146.25;279.25,246.5;63.25,94;64.5,93.25;227,133.5;338.25,80.25
10779;56,179.25;78,32;150.25,146.25;305.25,257.25;31,88;32.75,107.25;200.75,175;338.25,80.25
42670;43.5,203.75;104,80.5;130,207;300.5,321.25;7.5,72;32.75,107.25;192.25,175.75;338.25,80.25
49277;43.5,203.75;91.75,93.5;108.75,169.25;254.25,313.5;11.25,100;49.25,134;239,175.75;338.25,80.25
20407;17,178.25;91.75,93.5;137.25,223.75;251.5,268.25;31.25,123.75;89.75,152.75;182,161.5;338.25,80.25
31613;37,162.75;54.25,67.75;123,258.25;245.5,219.75;31.25,123.75;86.5,169;218.5,205.75;338.25,80.25
14551;52.25,151.5;83.25,63.25;118.5,292.5;245,255.25;31.25,123.75;116.75,194.75;218.5,205.75;352,53.25
41409;52.25,151.5;83.25,63.25;137,239.75;197.25,234.25;83.5,147.5;139.75,165.5;241.75,232.5;327.5,27.25
23729;39.25,123.75;83.25,63.25;136.75,200.25;226,276.5;32.75,123.25;150.5,224.25;251,233.5;327.5,27.25
35159;43.5,124.5;83.25,63.25;174.25,179.75;195.25,265.25;9.75,99.5;104,233.25;251,233.5;356.75,77.5
31329;52.75,175.25;86.5,92.75;174.25,179.75;225,219.25;46.5,79.25;104,233.25;274.25,213.75;298.25,86.5
22001;14.5,152.75;111.75,122.25;150,127.25;222.5,279;46.5,79.25;124.75,278.75;265.5,181;298.25,86.5
2912;14.5,152.75;111.75,122.25;150,127.25;203,311;12,95.5;143,222.75;310.5,160.75;356.75,57.5
28130;70.75,165;121.5,57;159.25,142;203,311;12,95.5;147,263;328.75,159.25;357.75,4.5
38929;44.5,181.25;91,93.5;135.75,183;203,311;45,38.25;204,276.5;328.75,159.25;334.25,63.25
43157;44.5,181.25;91,93.5;155.25,183.75;240.25,306;43.75,38;230.75,257.25;336,160;345,66.5
3687;41.25,183.25;105.25,126.25;119.5,213.5;260.25,305.5;13.5,16.25;230.75,257.25;295.75,122;345,66.5
34813;86.5,227.25;105.25,126.25;136.75,258.75;305.25,302.25;13.5,15;259,252.5;295.75,122;343.25,62.75
6055;126,200;126.5,124;178.5,262.5;297.5,319.25;13.5,15;267.75,283.75;295.75,122;355.5,107
37969;58,219.25;143.5,125;174.5,208.75;327.75,266;13.5,15;267.75,283.75;295.75,122;359.75,146.25
15430;72.75,187.5;160,110;181.75,152.25;364,290;13.5,15;267.75,283.75;340.5,92.75;359.75,146.25
16461;72.75,187.5;160,110;208.5,196.5;364,290;64.25,12.5;294,263.75;318.75,65.5;359.5,157
4166;72.75,187.5;150.25,90.5;217,238.75;362.5,290.25;64.25,12.5;273.5,249;355.25,68;356.5,153.5
40672;96.5,164.5;151.75,86.75;185,269.5;362.5,290.25;50.25,55;224.5,272;354.25,12.5;356.5,153.5
5340;96.5,164.5;185.75,119.25;197.5,216.5;362.5,290.25;94.5,25.25;203.75,222.5;317.25,62;347,137.75
45718;88,113.75;184,126.75;246,219.25;364.75,267.25;45.5,1.75;202.75,267.25;317.25,62;347,137.75
5055;145.25,137.25;164,105.25;232.5,169.75;350,308.75;45.75,8.25;239.5,243.75;317.25,62;347,137.75
9581;83.25,124;164,105.25;217.75,235.25;292.75,322.25;45.75,8.25;239.5,243.75;355.75,6.5;356,164.75
42561;70.5,70;142.75,109;217.5,278.5;252.5,282;28.75,61.5;236.25,256.75;355.75,6.5;356,164.75
8004;125.25,45.75;142.25,109.25;217.5,277.25;252.5,282;28.75,61.5;287,228.75;313.25,21;353.25,142.25
153;124.75,45.75;147.25,76.5;217.5,277.25;252.5,282;88.25,62.75;291.5,171.5;352.75,50.5;359.75,190
17314;74,58.25;152.75,31.25;219.5,279.25;283.25,277.25;88.25,62.75;337.5,198.5;352.75,50.5;355.25,155.5
11647;16,84.25;152.75,31.25;219.5,279.25;299.75,229.5;88.25,62.75;277.5,222.25;310,50.75;318.5,191.5
46610;11,46.75;152.75,31.25;199,244.75;299.75,229.5;86.5,19.5;265,236;298.25,10.5;311.25,236
26478;48.25,57.75;152.75,31.25;199,244.75;270.75,208.5;17.75,29.5;221,279.25;348,35.75;358.75,198.5
8393;59,116;152.75,31.25;217.75,268.25;270.75,208.5;16.75,3.5;219.25,279;309.75,86;359.25,265.25
43530;66.25,115.5;175.25,89.25;217,238.75;270.75,208.5;5,70.5;219.25,279;300.75,36;329,285.5
34136;110,63;130.75,93.25;224,235.75;281.25,261.25;5,70.5;185.75,302.75;259.5,5.75;329,285.5
42616;110,63;130.75,93.25;249,200.25;281.25,261.25;56,41;227.5,316.25;237,10.25;270,293.25
19038;111.25,62.5;133.25,78.5;242,163;264.5,237.75;34.25,108.5;227.5,316.25;237,10.25;255,268.75
6948;137.5,124.25;176.75,113.75;272.25,120;283,282.75;6.75,50.25;227.5,316.25;237,10.25;248.25,292.25
37452;72.75,85;194.5,136.5;319.5,115.75;329.25,242.25;6.25,49.5;227.5,316.25;237,10.25;255.25,268.75
13690;80.5,64;161.5,115.75;278.25,105.25;316.25,222.25;6.25,49.5;169.25,301.25;244.5,23.75;255.25,268.75
47628;71,85.5;142.25,88.75;278.25,105.25;293.75,246.25;6.25,49.5;128.25,275.75;258.75,48.75;260.75,275.5
1676;71,85.5;210.25,81.75;315.5,51.5;333,298.75;7.25,51.25;106.75,305.25;247.5,32;260.75,275.5
48266;133.5,97.75;186.5,50;291.75,105.75;342.75,313.25;45.75,46.25;87,281.5;247.5,32;260.75,275.5
13157;158.75,89.75;183.25,10.25;291.75,105.75;343,298.75;7.5,71;87,281.5;246.75,31;272,270.75
28929;144,142.75;150.5,16.75;299.25,167;343,298.75;7.5,71;131.5,264;227.5,65.25;287,220.5
18768;114.75,120.75;150.5,16.75;299.25,167;343,298.75;19.5,69.75;154.75,286;250,9.5;253.5,203.75
33766;84.5,66.5;135.25,47;338,217.25;343,298.75;6,72;118.25,286.25;250,9.5;278.25,194.5
6176;122,7;124,8;279.25,196.5;343,298.75;14.25,42;111.25,223.5;244,29.25;278.25,194.5
15831;122,7;125,11.75;279.25,196.5;363,289;67.75,8.25;91,281.5;264,16.75;320.5,196
42717;157.5,27.75;166.75,10.5;242.5,218.75;363,289;67.75,8.25;69,283.5;308.5,13.25;314.5,210.75
41545;125.5,6.5;166.75,10.5;242.5,218.75;302.25,319;67.75,8.25;105.5,282;337,26.75;347.75,167.25
49341;125.5,6.5;166.75,10.5;229.75,208.75;246.5,307.5;8.75,23.75;105.5,282;300.75,52.75;340,160.5
4192;125.5,6.5;166.75,10.5;241,156.25;246.5,307.5;11.5,33.5;53.75,222.75;268.5,43;357.5,149.25
43819;69.75,30;166.75,10.5;193.75,114;211.5,292.75;8.5,3.75;60,222.75;241.5,106.5;357.5,149.25
8840;69.5,28.25;128.25,32;193.75,114;216.75,260.5;8.5,3.75;82.25,211.5;202.25,90;343,144.75
26338;39.25,30.75;132.75,21.25;180,85.75;195.25,265.25;8.5,3.75;82.25,211.5;202.25,90;315.75,132
37753;36,41.5;127.25,21.5;143.75,76.5;243.5,223.5;19.25,18.5;82.25,211.5;161,91.25;315.75,132
34374;1.5,32.75;131.75,20.25;179.75,112.25;261.5,256.75;19.25,18.5;82.25,211.5;207.75,92.75;316,81.75
18969;40,30.5;113.25,20.5;168.75,118;258,283.25;19.75,29.25;82.25,211.5;166.25,40.5;316,81.75
40449;4.25,4.75;113.25,20.5;168.75,118;258,283.25;74.5,56;110.25,245;167.75,96.5;319,131.25
45648;4.25,4.75;113.25,20.5;144,127.75;258.5,284.25;84.75,32;112.5,197.25;131.25,106.75;286.5,93
33789;13,6.25;63.75,56.75;135,128;217.75,269.75;84.75,32;117.25,201.5;131.25,106.75;221.75,100.5
28771;17.75,35.25;63.75,56.75;110.75,167.75;248.75,283.75;62.25,11.25;86,252;138,148.75;221.75,100.5
31156;3,8.75;39.5,30.5;83,176.75;201,308;62.25,11.25;94,267.5;169,186.75;221.75,100.5
32678;3,8.75;41.75,46.25;127.5,147.5;201,308;113.75,39.5;130,251.5;145.5,238.5;265.25,146.5
22980;5.5,8.75;41.75,46.25;140.5,90;165.75,266.25;78.5,24.25;86.25,253.25;158.75,203.25;265.25,146.5
49468;14.25,7.75;26.75,103.75;140.5,90;145.75,241.25;78.5,24.25;129,223.5;208.5,206.5;230,134.25
18804;14.25,7.75;25.5,107.75;138,125.5;145.75,241.25;120.75,40;150.5,278.25;164.75,163.5;192.75,98.25
6889;14.25,7.75;25.5,107.75;89.75,107;145.75,241.25;153.25,81.5;164.75,240;171,164;174,113.25
21601;7.25,51.75;71.75,98;123.75,123.75;161.5,215.75;118.75,103.75;164.75,240;171,164;213.25,98
25023;6.5,53.5;113.25,126;133.75,126;174.5,212.5;135,93;164.75,240;171,164;212,96.5
26422;50.25,32;103,140.75;152.5,158.25;174.5,212.5;160,92.25;161.5,221.25;203.25,186.5;212,96.5
1548;73,39.75;103,140.75;164,162.5;177.75,221;134.5,79;161.5,221.25;208.75,172.75;258,52.5
30455;43,96.25;95,91.5;164.5,108.25;177.75,221;85.75,103.25;104.5,232.25;157.5,201.75;258,52.5
80;27.5,119.25;42.5,68.75;201,140;209.75,242.25;52,81.25;104.5,232.25;157.25,146.5;258,52.5
13564;7.5,104.25;42.5,19.25;201.5,139.5;209.75,242.25;73,100.75;135,184.5;140,151.75;258,52.5
50494;7.5,104.25;42.5,19.25;201.5,139.5;255.5,212.5;70.5,50.75;105.5,197.5;105.75,112.25;268.75,107.75
3464;7.5,104.25;42.5,19.25;201.5,139.5;216,197.5;15.25,4.25;95.25,263;97.75,51.5;276,121.5
1611;7.5,104.25;52,4.25;195.25,69.75;216,197.5;14.75,10.25;100.25,235.75;155.25,31;329.5,159.5
23057;7.5,104.25;85,26.75;184.5,60.25;227.75,230.75;2.5,41.75;93,281.75;124.75,10.25;329.5,159.5
16075;7.5,104.25;85,26.75;165.75,102.25;196.75,287;4.5,30.5;74.25,249.25;113.5,57.25;319,158.75
9716;21,127.25;60.75,74.25;125.75,146;142.5,266;4.5,30.5;82.5,286.25;145.5,90.25;319,158.75
29505;24.5,62.25;34.5,119.25;60.5,171.75;161,281;4.5,30.5;148,285.5;165,30.75;319,158.75
25705;24.5,62.25;26.75,103.75;30.5,156.75;175.5,222;4.5,30.5;147.25,285.75;222.25,20;347.75,168.75
18075;24.5,62.25;26.75,103.75;87,140.75;108.25,226.75;3.75,48;147.25,285.5;228.5,3.25;337.5,162
31369;24.5,62.25;49.5,149;85.5,114.25;146.5,227;3.75,48;208,270.75;250,4.75;331.75,163.5
25390;27.75,15.25;49.5,149;86.75,110;195,225.5;3.75,48;159.25,298.5;253.5,28.25;342.75,140.25
11609;27.75,15.25;31.5,146.5;112,66.75;199.5,252.25;3.75,48;196,276;296,50.5;353,197
16065;19,42.25;44.5,94.25;111.75,67.25;199.5,252.25;3.75,48;170.25,317.75;334.75,34.75;342.25,173.5
21222;5.25,20.25;65.75,67.25;112.75,67.75;185.75,269.75;52.25,75.75;224.5,318.5;334.75,34.75;342.25,173.5
48251;5.25,20.25;75.75,110.25;180.5,69.75;195,244.75;62,99.75;224.5,318.5;303.5,93.25;340.75,170.5
2539;4.75,46.25;75.75,110.25;137.25,102;195,244.75;88.75,62.5;241.75,319.75;279.5,144.25;314.75,150
789;14.5,63.25;39.25,113.75;110.75,90.25;213.25,228;77.75,87;241.75,319.75;279.5,144.25;319.25,126.25
11014;37.75,129;82.75,62.75;115.25,113.5;213.25,228;77.75,87;231.75,255.75;254.25,206;294,57.75
9671;38,130.25;47,33.75;140.25,136.75;186.75,271;77.75,87;195.75,275;287,202.75;294,57.75
25624;38,130.25;47,33.75;140.25,136.75;182,317;39.5,80.75;201.25,297;254.75,229;330.75,9.75
25604;73,140.75;100,58.25;140.25,136.75;169.5,296.75;24.5,52;226,313.75;226.25,186;330.75,9.75
27323;72.25,187.5;90.5,113.25;93.25,91.25;218.5,310.75;38.25,35.75;226,313.75;256.5,235.25;330.75,9.75
29396;90.5,113.25;109.25,165.25;140,56.25;214.5,309.5;83.5,21;226,320.5;302.75,194.25;330.75,9.75
18955;90.5,113.25;127,200.5;152.25,27.75;200,309;156,14.75;224,275.5;330.5,195.5;330.75,9.75
14176;83,175.25;122.75,281.5;144,15;224,302.25;156.5,15.25;298,302.75;330.5,195.5;330.75,9.75
20208;83,175.25;136.25,228;144,15;175.5,316.75;156.5,15.25;319.75,241.25;360.5,248.75;361.25,45.75
1615;10.25,190.75;136.25,228;144.25,11.5;200.5,309.25;187.5,5.75;319.75,241.25;332,310.75;347.75,82.5
9063;10.25,190.75;144,191.5;144.25,11.5;200.5,309.25;189,19.75;271.5,313;300.5,281.5;323.25,59
9242;10,190.25;151.75,125.25;188.5,37;213.5,291.25;224,47.75;232.25,267.5;300.5,281.5;323.25,59
35630;74.75,200;151.75,125.25;188.5,37;212.75,291.75;174.5,72;182.5,274.75;240.5,293.25;276.75,110
5058;74.75,200;117.5,75.75;188.5,37;260.75,323.5;173.25,71.75;195.25,248.5;223.75,284.25;320.75,138.25
45924;74.75,200;117.5,75.75;188.5,37;222.25,294.25;147,108.75;216.5,209;262.75,292.75;348.25,107.5
34053;57.5,239.25;85.25,99.5;131.5,46.25;222.25,294.25;116.25,79.25;176,166;262.75,292.75;350.25,163.25
8839;57.5,239.25;105.25,60.75;120.25,20.75;170.5,322.75;116.25,79.25;175.25,145.5;251,266;350.5,150.5
19079;33.5,223;102.75,19;105.25,60.75;118.5,303;134.25,72.25;160.25,92.25;251,266;290,131.5
22757;29.25,276.25;105.25,60.75;113,39;166.5,274.25;97.25,66;113,118.75;251,266;273.5,140
36327;40.25,237.75;77.5,9;149.5,27.5;184.25,259;97.25,66;113,118.75;283.25,249.75;328.5,137
19615;38.25,188.5;77.5,9;149.5,27.5;186,259.5;91.75,64.75;128.75,92;305,278.25;348,155
36203;50.75,140;77.5,9;131.75,11;164,262.5;93.5,6.5;115,93.5;310.75,277.75;348,155
19152;50.75,140;77.5,9;131.75,11;140.75,226.25;86.75,20;131.75,129.25;356,290.75;368.25,211
35450;7,104.25;11,8.25;130,55.25;140.75,226.25;86.5,21.75;131.75,129.25;311,310.75;360,264.75
49323;7,104.25;51.5,9.25;129,55.25;137.5,156.75;77.75,44.75;95.75,189;312.5,273.5;360,264.75
29196;3.25,147.5;16.75,42.75;92,27;133.75,129.25;77.75,44.75;100.75,225.75;312.5,273.5;359.5,229.5
45164;3.25,147.5;16.75,42.75;85.25,35.25;154.25,129.25;82.25,41.25;84.5,273;295.25,294;358.75,230.25
35986;7,143.25;16.75,42.75;85.25,35.25;113,164.75;4,49.5;32,308.25;248.75,251;358.75,229.75
38490;11.5,177.75;15.5,41.75;34.75,98.25;137.5,93.25;4,49.5;32,308.25;230,275;304.5,194.5
1653;11.75,170.25;18.5,103.75;50.75,58.75;175.5,33.25;4,49.5;59.75,249;189,306.75;304.5,194.5
4911;11.75,170.25;18.5,103.75;85,33.25;220,56;40,76.25;86.75,211;257.25,292;355.25,149.5
35535;31.5,122.25;35.25,110.25;73.75,47;270,35.5;40,76.25;86.75,211;257.25,292;333.25,181.75
17725;22,153.25;36,166.75;55.5,69.75;270,35.5;9,40.25;82.5,202.25;278,287.75;333.25,181.75
15246;24.25,153.25;32,168.75;55.5,69.75;271,18.5;10,20;82.5,202.25;277.25,288.5;359.75,227.5
5560;24.25,153.25;32,168.75;51,7;257.75,39;8.75,20.75;89.25,191;250,232.75;361.25,278.25
49356;8.75,123.5;10.25,212.5;43.25,23;257.75,39;74.25,25.75;138.75,169.75;224,214.75;361.25,278.25
24985;47.5,66.75;58.5,230.75;69.25,98;197.5,6.5;74.25,25.75;175.25,102.25;224,214.75;361.25,278.25
31669;7.75,46.25;58.5,230.75;111.75,122.75;195.25,69.5;130.5,24;175.25,102.25;187.75,176.25;311.25,298
3461;17.5,64.25;58.5,230.75;134.5,125.25;180.5,87.5;145.75,44.75;160.5,67.75;182.25,232;311.25,298
38708;17.5,64.25;58.5,230.75;134.5,125.25;166.75,98.75;97.25,39.75;142.75,87.5;156.75,225;327,283.75
32139;21,85.25;58.5,230.75;125.75,179.25;166.75,98.75;92,25.25;155,74.25;161.25,246.5;352.25,286.75
42690;6.75,143.25;62.25,257.75;136.75,207;226,108.75;92,25.25;155,74.25;179.25,191;352.25,286.75
34284;6.75,143.25;46.75,295.5;99.25,214.25;188.5,105.25;51.25,6.25;123.25,60.5;179.25,191;339.25,311.5
27969;12.25,158.25;46.75,295.5;136.5,225;162,80.5;73.75,11.25;109.75,78.75;159.75,221.75;339.25,311.5
49549;34.25,188.5;77.25,281;109.5,241.25;164,108.25;73.75,11.25;109.75,78.75;159.75,221.75;331.25,309.75
31829;11.5,153.75;25,274;112,207.25;164,108.25;73.75,11.25;105.75,125.75;113.25,228.75;298.25,303.25
13891;7.5,177.5;8.75,291.5;55,200.75;177.75,109.75;17.5,2.75;105.75,125.75;139.25,196.5;298.25,303.25
7584;5.25,184.25;8.75,291.5;99,191.5;177.75,109.75;3.25,60.25;81,109.75;189.5,178.25;257.75,287.75
1392;5.25,184.25;25.25,296.25;99,191.5;162,162.25;7,70;123,132.25;166.75,224.5;245.75,242
7626;16.75,242;33.75,314.75;81.5,227.25;162,162.25;7,70;125.75,189.25;128.5,195.75;246.5,242.75
8049;0.25,273.25;33.75,314.75;88.75,187;208.5,198.5;7,70;160.5,226;184.5,215;231,246.5
14030;0.25,273.25;33.75,315.25;53.25,209.75;237.25,201;30,30.25;125,195.75;184.5,215;232,268
48766;47.5,243;50.5,248.5;63.25,170.75;235.5,278.5;30,30.25;125,195.75;156.5,277.75;269.5,294.75
25789;38.5,307.75;47.5,243;73,209.25;234.75,316.25;7,69;125,195.75;127.25,317.25;329,309.25
41159;56.25,311.5;90.5,263.25;98,157.75;231,313.25;25.75,99.5;123,200.75;127.25,317.25;329,309.25
39084;56.25,311.5;113,307.5;135.5,149;181.75,267.25;25.75,99.5;168.5,223.5;177.5,305.75;268.75,305.5
49746;56.25,311.5;113,307.5;135.5,149;220.5,238.75;60,93.25;173.5,274.5;184.5,307.75;242,291
35723;16.75,261.25;113,307.5;190.75,156.25;222,237.75;60,93.25;112.75,291.5;132,318.25;253.25,310
48670;13.25,265;113,307.5;207,175.25;222,237.75;39.25,76.25;80.25,316;194.25,318.25;296,316
34202;15.25,267.25;123.5,252.25;207,175.25;222,237.75;8.25,48.25;29,307;238.75,284.75;317,301
26146;15.25,267.25;153.75,234.75;172.75,161.5;194.25,245.5;8.25,48.25;29,307;177.75,265;323.5,300.75
38832;52,238.75;128.5,239.75;129.75,201;143.5,240.5;8.25,48.25;73.5,295.75;178.25,265;323.5,300.75
8217;57.5,219.75;94.25,190;158.5,265.25;169,294.75;34.5,14.25;73.5,295.75;178.25,265;323.5,300.75
1345;82,208.25;136.25,177.5;167.25,290.5;202.5,260;34.5,14.25;92.75,233.75;120.25,234.5;323.5,300.75
15762;82,208.25;126.5,204.5;167.25,290.5;251,300.75;13.5,5;99.5,170.75;149.5,224.75;312,312
35372;70.25,248.75;71.75,193.5;117.25,312.5;302,322;71.25,10.5;99.75,140.25;149.5,224.75;312,312
20795;71.75,193.5;81,222.75;117.25,312.5;302,322;46,55.5;55.25,130;204.25,223.5;352,303.75
5444;84.5,263.25;93.75,176;117.25,312.5;285.75,320.25;45.5,54.75;55.25,130;264.75,259.25;357.75,286.75
15059;72.75,310.25;94.5,177.75;94.75,300.75;285.75,320.25;45.5,54.75;125,127.25;306.25,248.75;353,290.75
17207;72.75,310.25;73.25,183.5;134,291.5;300,319.25;34,62.25;94.75,156.25;320,194.75;353,290.75
42519;72.75,310.25;74,140.25;161,300.75;319.75,307.25;97.75,33.75;139,179.25;282.5,144.25;353,290.75
33424;82.75,319;87.75,148.75;177.25,240.25;353.25,288.5;94.25,26.25;105.25,236.75;282.5,144.25;353,290.75
30250;83.25,319;136.75,126.5;206.5,285;327.25,314.75;94.25,26.25;100.75,236.75;280.75,184.75;353,290.75
43482;21.75,307;104.5,143.5;206.5,285;319.25,306.75;94.25,26.25;127,266;227,133.5;358.25,314.25
4525;21.75,307;64,148;171.25,281;357.25,295.25;89,25.25;127,266;240.75,184;337.25,278.5
6330;22.5,307.5;64,148;171.25,281;365.25,239;94.25,34.25;110.25,296;269.5,137.25;322.25,309.5
25917;22.5,307.5;64,148;201,277.5;358.75,183.75;147.75,59.25;154.75,271.25;281.25,186.25;355.5,297.75
10454;22.5,307.5;64,148;153,293.5;358.75,183.75;145.5,76;170.25,271.5;280.5,238.25;362,241.5
25868;22.5,307.5;63.25,146;114.5,303.5;328.25,209.5;139.75,106.75;170.25,271.5;236,251.75;342,287.25
15953;22.5,307.5;63.25,146;95,284;328.25,209.5;146,76;153.75,300;242.75,242.25;326.75,283.75
27919;31.25,261;63.25,146;95,284;290.5,164.75;151.75,123.5;173.5,274.5;247,281.75;336.75,310
25985;31.25,261;63.25,146;120.5,253.25;278,167.25;126,98.25;157.75,300.5;247.75,294;354.25,279
15223;74,287;112.25,122.25;123.5,250.75;294,120.75;126,98.25;157.75,300.5;253.5,308.75;312,310.5
27286;43.25,314;112.25,122.25;156.5,224.5;242.75,129.75;126,98.25;143,298.75;241.5,294;330,311
40269;67.75,291.5;89.75,85.25;154.5,236.75;242.5,135;143.25,80.5;168,239;241.5,294;330,311
35396;58.25,295;95,27.25;144.75,225.25;186.75,113.25;152.25,50.5;168,239;241.5,294;352.25,305.25
27421;98.75,312.25;127.75,45.75;133.5,214;186.75,113.25;118.75,20.75;151.25,203.75;241.5,294;346.5,256.25
46466;78.5,276;105.75,17.75;139.75,240.25;168.25,131.5;96.75,39;151.25,203.75;241.5,294;348.75,256
23261;12.25,273.75;114.25,78.5;130.25,245.5;201.25,94.25;58.75,35.75;151.25,203.75;241.5,294;348.75,256
36798;7,309;114.25,78.5;121,268;208.75,132;81.75,88;150.5,224.25;225.5,256.5;348.75,256
20062;7,309;55.75,98.25;96.5,284;157.75,142;58.5,111.5;150.5,224.25;214,296.25;352.5,306.75
16729;7,309;82.5,58;91.75,282;109.25,162.25;31.25,119.75;181.75,235.75;214,296.25;331.25,312.75
31351;7,309;7.5,84.25;42.25,224.75;78,133;89.75,137.5;170.5,300.5;181.75,235.75;260.25,306.25
2317;7,309;36.25,130;59.25,240.75;137,128.25;90.5,151.75;152.75,314.75;216.5,225.75;260.25,306.25
43065;31.25,286.75;76.5,177.25;79.5,240.75;137,128.25;82.25,88.5;145.25,262.25;170.75,264;260.25,306.25
50484;4,279.75;44.75,111.5;93.75,284.25;137,128.25;68,109.25;79,306.5;170.75,264;259.75,306.5
48604;7,308.5;57.75,97.25;73.75,310.25;185.25,111.75;102.75,67.75;120.25,276.5;170.75,264;259.75,306.5
41076;7,308.5;17,84.5;73.75,310.25;230,128.75;103.75,77.75;159.75,292.75;171,275;259.75,306.5
5448;7,308.5;9,83;93,298.75;165.5,147;103.75,77.75;133,230.5;165.75,223;218.5,315.75
16726;27,299.5;47,75.75;65,312.25;146.75,77.75;109.75,19.25;133,230.5;153.25,225.75;218.5,315.75
5675;26.75,231;47,75.75;81.25,263.25;200.5,92.5;122.75,45.5;133,230.5;186,152.25;207.25,275.5
27853;2.25,216.75;47,75.75;96.75,254.5;216.75,156.75;139.75,28.75;149.5,225.5;156.75,174.75;207.25,275.5
7402;34.25,221.75;43.5,46.75;96.75,254.5;227.5,86;84,53.25;149.5,225.5;156,174.5;175.25,303.75
149;28.25,189.75;60.75,58.75;81.75,243.5;227.5,86;53,99.75;156,174.5;192.5,214;202.5,276
44396;44.25,242.75;60.75,58.75;81.75,193;221.75,70;53,99.75;160.5,221.25;167,165.25;225.5,313.25
29922;41.25,214.75;49.75,122;61.75,130.5;221.75,70;23,55.5;113,197.25;133.25,215.75;225.5,313.25
39241;49,247.5;75.5,126.25;77.75,142.5;221.75,70;56.75,91.75;125.25,239.75;143.75,221;225.5,313.25
23878;15.5,253.75;75,140.5;89.5,121;210,41.75;56.75,91.75;152.75,290;165.25,240.5;225.5,313.25
27827;0.5,201.5;75,140.5;101.5,76.75;194.25,73.5;56.75,91.75;90,314;186.25,305.25;255.5,254.5
26841;2.5,263.75;34.25,189;101.5,76.75;202.75,72.25;56.75,91.75;71,317.25;150.75,319;239.5,266.5
19845;2.5,263.75;8.5,139.75;76.75,40.75;176.5,38.25;56.75,91.75;106.25,321;123,283;237.5,267.75
15605;39.75,266.5;59,148.5;114.25,18.25;125.75,23.75;70.25,153;106.25,321;123,283;192.75,250.5
30844;22.5,253.75;86.5,204;114.25,18.25;125.75,23.75;51.5,139.5;54,297.5;109.25,265;134.75,264.75
36657;63.75,295.5;64,219.5;65.75,7.25;79.5,5.25;27.5,206.75;54,297.5;87.5,284;134.75,264.75
19637;10.75,303;64,219.5;75.5,11.5;80.5,58.5;19.5,175.25;54,297.5;100.5,225;110.75,302.25
2897;7.75,305.5;24.5,205.5;73,36;106,13.5;51,144.75;54,297.5;88.5,191;110.75,302.25
19218;10,251;10.25,271.25;73,36.5;106,13.5;2.75,170.75;8.5,243.5;104.75,152.75;110.75,302.25
12024;33,265.25;69.75,294;103.25,19.75;106,44.25;2.75,170.75;8.5,243.5;144.5,202.75;171.75,290.25
50100;2.25,257;79,231.75;105.25,19.75;106,44.25;2.75,170.75;10.5,309.5;84.5,168;150.75,299.25
6534;29.25,308.75;97.25,195.25;109.25,14.75;178,45.75;2.75,170.75;42.25,263.25;85,164;150.75,299.25
16916;10,310;76.5,187;166.5,16.75;192,49;18.5,142;42.25,263.25;72.75,203;150.75,299.25
34876;73,309.75;76.5,187;166.5,16.75;192,49;33.75,76.25;61,204;87.5,235.5;141.75,272.75
44119;115.25,279.5;117.25,239.25;135.75,20.5;192,49;33.75,76.25;49,170.75;75.25,278.75;90.5,282.5
1918;49,240.25;91.5,205.5;161,104.25;278.75,52.5;9.5,13.25;12.25,139.25;75.25,278.75;90.5,282.5
17990;47.5,241.5;86.25,149.75;161,104.25;304.75,41.25;10,15;12.25,139.25;114.25,274.5;129,318.75
35724;12.75,269.75;86.25,149.75;156.25,150.5;350.5,7.25;10,15;12.25,139.25;145.75,272.75;164.25,318.5
12953;12.75,269.75;107.25,165.75;156.25,150.5;346,8.25;11.75,31.75;34,123.5;168.25,316.75;184,275.75
11418;12.75,269.75;157.5,214.75;164,223.25;292.5,52.75;20,16.75;34,124.5;163,303.25;184,275.75
39705;15.5,264.5;112.25,222;154.75,183.5;286.75,56.75;20,16.75;34,124.5;132.25,252.25;153,257
13206;3,265;56.5,209.25;120.5,209.25;294.75,87.5;20,16.75;86.5,123.25;132.5,279.5;153,257
29750;5.25,287;33,240.25;120.5,209.25;266.25,59;11,42.5;86.5,123.25;145.25,270;167.5,239.5
12536;16,228;38.5,266.75;163.5,222.75;266.25,59;12,42.5;75.75,128;96.5,314;167.5,239.5
34479;44,182.75;47.5,258.75;143.5,240;261,64;1.5,41.75;85.25,80.75;96.5,314;167.5,239.5
35438;9.5,143.25;27,214;154.25,215.25;286.75,70.5;1.5,41.75;85.25,80.75;96.5,314;140.5,244.5
30072;5,111;60.5,243;124.5,186.5;295.5,55.25;32.25,31;85.25,80.75;96.5,314;140.5,244.5
29458;38.25,138.5;43.5,260.5;158,213.75;313.25,64.75;32.25,31;81.75,84.5;96.5,314;102.5,232.25
15191;9.25,153.25;43.5,260.5;158,213.75;263.25,96.25;11.25,53;34.5,61.75;85.25,301.25;117.5,198.75
26223;9.25,153.25;99,281.5;199.5,174.5;263.25,96.25;6,48.25;63.25,54.25;112.75,273.75;114,229.5
38911;9.25,153.25;99,281.5;199.5,174.5;278.75,71;7.5,30.5;48.25,8.75;142,223.25;144.75,190.75
38510;0.75,170.75;51.5,248;240.25,225.5;316.75,67.5;7.5,30.5;48.25,8.75;106.75,230.75;145.5,191
45483;10.25,123.5;58,209.75;297.25,231.25;338,23;7.5,30.5;48.25,8.75;142.25,195.75;178.75,233
23732;7.5,159;58,209.75;297.25,231.25;312,32;5,4.75;41.75,41.75;141.5,191.5;185.75,246.5
42050;7.5,159;99.75,191.25;248.75,246.25;256.75,17.5;1.25,5.25;41.75,41.75;118.75,228;168.25,222.75
39442;3.75,141;49.5,148.5;239.5,214.25;278.75,33.5;1.25,5.25;41.75,41.75;121.75,197.25;168.25,222.75
41442;3.75,141;67.75,88.5;262.5,179.5;292.25,34.5;18.75,20;41.75,41.75;120.25,227.75;146.75,189
15773;9.5,107.5;26,67;295.25,169.5;325.25,37.75;18.75,20;66.75,12.25;109.5,274.5;146.75,189
39484;12,42.75;30.25,31.25;273.25,168.75;325.25,37.75;76.25,11.5;90,54;109.5,274.5;145.25,189.5
10894;5.25,32.25;16,62.75;304.25,220.5;313.75,62.5;30.5,32;90,54;109.5,274.5;124,199.5
20789;8.75,42.75;63.75,58.25;287,278.25;313.75,62.5;28.75,46.75;90,54;172.25,267.25;186.5,176.25
20096;8.75,32;73,96.25;252.5,292.75;313.75,62.5;38.25,33.25;90,54;171,267.5;187.75,196.5
10273;12.75,8.25;15.25,98.75;281.5,320.25;313.75,62.5;38.25,33.25;103.25,40.5;171.75,266.25;190,215.25
2975;46.25,61.25;64.75,159.5;253.75,280.75;325.5,60;38.25,33.25;122.25,20.25;171.75,266.25;190,215.25
36366;46.25,61.25;69.75,148.25;197.75,282.5;306.5,100.75;5.75,23.75;152,28.75;184.75,247.5;190,215.25
20775;9.25,46;78,134.5;197.75,282.5;327.5,142.25;5.75,23.75;131.75,19;173.5,268;173.75,162
4595;46,99;65.25,85;154,243.75;356,176.25;5.75,23.75;143.5,49;173.5,268;173.75,162
36685;0.25,150.5;65.25,85;154,243.75;343,217;62,42;163,87.25;166.5,301.25;214.5,204.75
29666;0.25,150.5;42.5,103.75;132.25,204.5;368.5,195.5;86.75,100.25;135.25,125;158,277.75;214.5,204.75
2091;12.25,142.75;28.75,101.75;76.5,174.75;360,239.25;89.75,136.75;135.25,125;144.25,224.75;214.5,204.75
7530;12.25,142.75;28.75,101.75;73,174.75;364.5,253;66.5,153.5;106.25,153;181,181.75;188.25,174
21551;12.25,142.75;31.5,124.25;53,231;337.5,283.75;82,126.5;90,137.75;181,181.75;220,204
118;1,139.5;31.5,124.25;56.5,217.25;345.25,224.5;82,126.5;122.75,107.5;172,161.75;223.75,247.5
16361;1,178.25;31.5,124.25;117.25,253.75;320.25,262.5;140.5,147.25;145,167.75;161.5,105;223.75,247.5
46654;1,178.25;31.5,124.25;98.25,255;319,265.25;95.5,107.5;127.5,131.25;171.5,51.75;225.5,279.25
10261;1,178.25;3,89.75;159.75,262;292.5,242;70.5,121.75;153.25,92.5;201.75,86.25;225.5,279.25
38342;1,178.25;5.75,22.75;122.5,273;349.25,275.25;70.5,121.75;126.5,126.25;204,86;272.25,305.25
13285;27.5,153.25;50.75,68.75;80,297.75;349.25,275.25;62,165;186,150.25;204,86;270,266.75
45785;27.5,153.25;77.75,35.25;80,297.75;309.25,321.75;83,191;156.75,176.75;168.5,88.25;271,240
12009;12,176.25;40.25,33.25;45,286.5;358.5,294;83,191;156.75,177.75;168.75,63.5;271,240
6766;12,176.25;40.25,33.25;45,286.5;308,317.25;97,171.5;99.5,177.75;113.25,91.75;299.25,268.25
20853;12,176.25;40.25,33.25;45,286.5;360,288;83.25,119;110.75,150.25;130.5,98.25;274.25,214.25
50404;10.5,174.5;10.75,48.25;71,306.75;360,288;83.25,119;84,190.5;116.5,71.25;281.75,185.75
41560;10.5,174.5;10.75,48.25;87.5,274.5;309.75,322;66.75,107.75;84,190.5;139.25,20.25;315.25,224
1083;7.5,154.25;31.5,48.25;118,268;299,322;38.75,58;72.75,224;139.25,20.25;315.25,224
7985;7.5,154.25;15.25,43.25;160.5,226;239,296.25;7.5,49.5;72.75,224;126.25,71.25;363.75,268.25
17091;14.25,215.5;15.25,43.25;160.5,226;275.5,301;17,3;80.75,181.75;111.75,119.25;364.5,277.25
36167;24.25,270;84.25,62.75;174,289.75;275.5,301;11.75,70;28.5,220.5;111.75,119.25;337.75,233.25
32154;24.25,270;122,12.5;212.75,293.75;223.25,303;27.25,71.75;83.25,216.5;159.25,119.5;337.75,233.25
19491;24.5,271.5;102.75,34.25;182.75,316.25;223.25,303;27.25,71.75;116,194.5;182.25,88.5;302.75,242.75
18507;24.5,271.5;79.25,69.75;241.5,308.25;248,268.5;70.75,31.75;116,194.5;211.75,46.75;325,280.5
31410;51.5,299.25;116,34;203.5,265.5;241.5,308.25;41.75,1.5;122,143.75;169,50;325,280.5
20555;16.75,263.5;158.75,30.5;203.5,265.5;284.5,312;89.75,33.75;122.25,144;170.75,8.5;325,280.5
4780;16.75,263.5;156,83.5;203.5,265.5;284.5,312;76.5,3.75;116.75,196.5;193.5,8.75;321.25,300.5
11952;16.75,263.5;156,85;215,251.5;244,281;100,13;115.25,259;193.5,8.75;280.25,287.75
14437;33,276.25;142,129.5;242.5,276.75;281,230;91,7;115.25,259;193.5,8.75;223.5,275.5
26850;1,230;135.5,77.5;205.25,259.5;311,263.25;91,7;93.5,283.75;221,17;223.5,275.5
23680;65.25,260.75;135.5,77.5;238.75,273.75;293.75,322.5;91.25,6.75;93.5,283.75;220.5,15;225.5,316.75
35009;78.75,247.75;128.5,59;192.25,239;293.75,322.5;91.25,6.75;139.25,272.25;261.5,4.75;261.75,270.25
42569;107,252.25;180,50.5;192.25,239;301,290.25;63.5,13.5;143,221.5;261.5,4.75;261.75,306.5
45784;107,252.25;167.75,5;213.75,202;238.5,307.5;51.75,8;142,225.5;229.75,15;261.75,306.5
48427;107,252.25;163,10.5;163.75,226.75;239.25,308.5;94.75,25.75;140.25,221.25;177,44;261.75,306.5
32282;55.5,248.25;163,10.5;163.75,226.75;239.25,308.5;55,6.5;114.5,259.25;204.75,91.75;229,272
26272;91.5,274.25;136.25,19.75;163.75,226.75;297.5,321.25;66,42;114.5,259.25;166,104;240,283.25
32722;91.5,274.25;136.25,19.75;203.5,245;302.75,322.5;100.25,55.25;110,273.5;161.25,83.75;184,268
7984;116.75,273.5;164.75,16.5;205,248.25;302.75,322.5;93.5,12.75;124.75,278.75;125.75,74;184,268
30505;59,274.75;116.25,21.5;205,248.25;326.5,281.75;113.5,41;149.25,318;159.75,88;184,268
40609;76,280;172.5,46;174,236.25;345.5,288.5;102.5,48.5;150.25,302;159.75,88;184,268
14230;115.5,307.5;188,78.75;219.25,233;351.75,320.75;102.5,48.5;118,296.5;159.75,88;218.5,321.5
17940;115.5,307.5;154.75,124.75;223,211.25;344.25,267;73.75,25.25;118,296.5;125,72.25;203.25,275.5
2404;71.25,280.5;149,156.5;215.5,195.5;326.5,206.25;74.75,26.5;118,296.5;125,72.25;195.25,322.25
15137;32,241;153.5,126;230.5,186.5;326.5,206.25;73.75,26.25;118,296.5;131.75,105.5;242.25,309.25
19634;9.25,233.25;153.5,126;235,187.5;322.75,228.25;81.25,25.25;118,296.5;145.5,91.75;225,320.5
38556;35,238.5;153.5,126;273,168;330.25,209.75;38,21.5;148.5,262;205.75,108.25;225,320.5
21145;33,225.75;120,120.75;259.5,176.75;353.75,239.25;38,21.5;120.5,258.75;210.5,99;225,320.5
39047;73,209.75;133.25,159.75;222.25,130;353.75,239.25;21.5,30;133.75,289.5;199.75,66.75;225,320.5
6725;16.5,174.75;139,223;227.5,187.75;323.25,207;21.5,30;82.25,315;199.75,66.75;225,320.5
6749;16.5,174.75;140.75,224;274.5,167;313,199;21.5,30;35.75,301.5;185.5,99;224,320.5
14101;16.5,174.75;88,187;256,196.75;360.5,213.75;17,30.5;35.75,301.5;127.75,78.25;170.5,302.75
10290;16.5,174.75;133.75,213.5;222.5,183;344.5,240.25;17.75,30.5;35.75,301.5;123,98.25;153.25,299.75
15106;16.5,174.75;84.5,196.5;211.75,231;362,279;17.75,30.5;40.75,253.75;123,98.25;166.75,240.5
19777;16.5,174.75;95,232.5;212.25,231.25;361.75,277;10.25,20;53,269.75;123,98.25;145.5,221.25
38915;16.5,174.75;127.5,200;212.25,231.25;361.75,277;16.75,4;56.5,239.5;82.25,111.25;143.25,272.5
35752;17.25,190.75;113,208.75;215.25,197;353,262;40.25,31.5;56.5,239.5;82.25,111.25;117.5,289.5
34436;48.75,238.75;136.75,200.75;215.25,197;328.25,210;7,8.25;59.75,202.25;82.25,111.25;117,288
27724;48.75,238.75;147.75,145.75;160.5,213.75;292.75,173.5;29.5,32.25;32.75,239.5;82.25,111.25;173.75,308.5
2583;53.5,202.25;204.25,168.25;216.5,240.75;297.5,137;29.5,32.25;39,186.5;82.25,111.25;173.25,309.25
41542;82.25,202;189.25,116.5;277,256.25;297.5,157;29.5,32.25;39,186.5;71,79.25;114.25,276.5
4894;48,215.5;224.25,155.25;300.25,209;323,196.75;29.5,32.25;39,186.5;48,126.5;114.25,276.5
44894;60.5,218.5;165.5,135.5;321,263.75;322,213;1.25,62;39,186.5;48,126.5;113,229
5441;17,176.75;134,190.25;282.25,319.75;322,213;1.25,62;13.5,202.25;44.25,93.25;120.25,194.5
46356;67.5,166.25;102.75,160.75;248.75,287.5;322,213;1.25,62;12.75,272;76,141;185.75,219.5
24532;78.25,126.25;135.25,129.25;241.75,237.5;290.25,164.5;8.25,13.75;21.75,219.5;76,141;185.75,219.5
4959;84.75,90.75;135.25,129.25;242.25,237.5;270,105;8.75,41.25;30,198.25;76,141;157.25,222.75
8416;87.25,92.75;135.25,129.25;246,258.5;253.25,81.75;9,40.75;11.25,232;76,141;127,265
10321;73.25,145.25;142.5,129.75;212,311.25;253.25,81.75;7,68.75;11.25,232;42,143.25;126.25,227.75
40166;81.5,118;138.75,128.25;212,311.25;227.75,56;10.5,128.5;11.25,232;56.5,92.75;103.25,226
24061;81.5,118;192.75,134.5;212,311.25;227.75,56;11.5,92.5;14,272;21.25,91.75;72.5,255.25
37487;112.5,163.75;222.25,200.5;255.25,305.25;270,26.25;11.5,92.5;14,272;29.25,30.25;72.5,255.25
38872;65.25,172.25;207.5,166.5;264.25,309.5;273.25,40.5;11.5,92.5;25.25,203.75;29.25,30.25;52.25,263.25
13253;80.75,230.5;147,115.5;215.5,294.25;301.5,53;11.5,92.5;25.25,203.75;35.75,41;89.5,221.75
43374;94.25,232;129.75,93.25;169.25,281.25;297.5,112;2,72;25.25,203.75;35.75,41;144.5,222
30149;110.5,226.75;132,55.25;218.75,259;297.5,112;2,72;18.75,231.25;67.5,34.25;175.75,198
26082;130.25,190;162.5,53;174,289;249.75,102.75;2,72;56.5,240;67.5,34.25;196.5,235
9682;180.5,230;187,87.5;204,281;240.75,42;2,72;56.5,240;106,38.5;196.5,235
2643;155,249.25;184.5,50;220.25,318.75;243.25,12.75;2,72;56.5,240;156.25,80;173.75,178.75
21282;167.25,298.25;173.25,18.5;185,317.75;244,13.25;2,136.5;56.5,240;156.25,80;192,162.75
16395;115,302.25;156.75,27.75;214,318.5;244.75,12.5;2,136.5;79.5,184.25;156,17.75;192,162.75
8560;81.25,300.75;157.5,30.75;245.75,299;283.75,56.25;2,136.5;79.5,184.25;156,17.75;174,113.25
3860;79.5,303.25;149,35.25;300.75,302.5;309.25,100.25;2,136.5;79.5,184.25;97.25,34.5;158.25,145.5
44114;94.25,309.75;149,35.25;264.5,302.75;269.25,67.25;40.5,105.5;79.5,184.25;111.25,81;133.25,106
37301;50,295;149,35.25;249.75,294.25;269.25,67.25;7,61;91.25,152.25;120.5,77.5;134.5,73.5
2187;115.25,317.5;149,35.25;249.75,294.25;263.25,133.75;16.25,120.25;156.25,150.25;164,48.25;164.75,41
41796;115.25,317.5;121.75,45.75;249.75,294.25;307,138.75;19,123;156.25,150.25;189.5,5.25;192,95.25
42980;81,263.25;84.5,20.25;283.5,262.75;307,138.75;19,123;193,173.25;215.5,71.75;256.75,66.25
37993;86.75,297.5;102.75,69.75;293.5,209.5;307,138.75;19,123;216,211.75;218.25,113.75;250.75,85.75
15983;42,277.5;102.25,69.75;241.5,215.5;278.5,106.25;19,123;216,211.75;232,121.5;251,55.25
8401;42,277.5;139.5,91.75;180.25,220.75;292.75,120;32.5,76.75;172.25,240;232,121.5;237.5,83.25
18271;42,277.5;130,91;181.5,256.25;269.75,102.25;13,98.75;175.25,240;220.5,65.5;232,121.5
17418;49.25,243;109,36.25;181.5,256.25;286.25,54.75;18.5,154.5;142.25,269.5;228.25,67;232,121.5
7203;35,238.25;63.75,57.5;213.5,279;268.5,102;18.5,154.5;99,231.25;205.5,55.75;232,121.5
37045;48,266.75;62,61;182.75,235.75;268.5,102;16,94.75;99,231.25;237.25,7.5;252.5,120.5
33913;68.5,223;113.5,55.75;182.75,235.75;294.25,56;72.5,111.25;96.5,265;218.75,62;252.5,120.5
36784;25.25,190.5;151,34.75;197,280.5;294.25,56;82,154;98.5,283.25;167.25,36.5;252.5,120.5
12564;26,209;131.25,13;175.5,265.75;294.25,56;65.5,202.25;84,286.25;167.25,36.5;288.75,143.25
26173;15.75,264.5;103.75,14.5;151,206.25;294.25,56;49.75,249;89,235.5;167.25,36.5;290.25,141
11049;44.25,241;102.25,59.75;151,206.25;240.5,75;47.5,293.5;129.25,259;183.25,62.25;290.25,141
5778;47.5,198.5;104.75,70.25;149.25,183.75;220,48.25;47.5,293.5;121.75,281;183.25,62.25;298.75,110.5
723;74.25,205.5;106.75,56;143.25,183.25;183,72.75;63.5,258.25;121.75,281;152.25,52.25;298.75,110.5
3156;74.25,205.5;106.75,56;156.25,224.25;183,72.75;98.25,283;111,316.5;140.25,29.5;292.5,50.5
44823;21.5,178.25;67.75,75.25;204.5,248.25;222,80.25;44.5,276.5;125.25,315.25;140.25,29.5;292.5,50.5
38300;8,176.5;52.5,45.75;218,230.75;243.25,134.25;9.5,272.5;125.25,315.25;140.25,29.5;343,52.25
28763;8,176.5;80.75,20;218.25,231.25;232.25,150;20.75,310.75;128,284.75;147,89.5;343,52.25
1465;10.75,158.25;91.5,59.5;281,229.25;285.5,168.75;49.5,293;128,284.75;147,89.5;301,52.5
29333;10.75,158.25;92,63;239.5,259.25;285.5,168.75;93.75,268.75;118.25,269.25;176.25,107.25;265,11.5
44891;26.75,195.75;65.25,9;211.75,225.5;285.5,168.75;96.75,313.5;97.25,283;157.25,160;265,11.5
36195;57.75,148;109,46.5;231.75,205.75;262.5,138.5;96.75,313.5;104.5,282.25;186.5,172.75;265,11.5
26181;45,112.5;82,25;224.5,185.5;262.5,138.5;67.75,268.5;127.5,282.25;160.75,190;265,11.5
21287;40.5,58.25;51.75,55.5;273.75,156.75;290.5,113.25;10,243;127.5,282.25;160.75,190;251.5,9
11887;55.5,99;90.5,58.5;256.75,146;326,121;10,243;127.5,282.25;203.5,176.25;251.5,9
43863;19.75,85.5;111.25,15.75;269.5,112.75;315.75,120;10,243;146.5,300.5;203.5,176.25;251.5,9
3883;44.25,47.75;125.5,19.5;244,126;315.75,120;59,224.25;184.25,303.25;203.5,176.25;288.5,50.5
45633;3,92.75;168.75,18.5;281.5,142.25;331.5,115.25;59,224.25;156.25,291.75;189,163;288.5,50.5
34077;47.5,93.25;176,16;269.25,101.25;290,135.75;56,249;156.25,291.75;159.75,120.25;288.5,50.5
37463;42,137.25;151.25,2.5;269.25,101.25;290,135.75;38.25,222.25;162.5,296;168.25,79.25;235.75,50
25235;42,137.25;151.25,2.5;255.25,58.75;302.25,136.25;100,228.25;142.75,317.5;216.25,82.25;224.5,82.5
11228;7.25,144.25;151.25,2.5;270.5,14.25;360,129.25;100,228.25;181.5,303.75;201.5,97.5;223,81.75
22592;3.75,210.25;151.25,2.5;217.75,22.5;324.75,165.25;149.25,223;166.25,254.25;168.25,87.25;223,81.75
19407;11.25,273.75;205.5,42;266,19;331.25,112.25;149.25,223;166.25,254.25;172.75,36.5;223,81.75
32107;26,241;151.25,52.75;295,55.5;303,111.5;149.25,223;166.25,254.25;172.75,36.5;253.75,70.75
46657;31.75,295.25;104.75,51.75;254.75,31.5;314,128;141.75,198.5;143.5,224;172.75,36.5;253.75,70.75
13335;87.5,286;105,52.25;249.5,21.5;314,128;122.5,161.75;183,210.25;183.5,8.5;253.75,70.75
28216;44,309;149,42;258.5,18.5;355.5,128.25;86,210.5;183,210.25;183.5,8.5;269,17.5
7327;65.25,259.75;106.25,7;258.5,18.5;342.25,164.25;50.75,223.25;122.75,197.75;225.25,5.75;269,17.5
11274;41.5,313.5;51,6;272.75,70.75;357,139;22.5,206.75;153.5,224.25;225.25,5.75;269,17.5
19989;41.5,313.5;62.25,4.25;272.75,70.75;329,145.5;58.25,202.25;169.25,239;244.5,12.75;251.5,10.25
23071;39.5,242.5;62.25,4.25;223.25,22.5;266.25,120.25;32.25,254;142.25,198.5;251.5,10.25;260,67
11461;24.75,194.75;62.25,4.25;202.5,6.25;216.25,77.5;32.25,254;150.25,224.75;221.5,6.5;235.25,42.25
20069;24.75,194.75;104.5,15;132,4.25;205.75,92.75;27.25,239.25;150.25,224.75;226.5,39;260,99.25
39364;8.5,176.75;104.5,15;132,4.25;204,93.75;24.25,217.25;194.75,181.25;214.25,62;253,156
28739;28,208.5;88.75,3.75;142.75,57;148.25,89.75;24.25,217.25;179.25,160.5;214.25,62.75;253,156
44669;0.25,184;78,66.5;151,33.75;165,145.5;2.75,248.5;179.25,160.5;214.25,61.5;253,156
41720;0.25,184;26.25,85;151,33.75;165,145.5;11.75,295.5;190,198;205,36;256,168.75
50496;0.25,184;43.25,126;154.5,34.5;165.25,99.75;31.75,317.25;190,198;230.25,2.75;272,107.75
2647;1.75,172;43.25,126;170.75,97;186.75,152.25;57.75,322.75;137,169.75;270.25,1.75;272,107.75
46605;0.75,180.5;11.25,153.25;182,82.5;200,170;57.75,322.75;137.5,170.5;270.25,1.75;272,107.75
36889;0.5,181.75;7,177.5;167.5,115.75;242,171.25;57.75,322.75;137.5,170.5;270.25,1.75;272,107.75
7637;34.5,144.75;59,145.75;159.25,142;300.25,209;47.25,270.5;95.5,119.25;270.25,1.75;272,107.75
8887;46,200;84.75,96;208,169.75;272,180;58,309.25;87.75,66.75;270.25,1.75;272,107.75
49267;32.75,243.25;116.75,72;251,193;322.5,196;58,309.25;101.75,47.25;270.25,1.75;297,143.75
28110;6.5,284;116.75,72;251,193;322.5,196;114,308.75;123,45;248.5,10.5;271.5,180.5
30640;39.25,278.25;71.25,87;254.75,244;309.5,226.75;114,308.75;143,89;248.5,10.5;271.5,180.5
1323;64.25,305;68.75,29.75;276,221.25;293.75,184.75;99,268.5;148.5,105.75;248.5,10.5;271.5,180.5
2014;5,286.5;15.75,31;241,194.25;293.75,184.75;99,268.5;155.25,88.5;301.5,15.5;304.75,236.75
7233;34.75,240;43.25,47.25;215.75,231;279,167;99,268.5;119,40.25;301.5,15.5;309.5,201.5
19426;63.75,193;68.75,57.75;195.75,269.5;308,218.25;99,268.5;119,40.25;255.5,12.25;318,181.75
9481;44.25,223.25;68.75,57.75;168,310;308,218.25;83,273;90.5,33.25;227.5,16;317,139.75
46182;43,223;78.5,6.25;212.25,302.5;308,218.25;33.75,282.75;97.25,41.25;172.5,23.25;317,139.75
8988;13.5,251.5;66,5;212.25,302.5;324.25,266;12,285;97.25,41.25;155,11.75;325.5,191.25
27944;13.5,251.5;66,5;212.25,302.5;279.75,313;7,308.25;69.75,11.75;146.25,48.75;314,210.25
44933;13.5,251.5;49,47.25;218.5,310.75;264.75,299;7,308.25;126.25,19.75;151.5,91.5;314,210.25
31128;30.5,208.75;38,31;217,238.75;264.75,299;31.25,253.75;126.25,19.75;179.75,104.5;359.5,155.25
46962;30.5,208.75;38,31;243.25,279.5;289.25,321.5;18.5,272;161.75,31.75;225,108;311,159.5
20159;26.5,205.75;56.75,55.75;252.25,258.5;289.25,321.5;18.5,272;145.75,76.25;231,62.5;323.25,113.5
15813;26.5,205.75;42.75,9;252.25,258.5;289.25,321.5;43,321;164.25,51.75;212.75,46.75;283,113
14634;26.5,205.75;57,75.25;275.75,256.25;288,259.5;43,321;107.5,78;224,84.5;327,133
30308;51,248.25;60.75,64;279.5,229.75;341.25,245.5;9.25,297;107.5,78;224,84.5;347.25,82
10204;12.75,230.5;71.25,27.5;291,208.5;341.25,245.5;9.25,297;108,135.75;264,62.75;326.25,53.75
31386;37.75,222.5;71.25,27.5;293.75,244.75;331.75,258.75;9.25,297;140.25,195;203.5,75.5;351.75,3.75
29550;24.75,231;46.75,15.5;291,209;349.25,230.75;9.25,297;187,215.25;202.75,76;351.75,3.75
36035;12.25,284;47,14;309.25,211.25;349.25,230.75;64.5,258.75;187,215.25;203.25,6;334,3.25
1092;12.25,284;64.5,67.25;309.75,210.75;349.25,230.75;43.25,311.75;127,251.5;207.75,48.75;326.75,61
24825;53.25,295.5;66.5,67.25;297.5,168;342.5,279.5;30,309.25;127,251.5;220.25,105;326.75,61
3240;44,317.75;114.25,35.75;293.5,212;334.25,280.75;38.25,295;127,251.5;220.25,105;298,25.5
40454;44,317.75;146,31.25;293.5,212;334.75,281;65.5,248.5;75.75,269.75;221,108;352.75,5.25
23428;50.5,279.5;197.5,7;347.25,213.5;355,313;49.25,253;124.5,258.75;221,108;352.75,5.25
9925;51.5,278.75;197.5,7;277.5,230.25;355,313;2,244;136.25,281.75;256,76.5;301.5,14.75
15656;51.5,278.75;197.5,7;264.75,256.75;337.5,313.5;8.25,229.5;136.25,281.75;263,24.25;341,45.25
30809;29,323;225.25,70.75;249.5,216.5;320.75,299;8.25,229.5;108.5,309.75;263,24.25;349,79
24726;62.75,307.5;226,81.75;245,183.25;266.25,300.5;8.25,229.5;110,259.25;262.5,24.25;349,79
26700;48,241.75;183.5,92;196.25,144.5;213,309.5;8.25,229.5;115.5,323.75;262.5,24.25;333.75,130
35756;25.5,251.5;153.75,125.25;199.25,174.5;213,309.5;8.25,291.5;115.5,323.75;238.25,2.25;353,170
21342;55.5,239.25;114.5,169.25;166.25,218.25;208.5,311.5;8.25,291.5;147,279.25;307.5,2.5;353,170
29952;77.75,291;96.75,203.75;173,222;211,278.5;8.25,291.5;119.75,295;351.75,3.25;353,170
42547;60,240.75;82.75,213.5;157.5,159.75;211,278.5;58,306.5;174,265;329,28;353,170
7242;90.25,195.5;107.75,165.25;159.5,128.75;245.25,314.75;57.25,296.75;207.75,211.75;329,28;353,170
37302;35.5,190.75;80.25,115.25;96.75,132.75;222,267;57.25,296.75;246,226.75;329,28;340.25,190.75
45387;18.25,191;80.25,115.25;94.75,156.5;198.25,295.75;67.75,289.25;249.25,216.25;329,28;355,189.75
46327;47.75,175.5;50.25,57.25;93.75,156.5;211,310.25;129,309.75;249.25,216.75;329,28;355,189.75
44612;12.75,170.75;50.25,57.25;133,147.75;211,310.25;177,300.75;242,279;334.5,53.75;355.5,262.75
46663;12.75,170.75;24.25,85;163,105.25;211,310.25;161.75,278.25;242.5,290.5;325.5,5.25;325.5,223.75
48909;12.75,170.75;68,85;187.25,176.5;211,310.25;173,268.75;265.75,214.25;356.25,5;360.5,155
46245;12.75,170.75;65.5,88.5;187.25,176.5;242.25,260;182.75,235.75;269,222.25;307.5,29.5;347.5,138.75
38621;12.75,170.75;65.5,88.5;168.5,136;216.25,222.25;196.5,177.25;293,171;352.25,25;359,147.75
44159;25.25,196.25;74,47;202.25,175.75;207.75,170;234.75,154;307.75,142;352.25,25;359,147.75
32533;24.25,195.75;74,47;202.25,175.75;257.25,192.5;265.25,157.75;290.5,84.25;324.25,66.25;330,158.5
32729;79.75,184.25;131,24;190.75,116.5;302,209;265.25,157.75;301.75,34.75;313.5,81.75;330,158.5
15318;79.75,184.25;131,24;234.25,153.25;326.75,227.25;229.75,114.5;251,17;272.75,28.75;329,116.25
39477;100.75,191.25;141.25,14.75;203.75,180.25;356.75,229.25;192,100.5;251,17;272.75,28.75;329,116.25
32156;110.25,167.75;112,33.75;191.75,232.75;353,277.25;151.5,68.75;239,61.75;272.75,28.75;329,116.25
1534;87.5,140.5;96.75,33.5;172.75,228;349.75,277.5;151.5,68.75;209.5,92.5;272.75,28.75;329.75,117
41591;87.5,140.5;110,32.75;172.75,228;318.25,302.5;99.75,41;247,121;272.25,28;335,171
48351;87.5,140.5;159.5,1.5;166,278.25;363.75,298.25;99.75,41;235.75,151;272.25,28;359.25,186.5
31884;37,129;196.5,50;202.5,227.5;328.5,238;171.25,39;235.75,151;272.25,28;319.75,142.25
19490;37,130;142.25,19.25;202.5,227.5;297,210.5;207.25,27.75;235.75,151;302.5,2.5;317.25,139.75
6046;72.25,116.25;166,5;170.25,202.25;278.5,169;207.25,27.75;236.25,149.5;302.5,2.5;318.25,197.25
216;71.5,115.5;166,5;201.75,169;333.75,213.75;249,32.25;266.75,133.25;302.5,2.5;355,195.75
19433;71.5,115.5;166,5;182.25,229.5;353.75,215.25;249,32.25;314,159;315.75,18;317.75,153.25
48074;133.75,157.25;144.5,58;158,159.5;306,212.75;172.25,49.5;314,159;315.75,18;317.75,153.25
18683;133.75,157.25;144.5,58;169.5,106.75;307.5,211.75;196.25,99;283.5,110.5;286.5,30;305.25,131.75
303;133.75,158.75;152.5,33;169.5,106.75;332.25,179.25;196.25,99;283.25,109.5;300.5,10.75;337.25,82.75
31615;148.25,223.75;152.5,33;160.25,77.25;332.25,179.25;167.5,48.75;297.75,113;334.75,33;341.25,50.25
42987;148.25,223.75;152.5,33;158.75,81.25;360.75,252;165.5,55;339.75,60;345.25,60.5;345.5,82.25
21670;155.5,202.5;179,37.25;188.5,36.5;340.75,312.5;182,62.75;339.75,60;345.25,60.5;345.5,82.25
18374;178.5,176;180.25,41;248.75,49;340.75,312.5;147.75,49;291.5,7.75;345.5,82.25;358,54.75
31674;159.25,148;200.75,5.75;298.5,54;333.5,319;208.75,76;244.5,9;345.5,82.25;358,54.75
27365;159.25,148;200.75,5.75;268.25,102;333.5,319;162,105.5;192,11.5;280.5,53.5;337.75,82.25
33188;159.25,148;223.25,56.5;268.25,102;333.5,319;188,56.5;220.5,15;255.5,76.5;311.75,33.75
26392;171.25,134.75;271.25,72;289.25,44.75;292.75,320.25;205.25,55.25;220.5,15;251,132.25;311.75,33.75
7478;193,151.75;267.75,101.75;270.25,103.5;292.75,320.25;206.5,54.75;220.5,15;256.25,164.25;333,16.75
14426;193,151.75;270.25,103.5;290.25,53.5;292.75,320.25;213.25,6.75;232.25,55.25;244,219;320,66
43638;226.75,202;266.75,147;287,23.5;310.5,322.75;213.25,6.75;232.25,55.25;286.5,228.25;355,79.25
35927;227.25,271.25;251.75,93;278.25,77.5;310.5,322.75;214.75,6.5;217.75,64.75;313.75,235;355,79.25
18325;239,305.5;251.75,93;278.25,77.5;310.5,322.75;244,6.25;248,73;250.75,218.25;347,66.5
19535;202,309.75;211.75,80.25;232.5,32.75;346.25,288;235.5,48.25;244,6.25;250.75,218.25;314.25,138.75
44623;184.75,317;211.25,78.25;215.75,62.75;346.25,288;244,6.25;250,71;306,171.75;356.75,166.25
36805;195,253.25;211.25,78.25;222,61.75;309.75,322.75;244,6.25;270.75,79.75;286.5,142.75;333.75,207.25
34563;123.5,282;186.25,112;249,18.25;309.75,322.75;270.25,28.5;282.5,13;286.5,142.75;314.5,188.75
48050;122.25,302.75;126.75,145;233,54.25;309.75,322.75;237.25,23.75;263.5,51.25;314.5,188.75;328.75,132.5
48027;124.75,280.5;177.75,171.25;182.5,77.5;243.25,313.25;237.25,23.75;263.5,51.25;317.5,184.75;328.75,132.5
1046;103,227.25;121.25,143;208,132.25;290,318;237.25,23.75;264,48.75;294.75,115.75;317.5,184.75
7701;99,283.75;142.75,202;208.25,167.75;290,318;248.75,79.75;288.75,36.25;294.75,115.75;312.75,249.25
25146;32.75,243.25;178.75,265.75;256.5,135.25;338.25,312.75;248.75,79.75;258.75,46;310.5,136.5;312.75,249.25
40846;31.25,191;161,228.25;247.5,135.5;338.25,312.75;251.25,97;251.5,75.25;266.75,131;312.75,249.25
12328;74.75,165.5;217,240.75;231.75,80.5;299,286.75;251.25,97;251.5,75.25;268.5,118.25;317.5,181.25
18489;74.75,165.5;249.5,219;258.25,36.5;328.5,251.75;218,119.5;251.5,75.25;269.25,117.5;335,235.5
12515;74.75,165.5;257,205;273.5,73;328.5,251.75;226.5,133.5;237.25,24.25;301.5,115;306.25,238.25
40107;51.25,138.5;255.25,205.25;282.25,52.5;328.5,251.75;253.5,75.5;268.75,27.75;272.5,91;306.25,238.25
32688;74,177.25;256,203.25;282.25,52.5;328.5,251.75;212.25,70.25;251.25,11.75;339,78.25;355.25,266.25
21089;32.25,183.5;213.75,204;248.25,33.25;360.25,295.25;167.25,41.5;251.25,11.75;340,73.5;355.25,266.25
14632;55.5,172.25;204.5,259.5;248.25,34.25;360.25,295.25;196.25,11.25;255.25,16.25;352.75,66.75;355.25,266.25
41035;59,219;191,323;261.75,92.75;360.25,295.25;130.25,20.75;235.75,48.5;341,23.25;355.25,266.25
30142;43.5,240.25;231.25,302.75;257.25,73.75;336.25,258.75;130.25,20.75;249.5,55.75;333.75,2.75;355.25,266.25
773;53.5,228.25;231.25,302.75;277.75,72.75;308,251.75;129.25,47.25;231.75,25;302.25,17;355.25,266.25
39370;53.5,228.25;179.5,319;226.75,73;330.25,202.5;128.75,46;248,15.5;302.25,17;352,305.25
15123;63,280.25;149.25,304.5;275.75,105;297,161;128.75,46;201.25,13.75;302.25,17;352,305.25
45391;64,280.75;119.25,317.25;275.75,105;297,161;149.75,30.75;201.25,13.75;343.5,31.5;352.75,300.25
34976;64,280.75;117,268.5;309,111;346.25,172;149.75,30.75;207,67.5;315,62.5;347.75,314.25
38529;64,280.75;164.25,280.5;289.25,73.25;349.75,197;162.25,60.5;183,29;315,62.5;348.25,314.5
48556;59,278.25;219.25,278;277,133.25;349.75,197;147,80.5;183,29;326,5.25;340,320.75
49758;70.25,294.5;204.5,230;229.25,136;348.75,225.5;147,80.5;245.75,25.75;326,5.25;338.25,321.25
4537;70.25,294.5;201.5,174.5;208.5,131;328.5,279.75;94.75,51.75;230.75,79.25;311,22.75;338.25,321.25
9908;12.25,283.25;175.75,131.75;240.75,100.5;365.25,252.5;80,46.25;230.75,79.25;311,22.75;338.25,321.25
3693;6.5,227;162.5,142;212.5,132.25;322.25,279;80,46.25;226.75,73;311,22.75;338.25,321.25
6540;56.25,242.25;162.5,142;209,185.25;322.25,279;11.25,20;248.5,102;330.75,52.5;361,276.25
24867;105.5,238.5;206.25,135.5;208.25,185.25;327.25,271;11.25,20;248.5,102;333.25,60.5;354.75,297.25
739;129.25,202;206.25,135.5;208.25,185.25;278,261;3.5,3.75;248.5,102;307.75,77;323.25,301.25
14797;94.75,201.5;176.75,113.75;234.5,155.5;257.5,302.5;3.5,3.75;248.5,102;307.75,77;364.25,279.5
29172;145.5,226.75;146.5,109.25;221.25,154.5;310.75,317.75;3.5,3.75;283.25,94;336.5,129.5;364.25,279.5
4197;98.5,195.25;128.75,59.25;227.5,153.25;310.75,317.75;3.5,3.75;260.75,48.25;297.25,93.75;316.75,320.5
42638;115.25,237.25;131.5,49.75;239.5,127.5;288.25,252.25;12.75,71.75;279.75,11.75;297.25,93.75;316.75,320.5
49447;114.5,166.75;131.5,49.75;273.25,71.75;315.5,231.5;54.25,78.75;215.25,6.25;225.25,79;316.75,320.5
40118;62.5,159.5;168.5,21.5;245.75,98.25;293,210;21,102.5;215.25,6.25;225.25,79;292,301.5
5418;62.5,159.5;105,47;261.75,122.25;340,256.5;87.75,109;215.25,6.25;237.75,141.5;325,242
14780;49.25,125.5;91.25,90.5;242.75,118.5;340,256.5;104.25,125;215.25,6.25;231.5,159;295,202
3119;20.25,103.25;36,106.5;242.75,118.5;359.5,210.25;104.25,125;184.5,37.5;192.25,164.5;283.75,219
42630;20.25,103.25;54.5,98;209,92.5;342.25,230;93,152.25;161.5,29;208.5,161;283.75,219
27467;18,141.25;64,122.75;253.25,79.25;365.5,257.5;93,152.25;163.25,88;217.5,165.75;283.75,219
29530;7,172.75;114.75,106;271.25,31.5;349.25,274.75;93,152.25;163.25,88;261.5,164.75;283.75,219
23564;7,172.75;152,128.75;226,68.25;283.75,263.25;43.25,107.5;117.75,113.25;256,141.5;283.75,219
42226;39.5,202.5;152,128.75;272,99;310.5,319.75;90.25,101.25;127,122.75;256.75,92.75;283.75,219
9824;30.5,208.75;174.5,161.5;306.75,78.75;363,304.5;52,93.25;152,91.25;256.75,92.75;283.75,219
37790;35.5,207.25;137,188.75;295.25,37.75;363,304.5;30.75,125.5;152,91.25;245.5,120.5;311.5,242.5
20387;57.75,248;144.5,227;332.25,33.5;363,304.5;31.75,104.25;153.5,115.25;209.75,96;311.5,242.5
40516;68.75,295;170,176;332.25,33.5;343.25,319;31.75,104.25;153,115.75;160,88;357.75,278
15320;57,284;192.25,232.25;328.75,4.5;343.25,319;31.75,104.25;104.75,118.75;204.25,96;366.5,211.75
34185;35.75,309.5;216.75,251.5;328.75,4.5;353.5,262;31.75,104.25;128.5,140;223,90.25;354.75,214.5
18169;76.25,298.75;224.25,205.75;337.5,55.5;352.5,227.75;55.75,91.75;128.5,140;223,90.25;353,186.25
42842;50,293.5;208,175.5;300,56.5;345.75,240.5;55.75,91.75;146.25,90.75;223,90.25;353,186.25
30896;49.25,295.75;208,175.5;301.5,110.5;345.75,240.5;33.5,48.5;113.5,81.5;222,83.5;367.5,212.25
18221;51.25,243.25;170.5,193.75;270.25,77.5;331.25,245;33.5,48.5;71,79.25;222,83.5;360.25,277
142;103.25,213.75;188.5,155;218.5,56.75;313.25,307.25;33.5,48.5;64,122.25;250,141.25;360.25,277
45766;116.75,274.25;188.5,155;196.5,70.25;282.75,319.25;12.75,14.5;64,122.25;207.75,143.5;338.25,309.5
34137;124,303.5;194.75,145.5;219.5,41;249.25,295.75;12.75,14.5;64,122.25;207.75,143.5;278,295.5
40001;102.5,314.75;147,107.5;227.25,83.25;281.5,318.5;56.75,14.75;64,122.25;206.75,143.75;278,295.5
50265;65.25,309;178,49.25;184.25,110.75;281.5,318.5;55.25,12.75;68.5,176;169.75,197.5;278,295.5
10777;103.75,322.25;172,85.5;237,81.25;251.25,297.5;45.75,30.75;68.5,176;194.25,247;278,295.5
22500;118,286;123.75,123.25;208.25,19.5;278.25,282.5;45.75,30.75;68.5,176;194.25,247;249,288.5
18262;118,286;138.25,177.5;154.25,50.25;250.75,302.75;45.75,30.75;109.25,202;187.5,251.5;253.5,278.25
46382;90.75,319.25;142.25,128.75;182.5,20.75;250.75,302.75;45.75,30.75;109.25,202;143,302.25;306.25,238.25
71;80.5,268.25;138.25,127;182.5,20.75;246.5,259.75;19.5,20;131,196.25;143,302.25;329.5,204.5
37005;47.25,305.25;86.5,108.25;141.25,7.75;279.5,262.5;23,21.5;88.75,220.25;143,302.25;329.5,204.5
36781;48.25,306.5;136.75,91;158.75,31.25;330.25,266.75;66,33;98.5,221.75;143,302.25;329.5,204.5
26546;14,307.5;158,66.75;175.5,45.25;365.25,254;67.75,38.75;113,252;143,302.25;329.5,204.5
41074;25,316;171,118;177,49;364.75,242.75;67.75,38.75;113,252;143,302.25;271.75,223.75
41305;58,294;135.5,78.5;232,82.5;364.75,242.75;64.25,11.5;118.25,227.75;156.25,272.25;271.75,223.75
49290;34.75,264;123.5,55.75;240,126;340.5,210;64.25,11.5;119.75,174;205.25,276.5;271.75,223.75
46595;62.25,256.75;66.75,57.75;264.25,66.5;345,159.25;27.5,34;119.75,174;205.25,276.5;225.5,229.75
20585;47.5,258.75;66.75,57.75;275.5,65.75;332.25,216.75;5.75,41.5;57.5,153.5;170.5,302.25;225.5,229.75
20919;47.5,258.75;71,31;317,58.75;329.75,270.25;10.75,13;55,122.25;170.5,302.25;228,247.25
2269;80.5,269.75;126.25,28.25;294,13.5;370.25,319.5;18,69.75;55,122.25;170.5,302.25;239.75,255.75
21832;32.75,285.75;126.25,28.25;232.5,55.75;360.75,297.25;15.25,71;39.5,143;169.25,295;239.75,255.75
13136;32.75,285.75;198,37.75;204,7.75;361.75,296;19.25,17.25;39.5,143;217.5,302;242.5,211
49560;34.75,286.75;145,15;157.75,27.75;303.25,256.25;33.75,53.75;107.75,115.25;217.5,302;242.5,211
29191;34.75,286.75;145,15;157.75,27.75;313,223.25;57,99.75;66.5,93.5;161.25,303.5;273.25,209.25
36016;32,261.25;145,15;180,80.25;336.25,278.5;7.75,45;66.5,93.5;217.5,317.75;335,197
29140;47,250;163.5,34.5;170.25,135.25;342.25,217;7.75,45;66.5,93.5;157.75,303.5;356.25,150.25
50350;33,242.5;163.5,34.5;200,158.5;342.25,217;8,71;78.75,118.25;141.75,268.5;359.75,202.75
9920;73.5,280.25;146.25,77.5;165,140.5;306.25,253.5;8,71;128,127.25;141.75,268.5;310.25,194.75
45838;81.5,256.25;159.75,124.25;169.25,116.5;275.5,254.75;33.25,75.25;128,127.25;141.75,268.5;312,248.5
4770;89.5,223.5;146.75,119;169.25,116.5;286.25,318.75;33.25,75.25;173,164;189,223.75;361,245.5
38101;42.75,242.5;132.5,102.5;132.75,157.25;238.5,284.75;33.25,75.25;153.5,202.25;173,164;361,245.5
2154;76.75,299.25;157.25,81;164.25,185.5;217.75,277.25;10,61.75;137,252.75;173,164;361,245.5
47346;92.75,299.75;144.75,129.25;195.5,174.5;206.5,308.25;10,61.75;119.75,223.5;173,164;361,245.5
9096;112.75,232;144.75,129.25;220.25,218.5;243.5,258;10,61.75;139.5,246;148.5,166;309.5,196.25
29664;68.25,202.75;118.75,123.5;226.5,186.5;271,255.25;10,61.75;145.75,300.5;148.5,166;260.5,215.5
19498;14.75,226.75;85.75,171;262.5,220;278,255.25;10,61.75;145.75,300.5;148.5,166;265,230.5
15287;43,225.25;85.75,171;235,273.75;255.75,210.5;10,61.75;94,281.25;196.75,174;292.25,174.75
21666;35.25,262.5;56.25,172.25;222.25,245.25;277,180.5;11.25,60.5;120.5,259.25;196.75,174;292.25,174.75
23088;39,238.5;86.75,181.5;222.25,245.25;243.75,170.25;39.25,100.5;120.5,259.25;238.25,137.5;306.25,204.5
4058;33.75,284.75;97,230;222.25,245.25;254.75,122.75;49.5,128.5;120.5,259.25;254.25,141;267.25,166.25
49328;11.25,278.75;148,237.25;239.25,203.25;299,153.75;19.25,159.75;129.5,217;254.25,141;267.25,166.25
47697;11.25,278.75;131.25,183.75;239.25,203.25;299,153.75;3,155.25;74,223.25;275.5,143.75;300.75,123.5
48826;54.5,317.25;131.25,183.75;239.25,203.25;320.75,165.75;33.75,124.25;103.25,235.75;311.5,164;315.5,115.5
30940;64.75,312.5;98.75,190.75;269.75,167;288,164;36.75,105.25;103.25,235.75;310,114.5;311.5,164
42976;86.25,297.5;132.75,159.75;222.5,129.75;327,143.25;36.75,105.25;103.25,235.75;254.25,141;358.75,195
38331;92.75,299.25;132.75,159.75;238.75,92.25;327,143.25;26.5,98.75;150,225.75;236.75,110.75;327.75,197
32990;96.5,317.5;110.5,107.5;214.25,91.75;311.25,110.5;38.75,120.25;194.75,242.25;236.75,110.75;327.75,197
28671;52.25,274.5;110.5,107.5;214.25,91.75;336.5,56.25;86.75,131;213.5,277;279.25,132.25;362.75,228
34987;7,287;113.75,53.25;214.25,91.75;295.25,75.5;86.75,131;182,295.5;250.25,173.5;340.75,187.25
20147;17,309.5;118.25,72;182.75,112.75;317.25,67.75;86.75,131;178,301.75;250.25,173.5;334.75,160
2484;66.75,312;118.25,71.5;182.75,112.75;317.25,67.75;123.75,103.25;132.5,324.25;256.75,144;356,147.25
31123;66.75,312;173.75,60;185.25,138.5;277.5,75.25;63,80.25;132.5,324.25;257.25,175.75;306.25,127.25
19911;69.75,305.5;181.75,4;185.25,138.5;224.75,89.5;89.25,103.25;132.5,324.25;263,139.25;330.75,92.25
20683;69.75,305.5;167.5,21.5;179.75,111.25;271.75,73.75;91.5,157;133.25,324;249.25,114.25;330.75,92.25
34179;86.25,270.75;158.75,30.5;179.75,111.25;316.25,37.25;128.5,140;133.25,324;220.75,175.75;282,116.25
32206;55.75,274.5;152.75,2.5;193,144.75;319.25,18;128.5,140;133.25,324;200.5,172.75;271,104.25
26615;105,322.5;126.5,20;234.75,199.75;255.75,43.25;128.5,140;133.25,324;200.5,172.75;237.25,97
16674;105,322.5;149.25,60;201.5,250.75;298.5,34.25;128.5,140;152,301.25;174.75,161;230,37.25
11736;86,320.75;149.25,60;201.5,250.75;347.75,43.5;126.25,74.5;136.75,242.75;191,218;218.25,58.75
31078;86,320.75;115.75,123.75;223.25,193.25;337.5,60.5;120,74.75;152.5,303.75;179,233;218.25,58.75
25323;86,320.75;86.5,116.75;279.25,197.75;336,21.5;120,74.75;126,323.25;184.5,248;191.5,95.75
37422;66.5,276;122.75,146;269,177.75;336,21.5;122.25,103.5;126,323.25;199,223.75;202,119.75
1193;121,254.25;122.75,146;253,220;269.5,30;122.25,103.5;129.75,298.25;222,217.75;232,134.25
15347;116.75,267.25;120.25,147;230,236.75;282,57.5;126,115.75;127.25,309;222,217.75;232,134.25
12598;137,291.5;174.75,110.25;223,186.5;264.5,19;105.75,115.25;127.25,309;222,217.75;232,134.25
15641;155.75,228.25;174.75,110.25;223,186.5;264.5,19;49,129.5;147.75,241.5;195.5,218;209.25,69.5
15599;143,263.5;175,49.75;221.5,230.75;300.5,33.5;49,129.5;122.25,240;195.5,218;204.25,100.5
50218;144.75,310.5;175,35;223.25,271.25;268.75,64.75;49,129.5;150,224.75;197.5,214.5;204.25,100.5
34426;121.25,292.5;175,35;223.25,271.25;276.25,56;18.25,109.25;168.75,223;184,178;225.25,106
29312;142.75,239.5;175,35;277.25,287.25;304.75,35;8.5,93;168.75,223;180.25,125.25;257.5,75.5
31498;148.5,193.75;166.75,50.5;302,319.75;351.25,32.75;8.5,93;168.75,190;174.5,71.5;257.5,75.5
13766;154,156.5;160.75,82;306,312.75;367.25,39.75;5.5,127;168.75,190;174.5,71.5;257.5,75.5
38745;138,204.5;206.25,22;252.75,272.75;302.25,34.5;59.5,169.75;124,194.75;174.5,71.5;257.5,75.5
42577;138,204.5;206.25,22;252.75,272.75;312.25,57;94.75,153.75;171.5,178;223.25,64;243.75,130.5
1726;103.5,253;211,60.75;239,258;279.75,104.75;94.75,153.75;171.5,178;245.25,35.25;246.5,77
11030;151.75,227.75;175,38.5;247,257.5;295.5,153.75;94.75,153.75;218.25,151.25;246.5,77;263.5,23.5
46163;126.75,263.5;176.75,41;247,257.5;295.5,153.75;122.25,103.75;242.75,97.5;254.25,39;261.75,75
7104;173.75,242.75;176.75,41;245.5,244;270,103.25;145.5,51.25;236.75,120.75;254.25,39;304.25,91.75
45157;219.5,253;232.25,30.75;264.25,300.5;285,106.25;145.5,51.25;236.75,120.75;263.25,42;304.25,91.75
22501;247.75,210.75;250,13.75;264.25,300.5;269.75,101.5;145.5,51.25;230,132;262.25,42;264,110.75
3199;247.75,210.75;249,70.25;266.75,254.75;293.25,72.75;128.75,77;191.5,162.25;262.25,42;303.75,115.75
44156;206.75,197;249,70.25;272.75,196.25;276,135.25;62,99.75;191.5,162.25;262.25,42;355,67.25
4466;177,220.5;243,77;253,205.5;293.5,103.75;81.25,115.5;191.5,162.25;262.25,42;304.5,85.75
37157;163.75,162;224.25,89;244,181.25;290.75,96.75;81.25,115.5;191.5,162.25;203.25,48.5;310.25,82.75
20541;134.5,129;226.25,84.5;244,181.25;287.5,70.25;81.25,115.5;214,223.25;220,18;240.5,77.5
48645;134.5,129;207.5,81.5;244,181.25;250.75,23;36,132.25;214,223.25;229,15.5;293.5,114.5
44614;124.25,141;157,29;196.25,167.75;290,72;36.5,133.25;209.75,177.75;229,15.5;293.5,114.5
731;124.25,141;215,42.5;220.75,217;273,110.25;8.25,171;209.75,177.75;284.5,42.25;322.75,60.25
33815;124.25,141;215,42.5;220.75,217;280.5,74.5;14.5,173.25;185.25,181.75;280.5,24.25;331.5,5.25
38740;124.25,141;182,35.75;210.5,260.5;332.75,98;8,145.25;180.75,180.75;264,17.25;331.5,5.25
9662;115,79.5;182,35.75;276,276;292,128.75;14,141.5;148.5,174.75;262.75,19.75;331.5,5.25
33327;127.5,27.5;154.75,60.5;276,276;289,75;46,143.25;156.75,224.5;262.75,19.75;355,2.5
28117;151,30.75;181.75,111.75;266.75,323.5;335.5,74;21.75,119.75;161.25,273;262.75,19.75;355,2.5
7660;131.25,39.5;135.5,90.25;308.75,321;327.25,36.75;21.75,119.75;143,300.75;262.5,19.25;355,2.5
41172;112,81.5;138,124.25;290.75,321.5;335.75,19.75;21.75,119.75;108,309.25;262.5,19.25;341.5,23
6037;48.75,54.5;74.5,166.25;276.25,323.75;316.25,27.5;21.75,119.75;108,309.25;319,29.5;330.75,7.75
19899;65.75,2.5;113.5,165.25;207.5,309.75;355.75,30.75;14.5,100.5;108,309.25;317.75,29.75;330.75,7.75
31776;65.75,2.5;79.75,114.25;199.75,287;355.75,30.75;64.75,64;108.5,290.5;294.5,35;355,22
73;65.75,2.5;79.5,115;239.25,318.75;365.25,53.75;88.75,19.5;108.5,290.5;313,85.5;331.75,58.25
22257;65.25,56.5;79.5,115;301.25,322.25;354.5,35.75;59.5,12;167.25,283;313,85.5;359.5,42.75
14623;60.5,113.5;152.75,129;355.5,267;356,38.25;116,12.75;119.25,324;313,85.5;359.5,42.75
5386;50.75,189.25;196.25,167.25;308.75,319.75;309.25,55.75;116,12.75;119.25,324;313,85.5;364,51.25
16613;70.25,166;254.25,198;259,297.5;304.75,86;116,12.75;119.25,324;316,97;364,51.25
14328;71.75,98;246,203.5;259.75,293.75;357.25,82.25;116,12.75;119.25,324;317.25,139.75;364,51.25
47716;33.75,43.75;229.75,202.5;290.75,321.75;330.5,116.25;48.75,8.75;119.25,324;317,137.5;364,51.25
33937;33.75,43.75;229.75,202.5;290.75,321.75;312.5,152.75;81,41;159.25,303.75;271,180;358.5,46.5
11796;33.25,41.75;229.75,202.5;293.5,319.5;334.25,182;76.25,33.75;99.25,284.25;311.25,186.5;358.5,46.5
19300;43.25,32.5;269.25,249.5;280.25,313.5;334.25,182;76.25,33.75;111.25,290.5;352.5,228.25;354.75,62.75
2666;43.25,32.5;259.75,243.25;280.25,313.5;334.25,182;46.5,79.25;162.25,317.5;340,232.5;359.25,2
50116;43.25,32.5;259.75,243.25;280.25,313.5;287.75,165.5;63,101.25;163,303.75;343,287.75;345.5,33
10863;92,63;241.25,210.75;280.25,313.5;341.75,145.75;46.25,78.75;163,303.75;320.75,309;326.75,53.5
48535;126.75,29.5;241.25,210.75;241.25,301.75;341.75,145.75;24.25,105.25;143.75,318;330.5,312.75;352.25,66.25
39954;146.75,31;231.75,207.25;242.75,301.75;302.5,153.75;24.25,105.25;109.75,295.5;330.5,312.75;332.25,0.75
4050;146.75,31;235.25,209.75;289.25,286.5;302.75,134.25;24.25,105.25;74.25,305;318.5,287.5;329.25,42.25
14068;146.75,31;275.5,230.75;317.25,258.25;317.75,164.75;22.5,105;74.25,305;269.5,286.25;320.25,108.75
28451;135.25,47;267.25,254.75;291.5,209.5;296.75,167.5;10.75,91.75;74.25,305;269.5,286.25;320.75,110.25
45822;135.25,47;276.5,277.25;297.75,186.5;336.5,208.75;43.25,88;84.25,283.5;313,312.25;320.75,110.25
157;160,106.75;217.5,265.5;251.5,219.25;364,248.5;13.25,136.75;84.25,283.5;313,312.25;348,136.75
21611;96.75,103.5;217.5,265.5;274.5,180.5;329.5,270;9.5,201.75;62.25,249;313,312.25;339,150.5
24192;55.75,74.75;155.75,243.75;232.75,204;353.5,313;9.5,201.75;19.5,294;312,315.75;339,150.5
44125;33,118.25;125.75,303.5;241.75,258.75;320.5,320.25;9.5,201.75;47.5,280.75;312,315.75;327,184.5
16757;14.5,74.5;125.75,303.5;264.25,306.5;341.75,313.25;28,201.75;47.5,280.75;262.75,304.5;347.5,157
11675;45.25,67.25;125.75,303.5;286,322;290.25,319.5;2,194.25;48.25,279.75;262.75,304.5;333.75,130
11573;45.25,67.25;87,320.5;241.25,307.25;290.25,319.5;60.25,152.25;77.5,252.25;233.75,290.75;306.5,130.75
27787;14.25,31;87,322;192.75,269.5;264.5,315.75;27.5,124.25;77.5,252.25;233.75,290.75;305.5,84.75
18914;14.25,31;87,322;147,240;246.25,298.75;22.25,101.25;97,228.25;290.5,318.75;313.25,82.75
37052;14.25,31;87,322;119.25,233.25;258.75,244.75;2.75,149.5;32.25,213.5;266.25,322.25;313.25,82.75
25811;55,46.75;79,287;169.25,271.75;300.5,209.5;2.75,149.5;32.25,213.5;221,283.25;313.25,82.75
37585;101.5,71.25;117.75,252.25;130,257.75;327.5,237;2.75,149.5;32.25,213.5;246.75,315.25;315.75,81.5
40813;62.75,92;132.5,239.75;155.75,223;327.5,237;44.75,136;57,204;246.75,315.25;326.75,60
11396;73.75,53.25;146.75,223.5;171.75,280.25;351.5,216.75;45.5,137.5;57,204;246.75,315.25;317,98
40948;108.5,45.5;139.25,282.75;207.25,235.5;349.75,278;45.5,137.5;57,204;223,314.75;291.25,100.75
47507;80.5,58.5;176.25,242.25;239.5,287.5;343.5,266.75;45.5,137.5;57,204;184.5,304.75;291.25,100.75
19629;80.5,58.5;212.25,261;228.5,275;343.5,266.75;32.75,107.25;115,194.5;198.5,322.25;246,90.25
4303;54.75,57.75;168.5,280.25;228.25,235.5;335.25,244.5;32.75,107.25;115,194.5;167.5,289.5;220.5,49.25
17564;4.5,45.75;138.5,317;236.5,206.75;360.5,268.25;2,85.25;115,194.5;167.5,289.5;213.5,95.5
20955;52.5,4.25;127.5,287;236.5,206.75;363.5,305.25;12.25,57;109.5,153.25;166,289.75;213.5,95.5
9031;66.25,67.25;175.75,310.5;290,167.5;331,276.75;12.25,57;64,171;159.25,302.75;213.5,95.5
5225;76.75,35.5;175.75,310;276.75,129;363.25,293.75;12.25,57;28,205.75;171,300.25;213.5,95.5
26324;90.5,26.25;153,261;276.75,129;346,239;12.25,57;15.75,212.25;214,277;227.75,85.25
35808;134.25,57.75;139,297;269.5,67.5;354.25,288.75;11.75,56.25;62,197.75;214,277;227.75,85.25
24115;108.25,19.5;139,297;272.75,34;344.5,272.5;26.75,78.75;91,196;214,277;281,110.5
45684;125,43.75;172,293;287.25,56.5;346.25,270.75;39.75,107.75;80.25,162.75;214,277;281,110.5
10537;125,43.75;138.5,312.25;268,75.25;317.75,224.25;70.5,148.5;91.5,157;202.25,223.25;281,110.5
16134;102.75,20.25;116.25,282.5;268,75.25;344.75,197.25;120.25,158.5;127.5,126.75;202.25,212.25;281,110.5
45481;115.5,34.5;137.5,315.75;268,75.25;349.75,240.25;129.25,197;167.25,95.5;188.75,276.25;281,110.5
30331;88.5,85.25;137.5,315.75;243.5,75.75;349.75,240.25;154.25,239;180,44;199.25,276.5;240.25,69.25
15200;88.5,85.25;149.75,264.5;243.5,75.75;332.75,278.25;141.5,225.5;175.5,40.5;239.5,258;273.5,48.75
12196;88.5,85.25;165,240.75;287,56.5;301.25,320.75;109.25,245;175.5,40.5;235.75,254.25;283.5,95.25
25825;40.75,103.5;154.75,225;265.25,61.75;301.25,320.75;149.25,271;175.5,40.5;189,248.5;305.5,110.25
28590;41.5,103.75;140.25,282.75;277.25,30.5;301.25,320.75;130.75,294.25;137.75,11.5;189,248.5;353,152
5802;34.5,65.75;140.25,282.75;277.25,30.5;348.75,308.75;79.25,285;155.75,29;171.25,294.25;318,98
108;81,58.25;165.5,265.75;277.25,30.5;348.75,308.75;109.5,274.25;146.5,90.75;156.75,318;309.25,86.25
9948;121,17.25;165.5,266.75;335.25,34;355.75,297.25;109.75,225.5;146.5,90.75;156.75,318;317,101
15925;126.25,4.75;187.25,316.5;295.25,52.25;302,289.5;145,224.25;146.5,90.75;156.75,319.75;317,101
32339;158.5,34;178,236.5;243,98.5;340.25,319.75;145,224.25;146.5,90.75;159,315.25;334.5,53.75
17611;171.5,48.25;206.75,281.75;211,79;340.25,319.75;130.75,214.75;146.5,79.5;161.25,313.25;334.5,53.75
3691;171.5,48.25;172.5,290.75;211,79;340.25,319.75;73.75,202;95.75,67.25;117.75,296.5;293.75,4
22709;119.5,74.5;162.25,295;229.5,11.25;340.25,319.75;19.75,220;95.75,67.25;119,301.25;221.5,19
18665;117,146.5;213,251.5;280,32.5;336.25,269.75;16.75,219;95.75,67.25;119,301.25;221.5,19
16759;141.5,126.25;226.75,237;306.75,57.5;336.25,269.75;24.25,198;92,19.25;119,301.25;185,6.25
7258;132.75,89.25;239.75,255.25;335,22.25;345.75,266.25;12.75,202.25;92,19.25;102.5,297.5;185,6.25
47305;162,80.25;289.5,243.5;303.25,80.5;313,253.25;8.75,271;92,21.75;102.5,297.5;185,6.25
11495;180,85.75;232.75,230.75;270,103.25;323.75,213.5;8.75,271;144,65.75;158,317.5;185,6.25
20216;185.5,49;227.5,186.5;246.25,82.75;286.5,187;8.75,271;92.25,65.5;158,317.5;159.25,55.25
30873;162,105.75;186,184.25;195.75,93.25;300.75,208;8.75,271;107,113.25;158,317.5;178.75,85
6019;160.5,97.75;164.5,226.75;195.75,93.25;300.75,208;20.5,309;73.5,72.75;141.75,299.25;196.25,40.25
10147;109,76;169,222.75;182.75,92.5;300.75,208;34.25,296.75;62.5,15;141.75,299.25;215.25,12.75
15743;106.75,118.25;133,212.5;220,71;257.5,244.5;58,249;62.5,15;141.75,299.25;215.25,12.75
17979;53.5,158.5;109.75,234;246.25,130.75;272.25,249.5;11.5,246.75;89.5,47.5;141.75,299.25;215.25,12.75
25965;53.5,158.5;117.5,270.5;281.5,144.75;313.25,206.5;11.5,246.75;91.75,88.5;176.5,302.75;271,21
5057;24.5,127.75;117.5,270.5;272.5,128.5;282.5,181;39.25,297;95.25,109.75;220.5,316.75;271,21
47539;56,179.5;127.75,285.5;272.5,128.5;299.5,211;94,284;95.25,109.75;156.25,319.5;271,21
13414;108.75,166.75;140.5,304.75;242.75,107.75;299.5,211;66.75,276.5;121,73.75;186.5,305.25;271,21
44314;99.75,128.75;136.5,291;257.25,86;315.5,201.5;66.75,276.5;143.75,45;151.5,300.75;271,21
36397;80,175.75;116.25,254.75;220.25,80.75;350.25,235.25;37.25,251.25;145.75,56;151.5,300.75;271,21
17112;31.25,170.25;163.75,219.25;164.75,73.25;330.5,254.5;5.5,239.75;113.5,24;151.5,300.75;271,21
12063;57.25,139.5;146,265;159.75,141.5;354,187.25;5.5,239.75;113.5,24;151.5,300.75;310,36.25
17991;66,115;136,222.75;206.5,168.5;354,187.25;62.5,222;64.75,67.5;151.5,300.75;354.5,8.5
12764;58,155;82.5,195.5;150.75,184.5;316.25,141.75;54.5,247.5;64.75,67.5;151.5,300.75;354.75,54.5
4697;43.75,123.5;82.5,195.5;152.25,127.25;275.25,105;1.5,246;26.75,71.75;151.5,300.75;335.5,96.75
122;36,93.75;80.5,177.75;153.75,183;271.5,104.75;16.25,271;26.75,71.75;178.25,305.25;335.5,96.75
37232;36,93.25;57.5,176.25;153.75,183;271.5,104.75;10.25,232.5;52.75,43.25;223.5,271;329.25,118
46332;26.25,119.75;71.5,177.75;148.25,189;291.5,146.75;10.25,232.5;52.75,43.25;254.75,268.75;342.75,171.5
49983;37,99.5;71.5,177.75;148.25,189;291.5,146.75;21.75,192;56.5,96;288,287.25;309.5,201.75
10199;18,141.25;119.75,204.75;132.5,191.75;336.75,133;21.75,192;35.75,76.75;288,287.25;309.5,201.75
40808;57.5,170.75;61,209.75;91,221.25;277.25,168.25;21.75,192;66,99.75;288,287.25;355.5,170.5
14358;33,144.25;61,209.75;91.5,223.5;277.25,168.25;2.5,192.25;95.25,135.75;302.25,267.75;336,221.75
24570;33.25,144.75;61,209.75;80.5,267;315.25,127.25;16.5,131.25;56,152.5;336,221.75;340,264
33080;28.25,114.5;52.5,215.25;119.25,312.75;298.25,148.25;16.5,131.25;56,152.5;333,262;336,221.75
48884;28.5,113.5;53.25,209.25;155.75,291.25;300.5,110.5;16.5,131.25;49.75,121.5;302,265.75;336,221.75
5534;28.5,113.5;61.75,248.25;183.25,277;284.5,143;16.5,131.25;56.5,122.25;291.5,300;305.25,242.25
32664;49.75,75.75;61.5,293.5;183.25,277;310.75,92.25;20,174;53.25,174.25;291.5,300;300.25,197.5
36843;9.75,94;61.5,293.5;138.5,310.25;314.5,110.5;22.25,124.25;53.25,174.25;314.75,260.5;326.5,147
32399;2,149;123.75,280.5;174.25,291.25;349.25,163.25;22.25,124.25;53.25,174.25;306.5,239.25;347.25,204.5
11981;2,149;161.25,317.5;189.75,262.75;277.75,165.25;22.25,124.25;70.5,138.5;284.25,304.75;362.25,248.75
12458;65.75,189.5;155,294.75;189.75,262.75;292.5,112;44.5,79.25;124,117.75;284.25,304.75;327.75,196
50348;111.5,200.75;155,294.75;189.75,262.75;262.5,95;29.75,75.75;118.25,144.25;315.5,313.25;318.25,183.75
32655;138.5,223.25;154.75,308;189.75,262.75;277.25,70.5;31.75,77.5;145.75,189;315.5,313.25;355,145.25
29354;153,159;209,310;255.5,284;283.25,55.5;31.75,77.5;145.75,189;335.25,321;355,145.25
23000;145.5,194.75;201,250.75;244.5,223.5;268,101.75;31.75,77.5;145.75,189;335.25,321;357.5,174.5
24685;182.75,178.5;201,250.75;251.75,224.25;268,101.75;32.5,42.75;201.5,221;311.75,309;313.5,164
15790;206.75,140;263.25,243.25;287.25,232.25;318,150.75;83.25,31.5;201.25,222;311.75,309;313.5,164
22857;214.5,104.5;267,202.25;303.25,265;330,136.5;83.25,31.5;201.25,222;311.75,309;356.75,154.75
42855;214.5,104.5;281.5,169;299,319;302.25,111.25;83.25,31.5;201.25,222;312.75,310.5;334.5,160.75
10119;240.75,60.5;288.5,106;355.5,288;356.5,137;83.25,31.5;201.25,222;251.25,291.75;334.5,160.75
33898;240.75,60.5;288.5,106;307.25,290;356.5,137;39.75,29.75;188,173;239,292.5;352.25,191
47624;240.75,60.5;288.5,106;300.25,302.5;356.5,137;80.5,41;164.5,166;260.5,248.75;311,210.75
22316;282.5,26.5;292.75,85.25;303,318;332.5,132.5;80.5,41;202.25,159.75;260.25,247.25;311,210.75
16373;222.25,14.25;252,58.25;272.75,255.75;332.5,132.5;119.75,18.75;202.75,159.75;254.25,255.5;311,210.75
32666;177,42.5;262.75,81.5;280.5,309.25;332.5,132.5;163.25,2.25;202.75,159.75;229.75,229.75;284.25,178.25
50434;171.25,16.5;262.75,81.5;280.5,309.25;332.5,132.5;130.75,23.25;210,100.5;278.25,212.25;309.75,198.25
41161;195.25,72;228,126;305.75,319.25;327,146;130.75,23.25;216.75,95.25;278.25,212.25;330,219.25
40760;176.75,59;235,100.75;357.25,313.75;365.5,192.5;130.75,23.25;216.75,95.25;260.75,174;350.75,168.5
27948;178.25,53.75;265.75,134.25;308,320.25;341.5,210;98,11;219.25,108;260.75,174;350.75,168.5
20605;208,62.5;272,134.25;302.25,302;317.25,260.5;98,11;219.25,108;288.75,122.5;313.5,225.5
12814;169.5,58.75;236.75,124;249.75,316.5;317.25,260.5;92.75,35;219.25,108;318.5,163.75;326.5,242.25
48708;161,104.75;236.75,124;249.5,313.5;363.5,305.25;60.5,92;164.5,151.5;318.5,163.75;326.5,242.25
48690;160.5,106.25;236.75,124;291,320.25;353.5,305;60.5,92;172.75,173.75;325,211.75;347,224
43422;185.5,126.25;277.25,102.25;284.25,318.75;363.75,260.75;63.75,95.75;139,195;325,211.75;347,224
28893;227.25,90;238.25,129.75;251.5,274;363.75,260.75;112.75,104.25;149.75,203.25;327.25,201;347,224
16121;255,116.75;257,111.75;277,263.5;354,214;112.75,104.25;149.75,203.25;352,179.75;358,174
16426;180.25,112;257,111.75;294.75,322;334.25,245.75;126.25,152.25;183.5,191;334.25,206.75;358,174
33899;161,128.75;257,111.75;294.75,322;334.25,245.75;89.5,190.5;129.25,163;316,206.5;317.25,126.25
5161;161,128.75;257,111.75;270.25,323.75;348.5,288.5;81.25,173.75;93.75,153.75;289.5,151;334.5,162
24364;136,128.5;246.25,102.5;310,268.25;349,272.75;81.25,173.75;93.75,153.75;276,89;319,89
7453;97,113.5;286.75,56;307.25,247.5;366.75,319.75;63,208.5;93.75,153.75;276,89;319,89
3897;97,113.5;286.75,56;342.75,230.75;366.75,319.75;40.5,265.75;75.75,201.5;246.75,48;362.25,82.75
38744;97,113.5;273,65.5;356.5,199.75;363.75,315.75;40,266;87,221.75;192.25,40.75;362.25,82.75
47600;135.75,128;293.25,110.75;319.5,143.25;363.75,315.75;40,266;117,199.5;246.5,77;308.25,75.5
28876;135.75,128;293.25,110.75;324.5,113.25;363.75,315.75;43,286.25;148.25,176.5;235.5,121.5;281,36.75
32073;166.25,177.75;263.5,65.75;285.75,167.75;363.75,315.75;16,295.75;148.25,176.5;248.5,133.25;343.25,52.5
31034;183.5,178.25;261,67;293,209;363.75,315.75;4.25,306.5;117.5,196;248.5,133.25;358.75,79.25
41598;183.5,178.25;207.25,78.25;293,209;333.5,280;44,251.5;158.5,202.25;238.75,115.25;324.25,56
32312;136.25,191;188,104.75;293,209;357.25,306.5;44,251.5;114.5,194;205.25,107;338,82.5
46348;136,189.75;220,92.5;293,209;362.5,289.5;40.75,251;82.75,154.25;159,89.25;338,82.5
44977;144.75,224.25;220,92.5;316.75,223.75;322.25,304.25;40.75,251;83.75,199.75;135.25,128.5;311,45
47609;185.5,248.25;208,78;277.5,249;311,263.75;40.75,251;83.75,199.75;118,116.5;282,38
41013;176,229;208,78;235.25,253;304.25,240.5;12.5,282.5;38.25,198.25;93.5,108;282,38
25068;161.25,267.5;183,89.25;292.5,256.75;299,206.5;33,265.75;38.75,198.5;93.5,108;282,38
14144;137.75,226.25;153.75,128.25;292.5,256.75;334.75,151.25;43,274.5;82.75,154.25;94.75,67;282,38
32864;137.75,183;161,129.75;297.5,317.75;334.75,151.25;43,274.5;57.75,107.75;87.75,67.5;312,2.25
49837;120.25,124.75;137.75,183;247.75,291.25;365,187.75;18.5,294.25;29.5,149.5;82.5,71.25;312,2.25
31802;82.5,161.25;145.75,240.25;280.75,244.75;365,187.75;27.25,306;70.5,150;138.25,71.25;312,2.25
16732;89,119.5;97.25,256;275.5,191;365,187.75;18.25,306;84.5,171;120,98.25;312,2.25
10861;83,122.75;87,255;273,130.75;358.75,208.5;18.25,306;111,113.25;170.75,92.75;312,2.25
25725;17,139.25;87,255;218.5,104.5;354,162.5;18.25,273;111,113.25;183.25,84.5;329.25,33.5
29507;33.25,102.75;56,284;212.5,131.75;331.75,120.5;18.25,273;111,113.25;204.25,107.75;333.25,82.5
15303;25.75,94.5;98.75,312;194.25,158.75;369.5,121.75;18.25,273;96.25,66;204.25,107.75;332.75,82.75
34792;33.5,98;39.5,300.75;154.75,127.75;369.5,121.75;18.25,273;56,14;242.75,75.5;363.5,39.75
47682;8,64.25;18.25,308;197.5,100.25;369.5,121.75;28.5,227;56,14;308.25,87.25;336.25,25.25
34841;8,64.25;11,263.75;194.25,102;358,129.5;71.25,251.5;83,20;308.25,87.25;326.75,51.5
15859;12.5,35.75;35.5,315.5;232,71.5;299.25,110.5;21.75,231.5;83,20;308.25,87.25;325.75,48
12200;13.5,5.25;35.5,315.5;232,71.5;290.25,57.5;7.5,240.75;65.25,11.75;268.75,49.5;353.25,68.75
13455;13.5,5.25;35.5,315.5;283.5,53.25;301,52.25;16.25,294;125.75,22.75;253,71.5;367,82
47319;13.5,5.25;27,322.5;271.25,73.25;285.75,24.25;39,317.25;170,2.25;273.25,26.75;367,82
41650;13.5,5.25;82.25,315;199.25,63.5;210.75,33.75;15.5,308.25;119.75,18;220.75,50.5;367,82
8912;51,7.75;98,308.75;160.5,109;211.25,33.5;15.5,308.25;135.75,46.25;211.75,108;367,82
16397;13.75,30.5;97.5,309;192.75,113;212.25,75.25;15.5,308.25;74.25,52.25;251.5,141.5;367,82
4237;49.25,47.75;49.75,295.5;162,79.25;212.25,75.25;31.75,251.25;71.5,33;278.5,192.25;367,82
32007;28.25,17.25;49.75,295.5;111.75,112;162.5,96.25;53.5,274;97.75,78.75;322,160.25;367,82
43371;7.5,43.25;49.75,295.5;153.75,88.75;162.5,96.25;33.75,251.75;70.5,126;309.25,147.25;367,82
15356;7.5,43.25;8.25,241;153.75,88.75;160.5,129.75;3.75,195;21.5,118.25;251.75,129.75;297.25,93.5
32988;7.5,58.25;8.25,241;113,32.5;183,157;21,186.5;57.5,92.25;225.25,184;297.25,93.5
45098;3.75,63.75;8.25,241;110.25,17.25;160.5,124.5;21,186.5;95.25,49.25;224,226.25;275,50.75
37479;3.5,105.75;25.5,183.25;110.25,17.25;207.5,94.5;1.75,151.5;140.25,31.75;224,226.25;258,92.5
3712;6,103.25;49,144.25;86.75,72.25;207.5,94.5;1.75,151.5;116,73.25;210.25,266.25;234,36
13764;17.75,62;50.75,74.25;99,26.25;183.25,156.25;1.75,151.5;116,73.25;186.75,218;242.25,14.25
50251;17.75,62;67.75,109.75;132.5,44.5;136.5,125;1.75,151.5;80.25,25.25;193.5,175;247.5,41
40515;71,75.25;72,85;88,86;172,149.5;1.75,151.5;80.25,25.25;223.25,137.5;247.5,41
38589;30,127.25;38.5,57.5;78,28.25;150,125;1.75,151.5;84.25,53.75;205.75,106;247.5,41
24535;10.25,77.25;37,35.75;103.5,40.75;137,93.25;1.75,151.5;84.25,53.75;205.75,106;262,48.5
42083;20,77.75;37,35.75;139.5,59.5;161.5,58.5;45.75,104.75;53.75,92.5;205.75,106;329,47.25
1554;11.5,142.75;13.5,59.5;139.5,59.5;161.5,58.5;5,69.75;53.25,148.5;168.25,95;296.5,36.5
37531;10.25,145.75;42.25,13;139.5,59.5;198,37.75;18.25,94.75;53.25,148.5;226.25,79;300.25,90.75
30359;19,177.75;44,12;145,35.25;198,37.75;36.75,111.75;37,118.25;242.25,82.75;300.25,90.75
30737;43,144.25;44.5,36;102.25,40.75;198,37.75;37.25,120.5;59,109.25;242.25,82.75;348.25,77.75
21514;83.75,90.75;98,9.25;148.25,89.75;154.5,8.75;30.25,104.75;59,109.25;242.25,82.75;348.25,77.75
1745;91.25,99.5;98,9.25;109.25,72.75;157,34.25;31,75.25;59,109.25;254,133.75;337.75,65.5
19120;26.5,95;77.75,21;109.25,72.75;174.5,58.75;31,75.25;58.75,108.75;203.5,173.5;327,34.5
25539;33,105.5;50.75,48.75;131,102.5;163,101.75;31,75.25;58.75,108.75;262.25,173.5;327,34.5
5572;15.25,62.75;35.5,65.75;131,102.5;175.25,108.5;11,30.5;49.5,133.5;235,121.5;327,34.5
7092;0.25,82.75;65.75,29.75;110.75,162.25;111.75,107;20.75,50;49.5,133.5;235,121.5;327,34.5
20139;38,104;55.5,6.5;128,201.5;163,129.25;1.25,5.25;3.5,156.5;235,121.5;327,34.5
45644;23,152.75;50,44.75;59,170.25;160,58.25;1.25,5.25;3.5,156.5;292.5,149.25;327,34.5
33828;1,107.75;73.25,64.5;77.5,125;177,16;18.75,19;43.5,112.5;292.5,149.25;327,34.5
9943;20,108;71.5,88.5;94,149.75;181,37.75;19,70.5;90.75,107.75;292.5,149.25;327,34.5
3079;20,108;90.5,64;143,126.5;247.5,20.75;24.5,54.75;33.5,79.75;292.5,149.25;326.75,33.5
28362;20,108;90.5,64;169.25,163;248,19.75;20.5,43.5;36.25,40.75;302.25,202.25;319.5,2.25
14540;20,108;89,26.25;144,117.5;243.75,75.75;13.25,3;36.25,40.75;245.25,179.75;354,16
36967;16.5,64.25;32.75,56.25;160,59.75;267.5,90.75;13.25,3;36.5,44.5;202.25,172.75;354,16
39587;46.5,16.25;83,21.25;131.25,30;301.5,57;13.25,3;36,44.5;250.75,185;354,16
22396;56.75,33.25;75.75,85.5;116.5,55;229.75,54.75;13.25,3;60,14;250.75,185;334,82.25
13897;7.25,41.75;37,38.5;58.75,56.5;217.75,4.5;13.25,3;60,14;250.75,185;328,128.5
39472;54.25,17.75;72,98.25;88.5,120.5;229,54.25;13.25,3;61.75,41.25;250.75,185;341.75,171.5
22971;30.75,57.5;73.5,161.75;86.5,118.5;283.5,26;13.25,3;61.75,41.25;231.75,183.5;300.25,134
44835;49,30;68,222.25;75.5,176.25;283.5,26;13.25,3;64,42.25;202.75,173;350,151
631;51.5,44.25;52.75,188.25;116.25,144;235.5,46.25;13.25,3;64,42.25;248.75,132.75;329.5,205.75
20559;51.5,44.25;55.75,191.25;115,200.25;186,48;13.25,3;29.5,39.75;221.75,177.25;304.5,237.5
28072;16,62.25;44,253;65.5,217.75;186,48;13.25,3;38.5,79.25;278.25,209.25;299.5,207.75
48090;10.25,78.25;10.25,273.75;65.5,217.75;163,52.75;13.25,3;26.5,91.75;278.25,209.25;315.25,254.5
37664;10.25,78.25;24.25,300.25;113.75,225.5;197.5,6;13.25,3;45.75,80;243.5,196.5;365.25,234.25
45534;50,122.5;73.5,307.75;86.75,228.25;255.25,26.5;13.25,3;45.75,80;227,246.25;365.25,234.25
20179;50,122.5;73.5,307.75;86.75,228.25;286.25,71.25;20.5,42.25;44.75,78.75;269,272.25;318.5,211.25
34966;23,153.25;50.75,299;64.25,268;283.25,77.5;20.5,69;74,20.5;269,272.25;318.5,211.25
38354;2.5,102.75;34,309.75;48.75,305.5;283.25,77.5;20.5,69;112.75,41;269,272.25;360,165.25
49642;2.5,102.75;34,309.75;96.75,310.25;283.25,77.5;47.5,79.25;142,88.5;241.75,309.25;343.5,216.75
12803;5.75,67.75;75.5,256.75;140.25,288;334,29.5;47.5,79.25;142,88.5;241.75,309.25;350,152
49075;27.75,42.25;75.5,256.75;126.25,235.25;334,29.5;52.75,79.5;133,133.25;220.5,274.25;344.75,184.25
35761;56.25,4.25;75.5,256.75;126.25,235.25;334,29.5;40.5,23.5;127.5,127.75;220.25,248.5;313.5,149.75
25356;69.75,26.75;86.5,280;156.75,223;334,29.5;86.25,24.75;110,152.75;220.25,248.5;340,184.25
44102;93,67;114.75,311;154.75,256;305.25,67.75;92.75,65.75;110,152.75;200,275.5;340,184.25
19720;93,67;114.75,311;119.5,234.75;305.25,67.75;119.5,23;119.75,93;244.5,320;345.75,145.25
26835;74.25,41.25;103,314.25;135.75,228;291.25,52;119.5,23;154,89.25;244.5,320;311.25,162
469;44,68.75;147.25,296.75;164.5,291.25;291.25,52;163.5,38.5;184.25,40.25;244.5,320;285,197
26368;7,103.75;105,283.5;216,275;291.25,52;158.75,51;216.25,21.25;243.5,318.75;285,197
42418;7,103.75;92.5,255.75;207,310.5;291.25,52;134.5,71.75;215.25,21.25;275.25,295;283.25,203.75
49997;7,103.75;72.25,210.25;166,295.25;334.5,46.75;121.5,113.75;187,5.25;225,272;283.25,203.75
8586;3,106.25;70,202.75;131.75,280.25;306.5,101.75;171.25,92.5;187,5.25;255.25,291.5;283.25,203.75
8344;46.75,125;90,265.5;96.75,249.5;324.75,41.25;171.25,92.5;187,5.25;256.75,288.75;257,143.5
44067;37,119.25;90,265.5;96.75,249.5;333,29;159.5,143.75;164,49;223.25,279.5;223.75,140.5
34056;57.25,95.75;73,257;115.25,300.5;291,56;133.25,196.25;164,49;223.25,279.5;224.25,140.75
24439;44.75,140;62,231.25;82.5,249.25;291,56;90.75,244;153.25,90.5;184,321.5;224.25,140.75
6173;44.75,140;48.5,229.75;92.75,238.25;292,56;137.5,228.5;195,85;200.5,317.75;224.25,140.75
3732;31,101;64,184;91.5,294.75;333,14;137.5,228.5;176,40.5;200.5,317.75;224.25,140.75
25127;31,113.75;63.5,229.5;143.75,259.25;299.25,33.5;134.25,266.5;176,40.5;200.5,317.75;215,207.75
37000;5.75,90;87.5,176.75;185,288.75;303.75,67;151.5,256.25;176,40.5;178,318.5;215,207.75
46764;14.5,116.75;35,204.25;214,259;294.5,125.5;151.5,256.25;176,40.5;203.75,305.5;215,207.75
3758;29.5,122.25;67.5,209.75;165.25,225.25;259.75,94.75;131.5,288.25;176,40.5;184,276.25;215,207.75
50334;44,122;48,176.25;171,265.75;308.75,94.25;131.5,288.25;176,40.5;201,223.25;236,251.75
40185;59.5,74.75;90.75,188;163,223;310.75,111.25;131.5,288.25;162.5,17.75;196,213.75;236,251.75
3683;59.5,70.25;90.75,188;163,223;266.25,137.75;70.5,286.75;183.75,52.25;197.75,176.5;256.25,310.25
11216;63,114.25;68.75,209.75;172.5,189.75;278,105.25;70.5,286.75;168.75,87.25;197.75,176.5;241,309.75
503;8.5,110.5;98.75,206.5;146,241;263.5,153.75;120.25,308.5;159,90.5;197.75,176.5;241,309.75
47754;20.75,170.25;147.25,195.25;176,191.75;264.75,143.5;119,274.25;122,73;197.75,176.5;241,309.75
44388;71.5,200;146.75,223;169.5,161;326.5,119.25;81.25,314.5;122,73;197.75,176.5;241,309.75
19618;71.5,200;169.5,278.25;213.5,155.25;334.75,117.75;98,281;119,78.75;197.75,176.5;218,314.25
28061;70.5,176;214.5,291.25;239.5,198.25;334.75,117.75;122.25,217.75;140.5,56;144.75,223;218,314.25
34013;70.5,176;189.25,251;259.25,227.25;345.5,113;122.25,217.75;159.5,52;167.5,241.5;186.75,304.25
28561;70.5,176;188.75,250.75;259.25,227.25;311.5,70;109.5,274.25;129.25,104.75;169.5,302.25;176,305.25
3203;71.25,184.5;225,294.25;259.25,227.25;332,119.75;55.5,309.25;129.25,104.75;191.5,264.25;235.5,300.25
27122;55,179.5;253.75,277;280.25,261.75;321.25,125.25;12.25,291.5;129.25,104.75;191.5,264.25;226.5,321.5
10532;75.5,228.25;247.5,297.75;268.25,244.75;274.5,95.25;12.25,291.5;160.75,82.25;195,247.5;226.5,321.5
30658;75.5,228.25;244.75,294.25;283.5,309.75;303,37.5;12.25,291.5;160.75,51.5;165.75,188.5;227.5,321.5
7761;83,299.5;174.75,269.75;225.75,316.25;283.75,54;12.25,291.5;160.75,51.5;169,189.25;176.25,270.25
8767;65.75,281.25;174.5,212.5;286.25,322.25;296,2;12.25,291.5;160.75,51.5;169,189.25;188.25,249.5
31821;83.5,286.5;113.5,220;229.5,277.5;292.5,13.5;12.25,291.5;111.5,81.25;169,189.25;248.5,253.25
46682;83.5,286.5;145,259.5;211.75,226;289.5,20.25;12.25,291.5;92.25,34.75;141.25,189.25;266.25,249.25
12147;78,233.25;145,259.5;211.75,226;277,2.75;55,297;106.5,19.25;172.75,173.75;284.75,276.5
33544;95.25,202.75;119.25,243.5;261.5,237.25;295.75,52.25;23.5,285;106.5,19.25;172.75,173.75;318,288.75
48450;81.75,197.25;96,284.5;266.75,244.25;295.75,52.25;23.5,285;79.25,12.5;149,179.25;317,288.25
34430;81.75,197.25;85.5,322;264.25,309;325.75,17.75;23.5,285;133.25,21.25;153,225.75;318.75,241
18163;52,226.5;85.5,322;264.25,309;288.5,75;60.25,273.75;187.75,32;196.5,178.25;353,300.25
29599;24.5,198.5;57,317.25;306.5,315.25;314.25,94.5;60.25,273.75;187.75,32;232.75,150.5;353,300.25
38010;35,189.75;44.5,284.25;259.25,313;314.25,94.5;40.5,294.5;152,49.25;219.5,165.75;353,300.25
26277;33.5,222;42.5,257;265.75,321.5;292.75,102.25;40.5,294.5;196,68.25;219.5,165.75;310.5,312.25
10659;45.25,276;49,241.25;265.75,321.5;299.25,142.25;35.25,254;196,68.25;238.5,176;297.25,257.5
20414;53.75,276;97.75,255;265.75,321.5;299,114.25;35.25,254;164.25,96;256.5,233.25;286.75,260.75
30395;2.75,297.25;44.5,241.5;277.25,283.5;287,102.75;35.25,254;164.25,96;256,233.25;256,308.25
44458;2.75,297.25;35.5,206.25;319.25,313.25;338.25,104.25;35.25,254;164.25,96;224,227.75;276.5,294.5
23381;1,272;5,258.25;282.75,320;360,137.5;65.25,289.75;183.75,99;224,227.75;276.5,294.5
39035;5,258.25;10.25,267.25;314.75,263.5;323.75,152.75;64.75,290.25;183.75,99;232.75,258.25;314,244.5
13986;4.25,195.5;40.5,306;315.25,243.25;328,140.25;64.75,290.25;183.75,99;237.75,239.5;297.5,284.5
22171;4.25,196.5;18.75,308.5;301.25,221;328,140.25;64.75,290.25;201.75,85.25;231.25,191.25;361.25,276
31794;29.5,171;53.5,276.75;301.25,221;303,158.25;23.5,308.5;201.75,85.25;214.25,183.5;318,288.75
47284;31,111;54.75,277.25;301.25,221;365,166.75;20,308.25;178,32;214.25,183.5;363,245.25
38191;9.25,80.5;68,287;301.25,221;364.5,122.25;28,242.25;176.75,30.25;214.25,183.5;354.5,262.75
32519;14,47;68,287;290.75,175.5;331.25,154.5;11.5,202.25;177.5,7.25;230,158;354.5,262.75
32290;68.75,23.75;83,243.5;240,168.25;313.75,140.75;11.5,202.25;158.75,12;228,159;354.5,262.75
17560;68.75,23.75;81.5,298;243.25,192;270.75,150.25;11.5,202.25;144.25,4.75;221.25,204.75;355,288.75
18691;69.5,70;113.25,251.25;250,245;252,183.25;37.5,197.25;144.25,4.75;196.75,175.75;355,288.75
30620;71.75,32;136,214;245,248.5;252,219.5;37.25,198.5;144.25,4.75;196.75,175.75;353,308.75
13114;109.75,77.75;136,214;222.75,217.75;261,178.5;37.25,198.5;180.75,48.25;188.25,239.25;354.5,269.25
7750;55,69.5;83.5,223;222.75,217.75;300,211.5;80,221.75;146.5,88;188.25,239.25;329.25,320.5
7170;86.75,94;89.75,181.5;222.75,217.75;339,217.75;133.75,227.75;146.5,88;154.75,199.75;338.5,309
27756;71,67;89.75,181.5;212,230.75;318.75,208;140.75,222.25;146.5,88;156,254.75;352.5,296.25
40708;74.75,85.5;131.75,171;180.5,202.75;318.75,208;126.5,274.75;146.5,88;164,258.25;327.75,320
36582;102.25,58.75;131.75,171;170.25,220.25;355.25,172.75;127.25,309.5;144,88.75;176.5,233;327.75,320
40351;49.5,45.75;131.75,171;209.25,186.25;355.25,172.75;113.5,258;173,36;188.25,255.25;283.75,305
37124;29.5,99.5;143.5,125;260.25,173.75;339,210;113.5,258;173,36;198.75,275.5;256,309.5
5130;46.5,123;139.5,78.75;293,132.25;364.25,241.75;149.25,222.75;173,36;198.75,275.5;309.75,297.5
43177;17.5,127.5;157.25,81;284,173;364.25,241.75;149.25,222.75;188.5,5.25;244.25,253.5;341.75,257.5
30553;15.75,126;110,46.5;301.75,189.25;354.5,240;149.25,222.75;188.5,5.25;271.25,218.75;316.25,237.25
48628;15.75,126;97.5,26.25;301.75,189.25;361.75,279.25;99,262.25;199.75,66.25;242,274.5;268.75,248.25
31873;9.5,103.75;97.5,26.25;265,179.25;303,256.75;47.25,272.75;148.25,42.5;228.5,283.25;268.75,248.25
20131;9.5,103.75;154.25,29.25;265,179.25;303,256.75;66.5,271;171.75,52;200,322.25;230.75,284.75
34709;11,102.75;203,7.75;265,179.25;301.25,317.75;81.5,212;161.5,30.25;200,322.25;287.25,286.25
35793;0.25,85.5;199.75,15.5;240.25,170.75;274.75,286.75;104,183.5;159.5,26;200,322.25;287.25,286.25
5852;18.75,62.25;197.75,73;240.25,170.75;280.75,290.5;137,152.75;167.5,56.25;245.75,315.25;287.25,286.25
25271;18.75,62.25;237,74.25;270.25,165.5;270.25,242.5;136.5,152.75;167.5,56.25;288.25,301.5;307.25,303.5
10161;18.75,62.25;219.75,29;270.25,165.5;306.5,207.5;98.5,189;167,55.75;305.5,305.25;322.75,314
6510;54.75,58;219.75,29;294.5,112.75;306.5,207.5;101,231.25;114,69.25;260.75,287.75;322.25,260.75
8346;56,76.25;219.75,29;280,70.25;329.25,165.25;99,262;114,69.25;231,264.75;314.75,276.75
46727;56,76.25;273,32;277,34;364,195.75;106,317.75;114,69.25;244.75,315.5;262.75,269.25
17695;86.5,115.75;214.5,17;249,45.5;325.75,197;106,317.75;114,69.25;263.5,317.75;281.75,304.5
18582;116.5,150.5;214.5,17;274.5,66.25;366.25,208;108.5,319.25;114,69.25;315.5,313.25;321.25,302
10007;187.75,155.75;271,17.5;336.5,57.75;366.25,208;94,281.25;95.5,26.25;312,315.75;321.25,302
4870;157.75,158;275,18.5;330.25,47;366.25,208;29.5,307.75;95.5,26.25;320.75,312;358.75,279
4141;136,224.5;341.25,20.5;349.75,33.25;366.25,208;84.25,301.25;115.75,38;320.75,312;358,285.5
34684;103.25,165.25;341.25,20.5;349.75,33.25;366.25,208;33.25,252.75;189.25,3;246.5,309.75;354,293.75
40904;101.25,163;340.25,107.75;344.5,89;364.5,262;11.5,279.25;189.25,3;247.75,310.5;354,293.75
28217;85,159.75;302.75,64;307.25,132.25;362.75,264.25;11.5,279.25;189.25,3;221.5,284.75;356.75,287.75
23304;136.25,192;245.75,69.75;319.25,162.25;354,260.75;11.5,279.25;189.25,3;221.5,284.75;313,314.25
16904;96,164.5;196.25,84;300.75,153.75;355,242.25;11.5,279.25;212.5,26.75;221.5,284.75;312,315.75
39509;85,206.25;163.75,48;291,133.75;332.25,269.75;33.25,254.25;212.5,26.75;223.5,319;312,315.75
16528;55,170.25;169,50.5;319,105.25;360.25,279.25;10.75,310.5;170.5,52.75;223.5,319;312,315.75
25444;4,158.5;214.25,81.75;360,127.75;360.25,279.25;29.25,291.5;170.5,52.75;264.75,269.25;334.5,276.25
9393;28.5,171;191.5,50;290.5,133;360.25,279.25;29.25,291.5;161.75,82.25;199,244;323.25,320
34996;25.5,178;143,75.75;255,157.75;360.25,279.25;9,271.5;160.75,80.75;189,223.75;323.25,320
42917;2.25,177;118,47.5;249.75,193.75;354.75,288.5;9,271.5;160.25,65.75;186.75,197;323.25,320
25;2.25,177;80,90.5;209.5,196.5;322.5,293.5;24.25,254.5;160.25,65.75;201.25,176;353.5,289.75
3307;31.5,157.25;112.75,121.75;248.25,246.75;322.5,293.5;63.75,265.75;160.25,65.75;192.75,239.25;292.75,280.75
42367;31.5,157.25;112.75,121.75;215.75,259;322.5,293.5;11,244;114,96.75;222.25,204.75;295,216.5
16031;76.5,176.75;108.75,84.5;245,246;322.5,293.5;59.25,223;114,96.75;228.5,150.5;310.5,210.75
26088;76.5,176.75;108.75,84.5;198.75,277;322.5,293.5;60,201.5;149.5,57;263.75,143;273.5,167
24616;24.5,190.75;148.25,118.75;204.25,294.25;352,308.25;60,201.5;149.5,57;243.75,121.75;273.5,167
5966;24.5,190.75;135.25,82.25;144,305.5;300.75,322.5;63.25,215.5;206.25,39.75;230.5,132.5;273.5,167
997;65,187;128.5,29.75;144,305.5;300.75,322.5;43,264.5;189.5,20.25;192,164;230.25,200.75
41814;51,243;141,9.5;144,305.5;300.75,322.5;84.25,283.75;133.25,22.75;163.25,105.25;230.75,201.5
11398;15.75,265;111.75,34.25;144,305.5;292.5,319.5;56.5,290.25;133.25,22.75;205.75,150;217,199.25
18451;15,307.5;65,24;96,283.75;301.75,302.75;88,313.75;133.25,22.75;205.75,150;217,199.25
22565;31,241.25;65,24;94,298.5;243.5,294;111.25,323.5;133.25,22.75;138.25,198;175,237.5
1050;12.5,176.5;65.5,16.75;126.25,239.5;277.25,311.5;57,295.5;133.25,22.75;138.25,198;179.25,267.25
31953;25.5,139.25;102.5,5.25;173.25,232;277.25,311.5;87.25,269.25;129.25,21;138.25,198;179,266
27257;61.75,127.5;102.5,5.25;178.25,233.75;277.25,311.5;82.75,317;120.5,38.5;128.5,195.5;179,303.75
34786;33.5,158.75;107.5,44.75;168.5,185.25;302,289.25;82.75,317;89.5,34.75;128.5,195.5;221.5,315.25
15450;33.5,158.75;154.25,42.5;217,204.5;264.25,241.5;38.5,296.5;125.5,60.25;149.75,179.25;221.5,315.25
14585;33,166.25;155.25,7.75;217,204.5;289.75,293.75;2.75,307.25;72.75,42.25;150.25,179;221.5,315.25
355;38,102.75;92.75,3.75;217,204.5;294.25,244;36.25,317.25;81,20.5;196.75,175.75;221.5,315.25
29631;38,102.75;75,23;251.5,210.5;336,269.75;36.25,317.25;142.75,31.25;183.25,166;255.5,268.75
1975;68.75,110.25;74.75,22.5;293.75,190.25;312.5,311.5;5.25,318;109,8;183.25,166;255.5,268.75
30596;57.75,176.25;74.75,22.5;256,156;269.75,288.5;5.25,318;141.25,58.25;213,151.75;274.75,216
33206;108.75,163.25;110,35.5;236.5,111.5;293.5,322.5;5.25,318;164.75,114;213,151.75;233.25,268.25
8222;112.25,107.5;115.5,85.25;259.25,134.75;282,317.25;18.25,311;168,48.75;213,151.75;233.25,268.25
26858;72.5,88;115.75,86;259.25,134.75;282,317.25;33.25,251.75;118.75,81.5;174,90;255.25,263.25
7577;72.5,88;131,29.75;219.25,84.75;282,317.25;22.75,210.25;76.75,33.25;212,86.5;224.5,313.25
35470;56.5,147.25;143,35.25;273.75,66.5;285.25,318.25;22.75,210.25;112.75,14.5;220.75,37;224.5,313.25
39785;56.5,181.25;175,49;273.75,66.5;285.25,318.25;23.75,229.5;159.5,49.5;174,7.75;228.75,255.5
34547;68.5,170.25;243.5,45.5;271.5,56.5;294.75,262.75;23.75,229.5;99.75,65.75;174,7.75;263.75,290.5
7469;29.75,145.75;243.5,45.5;271.5,56.5;294.75,262.75;20,253.75;88,71.75;138.75,60.25;250,247.5
14737;18,177.25;201,69.25;252,72.75;301.25,257;20,253.75;71.75,21;113.75,115.5;250,247.5
28467;54.75,159.5;166.5,52.25;260,122.5;280.5,230.25;20,253.75;86.25,14.75;113.75,115.5;253.75,221.25
1707;97.5,151.5;166.5,52.25;268.5,133.25;275,229.75;20,253.75;53.25,35.25;144,147;226,193.25
42520;62.75,121;166.5,52.25;268.5,133.25;275,229.75;10.5,244;62.75,35.75;111.75,127.25;282.25,176.25
50150;28.5,118.25;140.75,98.5;262.25,85.5;275,229.75;10.5,244;24.25,15.5;89.5,170.25;270.5,170
37489;29.5,177.75;140.75,98.5;270.75,24;279.5,245.5;23.5,284.5;49,48.75;102.75,124.75;270.5,170
44167;29.5,177.75;183.75,112.75;270.75,24;279.5,245.5;7.25,310.75;46.25,48.75;120.25,158.5;323.25,160.5
46555;72.25,165.5;130,96.75;264,94.75;279.5,245.5;34.25,252.75;47.25,33.5;120.25,158.5;287.25,221
22570;66.75,120.25;81,65;293.25,56.25;301.75,302;19.75,310.75;47.25,33.5;120.25,158.5;287.25,221
44941;82.75,75.25;93.25,85.25;293.25,55.25;301.75,302;18.75,254.75;47.25,33.5;138.5,197;257.25,239
30316;82.75,75.25;93.25,85.25;256.25,64;301.75,302;38.75,290;46.75,52.25;153.5,254.25;222.75,212.75
20244;49.75,74.25;93.25,85.25;260.5,110.25;294.75,318;38.25,293;46.75,52.25;150.5,247.75;176,214.75
25432;52,49.25;83,27;247,116.5;248.5,283.25;38.25,293;46.75,52.25;176,214.75;192,277
20115;38,66.75;95.5,59;247,116.5;302,317.25;38.25,293;108,78;220.5,223.25;225.75,290.25
7317;15.25,43.25;62.25,74.75;250.25,66;302,317.25;90,284.25;108,78;226.75,266;246.75,237.25
2030;5.5,75.25;110.25,81.25;256,18;310.75,319.75;38.25,308.25;108,78;239,294;246.75,237.25
21825;44.5,47.75;114.25,43.25;272.5,32.5;303,319.75;55.75,269.5;108,78;239,294;246.75,236.25
25229;25.5,64.25;132,77;272.5,32.5;303,304.25;34.75,251.5;114.75,78.75;184,306.25;246.75,236.25
16252;9.25,42.25;132,77;300,33.5;309.5,317.25;34.75,251.5;151.75,115.75;171.75,288.5;228.5,201
37956;9.25,42.25;94.75,128.75;302.75,71.75;357,289.5;45.75,247.5;159.75,125.25;164.75,258.25;228.5,201
13291;29.5,91;42,122;270.75,70.5;308.5,293.25;28.25,301.75;159.75,125.25;164.75,258.25;250.5,206
27131;38.75,135.75;105.25,123.75;288.25,70.75;308.5,293.25;79,284.25;139.25,106.75;161,302.25;250.5,206
23524;44.5,113.25;108.25,154.75;272,17.5;288.5,235.25;79,284.25;135.25,132;141.75,286.25;250.5,206
49786;44,113.5;108.25,154.75;219.5,36;312.5,226.75;79.25,287.75;135.25,132;190.25,306.75;194.75,181.25
50012;64.25,84;129.75,201;280.75,33;312.5,226.75;59,295.5;135.25,132;170.75,302.25;188.75,165
23513;0.25,81.75;122,236.5;271.5,19;278.5,180;63,295.25;104.75,102.5;170.75,302.25;188.75,165
3964;5.25,32.5;99.75,255;271.5,19;278.5,180;93,314;108.5,77.5;145.75,281.75;213.75,146.75
40942;20,41.75;61.5,217.5;271.5,19;278.5,180;88,315;126,113.75;130.25,286.75;175.25,153
28852;3,24.5;61.5,217.5;216.75,56.5;303,152;88,315;142.75,117.25;186,289.25;204.75,95.75
41546;5.75,5.75;107.5,230.25;165.75,36.5;303,152;88,315;123.75,103.5;176.25,300.25;204.75,95.75
40526;5.75,5.75;162.25,233.25;213,11.25;301.75,189.25;111.5,324.25;117.25,99;176.25,300.25;230.25,94.5
42067;17.75,62.5;184.75,255;250,3.25;264.5,178;111.5,324.25;117.25,99;176.25,300.25;229.5,157
32569;16.5,75.75;158.5,312.75;226.25,22.25;273.25,164.75;102,269.5;117.25,99;176.25,300.25;229.5,157
10900;51.25,30.25;170,293.75;180.75,42.75;282.75,167.25;89.75,235.75;117.25,99;175.25,304.75;229.5,157
18898;24.5,75;126.25,267.75;128.75,56;272.75,196;89.75,235.75;151.75,50.25;160.25,298.5;229.5,157
14011;24.5,75;80.25,300.75;102.5,13.5;287.25,231.25;146.5,236.25;169.5,105.25;195,305;229.5,157
24518;47.75,99.25;63.5,304.75;102.5,13.5;293.75,167.25;96.25,201;141.5,79.75;182.5,289;229.5,157
37001;27,122.25;49.75,308.5;78,69.5;316,115.75;96.25,201;141.5,79.75;197.25,259;215.25,182.25
16038;52.5,170.25;54.75,280;74.5,36.5;273.75,86.25;96.25,201;141.5,79.75;260.75,249.25;269,180
23177;57.5,229.75;60.25,272.25;60.75,6;273.75,86.25;82.75,232;141.5,79.75;223.25,220;270.25,178.25
10888;40.5,238.5;52.5,241;108.25,19.5;261.25,120.25;128.5,197;141.5,79.75;223.25,220;270.25,178.25
40442;44.5,239;89.5,274.25;143.5,33.5;249.5,163.25;112,217.75;141.5,79.75;175.75,241.5;270.25,178.25
8877;44.5,239;89.5,274.25;143.5,33.5;211.75,127.5;66.5,210.5;113,57.5;193.75,244;301.25,197.75
27780;77.5,222;133.75,242.5;155.25,59;212.25,180.25;56.5,252.25;113,57.5;193.75,244;279.75,245.5
6699;77.5,222;119.25,275.25;155.25,59;208.25,168;63.5,248.5;95.75,107;213,255;232.25,251.75
21516;71,178;119.25,275.25;139,55.75;225,144.75;11,244.5;87.25,131;164.75,226;232.25,251.75
4878;25.5,177.75;119.25,275.25;179.5,82.25;229.5,85.25;30.75,252;87.25,131;189.5,173.25;266,218.75
44957;9,164.5;138.5,238.75;184.75,114;272,71.25;40.75,292;103,136.75;189.5,173.25;266,218.75
34763;50.25,157.5;117.25,213.5;184,72.25;283.5,53.75;40.75,292;103,136.75;213.25,190.5;287.5,187
11670;100,162.5;117.25,213.5;184,72.25;283.5,53.75;82.75,314.5;125.25,106.25;223.25,199;337,195.5
1721;89.75,195.75;141.75,187.25;184,72.25;300.75,33.5;39,312.25;125.25,106.25;219.5,150;314.5,160.25
2201;95.75,178;138.25,224.75;183.5,72.75;344.25,9.75;17.75,294.75;125.25,106.25;256.25,132.25;314.5,160.25
47224;51.25,201;125.5,204.5;238,70.25;344.25,9.75;9.75,295.5;108.75,119.75;224,85.5;314.5,160.25
42923;62.25,175.25;131.75,168.5;252,81.5;344.5,2.5;6.5,293;108.75,119.75;204.5,46.5;314.5,160.25
47888;90,173;114.25,175.25;273.25,43;344.5,2.5;44.25,307.75;69.5,79;204.5,46.5;339.25,150.25
18498;90,173;114.25,174.25;273.25,43;320.75,37.5;30.5,279.75;73.5,58.75;162.75,55.25;316.75,132
47075;96.25,189.75;140.5,227.25;331.25,37.75;337.25,21.5;37.25,293.5;73.5,58.75;162.75,55.25;273.5,91.25
19887;94.25,178;140.5,227.25;273.75,60;320.25,58;62.75,249;73.5,58.75;184,96.5;249.75,120.75
30031;115.5,222.5;173.75,225.5;294.25,8.5;320.25,58;32.25,214;58.5,15;222.75,62.75;249.75,120.75
30391;134,216;154.25,267;294.25,8.5;311.25,111.5;32.25,214;68.75,11.75;234.5,70.75;299.75,136.5
40527;95.25,177.75;190,280;241.25,21.25;267,104.75;32.25,214;68.75,11.75;225.5,113.75;294,186.25
1517;95.25,177.75;172.25,309.5;191,6.75;267,104.75;78.25,185.5;95.25,8.5;229,110.75;324.5,139.75
27665;115.25,126;172.25,309.5;191,6.75;287.5,85;18.75,207.25;87.5,47.75;246.75,164.75;359.75,187
16836;115.25,126;203,296.25;212.5,11.25;303.25,67;10.5,155;88.25,48.25;270.75,215;359.75,187
2549;92.5,98.5;180,267.75;212.5,11.25;316.25,30;10.5,155;65.75,9.75;315.75,226.75;358.5,155
30912;121,150.5;171,226.75;212,11.5;288,73.5;16.25,203.75;88,24.75;315.75,226.75;358.5,155
39328;66.5,136.75;154.5,194;266.75,0.5;330,99;48.25,142;88,24.75;277.25,178.25;358.5,155
6754;75,176.25;162.75,150.5;273.75,24.5;302,115.75;48.25,142;111.5,12;277.25,178.25;334.75,133.5
46288;75,176.25;162.75,150.5;252.75,36.5;302,115.75;77.75,160.5;89,21.5;223.5,159.75;330,161.5
524;100.75,188.25;145.75,185;249.5,23;290.5,158.5;77.75,160.5;82.5,72.75;243.25,164.25;330,161.5
36152;100.75,188.25;158.75,159.5;274,60.5;290.5,158.5;75.75,214.75;102.75,67.25;184.25,176.75;360.75,141
21275;95,161.5;126,207;253.25,108.5;292.75,211;75.75,214.75;142.25,90.75;153.25,160.75;360.75,141
12152;95,161.5;126,207;228,102.75;292.75,211;119,252;142.25,91;194.25,176.5;355,165.5
34261;62.5,145.25;156.5,243.75;195.25,61.75;292.75,211;125.5,197;142.25,91;203.75,173;320,149
42849;117.5,138.5;133,284;195.25,61.75;292.75,211;142.25,169.5;168.5,88.75;192.5,161;319,148
41383;117.5,138.5;145.25,300.5;178,17.75;279.5,190.75;142.25,169.5;191,84;230.5,124;331,137
46800;117.5,138.5;125.75,292;200.25,63.25;279.5,190.75;92.5,170.25;184.25,25.75;212.75,186.5;273.5,169.5
21734;107.75,128;125.75,292;209.5,81.5;276.75,213.5;92.5,170.25;203.5,68;250.75,175.75;261.5,143.5
16634;107.75,128;109.5,241.25;156.5,88.75;225.5,231;92.5,170.25;212.5,45.25;242,121.5;266.25,84.25
29223;107.75,128;124.25,266;181,78.5;215,218;127,129.75;212.5,45.25;241.75,75.5;309.25,121.75
17712;130.75,175;160.5,296.5;212.5,132.5;237.25,208.5;127,129.75;212.25,45.75;241.75,75.5;355.5,148
14845;73.5,141.5;160.5,296.5;164,111.25;222.75,236;95.25,180;212.25,45.75;299.5,114.5;341.25,141.25
24505;48.75,124;123,258.75;133.5,128.75;242,255.25;76.5,169.25;212.25,45.75;299.5,114.5;359.75,148.75
9119;17.5,126;141,313.25;142.5,90.5;221.25,225.25;76.5,169.25;197,97.5;299.5,114.5;359.75,148.75
38031;8.25,82.5;138.25,317.5;151.5,48.5;259.75,244;34,198;197,97.5;265.5,145.25;359.75,148.75
20651;36,107;120,271.5;151.5,48.5;307.25,243;16.75,250.25;257.5,82.75;265.5,145.25;358.5,175.5
37287;91,85.25;148,297.75;185.75,9.75;252.5,248.5;65.75,247;260.75,79.75;265.5,145.25;358.5,175.5
37484;77.5,41;134,244.75;146,35.25;280.25,219.75;18.75,215.75;224.5,108;265.5,145.25;358.5,175.5
10979;82.25,21.5;117.25,274.25;146,35.25;271,256.75;19.5,271.5;224.5,108;270,202;316.5,211.75
27592;82.25,21.5;102.25,228.5;146,35.25;232.5,282;38.75,318;161.5,92.75;308.75,204.25;320,244.25
35162;29.75,21.25;110.25,166.75;162.5,102.75;232.5,282;38.75,318;118.5,113.25;322.25,163.25;334.5,223.5
30960;71.75,45;160.75,149.5;176.25,85;232.5,282;38.75,318;119,114;280.25,184.25;327,288.75
1577;13.25,50.5;145,125.25;155.5,33.5;250.5,218.75;40.25,323;119,114;280.25,184.25;361,262.25
40711;2.75,70.25;137.5,156.25;162.25,38.25;241.75,199.75;40.25,323;119,114;245.5,198.75;298.75,278
11244;39.5,58;112.5,104;198.5,6;241.75,199.75;40.25,323;113.5,117.25;241.5,230;269.5,282.75
32330;89.5,78;89.75,64;174.5,37.75;212,195.5;40.25,323.5;113.5,117.25;230.5,193.25;269.5,282.75
3072;118.5,73.5;141.75,62;178.25,18;206,176.75;40.25,323.5;169.5,105;231.5,149.5;269.5,282.75
32858;53.25,98.75;141.75,62;178.25,18;232.5,126.5;92.5,282.25;157.5,147;192.5,197;199.75,257.25
31629;18.75,63.25;112.75,20.5;147,19.25;254,92.25;129.5,281;157.5,147;192.5,197;199.75,257.25
48694;3,76.25;94.5,58.5;131,43;259,40.25;106.25,268.25;157.5,147;192.5,197;210,260.5
35170;61.25,58.25;74.5,36.5;131,43;259,40.25;158.75,223.5;176.25,196.5;180.25,152.25;250,247
31915;33.5,17.75;76,6.25;131,43;259,40.25;143,240.75;176,231.25;193.75,173.75;278.75,263
19779;33.5,17.75;76,6.25;132,43.25;269.5,103.5;142,223.75;170,222;220,135;232,264.75
494;20.25,62.75;54.5,16.25;118,49;302.5,55.75;126.5,229.5;170,222;213.25,91.75;232,264.75
7152;20.25,62.75;54.5,16.25;125,29.75;347.75,100.75;110.75,293;191.75,163;228,49.5;282.25,304.25
2811;4.75,28.25;74.25,89;112,62.75;347.75,100.75;110.75,293;163.5,164.5;191.75,95.5;248.75,310.25
9103;18.25,42.75;29.25,138;68.75,74.75;311.25,95.25;97.75,281.5;166.25,185.5;191.75,95.5;248.75,310.25
45385;18.25,42.75;32.25,183;85.75,110;366.5,122;97.75,281.5;132.5,196.5;163.5,95.5;249.25,281.75
41755;18.25,42.75;53,188.5;85.75,110;320.75,165.25;109.25,310.5;179.5,197.5;180.25,45.75;226.5,303
6671;6.75,8.25;38,230;90.5,118;320.75,165.25;38.25,312.75;140,221.75;180.25,45.75;253.25,236
32122;1.25,22.75;50,230.5;90.5,118;369.5,123.25;82.25,320.75;128.25,217.75;180.25,45.75;238,186.25
3609;0.75,25;50,230.5;90.5,118;356.5,121.25;98.5,283.25;136.5,183.5;140.25,6.75;277.5,134.5
14517;0.75,25;19,177;58,152.75;356.5,121.25;44,317.5;111.75,118.75;145.25,42.5;313.75,159.25
32188;0.75,25;7.75,216.5;58,152.75;334,127.75;47,291.5;98,137.75;116,74.25;342.75,141.25
1646;0.75,25;18.5,241.5;48,103.75;294,146.75;47,291.5;86,190.5;153,92.25;318.25,158.75
32652;3.5,63.25;18.5,241.5;70.75,44.5;297.25,177.5;47,291.5;93,169.25;114.75,77.75;353.25,185.25
37744;3.25,90;18.5,241.5;45,106.5;276.25,245;47,291.5;54,121.75;183,105;330.25,161.5
44237;1.5,85.25;7.25,216.5;45,106.5;279.5,283.25;47,291.5;61.75,174.25;185.5,111;350.75,222.25
18243;1.5,108;7.25,216.5;29.75,115.75;278.75,286.5;27.5,243.5;63.5,207.25;185.5,111;328.75,160.25
43092;1.5,108;7.25,216.5;29.75,115.75;263.25,242.75;48,252;51,269.25;220.5,94.5;281,142.75
39881;1.5,108;1.75,282.25;50,163.25;287.25,273.5;15.25,309.5;112.25,259.5;220,94.75;281,142.75
33405;48.25,112.75;50.5,286;77,209.25;239.25,247;23.25,287.75;112.25,259.5;220,94.75;253.75,141.75
5624;29,95.75;50.5,286;98.25,255.5;249.25,313;69.5,296.25;114.75,195.25;182.25,84.5;253.75,141.75
33366;65.5,120.25;93.5,299.5;134.25,291;249.25,313;75.25,288.75;114.75,195.25;179.25,115.75;275.25,111.75
16142;65.5,120.25;93.5,299.5;134.25,291;302.25,317.25;62.75,270.25;66.5,153.5;188.25,105.5;239,92
8241;57.75,58.5;137,281.75;149.75,299.75;302.25,317.25;62.75,270.25;102.25,99;168,147.75;192.25,95.25
43678;7,83.25;103.75,314.5;146.25,267;308.75,320.25;62.75,270.25;102.25,99;138.75,194;150.25,122.25
28778;18.25,63.75;68.5,281.5;171.5,268;253.25,313.25;62.75,270.25;102.25,99;172.5,162.25;182.5,162.25
35643;40.5,11.75;52.5,241.75;202.5,308.5;269.25,322.25;88.25,234.25;102.25,100;172.5,162.25;182.5,162.25
12085;74,52.75;76,233.25;218,319.5;269.25,322.25;115.75,240;125.5,112.75;172.5,162.25;179.5,105
18379;116.75,75;123,253.25;201.5,299.25;284.5,311.5;111.5,290;125.5,112.75;172.5,162.25;217.75,69.25
29806;110.25,17.25;120.5,303.5;159,295.75;284.5,311.5;111.5,290;124.5,114;133.25,126.75;203,95.75
6809;123.75,13.75;144.5,320.25;170.75,299;313,255.25;111.5,290;124.5,114;147,109.25;203,95.75
33176;94.75,34.5;144.5,320.25;236.75,277;296.25,180;45.5,320.5;96.75,135.75;147,109.25;190.5,30
50156;112.5,44.5;156.5,318.75;242.25,308.5;296.25,180;45.5,320.5;101.25,108.25;145.5,92.75;239,29.75
23563;102.5,87.5;162.5,305;197.75,318.75;296.25,180;8.75,317;98.25,110;153.25,91.75;239,29.75
500;102.75,88.5;193,286;217,267.5;296.25,180;8.75,317;53,79.25;164,95.5;284.25,22.25
25488;140.5,76.75;193,286;217,267.5;296.25,180;21.25,311.25;26.5,118.25;153,51;300.75,3
29045;157.5,29.75;158.5,249;261.75,233.25;297.5,135.5;21.25,311.25;26.5,118.25;166,35;300.75,3
46729;117,25;206.5,282.75;274.75,201.25;324.25,152.5;21.25,311.25;25.75,105.25;162,90.5;300.75,3
27797;87.75,3.75;195,265.25;234.75,200.25;333.5,112.5;21.25,311.25;25.75,105.25;167.25,48;300.75,3
18267;65.5,28.75;149.75,306.5;275.5,149;308,116;21.25,311.25;27.5,101.75;167.25,48;256.75,9
19756;113.75,47.5;175,318.25;275.5,149;306.75,115.5;5.75,309;27.5,101.75;109.5,78;212.25,35.25
16746;139.5,78.75;175,318.25;324,149.5;331.5,151.75;5.75,309;50.75,126;112,111.75;199.75,66.5
13413;160.5,100.75;177.5,316.25;321.75,145.25;331.5,151.75;5.75,309;51.5,84.75;88,107.75;220,20.5
38367;160.5,100.75;242.25,297.25;334,77.75;358.75,172.75;21.75,255.5;85.25,25.25;137.5,71.25;220,20.5
15455;137.75,129;241.75,297;334,77.75;358.75,172.75;28.75,307;73.75,12.75;123,129.25;189.5,1.75
47296;107.75,160.25;230,242.25;318.5,41.5;359,173.75;28.75,307;73.75,12.75;153.75,88.5;171.5,48.25
12619;119.75,205.75;210.25,260;291.75,8.5;324,159.25;37.5,318.75;73.75,12.75;153.75,88.5;171,44.25
3527;86,188;243.75,258.75;262.75,13;347,216.25;10.5,246.5;73.75,12.75;153.75,88.5;171,44.25
33712;85.75,188;189,263;262.75,13;318.5,275.75;21.5,202.75;58.25,40.5;153.75,88.5;170.75,52.5
20665;27.25,191;212,277.5;278.75,18.5;317.5,319.25;21.5,202.75;39.25,41.25;137.25,56.25;153.75,88.5
44169;33.25,240;193,323;317.5,21;320.75,302;21.5,202.75;39.25,41.25;155,68;161.5,82.5
4161;102,249.5;193,323;332.25,38.25;346.75,288;22,204;56.25,40.5;155,68;212.5,85.5
12976;102,249.5;204.5,311;324.5,51.75;354,239.25;16.75,213.75;56.25,40.5;112.25,39.5;230.25,114
23764;102.75,295.5;221.5,259.5;324.5,51.75;333.25,256.5;5,246;9,33.5;156.5,56;230.25,114
2636;98,295.5;221.5,259.5;304.5,14;305.75,238.75;3.25,192.5;15.75,46;168.75,15.75;230.25,114
47161;156.5,294;257.5,228.75;265.75,18.5;351.75,258;3.25,192.5;15.75,46;168.75,15.75;265,72
2913;157,312.25;268.5,177.5;282.5,52.25;351.75,258;18.5,154.5;27.25,7.75;168.75,15.75;264,72.5
8701;155.25,255;217.25,218.5;293.5,113.25;351.75,258;18.5,154.5;24,60.5;221.5,55.5;222,49.5
45419;115.5,220.25;198.75,167.75;282.25,53;343.75,224.5;5.25,143.5;24,60.5;168.75,88.25;222,49.5
28727;134.75,184;186.75,119.75;282.25,53;314.25,262.5;13,127.25;31.5,104.5;103.25,94.75;222,49.5
8533;134.75,184;242.25,158.5;282.25,53;354,255.75;26.5,71.5;30,75.25;37.25,91.5;222,52
5598;89.25,206.25;183.75,151.25;314.75,13.75;317.25,276.25;34,43;37.25,91.5;42.5,57.25;222,52
31551;78.5,204.75;183.75,151.25;314.75,13.75;317.25,276.25;42.75,78.75;44.25,75.25;69.75,13;188.5,5.75
5241;78.5,204.75;183.75,151.25;279,56.5;340.25,320.25;33,21.5;74.75,11.25;84.75,12;139.75,56.25
45568;80.25,204.5;230,188.75;275.75,102.5;293.75,317.25;33,21.5;78.75,40.25;96.25,39.75;139.75,56.25
46723;80.25,204.5;257,196.75;275.75,102.5;293.75,317.25;49,3;97.25,34.5;112.75,18.75;123.75,106
13675;135,204.5;273.5,261.5;275.75,102.5;318.75,302;23,41;97.25,34.5;110.75,19;161,96
22766;137.25,216;222.5,232.5;259.5,133.25;282.5,284.5;11.75,59.5;97.25,34.5;110.75,19;163.25,83.75
1464;168.75,227.5;233.75,170.75;298.25,112;308.25,264;11.75,59.5;58.25,40.5;79.75,42.75;163.25,83.75
31836;170.25,261.75;208,167;263.5,134.25;284.25,320.25;11.75,59.5;58.25,40.5;112.75,82.5;129.75,91
4538;170.25,261.75;184.25,113.5;200,166.25;349.75,321.25;11.75,59.5;55.75,7.75;98,152.5;122.25,163.5
31347;116.75,258.75;142.75,118.5;260,180.75;335,257.25;11.75,59.5;55.75,7.75;63,208.5;135.75,173
39568;99.5,310;122.5,149.25;293.25,185;316.5,264.25;2.5,71.25;55.75,7.75;63,208.5;136.5,172.25
36008;111.5,310.5;122.5,149.25;296.75,240;305.25,301.75;43.25,52.75;55.75,7.75;56.75,170.25;136.5,172.25
7767;46.75,264.5;134.5,128.75;290,239.5;298,319.75;15.75,91.75;55.75,7.75;56.75,170.25;100.5,140.5
33211;11.5,241.5;104.5,90.5;263.5,179.25;307.75,319.25;15.75,91.75;55.75,7.75;56.75,170.25;128.25,105.25
42551;11.5,241.5;104.5,90.5;324,160;345,266;15.75,91.75;22.5,38.5;69,150;88.75,65
9808;76,247.75;124.75,89;296,105.25;303,303.5;15.75,91.75;22.5,38.5;69.5,101.5;107,113.25
49696;51.5,183.75;70.75,74.25;329,151.75;347.25,307;15.75,91.75;22.5,38.5;95.75,34.25;105,144.75
37825;32,238.25;70.75,74.25;308,207.75;334,311.25;21,141.5;44.75,77.25;95.75,34.25;104.25,144.75
25727;40,239.25;122,52;281.25,219.75;313,245.75;44.75,77.25;81.25,124.75;95.75,34.25;113.75,195.75
21709;86.5,256.25;91.75,97.5;248.5,175.5;313,245.75;76.75,28.75;81.25,124.75;97.75,64.5;167.75,185.5
4256;94,282.75;145.75,127.75;216.5,203.5;313,245.75;62.75,62;81.25,124.75;88.25,31;108,202.5
37621;94,282.75;137.5,160.75;241.75,190.5;308.75,237;32.5,100.5;40.25,111.25;93.25,35.75;108,202.5
10120;71.25,286.25;203.75,176.5;208.25,166.75;314.25,264;22,142.5;32.5,100.5;93.25,35.75;108,202.5
10207;50,286;203.75,176.5;208.25,166.75;314.25,264;16.25,206.25;62,121.75;155,12.25;161.5,230.25
5561;22.75,300.75;176.5,161;208.25,166.75;325.75,225.25;16.25,206.25;31.5,88.75;181.25,27.25;189.75,274.25
35641;40.75,309.25;176.5,161;242,160.75;308.25,248.25;34.75,221.25;45.25,42.25;181.25,27.25;189.75,271.75
34467;94,298.25;225,152.75;234.5,126.5;280.75,218.75;34.75,221.25;45.25,42.25;168,51.5;249.75,260.5
30559;155,304.25;226.25,91.75;234.75,81;333,224.5;21,183.75;45,45.75;168,51.5;249.75,260.5
47823;155,304.25;231.5,129.5;234.75,81;344.5,272.5;26,202.75;41.75,59;118.5,35.75;232,302
15203;161.25,265.25;230,102.75;286.25,70.25;344.5,272.5;24.75,202;76,46.25;172.25,50.5;232,302
44038;123.5,258.25;251.25,111.75;254,53.25;322.25,305.25;3.5,243.5;70.5,20;172.25,50.5;232,302
13860;109,232.75;213.25,81.25;230.25,49.25;336.25,315;3.5,243.5;72.75,21.75;172.25,50.5;275.25,314
13727;162.75,265.5;166.5,34;247.25,109.25;264.25,296.5;3.75,311.25;72.75,21.75;172.25,50.5;311,310.25
22791;199.75,276.25;235.25,21.5;244.75,64.5;299,320.5;3.75,311.25;72.75,21.75;172.25,50.5;326.75,314
28321;173.75,297.75;259.5,65.5;267.5,19;299,320.5;11.75,280;34.5,13.75;128.75,18.25;326.75,314
29157;163.5,322.5;216.75,64;255.25,59.75;319.75,300;53.75,224;71.5,28.5;128.75,18.25;326.75,314
20017;111,308.5;216.75,64;292.5,113.25;345.5,315;53.75,224;105.75,67.5;134.25,71.75;364.5,279.5
18631;72.75,270.75;250.25,107;337.75,112.75;342,317.5;52.75,227.75;105.75,67.5;151.25,29;364.5,279.5
46922;32.5,238.5;250.25,107;335.75,104.75;351,289.5;77,249.25;142.5,88.5;181.5,31.5;364.5,279.5
27143;47.25,177.75;295,92.25;310.25,114;363.5,228.75;85,251.5;98.75,67.5;181.5,31.5;364.5,279.5
24247;1,170.25;292.75,112.25;339.25,86.25;363.5,196.5;82.75,249.5;98.75,67.5;170,28;364.5,279.5
10603;4.25,170.5;258.25,92.75;344.25,22.75;363.5,196.5;92.75,183.5;118.75,20.5;150.25,4.75;364.5,279.5
30786;4.25,170.5;290.75,98.25;344.25,22.75;363.5,196.5;48.5,132.5;112.75,15;187.5,5.75;311.75,248.75
40383;45,138.25;307.5,112.75;344.25,22.75;363.5,196.5;73.75,138.25;88.25,67;244.25,15;274.25,293.25
47460;72.25,89;293.5,70.25;310.25,23.25;313,244;93.75,153.75;140.25,46.25;244.25,15;274.25,293.25
45976;27.75,58.25;324.5,30;338.75,44.5;353.25,260.75;110.75,189.25;140.25,46.25;244.25,15;274.25,293.25
491;56.25,75.75;329.25,18.75;338.75,44.5;353.25,260.75;92.75,151.75;162,30.25;172,43.75;206,290.5
12916;62.75,25.25;295.5,53.75;329.25,18.75;360.5,236.75;92.75,151.75;143,48;178.5,105;206.75,255.75
15190;62.75,25.75;294.25,114;321.5,56.75;344.75,266.5;80.5,170.5;143,48;178.5,105;199.75,303.25
14652;62.75,25.75;292,153.75;295,55.75;320.75,279;98,171;125.25,104.5;174.75,147.75;199.75,303.25
43801;62.75,25.75;312.5,151.25;313,6.5;320.75,279;106.75,137.75;118.75,105;120,157.75;142.5,302.75
34305;76.5,48;320.75,206.25;344.25,19.25;354.75,274.5;75.5,138.25;118.75,105;120,157.75;142.5,302.75
6891;76.5,48;271.75,255.25;353,84.25;365.75,210;22.5,127;92.25,65.5;117.25,157.5;142.5,302.75
19668;6.25,33.75;219.5,247.75;353,84.25;364,255;31.75,146.5;92.25,65.5;165.25,164.5;182.75,288.25
3554;6.25,33.75;235.25,279.5;354.5,129.5;355.75,225;31.5,143.5;40.25,75.25;182.5,165.25;182.75,288.25
28202;5.75,4.75;238.75,273.75;354.5,129.5;355.75,225;1.5,173.75;40,77.5;125.25,156.25;129.25,298.25
5181;5.75,4.75;238.75,273.75;329.25,195;361,277;8,202.75;40,77.5;111.5,92.5;135.25,227.75
12311;5.75,4.75;274.5,263;291,232;361,277;21,156.25;75.5,89.25;117.75,138.5;170.25,174.25
47740;5.75,4.75;227.75,252.5;271,180.75;327,237;9.75,186;75.5,89.25;132.5,183;140.75,199.25
46201;12.75,6.25;227.75,252.5;266.5,179.25;278,248.5;8,240.25;101.5,107.5;105.75,163.25;140.75,199.25
13558;12.75,6.25;223.25,203.5;266.5,179.25;278,248.5;62.75,201.75;91,136.25;102.75,135.75;143.25,177.75
44602;6.25,50.5;197.25,174.5;266.5,179.25;278,248.5;32.25,215;84,168.75;124,113.25;174,163.75
7582;68.75,67.25;197.25,174.5;266.5,179.25;277.5,246.5;74,248.5;100.75,107.5;115,92;121.75,197.75
4567;78.5,58.5;173,224.25;228,183.5;277.5,246.5;44.5,282.5;87.75,62.25;117.25,127;121.75,197.75
20420;78.5,58.5;211,260.5;211.75,204;245.5,217;30.25,317.75;44.25,80.5;78,131.25;121.75,197.75
41613;22.5,64.25;211.5,261.25;211.75,204;269.5,167.75;30.25,317.75;32,143.5;43.75,107.25;84.5,252
49276;54.25,67.75;156.5,259;211.75,226.25;272.75,194.75;30.25,317.75;32,143.5;70.75,40.25;138.25,272.5
49223;54.25,67.75;122.5,227.5;206,178;313,152.25;54.5,297;70.5,183.25;70.75,40.25;153.5,301.75
32625;59.25,55.75;137.25,282.25;186.25,151.25;279,130.5;23.5,306;70.5,183.25;70.75,40.25;146.25,301.25
4214;57.5,70;124.25,303;177.5,212.5;273.5,129.5;23.5,306;57.75,153.5;120.5,30.25;146.25,301.25
30428;57.5,70;139.75,240.25;171.5,162.25;270.25,165;23.5,306;27,206.25;120.75,78.25;148.25,317.5
15089;102.5,114;160.75,211.25;171.5,162.25;234.75,169.75;68,263.5;69.75,252;89.5,34.25;148.25,317.5
23792;133.75,129;136.75,216.5;144.25,195;274,167;48.25,292.5;69.75,252;89.5,34.25;129.5,308.75
20005;63.5,129.25;134,212.5;139.25,224;313,214.5;64,267.25;80.5,267.5;89.5,34.25;129.5,308.75
31193;62,176.25;82.75,168.75;106.25,196.5;359.75,184;12.25,297.25;80.5,267.5;122,74;129.5,308.75
12353;78.75,169;88,111.5;102.25,234.75;359.75,184;2.25,308.25;66.25,248.75;122,74;153.5,319
283;81.25,178.25;103.5,140.5;139.75,228;354,240.5;2.25,308.25;66.25,248.75;116,9.5;137.25,250.25
20702;135.75,191.5;153.25,127.5;173.25,230.5;364,230;2.25,308.25;76.75,189.5;116,9.5;145.25,181
20653;103.5,203.5;132.25,175.25;143.25,200.75;356.25,229.25;40.25,319.75;76.75,189.5;116,9.5;131.25,129.75
27406;113.5,237;132.25,175.25;211.25,228.25;356.25,229.25;40.25,323.5;105.75,196;108.75,54;113,93.5
8712;110,231.75;136.5,127.5;237,225.25;367.5,189.5;40.25,323.5;105.75,196;123.25,77;125.5,122.75
34015;49.75,239.75;74.25,145.25;237,225.25;366.5,188;18.5,296.25;105.75,196;114.5,115.75;133.25,77
12560;49.75,239.75;50.75,160.75;237,225.25;366.5,188;26.5,262.25;59.25,216.5;169.5,105;170.75,104.75
27395;49.75,239.75;50.75,160.75;237,225.25;361,208.25;18,268;85.5,170;153.75,142.25;192,95.25
19195;14.25,273.75;52.25,151;256.75,194.25;306,224.75;11,310.5;85.5,170;183.5,135.5;192,95.25
3329;51.5,227.25;94,190.75;243,191.25;277,212.5;11,310.5;94.75,157.5;183.5,135.5;240.5,69.25
26801;63.5,229.75;123.25,214;204.25,143.25;228,230.5;11,310.5;94.5,158;126.5,126.75;240.5,69.25
38022;78.5,202.75;156.25,193.25;250.5,107;253.75,293.5;11,310.5;81.25,220.25;115.25,140.25;240.5,69.25
29936;78.5,202.75;156.25,193.25;250.5,107;292.25,248.25;53,323.25;60,192.25;89,189.25;256.25,27
36362;100.25,188.25;121,183.25;242.75,173.5;292.25,248.25;34,281.75;53,133.5;89,189.25;282.5,35.25
36254;102.25,228.5;117.25,169.75;258.5,186.5;292.25,248.25;34,281.75;69.5,79;78.5,197.5;251.5,55.25
33768;102.25,228.5;143.75,151.75;258,186.5;308.5,314.25;34,281.75;71.5,134;71.75,216.25;205.25,40.25
49599;102.25,228.5;143.75,151.75;296,153.75;308.5,314.25;71,306.25;95.5,169.25;105,200.5;218.75,17
48866;134,230;148.5,158;313.25,207;336.5,277;72.75,308.5;95.5,169.25;105,200.5;155.25,30
41621;148.5,195.5;154.75,224.25;325.75,266;360.75,290;67,258.75;105,200.5;122.75,162;155.25,30
37751;160.25,240.75;169,260.5;338.25,199;360.75,290;4.25,229;83,166.75;111.75,123.75;155.25,30
36611;160.25,240.75;173.5,270.75;338.25,199;360.75,290;37.5,190.75;79.25,184.5;86.25,156.25;97.75,10
24179;214.25,217.25;238.25,288.5;281.25,167.75;366.75,310.25;53.5,170.75;79.25,184.5;86.25,156.25;97.25,11.5
31442;215.25,243.25;215.75,275.5;224.25,204.5;363.25,311;53.5,170.75;81.5,157.5;95,132.25;97.25,11.5
3699;161,256.5;168.5,280.75;245,190;364.25,249.75;34.75,253.75;81.5,157.5;95,132.25;96.5,12.5
1814;100.25,246.5;218.75,260;249.5,188.5;323.75,258.75;34.75,253.75;36.75,104.25;95.75,201;96.5,12.5
28729;136.5,266.5;256.25,293.75;291.25,173.5;309.75,285.5;34.75,253.75;36.75,104.25;77.5,191;92.75,65
15358;136.5,266.5;225,244.75;285,172.75;301.25,302;1,236.25;23.25,54;41.75,145.75;92.75,65
31795;136.5,266.5;216.25,291.25;285.5,172.75;357.25,296.75;1,236.25;11,31;62.25,95.75;138.25,74.25
31736;132.25,242.5;222,278.25;281.25,167;345,317.5;1,236.25;27.5,58.75;62.25,95.75;126.5,125.75
49414;145.5,264.25;173.75,242.25;249,201;345,317.5;11.25,232;62.25,95.75;64,50;109.25,162.25
9234;161,305.75;173.75,242.25;231,170.25;345,317.5;26.75,279;27.25,79.5;62.5,50.5;133.25,140.25
985;120.25,263.5;199,310;273,165;345,317.5;17.75,297.25;33.75,79.5;84.75,100.25;133.25,140.25
13386;144,240.25;239.75,303.25;315.75,156.75;319.25,306.75;17.75,297.25;33.75,79.5;49.75,115.5;134,194.5
5200;161,186.25;185.25,319;276.75,143;292.5,304.5;17.75,297.25;32.25,14.25;107.5,135.75;134,194.5
50268;161,186.25;185.25,319;280.5,70.25;292.5,304.5;11,307.25;15,0.75;66,88.5;119.25,229.75
18709;141.25,183.75;235.5,287.75;334,41;347.25,307;14.5,297.75;15,0.75;88.5,78.5;119.25,229.75
10680;193.5,174.5;247.25,297;334,41;347.25,307;30,275.75;75.75,14.75;86.5,19.75;117,229.75
34367;160.25,142.5;247.25,297;340.5,4.75;363,290;16.5,252.5;16.75,44.5;56.25,13.25;117,229.75
49503;160.25,142.5;305.25,301.75;340.5,4.75;358,288;8.25,201.75;36.75,36;37.25,76.25;117,229.75
21314;160.25,142.5;334.75,319;340.5,4.75;352.25,308.5;8.5,155;40.75,111.25;52.25,130;92.75,242.5
5019;143.5,225.75;301,304.5;309.75,56.5;354.75,254.5;8.5,155;22.25,46.5;52.25,130;93.25,243.5
49665;181.5,267.75;248.75,287;335,60.75;354.75,321.25;8.5,155;22.25,46.5;87.75,177.5;93.25,243.5
47607;192.25,280.75;217,259.75;335,60.75;354.75,321.25;18.75,217;27,61.5;56.25,223;95.75,265
40777;173.75,298.25;217,259.75;323.25,21.5;363.25,290;18.75,217;26.5,61;82.25,251.25;141.25,271.25
21681;162.5,298.5;217,259.75;361.5,23.75;363.25,290;24.25,201.75;58.25,113.75;82.75,249.5;170.25,223.25
26284;178,307.75;250,258.25;339.5,7.75;363.25,290;23.75,197.75;58.25,113.75;116.25,295.5;202.75,277
16441;183,323;277.75,256.25;339.5,7.25;363.25,290;6.5,201.75;80.5,149.5;116.25,295.5;167,320.25
8155;183,323;223.75,204;322.5,54.25;346,319;22.5,205.75;105.75,151.75;116.25,295.5;169.75,271.75
22903;179.75,307.25;252.5,218.5;293.5,55.5;306.25,303.75;22.5,205.75;100.5,162.5;116.25,295.5;205.5,222
9956;218.5,245.75;226.5,171.25;286,24.5;294.25,232.25;22.5,205.75;99,161.5;116.25,295.5;179,189.75
48453;218.5,245.75;259.5,134.25;286,24.5;294.25,232.25;4,155.75;63.5,212;140.25,258;197.25,184.75
25810;154.5,242.75;270.75,96.75;303,36;305.75,241.75;4,155.75;63.5,212;131.25,215.25;197.25,184.75
30794;205.75,277;270.75,96.75;276,44.25;317.25,263.5;4,155.75;53.5,275;120.25,163;180,197.5
22555;244.5,295.75;270.75,96.75;334.5,47.25;356.75,297.25;52.5,121.75;53.5,275;70.5,180.25;180.25,198.25
3553;173.5,293.5;236.75,47;334.25,66.25;356.75,297.25;38.5,193;48.75,282.5;52.5,121.75;186.25,272.75
9168;173.25,294;269,25.75;306.75,74;330.25,307.5;38.5,193;48.75,282.5;93.75,136.25;152.5,299.75
15102;148,319.5;236.5,71;328.25,30.5;330.25,307.5;9,173;32,277.5;93.75,136.25;144,299.75
32825;128.5,291;279.25,24.5;320.25,41.25;357.5,289;9,173;35.25,252.5;79.5,162.75;144,299.75
20736;104.75,284;309.75,6.25;338.25,50;355,263.25;31.25,205.75;35.25,252.5;79,163.25;144,299.75
39166;111.75,237.5;264.25,59.75;291.25,98.75;324.75,242.25;31.25,205.75;68,249;79,163.25;95.5,267.5
27252;110.75,237.75;264.25,59.75;291.25,98.75;307,268.25;34,178.25;34.5,297.25;47.25,138;93.25,253.75
43934;48.25,241.5;264.25,59.75;291.25,98.75;318.25,227.75;18,172.25;21.5,309.5;72.25,184;93.25,253.75
22067;54.5,216.5;280.25,15.75;310.75,96.75;351.75,264;18,172.25;21.5,309.5;55.25,221.75;141.5,298.25
10805;10.5,177.5;259.75,17.5;298.25,119.5;350.5,241;9.5,243.5;21.5,309.5;114.25,198.5;141.5,298.25
41689;73,200;251.5,58.25;332.5,97.5;342.25,228.75;8,294.75;9.5,243.5;114.25,198.5;153.5,303.5
3637;48,228.25;251.5,58.25;314.75,156.75;350.5,197.75;8,294.75;66.25,215.5;110.25,136.25;147.75,241.5
20352;57,238;286,72.5;291.5,146.75;305.75,211;8,294.75;66.25,215.5;144.25,116.5;151.25,250
45363;26.5,233.75;278.25,86.5;291.5,146.75;335.25,209;8,294.75;76.25,191;139.25,175.5;160.75,301.5
35413;13.5,174.75;288.25,101.5;291.25,114.25;356.75,216.75;32.25,301.25;76.25,191;120.25,199.25;160.75,301.5
21069;13.5,174.75;307,133.25;331.75,149.75;356.5,199.25;13.75,308;90.5,153.75;118.5,240;160.75,301.5
32444;60.75,157.5;297,148.25;352,166;356.25,169.75;49.25,317;90.5,153.75;118.5,240;132,289.25
37021;99.25,191.5;282.75,187.5;303.75,133.25;355.25,210;49.25,317;90.5,153.75;138.75,199.25;141.5,298.75
15783;99.25,191.5;261,155.25;289.75,75.25;355.25,210;33.75,301.5;35.5,193.25;82.5,221.75;145.25,299.75
1439;95.75,246.5;298.25,112.25;312.75,75.5;336,266.75;9.25,294.75;35.5,193.25;103.25,229.75;145.25,299.75
18111;55,273;276.75,132;312.75,75.5;336,266.75;3,228.25;15.25,203.25;90.75,221.25;143.75,303.75
38153;55,273;242.5,196.25;263.25,68.5;310.75,320.75;3,228.25;8,134.75;119.5,228.5;151,302.5
7007;74,228.25;210.5,245.75;239.25,29.75;347.5,308.75;3,228.25;8,134.75;150.5,225.25;171,239.5
49013;54,276.5;210.5,245.75;255,36.75;326.5,252.25;3,228.25;7.5,171.75;85.25,235.75;235,223.25
26990;11,263.75;180.5,246.75;209.25,64.25;292.75,210.5;5.75,201.75;7.5,171.75;85.25,235.75;234,222.5
8310;9.25,307;180.5,246.75;229.5,75;259.75,230.75;1.75,137.25;29.5,175.25;85.25,235.75;187.25,176.5
33842;65.75,294.25;175.5,295.75;208.25,61;214.25,199;33.75,177.25;34.25,142;85.25,235.75;187.25,176.5
32037;39.25,243.25;175.5,295.75;208.25,61;257.5,244.25;8,136.75;30.25,76.25;93.5,268.5;227,132.75
14090;6.75,219;176,295.25;208.25,61;237.5,276.75;8,136.75;32.5,50.5;34.5,282;263.5,175.5
12377;18,284.75;159,289.25;179.5,46.5;192.75,277.75;8,136.75;32.5,50.5;46.5,248;221,203.25
30814;56.25,293.5;82.75,298.75;128.25,45.25;246.75,316.25;8,136.75;8.75,9.5;34.5,231.25;221,203.25
9869;35.75,213.25;42.5,237.75;46.25,30.75;280.75,290.5;8,136.75;21.25,70.5;34.5,231.25;275.75,207.5
42707;18.75,223;26,178.25;29.25,67.25;280.75,290.5;8,136.75;8.25,11.25;23.5,229;291.5,195.75
30363;26,178.25;32.75,240.75;55.25,96.75;282.5,286.5;8,136.75;11.25,20;18.75,207.25;247.75,239.25
37086;19.25,144.25;22,308;42,84;342,298.75;8.25,135.5;11.25,20;86.25,221.25;247.75,239.25
22261;19.25,144.25;39.5,241.75;42,84;263.75,316.5;15.75,206.25;26.75,80.5;160,239.75;223,231.75
1502;19.25,144.25;29.5,284;63.25,57.25;319.75,304.75;15.75,206.25;75.75,40.25;140.25,288.75;194.5,237.5
18746;1.25,184;28.25,279.75;46.25,48.75;319.75,304.75;72.75,222;107.5,14;140.25,288.75;146.5,202.75
49657;1.25,184;24,311;33.25,115.75;319.75,304.75;72.75,222;142.75,30.25;153.25,318;166.75,163.5
22994;1.25,184;9.75,311;95.25,91.75;358.25,289;72.75,222;76,19.5;83.25,321.75;200.25,149.25
5745;1.25,184;9.75,311;66.75,87;315.75,322.25;18.5,248.5;75.5,21.75;127.25,294.75;145,116.5
44921;1.25,184;9.75,311;66.75,87;353,273.25;11.5,310.25;124.25,21;141.75,246.5;149.75,153.25
28803;9.25,145.25;17,305;96.75,19.25;295,240.5;11.5,310.25;124.25,21;141.75,246.5;148.75,171.75
19060;12,177.5;38.25,299.75;49.25,55.5;266.5,255.25;45,247;75,26.25;141.75,246.5;148.75,171.75
7445;12,177.5;32,242.75;43,30.5;269.75,254.75;19.75,193.25;112.25,14;141.75,246.5;149.75,171.5
17341;7.5,173;51.5,216.75;124,33.75;221.5,232.75;19.75,193.25;85.25,57.25;141.75,246.5;168.75,186.5
24758;2,194.5;70,222.25;179,47.75;218.5,204.5;19.75,193.25;82.5,25.75;141.75,246.5;190.5,197.5
3167;1.75,220.25;94,159.75;126.75,28.25;161.5,226;32.75,215.5;82.5,25.75;142.75,245.5;190.5,197.5
49368;1.75,220.25;53.25,171.25;105.25,70.25;180,219.5;32.75,215.5;120.5,39.5;162.75,300.5;165.75,165
33894;1.75,220.25;23.5,117.25;121,57.75;167.75,266.25;94.75,230.75;151.25,92.5;162.75,300.5;175.5,165.75
8038;1.75,220.25;41,99.25;151.75,8;224,259.5;94.75,230.75;119.25,106.75;171,275;212.25,174.25
30032;0.5,193.75;5.5,75.25;171.75,16.5;246.5,217;54,237.5;119.25,106.75;170,274.75;212.25,174.25
1780;15,178.25;44.5,46.75;187.25,59.5;246.5,217;59.25,222;80.75,102.25;170,274.75;240.75,133.25
30194;15,178.25;67.25,83;221,42.5;246.5,217;76.25,189.5;111,143.25;174,238.5;224,122
40742;15,178.25;67.25,83;223.5,55.5;274,262.75;81.5,221.25;113.75,199.5;169.75,197.5;209.75,95
1856;6.75,190;16.75,58.25;185.5,101.75;219.75,259;81.5,221.25;137.75,195.5;169.75,197.5;186.75,49.75
5732;7.5,174;16.75,58.25;185.5,101.75;206,311.25;113.25,252.75;125.75,140.25;178.75,166;233.5,41.5
17034;50.5,172.25;52.25,58.75;185.5,101.75;215,301.5;63.75,264.5;95.25,131;178.75,166;263,63.75
49268;41,242.25;52.25,58.75;164,99.75;200.5,299.25;54,259.75;95.25,131;228.5,116.75;246.5,71.75
10755;87.25,249.25;117,51.5;168.25,97.25;202,309.25;68.5,248;95.25,131;228.5,116.75;274,90.25
384;87.25,249.25;117,51.5;183.75,113.25;214,294.25;18.75,251.25;57.5,127.5;245,90.75;332.5,118
41754;96.75,229.5;164.75,38.75;183.75,113.25;195,280;28,309.75;66.5,152.25;223.25,92;332.5,118
8202;74.25,189.5;118.25,78.5;159,158;196.25,280.25;1,316.5;83,169.25;223.25,92;332.5,118
48132;56,240.25;74.5,95.75;160,173.25;196.25,280.25;13.25,311.25;127,153.25;188.25,97.25;332.5,118
21388;56,240.25;140.75,89.25;160,173.25;164.75,279.75;47.25,252.25;82,144;154,49.25;328.5,148
20048;56,240.25;133,24.5;160,173.25;164.75,279.75;43,255.75;84.25,81.5;121,71.25;305,172.25
36809;34.25,240.5;95.25,9;134.5,215.5;164.75,279.75;66.25,307.5;108.75,121.75;151.5,112.25;305,172.25
39124;90,255.5;104.75,32.5;169.25,224.5;213.5,311;3.25,282.75;72.25,74.75;151.5,112.25;305,172.25
19487;49.5,285;82,76.75;193.25,168.75;213.5,311;3.25,282.75;56.25,68.5;196,66.75;253.75,187
32430;12,242;27.5,43.25;137,188.75;193.5,254;3.25,282.75;80,81.25;160,90.5;253.75,187
24355;7,191;27.5,43.25;121.75,224.25;254,245;20.5,268.5;91,30.75;185.25,100.25;253.75,187
47115;7.25,241.5;10,51.5;135.25,202.25;254,245;6,311.5;120.5,39.5;185.25,100.25;318.25,211.75
3857;32.25,194;59,92.5;155,202;254,245;6,311.5;136.75,58.25;196.5,97;347.75,173.75
17660;29.75,135.75;72.5,70;171,141;271.25,243;6,311.5;147,49.25;205.25,100;347.75,173.75
6241;19.5,77.75;37,30;171,141;254.25,302.5;70,318.25;130.75,106.25;205.25,100;350.75,167.5
47055;7.75,113;37,30;171,141;312.25,301;69.5,317.75;153.75,88;198.25,40.75;328.75,129.5
39487;9.5,176.25;105,12.25;141.75,148.25;312.25,301;44,276.5;113.25,94.25;145.25,31.25;328.75,129.5
8562;9.5,176.25;103,63;141.75,148.25;361.25,323.5;59.75,319.75;111.75,96.75;185,5.75;299.25,111.5
23;10.25,216.5;76.25,129.25;155.5,109.25;305.5,307;23.75,291.5;111.75,96.75;185,5.75;324.5,113.75
13271;10.25,216.5;105,106.5;155.5,109.25;305.5,307;37.25,300.75;158,65;254.75,21.25;287,114.5
33897;27,214;122,56.25;199,100.25;347.25,305;22.25,255.5;158,65;254.75,21.25;287,114.5
40062;36.25,203.75;83,59.75;240,95;347.25,305;22.25,255.5;145.5,55.75;263.75,82.75;326.25,160.25
29036;36.25,203.75;87.5,83.75;239.5,95.5;347.25,305;56.25,224;170.5,11.75;260,121.5;297.5,115
11013;2,175;87.5,83.75;221.25,104.5;347.25,305;54,248.5;220,18.5;269,116.5;280.25,127
26685;19,120.75;87.5,83.75;225,105.25;347.25,305;103.5,253.5;238.25,38.75;294,170;314.75,159.75
22824;19,120.75;87.5,83.75;269.75,101.75;347.25,305;111.75,295.5;281.75,20;319,160.75;332.75,149.5
18368;69.75,115.75;125.75,60.25;261,133.25;347.25,305;113.75,302.25;254,33.25;321,198;332.75,149.5
8659;75.5,159.75;129.75,48.5;231.5,187;312.25,306.5;150.25,300.5;254,33.25;321,198;332.75,149.5
28213;67,111.5;139.5,102.5;240.75,205;280.5,260.5;136.5,288.25;273.25,60.5;321,198;332.75,149.5
22421;37,148;159.5,110;220.5,218.75;271.5,255.75;136.5,287.75;220.25,41.75;321,198;332.75,149.5
12827;22,104.5;142.5,127.5;220.5,218.75;305,303;136.5,287.75;254.5,82;261.75,195.25;307,90.75
402;29,71.25;142.5,127.5;190.25,255.25;351.5,278.5;83.25,286;254.5,82;295,196.75;338,64.25
41386;26.5,86.25;144.5,124.25;223.75,271.25;361.5,230.25;83.25,286;254.5,82;315.25,162.5;359.5,45.5
36165;14,35;144,119.25;221.75,247.25;361.5,230.25;83.75,301.25;221.75,62.75;315.25,162.5;359,3
35570;4.25,4.25;144,119.25;202,246.75;352.75,213.75;125.25,323.5;238.5,31;315.25,162.5;357.5,9.5
2519;4.25,4.25;81.75,136.25;154.75,214.25;308.75,255.5;118.5,285.25;260.5,17.5;355,153.75;357.5,9.5
22287;37,59;74.5,166.25;102.5,201.5;329.5,274.25;118.5,285.25;278,16;355,153.75;357.5,9.5
12357;14.5,5.25;116.25,206.75;116.25,274;329.5,274.25;85.25,222.25;216,5.25;327.75,128;357.5,9.5
12862;57.5,8;100.75,190.75;114.75,212.5;299,213.5;95.5,191;166,42.5;327.75,128;357.5,9.5
18845;32,21.25;49.25,171;121.75,204;266,180.75;91.75,195.5;166,42.5;271.75,127;357.5,9.5
2354;12.25,8.25;36.5,188.25;72.5,222;245.25,134.75;61,190.5;141.5,88.25;271.75,127;357.5,9.5
12427;14.5,62.25;36.5,188.25;92.75,240.25;253.25,81.75;93.25,230.75;158.75,148.25;306.75,132.5;357.5,9.5
40195;14.5,62.25;28.5,210;57,240;260.25,17.5;142.5,221.75;158.75,148.25;336.75,184.25;337.75,60.75
22599;14.5,62.25;27,199.5;72.5,219;268.5,1;142.5,221.75;158.75,148.75;353,176;363.5,50.75
37437;33.5,97;49.5,218.5;69.75,172.25;268.5,1;106,163.5;164.75,79.25;331.75,181.25;363.5,50.75
18738;33.5,97;49.5,218.5;68.5,172.5;214.25,2;48.25,193;158,92;325.75,132.5;362,51.25
35582;33.5,97;63.75,280.5;66,153;154.5,8.75;78,132.25;125,130.25;325.75,132.5;343.75,64.75
36280;20.5,64;31.25,238.75;47.5,126;116.5,55;78,132.25;125,132.75;336.75,135;343.75,64.75
31756;20.5,64;44.25,203.75;71,85;114.75,105;80.75,164;184.75,133;336.75,135;341.5,77.75
20822;20.5,64;44.25,203.75;84.75,44.75;96,59.25;79,163.25;200,96.5;304.75,110;328.75,17
48469;6.5,63.25;44.25,203.75;84.75,44.75;149.5,33.5;136.25,177.75;249,73;281.25,99;294,37.75
2586;6.5,63.25;44.25,203.75;84,99;131.75,88.75;136.75,177.25;248.75,48.5;280.5,117.75;306.75,17.5
24790;37.5,110.5;44.25,203.75;109.5,112;131.75,88.75;154.5,156.25;243.5,48.25;281,117.5;309.5,3.25
26469;37.5,110.5;44.25,203.75;91.75,103;131.75,88.75;133.75,106;174.75,9;289.25,97.25;334,42.75
23100;37.5,110.5;48.5,250.25;105,108.5;127.5,30.25;77.75,131.5;174.75,9;229.25,85.25;342.5,80.75
5582;37.5,110.5;55,295.5;110.75,81;193.5,38;20.5,103;139.25,20.5;259.5,139.5;342.5,80.75
26973;49.25,108.75;57,317.25;107.25,128.5;179,88.25;22.5,104.5;139.25,20.5;259.5,139.5;319,100.5
17486;36.5,72.5;57,317.25;143.75,159;225,100.25;22.5,104.5;164.25,40.5;250.5,132.25;342,137.75
42806;23.75,42.75;29.25,284.75;97.75,156;225,100.25;22.5,104.5;189.25,20.5;287,93.5;340.75,80.75
42950;54.25,35.75;86.75,291.25;91,201.5;158.5,111;22.5,104.5;240.5,29.75;287,93.5;340.75,80.75
36475;54.25,35.75;120.75,303.75;138,225.75;151.5,128;34,76.25;218.75,35.5;241.75,85.75;340.75,80.75
39463;54.25,35.75;122,304;141.5,188;146.75,127.25;34,76.25;225,35.5;228.75,120.75;331,34.75
36415;54.25,35.75;65.25,312.5;88.5,189;117.5,163.5;8.5,70.75;225,35.5;255.5,125.5;324.25,56
46306;54.25,35.75;65.25,312.5;77,175.5;117.5,163.5;12.25,145.5;269.25,35.25;318.75,162;342.75,52.25
40092;54.25,35.75;78,255.5;108.75,125.5;152,226;12.25,145.5;237.25,77.5;304,194.25;354.25,13
3402;54.25,35.75;72.75,297.75;85.25,139.25;208,232.75;12.25,145.5;237.75,77.75;355.5,165.75;357.5,11
2988;18.5,85.75;70.75,305.5;132.75,147.5;273,262.75;12.25,145.5;237.75,77.75;341.75,234.25;357.5,11
28618;18.5,85.75;129.75,285.75;197.75,174.5;277,229.75;49,146;245.25,15.25;326.5,243.5;357.5,11
7662;56.5,34.25;174.5,298.25;197.75,174.5;342.75,229.5;68.25,182.25;301,9.75;355.5,245;357.5,11
15454;30.75,17.5;161.5,234.25;224.75,218.75;342.75,229.5;68.25,182.25;257.75,14.5;353.5,262.25;357,82.25
11607;6,25.5;195.25,216.5;231.5,146.75;315,273.75;61.5,248;257.75,14.5;336,267;357,82.25
37598;7.25,62.75;243,224.25;265,180.25;294.75,257.75;94.5,240.75;257.75,14.5;338,294.75;357,82.25
38257;5.5,58.5;243,224.25;266.75,202;311,263.75;94.75,240;270.5,25;286.75,300;357,82.25
36395;5.5,58.5;209.25,201;278.5,180.25;311,263.75;79.25,220.25;272,33.5;323,244.5;357.25,137.5
37735;5.5,58.5;150.25,182.75;240.25,225.5;272.5,260.5;70.75,152;271,33.5;323,244.5;336.75,148.75
14898;13.25,62.75;170.25,135.75;188.25,201.75;272.5,260.5;51.5,139.5;264.5,79.75;270.5,245;336.75,148.75
4102;4,64.25;212.25,127.5;221,186;250,287.75;51.5,139.5;258.25,46.5;270.5,245;336.75,148.75
13502;48.5,11.25;198.75,134.75;206,167;292.75,317.5;51.5,139.5;267,37.25;270.25,244.5;336.75,148.75
6015;4.75,19.75;201.25,92;231.5,235.75;348,284;59,134.5;267,37.25;270.25,244.5;333.75,204.75
7824;48.75,9;201.25,92;223.25,301.5;346.25,313;37.25,108;269.75,51;270.25,244.5;299.75,149.5
2602;9.5,26.5;133.5,78.75;165.75,311.75;293,318;37.25,108;272.5,52;275.25,313.5;299.75,149.5
15416;59.75,56.75;81.25,26.5;183.25,252.5;293,318;37.25,108;239.5,5.75;273,311;354.75,193
39941;98.75,116.5;110.25,16.25;162.25,248.75;293,318;55.75,175.25;177,11.75;273,311;354.75,193
27579;49,113.25;110.25,16.25;148.75,191.25;308.5,309.5;73.75,196;177,11.75;287.5,278.25;342.75,139.25
44955;4,84.5;77.75,22;145.5,224.75;308.5,309.5;124.75,195.25;224,6;287.5,278.25;331.75,160.75
43417;2.5,90.25;77.75,22;110.25,240.5;264.25,316;124.75,195.25;245,9;252.5,281.75;298,138.5
187;2.5,90.25;82.75,75.25;106.75,226;264,316.75;192.25,173;245,9;314.75,312.25;344,187.25
11886;2.5,90.25;63.5,84.5;161.5,224.25;241.5,308.75;216,125;259,76.5;337.25,314;344,187.25
37412;0.75,91.75;90.5,141.75;194.75,278.25;248.25,295.75;208.75,96.5;268.75,27.75;337.25,314;344,187.25
29032;41.75,47.25;90.5,141.75;147.25,306;215.5,319;252,131.75;258.5,19.25;337.25,314;348.5,186.75
22701;2.75,25.75;90.5,141.75;121.25,303.75;159,319.75;248.5,132.5;280,60.25;337.25,314;349,186.75
46278;20,42.25;58,201.25;115,285;159,319.75;248.5,132.5;285,92.75;316.75,301;356.75,149.5
28742;7,54;58,201.25;121,259.25;168.5,265.75;312.5,111.5;314.25,142;316.75,301;320,197.75
14604;66.75,58;75,146.75;130.75,201;168.5,265.75;254.75,131.75;264.75,101.75;292,310;320,197.75
40671;8.25,42.25;36.5,144.25;47.75,206.25;168.5,265.75;221.75,115.25;231.5,156.5;294,310;320,197.75
41413;8.25,42.25;9.25,123.5;9.75,144.75;168.5,265.75;221.75,115.25;251,198.75;335.75,309.25;365.5,212.75
3051;4,8.75;43,158.5;64,145.5;99.75,247;221.75,115.25;251,198.25;328,320.25;365.5,212.75
7068;0.75,85.5;86,175.75;87.5,86.25;91.5,205.5;251.75,94.25;303.25,197.75;328,320.25;365.5,212.75
40039;12.25,62.25;91.5,205.5;105,110.5;116.25,144;302.5,63;310.5,162.25;317.75,278;365.5,212.75
19576;75.75,85.5;86,120.5;171,141;184.25,139.5;238,41;310.5,162.25;315.75,277.75;365.5,212.75
32261;100.5,26.25;104,142.75;167,117.25;252.5,134.5;237.5,39.75;310.5,162.25;323.5,310.5;365.5,212.75
39811;86.75,62.5;106,193.25;230.25,135.25;252,155.75;290,36.5;310.5,162.25;323.5,310.5;365.5,212.75
36839;86.75,62.5;106,193.25;230.25,135.25;256.75,147;288.75,90.75;329.25,139.75;352.5,303.75;357.75,225.25
45367;35.5,44.25;56,181.25;230.25,135.25;256.75,147;251,48.25;333,132;336.75,260;365.5,265.25
32887;35.5,44.25;36.75,195.5;187.75,114;275.5,179;214.75,46.75;327.25,162.5;359,214.25;365.5,265.25
6396;2.25,90;12,240.5;136.25,159.25;256,198.75;267.5,86.25;327.25,162.5;328.75,199.5;365.5,265.25
19835;2.25,90;12,240.5;136.25,159.25;235.25,280;267,107;312.5,142;330,198;338,221.75
5953;35,132.75;52.5,201.75;136.25,159.25;289.75,320.25;267,107;311.75,142.25;358.25,201.75;367,276
34491;33.75,133.75;52.5,201.75;159,88.5;289.75,320.25;243,41.5;312.5,65;347.5,145.75;355.25,263.75
2629;1,86.25;52.5,201.75;140.25,150.75;245.5,284;202.75,39.5;319.5,62.5;319.5,143.5;355.25,263.75
13462;1,86.25;50.75,200.25;167,117;294.25,318.5;163.75,53.5;319.5,62.5;320.5,131.25;331.75,311.25
6539;64.25,58.25;67.25,190.5;195,135.25;226,316.25;100.25,67.75;300.25,10.5;320.5,131.25;331.75,311.25
39520;67.25,29.75;91.25,141.25;124.25,149.5;282.5,318.75;113.75,41;320,4.25;320.5,131.25;331.75,311.25
387;80.5,62.5;91.25,141.25;168.75,91;256.5,256.5;152.25,7.75;287.75,91.25;289,50.75;331.75,311.25
19709;65.75,17.25;91.25,141.25;207,42.5;292,211;144.75,49.75;285.25,106.75;331.75,9.75;331.75,311.25
29546;24.25,42.75;71.5,177;157,30.25;272,256.75;84,31.75;285.25,106.75;331.75,9.75;331.75,311.25
6902;54,46.75;66.75,184.5;108.75,69.25;272,256.75;68.75,12.75;266.75,82;312.75,30.75;331.75,311.25
38094;30.75,44.75;61.5,230.25;83,90.25;246.25,277;125.75,17.75;266.75,82;326.25,60;331.75,311.25
38751;4,83.75;25,266.75;105.5,48.5;233.75,253;125.75,17.75;266.75,82;325.75,37.25;332,311.5
6732;4,83.75;12.25,261.25;91.25,65.25;261,183.25;125.75,17.75;250.5,55.25;272,12.5;320.25,302
24295;16.5,29.5;43,252.5;91.25,65.25;212.25,202;72.5,25.25;245.5,117.75;272,12.5;277,286.75
44404;16.75,30;36.5,298.5;91.25,65.25;212.25,202;72.5,25.25;318,139.25;318.5,40.75;339.25,292
43579;35.5,89.5;56,302;86.5,62.75;212.25,202;72.5,25.25;306.25,204.5;318.5,40.75;337,309
8825;50.75,48.75;56,302;72.75,96.5;195.5,170;106.75,14.25;271.25,217.75;315,24.25;337,309
37178;3.75,4.75;25.5,301.75;43,36;172,134.5;106.25,14.25;271.25,217.75;318.75,88.5;337,309
46305;3.75,4.75;25.5,301.75;39.25,100.5;133.25,77;76,24.25;224.75,189;288.5,114.5;301,235
31992;3.75,4.75;25.5,301.75;39.25,100.5;139,97.75;118.25,20;161.25,202.75;292.75,148.75;312.5,197.75
36647;3.75,4.75;6.5,283.25;28.5,99.25;145,126.25;118.25,20;165.5,161.75;271.75,112;344,145.75
19766;17.75,64.25;45,278;57.25,55.5;145,126.25;151.25,53.5;165.5,161.75;332.5,124;349.5,77.5
8902;17.75,64.25;70.5,286;82.25,72;186.5,81.25;151.25,53.5;217.25,156;267,140;360,59.25
26130;17.75,64.5;47,284;68.75,28.75;186.5,81.25;151.25,53.5;231.5,159.5;252.25,146.5;349.25,51.25
34664;17.75,64.5;56.5,229.75;84.5,30.75;186.5,81.25;193.75,95.5;223.75,131.5;225.75,124;338.25,81.25
10543;31,73.75;56.5,229.75;104,18.25;154.5,30;225.75,124;227,72.75;239.75,168.5;347.5,66.5
31054;34.75,35.25;44,239;63.75,34;154.5,30;211.25,173.5;227,72.75;263.75,175.75;301.25,10.5
37972;15.25,85;44,239;79.25,41.5;79.75,24;172.75,165.5;198.25,40.25;289.5,132;301.25,10.5
34880;35.25,21.75;44,239;47.25,74.25;67.25,2;142,225;168.5,1.25;289.5,132;300.75,8.5
39726;33.5,21.75;44,239;47.25,74.25;112,46;128.25,276.5;137,59.5;267.75,133.25;342.75,24.75
27939;33.5,21.75;49.25,176.75;66.75,57.75;110.5,43.75;56.25,296.25;137,59.5;237,64.25;277,21
3395;32.75,16.75;86.5,204;90.75,9;92.5,63;110.5,291;137,59.5;237,64.25;277,21
30185;6.25,26.25;74.5,175.5;90.75,9;92.5,63;36,309.75;168,50.25;240.25,132.5;320.25,79.5
10437;6.25,26.25;37.5,235;76.5,6.25;102.5,6.5;39.75,310.25;196.25,1.75;200.75,100.25;320.25,79.5
677;7.75,25;30.75,285.75;55.25,58;68.75,58;13,306;196.25,1.75;200.75,100.25;300.75,115.75
32364;28.75,92.25;30.75,285.75;39.25,61.25;54.5,98;13,306;214.25,74.5;220.25,48.75;267.5,57.75
45473;36,137.25;49.25,239.25;49.5,123;105,138.25;5.75,310.5;190,60.5;220.25,48.75;267.5,57.75
3881;11.25,140.25;37.5,197.25;39,84;44.25,138;91,282.25;152.5,5.25;220.25,48.75;267.5,57.75
38294;9.25,140.25;19.5,116.75;39,84;59.5,177.25;5.75,310;152.5,5.25;239.75,15;358.5,54.75
33889;9.25,140.25;19.5,116.75;39,84;112.75,232;61.5,318.25;106,40;244.5,41;334.75,60.25
48724;0.75,184;7.75,79.75;91.25,84.5;112.75,232;2.75,306.75;109.75,78.25;204.25,97.25;334.75,60.25
47096;10.5,177.75;16.5,41.75;75,30.5;102.25,282.75;2.75,306.75;67.25,104.5;143,81.25;334.75,60.25
28774;11,251.5;16.5,41.75;105.75,9.25;168.25,271;71,318.25;78,141;143.5,35;334.75,60.25
17273;11,251.5;28,105.5;106,19.5;168.25,271;27.5,309.75;124.75,161;166.25,34.5;342.25,60.5
8458;16.75,305.5;28,105.5;148,13;220.5,311;42.5,308.75;113.5,199;166.25,34.5;333,65
28326;42.75,239;70.5,146.25;148,13;258.75,323;2.5,307.25;129.5,215;166.25,34.5;318.25,132
11154;26.5,285;100,165;112.75,36.25;279,276.75;13.5,309;129.5,215;150.75,12;318.25,132
13513;54.5,248.25;100,165;151.5,50.25;237.25,225;13.5,309;74.5,211;114.25,29.75;280.25,121.5
41688;17,287;78.5,161.75;151.5,50.25;253.25,264.25;3,309.25;54,190.25;114.25,29.75;281.75,143.25
26401;17,264;130.25,173;184.5,43;232.75,230.75;3,309.25;35.25,206.25;171.25,10;281.75,143.25
35434;18.5,282.25;135.25,238.75;172.75,47.25;226.75,204;3,309.25;35.25,206.25;169.75,9.5;343.5,100.75
19192;9.25,309.5;112.5,208.75;126,24;222.25,202;3,309.25;35.25,206.25;169,9.5;363.75,82.75
38979;9.25,309.5;112.5,208.75;156.5,48.5;222.25,202;48,319.5;50.25,129;233.25,41.25;348,19.75
17456;9.25,309.5;111.5,208.75;159,35.25;262.5,177;48,319.5;75.5,121.75;235.25,5.75;365.75,78.5
31125;8,307;81.25,174.75;180,81.25;262.5,177;82.75,315.5;110.25,127;235.25,5.75;321.75,108
47867;8,307;50.5,139.75;149.5,91.5;204.5,186.5;134.75,308.5;157,162;235.25,5.75;326.25,59.25
14853;7.75,308;9.25,159;162.5,53;224,188.75;134.75,308.5;157,161.5;262.5,15.25;326.25,59.25
16470;7.75,308;44.75,221.75;128,3.75;241,215.25;133,265.5;183.5,110;237.75,32.5;326.25,59.25
1330;7.75,308;16.5,176.25;128,3.75;248.5,165.25;87.25,225.75;186.5,138.25;247.5,76;335.25,59.5
20002;38,266.75;49.25,176.25;128,3.75;222,109;105.5,233.25;195.25,174.25;247.5,76;355.25,66.75
23640;38,266.75;49.25,176.25;66.5,17.25;272.5,131.5;141,225.75;215.75,222.75;234.25,36.25;361.75,59.75
38907;26.25,230.5;50.5,191;52,76.25;272.5,131.5;86,220.75;215.75,222.75;230.25,53.5;314.25,82.25
18807;6.25,212.5;44.5,242.75;65.75,89.5;299,119.75;86,220.75;215.75,223.25;230.25,53.5;322.5,75.75
42383;51,227.75;52,239.5;113.75,112.5;299,119.75;113.5,198.5;214.5,252.25;230.25,53.5;284,37.75
23158;52.5,189;99,208.25;159.5,109.5;279.75,165.5;99.25,234.75;214.5,252.25;230.25,53.5;260.75,49.5
28420;52.5,189;99,208.25;159.5,109.5;277.5,131;113.5,276.75;253.25,232.75;262,77.5;263,29.75
31075;37.5,235;99,208.25;159.5,109.5;308.75,115.5;172.75,267;228.75,187.75;258.5,133.75;317.25,27.5
36157;28.25,198.25;121.5,242.5;194,137.25;271.25,105;172.75,267;228.75,187.75;267.25,145.5;317.25,27
19326;35.25,226.5;118.5,212.5;198.5,142.75;274,134.75;146,278.75;228.75,187.75;267.25,145.5;323,2.25
18254;34,270.75;156.25,243.75;175.25,162.5;219,132.5;153.75,300.75;228.75,187.75;267.25,145.5;323,2.25
40573;73.25,300.75;118.75,213.5;161.75,115.75;223.75,130;153.75,300.75;211.75,155.5;292.5,142.75;323,2.25
30437;109,311.5;122.5,255.25;160.75,148.5;215,162.5;166.25,316;211.75,155.5;292.5,142.75;307.75,30.5
42724;92,287;139.75,255;160.75,148.5;250.25,162;116.25,293;185,150.75;292.5,142.75;341.75,82
3438;71,230.75;139.75,255;169.25,200.25;234.75,210.25;84.75,320.75;185,150.75;249,163.75;324.75,23
2654;29.5,207.75;123.5,256.25;135.5,240.5;234.75,210.25;80.25,316.5;148.25,151.75;249,163.75;340.5,77.75
32751;37,162.75;69.25,243;168.75,234;234.75,210.25;80.25,316.5;147,145.75;204,174.5;335,130
29002;48,123;69.5,230.25;168.75,234;236.5,198;80.25,316.5;138.75,176.5;141,174.5;304.75,153.25
15850;16.5,153.75;117,226;120,226.25;279.25,196.5;43.75,318;103.25,198;141,174.5;304.75,153.25
8732;16.5,153.75;97.75,212.5;123,254.25;278.25,164.25;33.5,276.5;103.25,198;157.25,203.25;316.5,102
32690;16.5,153.75;117.25,202.25;163.25,225.25;255.75,200.75;22.5,280.25;103.25,198;140.25,224.25;295,95
18497;70,140.25;140,225.75;173.25,228.5;255.75,200.75;49,286.25;103.25,198;149.5,238.75;339.5,81.75
11241;94.25,156;136.75,238.5;173.25,228.5;261.5,178;14.75,307.25;70,153.25;154.75,277.75;339.5,81.75
11807;118.5,185.25;125.75,291;173.25,228.5;282.75,184.75;7,309.75;92.25,131;108.5,294.5;339.5,81.75
12344;157.75,215.25;164.5,280;173.5,196.75;241.25,225;7,309.75;92.25,131;108.5,294.5;328.5,28.75
5142;114,199.25;186.25,233.75;188.5,232;275.25,187.5;7,309.75;106.25,99.5;108.5,294.5;327.25,53
1529;145.5,238.25;170.75,280.25;225.75,206.75;238.25,225.5;7,309.75;106.25,99.5;163.25,299;298,19.5
17427;102,249.5;144.25,227;221.5,259.5;276.5,180.75;7,309.75;55.75,96.75;205.25,271;298,19.5
32024;62.5,202.75;144.25,227;253.5,270.75;257.75,209.75;17,271.5;55.75,96.75;204.5,271;335.75,35.75
35807;49,215.75;126.75,245;253.5,270.75;257.25,210.25;27,213;31,79.25;189.75,276.75;335.75,35.75
36418;45.25,264.75;87.5,272.25;239.75,259.5;276.5,180.5;11,228.75;31,79.25;189.75,276.75;353.75,82.5
20035;17.25,285;35.25,295;211.25,245.25;332.25,182.25;19.25,227;31,79.25;235,275;353.75,82.5
11743;18,305;28.25,279.25;211.25,245.25;344.25,163.5;12.25,193.75;27.5,70;235,275;327.75,38.25
7927;7.75,273.75;18,305;224.5,261;301.25,116;13,136;27.5,70;294.5,296.75;326.25,58.25
10461;7.75,273.75;18,305;253.25,249.75;299.75,114.75;58.25,127;90.5,32;253.75,310.25;345.5,79
9843;7.75,273.75;90,286.5;253.25,249.75;330,134.5;98,108;158.75,31.75;186.5,288.5;312.5,138.75
5433;51.5,294.5;70.25,299.25;253.25,249.75;279.25,104.5;51,76.25;158.75,31.75;159.25,239;312.5,137.5
15014;49.25,248.5;102.5,248.5;270.5,250.25;270.75,167.25;51,76.25;116.5,13.25;194.5,275;312.5,137.5
43339;52.5,305.25;83.5,221.5;222,218.5;270.75,167.25;41,76.75;116.5,13.25;175.25,240;358.75,166.75
45881;22.75,300.75;102.75,234.5;244,225.75;311.5,154.75;7.75,40.25;136.75,48;175.25,240;358.75,166.75
40158;22.75,300.75;80.5,222.5;265.75,227.75;311.5,154.75;5.25,31.75;137.75,71.5;208.5,266.25;330,199
14613;22.75,300.75;80.5,222.5;265.75,227.75;334.25,177.75;13.75,4.75;156,48.5;188,248.5;340.75,231.5
35721;28,300.25;83.25,286.75;257.75,167.25;354.75,197.25;8.25,4.25;156,48.5;175.5,301.25;340.75,231.5
36172;12.5,287;40.5,270.75;252,183;364.25,242.75;8.25,4.25;149.5,57;175.5,301.25;310.5,202.25
21284;52.5,238.75;99.75,282.5;203.75,194.75;340.25,228.75;3.5,9;149.5,57;223.5,320.5;310.5,202.25
46489;88.5,188;155.5,310.25;226.5,185;352,176.5;71.75,10;149.5,57;223.5,320.5;248.75,176.25
20482;96.75,231.75;137,264.75;278.75,167.25;352,176.5;71.75,10;108.75,81;225.75,306;237.75,164.25
10752;96.75,231.75;130.5,283;291.25,114.5;334.25,134.5;106,40;144.75,91.5;225.75,306;259,204.25
17552;69.5,218.75;130.5,283;291.25,114.5;334.25,134.5;114.75,39.5;160.5,122.25;232.25,258;251,176
13626;46.25,275;130.5,283;271,168;321.25,104.25;114.75,39.5;185,95;246.25,236;295.5,199.25
17872;47.75,241.25;122.5,241.5;294,210.5;312.5,145.5;73.75,11.25;185,95;246.25,236;292.75,198.5
36304;76,280.75;116,226.5;286.5,230;354,116.75;83.75,32;185,95;246.25,236;311,201.75
495;76,280.75;118.75,201.75;347.25,240.5;357.25,79.75;83.75,32;227,105.25;278,202;321.5,198
14283;76,280.75;118.75,201.75;326.75,197;355.5,17.75;103.25,67.25;171.75,87.25;336.5,207;354.5,183.25
20089;73.25,281.25;118.75,201.75;326.75,197;331.75,75.5;131.5,43.75;170.75,49;312.5,211.75;355.75,163.25
14490;73.25,281.25;158.5,158.5;326.75,197;346,83.75;105.5,7.5;189,111;303,198.5;345.5,222
3406;49.5,231;156.75,140;317.75,140.75;324.5,94.5;105.5,7.5;189,111;303,198.5;360,229.5
48473;55.5,170.25;166.75,184.25;262,155.75;323.75,135.75;105.5,7.5;238.75,76;309.25,144;360,229.5
44715;105.5,144.25;160,129.25;260.25,110.25;330.25,101.25;105.5,7.5;281.25,89;312.75,160;360,229.5
37880;47.5,137.25;160,129.25;260.25,110.25;335.75,66.5;123,5.5;239.25,71.75;333.25,198.5;333.5,270.75
16380;47,101.25;110.75,126;249,132;335.75,66.5;133.75,19;252.5,72;333.25,198.5;335.25,270.75
21417;32.75,103.75;110.75,126;286.25,173;316.75,120.5;133.75,19;264.25,128.75;310.75,243.5;351.25,238.75
29974;32.25,104;161,96.75;286.25,173;316.75,120.5;119.5,40.5;231.5,132.25;270.25,254.25;338.5,287
5989;52.25,56.75;149.25,55.5;259.5,219.25;287.5,142.25;68.75,41.25;231.5,132.25;310,250.75;338.5,287
9344;51.25,58.5;187,87.5;255,219.75;326.25,172.25;68.75,41.25;183.5,162.5;338.5,287;365.75,235.5
6493;25,63.25;226.75,119;256.5,219.25;309.75,142.75;70.5,43;183.5,162.5;339.5,293.25;365.75,235.5
13162;48.75,53.75;193.25,167.5;236.75,258.25;273.5,180.25;70.5,43;200,218.5;339.5,293.25;366.25,235.75
14406;106.25,88.5;144.5,151.75;235.75,203.75;274.75,134.75;78.75,111.25;252,251;339.5,293.25;366.25,235.75
10886;106.25,88.5;144.5,151.75;193.25,174.5;274.75,134.75;52,80.75;231,291;310.75,273.75;319.75,243
39330;103.25,74.75;144.5,151.75;232.75,204.5;279.5,165.75;52,80.75;188,251;263.5,318.25;347,205
33859;113.75,43.25;114,139.5;270.25,151.75;271.25,133;52,80.75;188,251;322.25,312.5;347,205
33670;105,46.5;114,139.5;270.25,151.75;271.25,133;30.25,28;170.25,264;250.25,310.25;297.5,257.5
25703;104.75,45.75;114,139.5;245,216.5;271.25,133;9,49.25;127.5,309.75;277,286.25;310.75,263.25
38057;39.25,20.5;111.5,72.25;172.75,229;294,90;30.75,124.5;127.5,309.75;277,286.25;318.75,244.5
16767;49.75,74.25;103.75,15;172.75,229;330.5,78.25;30.75,124.5;118.5,323.75;264.75,304.5;266.5,229.75
18027;61.25,116.5;103.75,15;226.75,201.5;330.5,78.25;40.25,177.25;79.25,284.25;236.25,308.25;303.5,194.25
23019;61.25,116.5;67,21.5;199,246.25;294.5,112.75;31,186.5;79.25,284.25;206.5,256.75;268.75,188
44196;61.25,116.5;67,21.5;199,246.25;307.25,114.25;22,202.75;111.5,294.5;241,291.25;244,193.5
6684;61.25,116.5;91.5,19;174.5,269.5;281.5,165.75;16.75,220;160.75,279.25;241,291.25;284,216.25
5421;15.5,110;127.75,12;149.5,298.5;271.25,134;16.75,220;140.75,225.5;244.75,288;284,216.25
27388;15.5,110;104,11.5;159.5,295.5;336.5,141.25;4,236.25;186,233;244.75,288;257.25,176.75
15808;2.25,169.75;59.5,5;143.75,314.75;336.5,141.25;9.5,201.75;188.75,234.5;250.5,253.25;257.25,176.75
49713;2.25,169.75;59.5,5;85.5,323;361.25,121.75;49,147.5;203,296;221.25,247;321.25,211.25
18253;2.25,169.75;59.5,5;138.25,317.5;361.25,121.75;3.5,155.5;215.5,276;264,251;351.5,183.75
44733;38.75,234.75;39.25,49.75;138.25,317.5;315,111;61.5,198.75;187,221;264,251;278.75,174.75
8432;26,284;35.5,36.75;138.25,317.5;268,106.25;61.5,198.75;198.25,182.25;226.75,251.75;257,132.75
39087;33,284;35.5,36.75;82.25,298.25;222.25,89.5;54.25,198.75;220.5,182.75;242.5,309.25;257,132.75
39305;38,230;78.75,48.25;139.5,305;256,92.25;15,156.25;220.5,182.75;242.5,309.25;257,132.75
17080;36,197.25;128.75,33;174.25,317;279.75,142.25;43.25,141.25;163.25,166;242.5,309.25;257,132.75
24145;36.5,197.5;135,64.25;165,292.75;266,178.25;7.25,135.5;163.25,166;251.5,288;257,132.75
5530;25.5,137.25;113,89.5;136.5,266.5;259.75,242.5;7.25,135.5;113.75,143.5;251.5,288;256.5,132.25
14419;25.75,96.25;87,142.75;136.5,266.5;314.75,263.5;59.75,134;113.75,143.5;185.5,288.75;284.25,173.75
41021;25.75,96.25;93.25,90.75;95,233;314.75,263.5;13.25,135.75;167,164.25;198,319.75;311.5,197.5
8592;30,123.25;72.5,82.5;95,233;343.75,273.25;19,118.25;144,143.5;161.5,299.25;311.5,197.5
37053;30,123.25;59,91.5;94.25,228;344.75,230.25;33.25,78.5;145.25,88.5;161.5,299.25;335.5,191.75
41862;16.75,103;54.25,33;54.5,230.5;350.75,198.5;50,43.75;145.25,88.5;161.5,299.25;335,191.5
36425;12.5,85.75;38.75,74;54.5,230.5;365.5,246.5;80.75,12.25;114.25,91.25;116.5,291.5;335,191.5
17971;34.75,71;46.5,44.75;85.75,291.25;365.5,246.5;79.75,3.25;89.75,71.5;116.5,291.5;328,159
25822;71,87.5;103.75,84.25;140.5,310.25;362.25,315;21.75,35.25;89.75,71.5;171.75,264.25;328,159
19699;24.5,84.25;109.5,79;185.5,272.5;322,263.25;21.75,35.25;109.5,82.75;118.5,291;328,159
10330;29.5,122.25;115.5,82.25;248.75,268.5;281.5,230.25;69,73;82,100.75;118.5,291;328,159
19070;47.25,149.5;113.75,110.5;189.5,246.5;258.75,238;63,100.75;69,73;118.5,291;336.5,207.5
4376;49.5,138.75;113.75,110.5;200,245.75;285.5,229.25;66,92.25;96.75,41.25;118.5,291;360.5,229.5
37642;66.5,117.5;109.75,122.75;200,245.75;276.5,201.25;79,87;113.5,32.75;118.5,251.5;360.5,229.5
7623;13.5,117.25;86.5,107.25;200,245.75;283.25,142.25;60.75,68.5;113.5,32.75;150.5,225.75;360.5,229.5
19944;26,80.75;140.5,148.5;200,245.75;249.75,116.25;73,86.25;77,80.25;132.5,252;360.5,229.5
22853;28.75,78.5;150.75,206.5;209.25,201;249.75,116.25;31.5,89;44.75,42.75;132.5,252;352,175
13422;38.5,102.75;130.25,171.5;212.25,199;266.5,92.25;14.25,70.25;74.25,51.75;132.5,252;352,175
49182;32,127;97.25,203;179.75,229.5;245.25,120.5;14.25,70.25;74.25,51.75;98.75,282;305,171.25
47406;62.75,147.25;63.75,170.25;123.75,220.25;261.75,122.25;34,47.75;43.5,52.25;98.75,282;305,171.25
20198;77.75,168.75;90.25,171.25;123.75,220.25;271.75,166;34,47.75;68,93.75;81,278.5;301.5,185.75
9104;51,228.5;90.25,171.25;124.75,187;273.25,112.25;12.25,68.5;37.5,51.5;68.75,210.5;301.5,185.75
20247;48.75,239.5;51.75,189.75;124.75,183.75;274.5,117.25;3,70.75;5.25,30.75;68.75,210.5;301.5,185.75
36485;36.25,266.75;43.5,144.25;132.25,246.5;307.25,116;3,70.75;5.25,30.75;18.5,171.75;301.5,185.75
33875;35.25,270.75;62.25,184.5;114,235.25;318.25,142.75;5.25,30.75;8.25,94.25;18.5,171.75;229.75,215.5
31972;10.75,294;40.25,239.5;145.25,227;307,136.25;5.25,30.75;8.25,94.25;18.5,171.75;176.75,265.25
41558;35.5,240.75;36.25,308.25;156.25,214.25;297.5,186;5.25,30.75;8.25,94.25;18.5,171.75;154.75,319.5
33384;9.75,302.5;19,306;111,223.25;320.75,207.25;5,20;8.25,94.25;18.5,171.25;154.75,319.5
30660;9.75,302.5;16.75,308.5;85,255;341.5,163.5;5,20;23.5,118.25;89.25,163.5;169.25,279.25
24823;32.75,242.5;35.25,264.5;41.5,239;356,103.25;5,20;23.5,118.25;55.75,198.75;171.5,214
23259;13.75,237;15.25,240.5;43.25,238.5;346.25,89;5,20;23.5,118.25;55.75,198.75;192.5,161.5
9905;25.25,232.75;50.75,264;57.75,241.75;292.25,110.75;5,20;7,138.75;55.75,198.75;227.25,230.25
38105;25.25,232.75;61,241;73.75,297.25;268,178;5,20;26.5,129;123,158.25;212.25,175.75
34148;41.5,193.25;58.5,240;117.25,292.5;238.75,189;5,20;26.5,129;112.5,197;223.5,231.75
7816;50.75,153.75;87.75,266.5;88.25,318.25;194.25,144;5,20;86.25,99.25;112.5,197;222,232.25
49322;19,101.75;58.5,210.25;100.25,283.5;145,139.75;5,20;57.25,135;112.5,197;222,232.25
48959;53.25,55;73.25,208.75;81.25,261;148.5,193.25;5,20;52.75,133;112.5,197;274.25,245.25
3370;53.25,55;65.25,259.25;95.5,203;181,145.25;29.25,30;56,174.75;132,153.25;274.25,245.25
42954;21.5,102;64.5,218.75;75.5,161;120.75,141;29.25,30;56,174.75;120.25,198.5;229.5,268.25
20961;54.25,58.75;59.25,243.25;116.75,200.25;162.75,125.75;29.25,30;86.25,190;167,238;229.5,268.25
39080;42.25,21.25;68,294.5;147.5,238.25;162.75,125.75;24.75,72;52,228;137.75,265.5;229.5,268.25
33654;38.25,57.25;84.75,318.25;147.5,238.25;162.75,125.75;8.25,14;34.25,251.75;80.5,269.5;230.25,267.75
26605;18.25,126.25;82,299;97,190.75;108.25,73;6.5,15;34.25,251.75;80.5,269.5;274.5,241.25
22787;29.75,103.75;40,279.5;60,216.25;108.25,74;6.5,15;34.25,251.75;112.25,225;238.25,215.75
43030;22.5,127;40,279.5;50.5,239.75;108.25,74;39,33.25;66.5,247.5;82.5,170.5;237.5,237.25
33162;10.75,142.75;40.5,258;46.25,310.75;110,33.5;39,33.25;66.5,247.5;163.25,160.75;311,266.75
20663;70,146.5;82.25,262.75;102,255;134.25,25.25;39,33.25;73.5,182.75;163.25,160.75;323.5,309
12722;50.75,124;83.25,322.75;102,255;184,37.5;39.25,38.25;93.5,222.25;134.75,181.5;323.5,309
48903;45.5,102;62.25,294.5;102,255;181.5,9.5;39.25,38.25;86,267.5;171.25,185.5;323.5,309
38026;13,55.75;29,313.75;102,255;245,31.75;39.25,38.25;75.75,216.75;157.5,224.25;323.5,309
13700;9.25,62.75;26.5,277;136.75,292.5;275.5,31;71.5,81;75.75,216.75;157.5,224.25;354.5,261.75
28017;13.25,49;26.5,277;150.5,266.5;332.75,37;38,135.25;75.75,216.75;171.5,178;329.75,309.75
8945;13.25,49;87.75,243.5;101.5,314.5;277.75,69;106.25,124.5;124,263.75;171.5,178;261.75,306.5
49230;30.75,49.25;50,227.5;109,316;263,18.5;106.25,124.5;124,263.75;171.5,178;292.75,299.25
5978;30.75,49.25;35.5,238.25;109,316;263,18.5;109.5,161.5;142,301;217.25,141.25;241,293
37958;8.5,23;35.5,238.25;59.5,317.25;277,18;124.25,116;180.5,319;217.25,141.25;237.25,309.25
36899;28.75,15.5;83,281.25;99.5,316.75;277,18;76.5,109;152.25,318;175,148.75;237.25,309.25
10763;28.75,15.5;138,281.75;174.5,308.5;314.25,62.5;18.25,149.75;120.75,283;175,148.75;289,315.75
23028;6.75,28.25;138,281.75;175.75,317;333.25,94.25;18.25,149.75;97.5,284.25;204,174.25;312,314.25
23280;64,7.25;126.5,240.25;204.25,281.5;310.25,142.75;18.25,149.75;70.5,296.25;204,174.25;353.5,287.75
12855;79.5,7.75;144.25,238.25;204.25,281.5;344,112.25;64.75,173.75;70.5,296.25;250.5,198.75;354.25,295.25
39452;79.5,7.75;190.25,239.25;249,258.75;362.5,83.25;26.5,156;74,306.5;250.5,198.75;318.5,312.5
26397;102.5,6.25;156.5,212.75;266,228;362.5,83.25;20.75,144.75;53.5,274.5;250.5,199.75;318.5,312.5
30080;64.5,23;157.5,159.5;242.75,207;362.5,83.25;22.5,180.25;53.5,274.5;236.25,232.25;363,265.25
27095;128.25,34;197.5,169.75;199.5,226;360.25,121.25;22.5,180.25;53.5,274.5;272.25,194.5;355.5,294.25
21249;95,84.5;204,131.75;262.25,254.75;364.75,120.75;8,171.5;53.5,274.5;313.25,160.5;355.5,294.25
25002;47.75,75.25;229.75,155.5;291.5,209;364,171;8,171.5;53.5,274.5;257.5,177;355.5,294.25
39068;87.75,91;238.25,207.5;307.25,243;329.25,172.5;8,171.5;53.5,274.5;301,151.5;355.5,294.25
36579;26.75,85.5;273.5,150;317.75,305.25;352.5,225;8,171.5;54.25,278.25;334.75,160;355.5,294.25
21947;73,135.25;299,84.5;317.75,305.25;357.25,225;30,211.5;35.5,233.5;334.75,160;353,308.25
11309;48.75,171.25;289.25,153;297,255.75;365.25,259.5;30,211.5;56.5,254;352.25,184.75;353,308.25
31816;48.75,171.25;278.5,164.5;292.75,248.75;355.25,227.75;56.5,254;73.5,203.25;323.5,242.5;339.75,309.25
12208;76.75,110;278.5,164.5;351.25,225;362.75,229.75;64.75,289.75;73.5,203.25;322,261.75;337,313.5
31235;76.75,112.5;278.5,164.5;342.25,182;354,180.5;21.5,250.75;73.5,203.25;296.5,306.5;311.25,311.25
40648;82.75,166;294.5,112.5;348.25,225.5;356.25,121;21.5,250.75;106.25,257;230.25,304;311.25,311.25
2870;98.25,197.5;286,164.25;292.5,208;358.25,79.75;21.5,250.75;106.25,257;168.5,298.25;248.25,291.75
3445;58.5,229.5;247.5,220;344.25,228.5;348,40.25;21.5,250.75;106.25,257;143,319;220.25,278.5
5833;58.5,229.5;244.5,217.5;344.25,228.5;348,40.25;31,265.75;61.5,249;151.75,299.75;167.75,320
22719;58.5,228.25;296.5,263.25;341.5,209.75;348,40.25;45,248.5;71.5,295.75;113.75,242;167.75,320
2679;58.5,228.25;321.25,303.75;354,174.5;371,54.5;35.25,191;50.75,247;113.75,242;168,319
40696;102.25,207.25;321.25,303.75;354.5,128;355.25,11.25;60,255.75;99.75,236.75;141.75,225;168,319
131;96.25,164.25;265.75,322;354.5,128;355.25,11.25;55,248;71.25,258.25;213.25,259;227,275
26437;88.75,187;265.75,322;354.5,128;358.25,7.75;113.25,276;134,225.25;218.5,311.25;224,296.25
11354;24,178;200,311.25;360.5,112.25;363.5,80.75;77.75,255.5;133.25,228;218.5,311.25;224,296.25
26929;37.5,107;200,311.25;355.25,153.75;356.5,153.25;32.5,286.75;152,223.25;218.5,311.25;223.5,297.25
29518;43,92.25;244,283.75;351.75,179.25;356.5,153.25;32.5,286.75;214.5,219;245.75,257.25;284.5,283
17566;70.5,74.25;239.5,257.75;327.75,215.5;331.5,149.5;11.25,309;245.75,257.25;250.5,201.5;284.5,283
32321;2.75,69.25;209,282.5;356.75,216.25;365,167.25;11.25,309;191,232;268.5,147.5;284.5,283
14107;54,74.25;198.5,310.75;281.75,242.5;342.75,227.75;11.25,309;164,199.75;255.25,174.5;284.5,283
40238;110,44;202.5,309.25;248,209.25;323.75,279.75;11.25,309;179,165.75;255.25,174.5;284.5,283
39093;110,44;197.5,283.25;209.25,245.25;274.75,261;11.25,309;210.75,187.75;281.25,133;326.25,243.5
27160;110,44;197,283.5;203.25,260.75;250.5,219.5;4,298.75;159.75,162.5;294.25,84;326.25,243.5
21053;108.5,46.5;131.25,286.75;184.5,320.75;250.5,219.5;4,298.75;159.25,162;249.5,57.25;273,283.25
11359;141.75,89.25;144.25,227.5;180.5,256.25;225.25,265.5;4,298.75;159.25,162;211,67;260.25,306.25
25714;141.75,89.25;150.25,266.75;154.75,307.5;225,243.25;21.25,309.75;159.25,162;223.25,95.25;260.25,306.25
27277;141.75,89.25;144.75,311.25;213,311;260.25,306;21.25,309.75;159.25,162;208,128.75;328.25,312
10655;131.25,31;172.25,322;186.25,270.25;260.25,306;21.25,309.75;164.5,96.5;217.75,184.5;310.5,297.25
18237;183,47.5;236.25,283.25;240.5,214.5;258.5,277.5;56.5,295.5;164.5,96.5;166.25,226.25;310.5,297.25
9978;167.25,90.75;261,255.75;289.25,169.5;323.25,315;56.5,295.5;162.5,100.25;183,231.75;310.5,297.25
44286;167.25,90.75;252.75,299;283.75,142.5;323.25,315;89,281;131.75,127.25;183,231.75;348.75,290.5
45998;126.5,123.75;267.75,256.25;270.75,103.25;334.25,318.5;89,281;121.25,104.75;191.5,249;348.75,290.5
26985;90,107.75;223.5,313.25;315.5,113;334.25,318.5;80.25,301.25;180.25,142.75;191.5,249;279.75,305
44963;89,111;255,305.75;315.5,113;360.75,294.75;154,318.75;181,165.75;196.25,173.25;279.75,305
28839;67,145.25;259.75,323.5;287.25,167;365.25,248;154,318.75;172.5,165.75;211.25,175;279.75,305
31037;9.25,140.25;229.75,302.75;286.75,232.25;335.75,215.75;117.5,302.25;172.5,165.75;216.5,194.75;279.75,305
3649;9.25,140.25;254.5,316.5;273.5,295;329.5,152.25;117.5,302.25;175.5,237.5;180.5,163.5;242,320.5
14973;68.75,97.5;258.75,321.5;290.5,319.5;300.75,111.25;117.5,302.25;153.75,221.25;180.5,163.5;185.5,304.75
41328;68.75,97.5;210,279.75;297,294.5;300.75,111.25;121.75,227.75;124.25,228;208.25,107.75;231,249
29080;90.25,126.25;204,260;308,312.25;342.75,157.25;106.25,163.25;124.25,228;208.25,107.75;231,249
34268;71.75,124.75;206,309.25;294.5,300.75;326.5,134.25;82.5,166.75;124.25,228;208.25,107.75;231,249
778;103.5,140;206,309.25;262.75,321.5;276.75,148;51.75,222.75;124.25,228;217.75,106.5;248.75,222
6717;147,128.25;209.5,259.5;287.75,277.5;301.75,157;23.25,190.25;124.25,228;217.75,106.5;250.25,222
25345;147,128.25;214.5,259;287.75,276.75;340.75,112;19.25,142.25;107,184;192,164;250.25,222
27215;141.25,100.25;196.25,267;249.5,313.5;340.75,112;19.25,142.25;60.5,202;193.5,214.5;270.25,170.25
39208;151.5,42;196.25,267;249.5,313.5;357.5,103.75;58.25,122;70.75,258.75;188,173.75;252,201.25
33013;208,62.25;217.75,241.25;240,276.5;323,93.25;19.75,120.25;82,258.25;188,173.75;252,201.25
48028;197.75,62.25;223.5,252.5;230.5,231;298.75,85.5;19.75,120.25;82,258.25;202.75,212.25;230,210
47596;199.5,92.5;223.5,252.5;275.25,215.25;302.75,113.5;19.75,120.25;32.25,247.5;232,257.25;259.75,238.25
2351;205.75,135.25;215.75,200;264.25,270.25;273.25,120.5;19.75,120.25;32.25,247.5;213.75,252;281.75,187.75
8306;152.25,159.5;220.75,246.25;236,225.25;273.25,120.5;8.75,142.5;31.5,247.5;221.25,261;281.75,187.75
9455;163.75,150.5;166.25,274.5;188.25,242.25;273.25,120.5;8.75,142.5;31,247.5;222.75,253.25;271.25,247.75
17802;147.75,186.5;166.25,274.5;188.25,242.25;273.25,120.5;7,127.25;19.5,297.75;161.25,225.75;328,274.25
26335;96.25,189.25;148.5,227.25;156.25,217.25;289.5,167.25;13.5,156.5;20.75,279;161.25,225.75;328,274.25
39134;57,239.25;148.5,227.25;156.25,217.25;266.5,177.75;15.25,141.75;47.75,254.25;176,289.75;317.25,241
34439;89.75,191.5;148.5,227.25;156.25,217.25;239.75,135.25;16.75,135.75;27.75,203.75;199.25,276.5;355.25,287.25
47876;48.25,216;124.75,179.5;214.75,231;279,134.25;16.75,135.75;24.25,172.75;152.25,319.5;355.25,287.25
38186;21,226.75;124.75,179.5;279,230;302.75,120;16.75,135.75;49.75,221;202.5,291;355,229.5
13086;20.5,283.25;154.25,224.5;274.5,260.5;297.75,85.5;16.75,135.75;49.75,221;201.5,228;349.75,163.25
50281;63.25,295.5;131.75,173.5;290,308.25;298.25,114;16.75,135.75;78.75,215.25;224.5,231.25;349.75,163.25
34675;63.25,295.5;173.5,140.5;240.25,306;270.75,164.75;5.5,141.75;78.75,215.25;242,213.5;358.25,149.5
27758;119.75,275.25;186.5,88.25;198.25,295.25;221,181.5;14.5,94.75;78.75,215.25;238,211.25;358.25,149.5
5937;119.75,275.25;160.75,71.5;169,261.75;221,181.5;3,69.75;52.75,248.5;247.75,176.75;332.5,191.75
44147;102.5,295.75;160.75,71.5;165,322;236,135.5;3,69.75;52.5,249.25;271.5,195;362.75,240.5
25371;66,317.25;107,90.5;142.75,266;259.25,169.75;3,69.75;54,238.5;271.5,195;316.5,269.75
33732;88.25,298.5;107,90.5;107.25,229;262,183.25;17.25,29.5;54,238.5;303.75,235.5;307,284.75
31695;68.25,249.25;73.75,64.5;74.5,222.5;276.75,131;17.25,29.5;19.25,202.5;258.25,265.75;303.75,235.5
24886;39.75,239.25;60.25,32;74.5,222.5;336.5,100.75;11.75,13.75;19.25,202.5;278.5,238;354.25,240.5
38743;42,303;60.25,32;74.5,222.5;336.5,100.75;49.5,66;76,208;259.25,197;301.75,198.75
42610;31.75,284.75;60.25,32;61.5,275.25;328.75,120.5;103.5,105.5;122.75,196.25;251.5,146.75;301.75,198.75
12324;40,243;60.25,32;91.75,234.5;333.5,119.75;82.75,120.5;122.75,196.25;226.75,96.75;321,161.5
17731;63,229.75;78,67.5;90,270;327.75,104.75;59.75,172.25;122.75,196.25;254.25,70.75;321,161.5
29144;62.25,177.25;78,67.5;116.25,314.5;359,128;16.5,154.5;100,153.25;253.5,121.5;321,161.5
12636;40.75,122.75;64,84.5;144,303.5;370.25,142;34.25,211.5;120.25,113.75;253.5,121.5;321,161.5
827;40.75,122.75;64,84.5;81,298;328.5,149.5;56.25,177.25;124.75,113.75;216,126.5;343,100.75
37280;26,148.5;29,102.25;81,298;319.25,154.5;33.25,232.25;124.5,114;216,126.5;349,81.25
8258;11.25,141.25;30,77;36,271.75;300,114;74.25,265;124.5,114;216,126.5;349,81.25
36230;2.25,178;72.25,57.75;81.75,232.25;343.5,141.75;80.25,321.75;124.5,114;216,126.5;346,78.5
1362;35.75,209.75;92,85.75;101.25,223.75;280,144;80.25,321.75;186.5,96.5;216,150.5;346,78.5
27465;25,208;92,85.75;118,273.5;295.25,151;80.25,321.75;211.5,98.75;254.5,145.5;307,52
10414;15.75,223;57.5,74.25;118,273.5;309.75,110.5;80.25,321.75;185.5,65;251.25,142;328.25,1.75
39786;39.5,277.75;57.5,74.25;79.75,291.5;270.25,101.75;80.25,318.25;203.5,98.5;251.25,142;316.5,15.25
35881;63,248.5;69.75,103.5;97.75,283.5;282.75,56.5;82,267.75;203.5,98.5;220.75,152.5;316.5,15.25
266;63,248.5;118.75,82.5;155,293.75;330.25,50.75;84.75,270.25;203.5,98.5;221.25,133;265.75,4.75
33721;59.5,218.5;126.75,23.75;133,291;339.75,113.25;111.75,280.75;203.5,98.5;204.5,172.75;265.75,4.75
36392;67.75,183.5;126.75,23.75;133,291;322,89.25;161.25,318.5;221.75,49;223,124;227.25,15.5
16256;34.5,208.5;126.75,23.75;157,248;342.75,80.25;161.25,318.5;180.75,70.25;206.75,86.75;232.25,73
44295;34.5,208.5;97.75,18.75;184.25,242.25;315,115;114.25,273.25;196,98.75;208.75,26.75;232.25,73
29022;59.5,242.25;103.5,50.25;199.25,246;357.5,126;160.25,226.5;208.5,142.5;208.75,26.75;232.25,73
18835;59.5,242.25;148,12;215,310.25;345.25,172.5;166.75,240.5;184.5,155;208.75,26.75;266.25,85
29853;85.5,206.75;148,12;264.25,310;355,127.75;166.75,240.5;174.5,107;217.25,57;315.5,108.25
11367;85.5,206.75;141,33.75;294.5,303.25;326,126.5;166.75,240.5;200.5,159;239.5,84.25;270.75,79.75
8226;85.5,206.75;141,33.75;294.5,303.25;315,115.5;172.25,240;180.75,106.5;199.75,96.5;230.25,115.75
40860;36.25,182;79.5,68;258.75,305.25;300.25,53;127.75,295.25;180.75,106.5;229.5,62.25;230.25,115.75
7711;36.25,182;93,58.25;221,265.5;263.25,17.25;127.75,295.25;188.25,109.5;242.5,47.5;265.5,146.5
10526;37,181.5;66.25,4.25;241.25,301.75;311,41.5;127.75,295.25;210,96.75;242.5,47.5;268.25,187.5
8080;28,190.25;123.25,6.25;280.75,298.5;330,99.5;127.75,295.25;210,96.75;243,48;320.25,159.75
10350;68,171.75;123.25,6.25;289.5,318.75;316.75,59.25;76.25,289.75;210,96.75;261.25,47.5;309.75,163.5
66;87.75,148.75;141.75,19.5;289.5,318.75;316.75,59.25;90.25,319.5;179.75,107.5;267.75,62.5;351.5,196.75
24793;83,120.5;118.25,19.25;242.5,291;280,105;146.5,319.5;179.75,107.5;269,62.25;351.5,196.75
40431;82.75,121;118.25,19.25;190.25,260;269.5,149.5;117.75,308.5;179.75,107.5;322,82.75;334.5,218
16768;25.5,139.75;75,29;138.75,264.75;305.75,119.5;117.75,308.5;158,89.25;322,82.75;329.5,204.75
29894;70.75,181.5;75,29;171.5,300.5;305.75,119.5;54.75,322.75;152.25,89.75;333.75,53.75;361.5,212.5
21170;69.75,170.25;79.5,8.5;205,268.25;274.75,94.75;14.25,306.25;152.25,89.75;337.5,78.5;361.5,212.5
25072;74.75,227.5;123,29.75;225.25,236;300.5,112.25;14.25,306.25;112.5,112.25;337.5,78.5;351.75,179.75
8062;74.75,227.5;97.5,58;220,243.75;314,114;31.75,252.5;88,116.5;315,130.75;351.75,179.75
31742;51,239.75;120,59.5;220,243.75;270.5,73.5;31.75,252.5;85.5,168.75;321,136.5;339.75,163
11913;54.25,280.75;174,36;220,243.75;270.5,73.5;66.5,260.25;81,168;352.25,153.5;355,173
1466;53.25,294.5;215.75,62;220,243.75;280.25,138.25;68.25,211.5;144.75,171.5;355,173;356.25,147.25
1089;59,229.5;164.5,96.25;228.75,302.75;248.25,179.5;62,249;158.25,222.5;355,173;356.25,147.25
26413;59,229.5;187.5,119.75;228.75,302.75;248.25,179.5;110.75,281.75;154.25,178;315,169.75;321,196
45500;13.75,190.25;187.5,119.75;202,308.5;248.25,179.5;118.25,292;150.5,224.5;300.5,194.75;306.25,152.5
4232;49,228.75;162,142;202,308.5;230.25,202;118.25,292;170.5,162.5;260.75,141.5;273.25,180.75
15044;73.5,175.75;141.25,137;169.25,322.5;170.5,194.75;102.5,297.75;170.5,162.5;260.75,141.5;270.25,178.25
26090;50.75,238.75;130.75,172.5;146.5,319.75;190.25,155.75;102.5,297.75;168.25,196.5;260.75,141.5;270.25,178.25
1942;55,295;112,167.75;124,263.5;206.25,167.75;54.75,268.75;168.25,196.5;260.75,141.5;270.25,178.25
29752;14.75,267.25;123.5,180.25;124,263.5;206.25,167.75;28.5,308.5;215.75,161.75;261.75,173.75;287.5,187.5
2874;61.5,293.5;164.5,161.25;183,272;186.25,152.25;28.5,308.5;173.75,117.25;261.75,173.75;272.75,194.25
40557;61.5,293.5;164.5,161.25;186.75,229;209.25,198;37,238.75;188.25,174.5;284.25,137.5;296.75,150
39721;61.5,293.5;130.75,191.5;134,201;219.5,252.5;69.75,254.5;202.25,173.25;234.25,98.75;296.75,150
40744;38.75,279.5;87.75,165.5;134,201;211.75,302.5;77.75,234.25;202.25,173.25;252.25,42.25;308.25,142
24738;10.5,306.5;50.75,157;144.5,192.75;204,259;36.5,265.75;202.25,173.25;225.5,84.5;308.25,142
27356;47.75,279.5;69.75,184.5;140.75,225;152.75,223;54,253.75;165.25,221;225.5,84.5;308.25,142
50082;47.75,279.5;51.25,172.25;153.75,227.25;186,230.25;35.75,308.75;178,270.25;225.5,84.5;322.5,161
24881;48,295.5;71.25,210.25;150,203;186,230.25;18,274.5;110.25,265;225.5,84.5;317.5,102
2680;49.25,295.75;56,238;145.75,226.75;212.25,219.5;18,274.5;110.25,265;231.75,34.25;365,82
24222;29.75,316.5;56,238;145.75,226.75;215,217.75;44.25,283.75;162,277.75;166.75,14.75;357,77.5
42891;1,278;90.25,247.75;145.75,226.75;215.5,279.5;96.75,283.75;103.25,231.75;166.75,14.75;295.75,84
46734;24.25,277.75;90.25,247.75;161.5,223;215.5,279.5;110.25,241;130.75,217.25;232.25,11;332,115
8995;24.25,278.75;122,274;154.25,184.25;212,310;77.75,214.75;130.75,217.25;232.25,11;339.5,147.25
6224;17.75,230.75;130.75,282.75;154.25,184.25;211.5,291.5;68.25,223.25;130.75,217.25;286.5,19.25;335.5,199.5
17976;11.75,261.25;130.75,282.75;184.75,218.5;219,259;17.5,263.25;139.75,189.25;286.5,19.25;340.25,231
24456;25.75,285.75;130.75,282.75;142.25,184.25;184.5,248;56.75,297.25;181.75,161.25;286.5,19.25;362.5,262.25
17301;41.5,314.25;126.25,267.75;137.75,125;167.25,272.5;41.75,260.5;181.75,161.25;335.5,18.5;362.5,262.25
9965;27.75,258.75;70.25,293.5;162,124.75;167.25,272.5;15.25,227;230.25,116.5;335.5,18.5;352.5,264.75
20498;55.5,219.5;71.75,317.5;162,124.75;185.75,318.5;47,275;230.25,116.5;274,21.75;355.5,260.5
22298;52,275.75;74.75,318.5;140.25,76.5;178,267.5;30,309;239.75,87.75;274,21.75;355.5,260.5
49247;52,275.75;74.75,318.5;140.25,76.5;167,322.75;42.75,264.75;210.25,54;279.5,88.25;338,269
33902;55.75,240.25;89.75,309.75;149.5,31.25;185.5,317.25;7,238.25;209.25,53.5;279.5,88.25;338,269
36738;55.75,240.25;89.75,309.75;115.25,15.25;185.5,317.25;43.25,197.75;177.75,115;273.75,24;329.5,314.25
29286;76.75,208.75;89.75,309.75;124.25,32.5;248,289.75;49.25,263.25;166.25,163.5;273.75,24;332.5,268.75
36825;27.5,195.25;104.75,284;124.25,32.5;223.75,279;48.5,281.75;201.5,173.75;327.75,58;332.5,268.75
3115;63.25,171.25;104.25,318.75;187,13;223.75,279;81,269.5;194,122.5;327.75,58;346.5,218.75
33071;114.75,127.5;125,303.75;140,55.75;204,259;81,269.5;206.25,108.5;327.75,58;346.5,218.75
13994;86.75,107;116.75,244;183.5,42;226,235.75;25.75,279;206.25,108.5;327.75,58;359,147.5
38944;41.25,61.25;87,203.75;201.25,6.75;226,235.75;35.75,232.5;217.75,99.75;353,66.25;359,147.5
20566;48,75.75;73.5,223.5;201.25,6.75;209.75,284.25;4.75,231;218,100.25;353,66.25;356,162
17638;50,44.75;82.75,270.5;263.25,54.75;264,293.75;56,248.5;218,100.25;353,66.25;356,162
13198;4.25,2.75;82.25,271;263.25,54.75;264,293.75;81,278.5;152.5,82.25;341,34;354,193
36812;8.25,62.75;82.25,271;245.75,2.75;264,293.75;112.25,242;152.5,82.25;349.25,79;358.25,242.25
4386;19.75,74;82.25,271;245.75,2.75;264,293.75;72.5,222;139.25,31.5;305,109.25;342.25,278
9675;19.75,74;82.25,271;183.75,20.75;264,293.75;65.75,224;74.5,28.5;241.5,132.25;328.75,283.5
20968;19.75,74;139.75,241.25;199.75,22;264,293.75;24.25,214.75;103,34.5;222.25,188;281.75,305
341;29.5,57.25;80.75,265.5;199.75,22;222.75,253;2.75,173.75;103,34.5;201.25,172.75;273.5,287.25
32624;44.75,99.25;54,310.25;205.5,45.75;230,282.5;21.5,144.5;123.5,8.25;201.25,172.75;273.5,287.25
43364;11.25,113;54,310.25;224,85.25;230,282.5;43.5,147.25;188.5,19.75;239,222.5;277.25,304.75
32717;15.25,41.75;47.25,293.5;224,85.25;230,282.5;82,80.75;158.75,51.5;222.25,177.75;310.75,314.25
15581;15.25,41.75;47.25,293.5;197.25,53.75;221,218.75;38.5,105;125.75,107.5;184.25,163;360.25,277.5
15512;34.25,20.5;86.25,297.75;198.5,50.5;230.25,206.25;35.5,120.25;87.5,135.75;184.25,163;360.25,277.5
2418;34.25,20.5;86.25,297.75;157.75,81.25;243.25,210.75;27.5,119.75;93.5,109.5;161.5,194.25;346.25,320
25807;34.25,20.5;45.5,279.5;225.5,82.5;312,227.5;55.75,68.5;125,60.75;158.25,124.25;346.25,320
26353;14.25,85;88,286.5;225.5,82.5;303.75,167;49.5,79.25;126.75,72;139.75,65.75;346.25,320
28898;3,84.25;85.75,243.5;256.75,116.5;338.25,145.25;49.5,79.25;143,50.75;148,57;346.25,320
13645;3,84.25;28.25,269.25;205.25,92.75;363,189.25;98.75,66;121.5,40.5;147,83.5;346.25,320
46154;3,84.25;28.25,269.25;257.75,134.75;363,189.25;118.75,21;123.25,98;128.5,128.25;353,279.5
31431;9.75,90;32,243.25;306.25,77.5;322,188;45.75,23.75;78.5,25.75;128.5,128.25;353,279.5
32837;9.75,90;32,243.25;304,56.5;322,188;4.25,53.5;75.25,9.75;112.25,198.5;293.25,287.75
11076;42.5,114.75;48.5,245.5;304,56.5;367.5,188;38.5,76.25;48.75,61.75;112.25,198.5;292,219.25
853;1,110.25;2.5,227.25;336.75,106.25;351.75,241.5;38.5,76.25;49.75,61.25;112.25,198.5;283.5,192.5
16303;1,110.25;2.5,227.25;336.75,106.25;360.25,256;52,35.5;58.75,126;75.75,154.75;282.25,184.75
43955;1,110.25;8.5,276.5;331.25,37.25;360.25,256;48,55.25;60,161.5;129,176.25;317.5,145
6979;3,62.75;27.75,241;278.5,74.75;316.75,300;48,55.25;55.25,221.75;129,176.25;310.25,161.75
21724;3,62.75;87.25,230.75;214.25,92.75;282.5,322;49.5,4;62.25,222.5;95.5,222.25;310.25,161.75
6503;3,62.75;129.5,201.25;251.75,130.25;255.25,309.75;40.5,30.25;62.25,222.5;133.5,197.75;358,165.25
13299;18.5,42.25;142.75,265.5;251.75,130.25;255.25,309.75;3.5,13.5;23,229;161.25,195.75;317.25,204.75
23157;25.25,110;142.75,265.5;251.75,130.25;255.25,309.75;12,33;50,162.75;158.75,225;309,233.5
38549;25.25,110;126,285;225.5,181;255.25,309.75;36.5,88.75;49.5,192;179.5,214;347.5,264
9607;18.5,145.25;70,295;241.5,170.25;255.25,309.75;24.75,69.75;102.5,232.25;179.5,214;305.5,234
26946;18.5,145.25;108,283.5;273.25,168;284.75,285.75;1.5,127;102.5,232.25;171.5,214.5;280.25,287.25
37211;1,178.25;68.5,274.25;273.75,143.25;327,267;1.5,127;102.5,232.25;171.5,215.5;312,312.25
1914;19.25,226.25;47.75,278.25;273.75,143.25;327,267;8.25,150.25;89,198;210.75,207.25;282.75,288
3575;0.75,177.75;53.25,280.25;267,141.5;280.5,232;8.25,150.25;140,222.5;210.75,207.25;257.25,291.75
4179;0.25,177;43.5,303.75;267,141.5;302.25,190;35.75,118.25;153.75,272.5;210.75,207.25;314,311.75
42305;8,153.25;52.75,278.75;274.5,168;302.25,190;12,93.5;158.75,303.25;210.75,207.25;265.25,270.75
35565;43,162;83,299;222.25,204;312.5,150.75;5.5,33.5;158.75,303.25;227,159.5;265.25,270.75
18120;43,162;62.75,247.75;258,228.75;312.5,150.75;3.75,32.75;187.25,250;232.75,120.75;274.75,251.75
49558;17,178.25;62.75,247.75;249,179.5;261.75,154;48.25,42;187.25,250;237.5,168.25;294.25,197.25
23788;16.5,144.75;62.75,247.75;244,173.75;273,167.75;91.5,79;187.25,250;231.5,124;277.5,174
29863;16.5,144.75;67.5,219.25;242.25,186.75;293.25,147.5;91.5,79;195,252;249.75,121.25;265.5,118
23642;16.5,144.75;67.5,219.25;231.5,181;305.75,185.75;113.75,87.5;219,275.25;232,134.75;272.5,77.25
2335;64.75,159.5;131.25,200;254.5,206.75;355.75,151.75;128.5,35;219,275.25;232,134.75;258.5,19.75
12493;64.75,159.5;171.5,220.5;264,178.75;362,136.25;70.75,9.75;219,318.5;221,122.5;258.5,19.75
1847;64.75,159.5;153.75,259.25;223,181;369.75,121.25;11,31.5;184.5,275.75;221,122.5;260.5,19.25
40588;64.75,159.5;148.5,226.75;189.25,151.75;310.25,112.75;11,31.5;143.25,301.5;195.25,180.75;258.25,50.75
30226;27.5,144.25;168.75,226;195.5,84.25;264.25,153.5;11,31.5;184.25,306.75;232.75,158.5;258.25,50.75
12839;39.25,183;114,199.75;206.5,69.25;252.5,117.75;11,31.5;187.25,253;232.75,158.5;255.75,16.5
15491;1.25,220.25;98.25,190.75;185.5,104.75;195.5,93.5;11,31.5;187.25,253;204.75,98;239,61.25
8459;1.25,220.25;96.75,126.25;168.75,118;222,129.75;13.25,69.25;187.25,253;214.5,117.5;227,105.25
26862;17.5,176.75;81.25,141.25;140.25,177.5;155,126.5;13.25,69.25;187.25,253;261.75,169.5;272.5,77.25
41118;0.5,182;81.25,141.25;97.75,214;132.75,172.5;46,33.5;219.75,304.25;246,200.75;272.5,77.25
37812;44,239.75;67.75,84;121.5,250.75;184,125.75;109.75,19.25;219.75,304.25;246,200.75;345.5,62
35833;46,267.75;89.5,78;115,239.25;219.75,82;109.75,19.25;185.5,287.5;293.25,185.75;345.5,62
23691;9.25,284;117.25,110.75;176.75,236.75;194.5,135.75;109.75,19.25;253.25,287.5;293.25,185.75;328,98.75
42711;9.25,284;75.5,159.25;147.25,239;253,135.25;109.75,19.25;226,273.25;282.25,249;291.75,132.75
21927;9,265;91.75,140.25;147.25,239;266.75,92;172.5,32.5;186,286.5;282.25,249;350.25,163.75
35972;49.5,214.5;153.25,126;170.5,270;266.75,92;130.5,47.75;243.5,321;282.25,249;318.25,197.25
20837;111.5,241.5;120.75,147;155,293.75;249.75,42.5;73,24.75;243.5,321;282.25,248.25;318.25,197.25
35278;75,274.5;121.5,212.5;174,267.5;306.75,57.25;73,24.75;243.5,321;329,210.25;341.5,229.75
40352;89.25,295;153.75,227.75;206,259.25;267.75,66.5;73,24.75;242.25,309.25;329,210.25;340.5,230.5
56;53.25,305.25;88,229;214.75,203;268,56.5;73,24.75;242.25,309.25;274.25,215.75;278.75,235.25
35428;10.25,311.5;49,215.25;189.75,156.25;253,78.5;73,24.75;242.25,309.25;278.75,235.25;311.75,187.5
46549;25,318.75;35.5,203;154.5,125.25;255,58.25;73,24.75;242.25,309.25;278.75,235.25;279.75,187.75
12134;17.25,305.5;31.25,134.75;147.75,119.25;234.75,74;76.5,21;242.25,309.25;279.75,187.75;313,225.75
46575;50.25,307.5;63.5,86.5;147.75,119.25;234.75,74;76.5,21;249.75,310.25;266.75,198.75;318.25,224.5
12309;9,306;63.5,86.5;206.75,131.25;211.75,16.25;76.5,21;185,301.75;196.25,175;291.5,194.25
23528;10.75,269.75;49.25,56.75;206.75,131.25;211.75,16.25;96.75,64.5;154.25,243.5;230.5,154;301.25,133
27923;10.75,269.75;20,86.75;206.75,131.25;257.25,18.5;133.25,21.25;135.75,279.75;278,125.25;331.25,115
21859;65.75,308.5;69.5,114.25;206.75,131.25;268.25,75.5;137.25,12;144.5,224.25;260,109.25;331.25,115
34892;84.25,271.75;91.25,64.25;260.25,134.5;330.25,101.75;137.25,12;144.5,224.25;260,109.25;355.25,157
6719;50.5,227.75;102.75,52.5;260.25,134.5;310.75,115;137.25,12;159.75,162.5;243,88.25;358.75,188.25
27696;36.5,208;124,74.5;277.75,133.25;317.25,165.25;141.25,59.75;159.75,162.5;205.25,107.25;358.75,188.25
39972;12.5,176;94.25,91.25;311,120.25;337.75,177.75;128.25,39.5;159.75,162.5;205.25,107.25;358.75,188.25
37908;12.5,176;80.75,116;289,139.25;367,192.75;128.25,39.5;148.25,221.5;263,86.25;358,174.5
39534;12.5,176;80.5,64.5;235.75,136.5;353.5,167.5;128.25,39.5;141.25,271.5;254,69.25;348.5,141.75
16792;43,181.25;88.75,110;235.75,136.5;360.5,202;78.25,19.25;116.25,252.75;254,69.25;314.25,159.25
11257;69,141.25;80.75,68.75;276.75,106;346.25,208.75;70.25,31.75;116.25,252.75;254,69.25;355.5,140
13976;50.25,123;64,119.75;292.25,101.25;293,207.5;70.25,31.75;103.5,275.75;262.75,42;355.5,140
21359;58.5,147;69.5,142.25;279.5,101.25;292.5,161.5;58.75,68.5;103.5,275.75;262.25,42;355.5,140
13350;19.25,144.25;49.25,124;247,127.5;287.5,167.5;58.75,68.5;103.5,275.75;316,19.5;328,130.5
12205;19.25,144.25;49.25,124;196,128.75;287.5,167.5;52.5,100;90.75,318.75;257.5,9;318.75,123.75
44854;36.5,133;47.75,109.25;192.25,159;272.5,110.25;52.5,100;90.75,318.75;253,11;318.25,124.75
33747;2.75,185;10.5,140.75;204.5,180.25;278.5,101.75;52.5,100;90.75,318.75;253,11;340.5,97.75
2917;10,248;10.5,140.75;254.5,219.25;267.25,92;13.75,141.25;27.75,302;256.25,76;340.5,97.75
19681;34,303.75;71.75,132.5;254.5,219.25;277.5,34.5;24.75,94.75;44,317.75;256.25,76;325.5,148.75
2268;34.5,304.25;71.75,132.5;255.25,244;331.25,9;22.25,58.25;44,317.75;296.25,36.5;311.75,87.75
3706;61,239.25;113,161.25;246,193.5;351.75,37.75;22.25,58.25;54.25,316.5;296.25,36.5;311.75,87.75
21297;39.75,209.75;99.5,191.75;208,178.25;332.5,34;45,24.75;54.25,316.5;296.25,36.5;307.75,83.5
35798;49,238;125.5,140.5;198.75,185;270.25,18.5;45,24.75;54.25,316.5;253,55.25;276.25,64.25
46220;40.75,242.5;125.5,140.5;198.75,185;297.25,19.75;16.75,13.5;54.25,316.5;218.75,6.25;248.75,76
32267;7.25,212.5;157,157.5;198.75,185;327.75,24;16.75,13.5;87.75,269.25;202.25,10.75;245.5,42
16307;22.75,228.75;157,157.5;198.5,176.75;271.75,34;16.75,13.5;95.25,222.25;156.5,43.25;247.25,46
27018;64.5,219.75;136,216.5;160.75,186.75;271.75,34;16.75,13.5;85,171;185,65;230.5,19.5
18864;64.5,219.75;161.5,231.25;166.75,200.25;263.25,64.5;16.75,13.5;50.25,161.75;162.75,53;216.25,23.5
39427;84.25,240.75;107,244;212.75,204;270.75,71;16.75,13.5;49.75,161.5;165.5,38.5;216.25,23.5
26843;64.75,294.5;163,250.75;226.25,206.75;299.25,53;16.75,13.5;49.75,161.5;163.75,49.5;195,44
7998;34.75,300.75;217,271;262.5,239.75;272.75,18;16.75,13.5;49.75,161.5;163.75,49.5;199.75,8.5
7733;47.5,237.75;238.5,307.5;264.75,315.5;267,60.5;16.75,13.5;56.25,221.75;196.75,99.75;199.75,8.5
6353;0.75,185;249.25,288.5;264.75,315.5;308.75,94.75;20,18.5;74,152;184,174;199.75,8.5
27240;7.5,190.5;236.75,283.75;264.5,316.75;272.75,148.25;17,13.75;74,152;150.75,168;199.75,8.5
16864;50.75,184;236.75,283.75;253,315;281,194.25;17,12.5;74,152;207,207.25;225,47.75
47186;72,221.75;231.75,316.25;236.75,283.75;316.75,156.75;59.5,12;66.25,163;165.5,239;225,47.75
140;80.75,231.75;169.5,301.5;244,216;288,169.25;31.75,54.75;66.25,163;110,242.75;225,47.75
24982;86.75,291.5;162.75,252;226.75,209.25;272.25,135.25;43.25,1.5;56.25,204.75;110,242.75;225,47.75
27377;101.5,320.25;158.75,293;246.5,258.25;320.25,105.25;43.25,1.5;82,204.75;115.5,215.25;225,47.75
18058;75,255;144.75,259.75;207,310;292.5,54.5;43.25,1.5;58.25,168.25;127.75,265.75;225,47.75
18207;75,255;167.25,243.75;207,310;297.25,8.5;13,11;56.25,183.5;119.75,267.25;224.25,96.25
10766;75,255;171.5,230.75;175,316.25;313.75,5.75;11.25,31.25;56.25,183.5;119.75,267.25;237.5,62
46343;123,273;137.75,225.25;175,316.25;352.5,12.25;38,36;56.25,183.5;119.75,267.25;244,77
14909;84,269;137.75,225.25;175.5,278.75;371.5,53.5;38,36;75.75,202.5;98.5,221.25;239.25,16.5
28274;76.5,274.25;136.25,213;175.5,278.75;347.75,44.25;38.75,38.75;59.75,247;69.5,169.25;239.25,16.5
3517;93.5,300.25;136.25,213;175.5,278.75;354.25,30.5;8,10.25;48,251.25;110,136.25;238.75,10.75
25004;93.5,300.25;136.25,213;220.75,320;342,50.75;8.75,10.25;40.75,190.25;49,129.5;268.75,36.75
29618;75.75,298.75;169,176.25;258,293.75;351,24;8.75,10.25;40.75,190.25;64.75,161.5;268.75,36.75
36713;65.25,263.75;189.25,155.75;256.75,322;326.25,58;8.5,69.75;40.75,190.25;64.75,161.5;270.5,25
26182;54.5,284;214.5,162.25;264,295.75;351.25,100.25;14.5,71;40.75,190.25;64.75,161.5;270.5,25
25576;100,284.5;214.5,162.25;279.75,254.75;332,150.25;16.75,5.5;21.75,144.75;40.75,190.25;280.25,7.75
43545;118.75,287.5;217.5,218;243.5,216;322,208;16.75,5.5;21,143;40.75,190.25;268.75,53.75
9498;103,283.5;228.25,237;248.5,162.75;322,208;16.75,5.5;30,124.25;60.25,223;221,95
15801;113.25,255.75;191.25,254.5;246,167.75;274.5,201.25;10,17.75;30,124.25;60.25,223;256.5,132.25
20631;102.75,223.75;174.75,281;271.25,133.25;278.5,168.25;10,17.75;30,124.25;60.25,223;223.5,144.75
13443;156.25,251;210,279.75;254.5,116.25;267.25,133.75;12.75,22.25;24.25,108;60.25,223;223.5,144.75
38018;191.75,251.25;213.25,241.25;218.5,106.75;256.25,116;12.75,22.25;16,131;60.25,223;223.5,145.25
10666;246.5,218;252,229;253.25,138.25;273.75,165;12.75,22.25;22.25,144.25;60.25,223;268,108.25
4344;206.25,169.5;216.25,223;252.5,131.5;283,103.5;12.75,22.25;20.25,143;60.25,223;225.75,89.5
34134;206.25,169.5;213.75,218.75;234.25,148;284.5,56.25;6.25,59.75;20.25,143;38.25,192.25;169.5,50.25
26466;206.25,169.5;216,203.5;265.5,133.75;286,74;6.25,59.75;70.25,150.25;90.75,152.75;165,37
8804;206.25,169.5;216,203.5;278.75,167.75;286,74;4.75,58;53.75,174.25;79,120.5;128.75,34.75
11286;198,170;218.5,164;219,197.5;278.75,71.5;6.5,7.75;53.75,174.25;60.25,115.5;128.75,34.75
21071;170.75,155.75;171.5,222.5;218.5,164;269.5,65.5;6.5,7.75;71.5,149;79,42;83.75,81.5
5285;170.75,155.75;208.75,266;252,223.5;268.75,102.5;48.75,38.5;71.5,149;82.25,56.75;107.25,6.75
36955;194.75,91.75;249,299.5;259.25,271.75;298.75,167.25;48.75,38.5;71.5,149;145.25,48.25;169.5,52
49662;204.25,64.25;239.25,247.5;249,299.5;327.25,187.25;45.75,91.75;79,131.75;115.5,72.75;169.5,52
25781;236.5,73.25;259.5,230;290.25,322.75;366.5,166.75;30.25,125.25;37.25,137;115.5,72.75;169.5,52
27188;236.75,72.75;277.25,261;288.25,271;357.5,129.75;30.25,125.25;71.25,173.75;115.5,72.75;167.25,35.5
37156;236.75,72.75;243.75,296.25;263.75,305.5;306,142.25;57.25,172.25;58.25,141.5;115.5,72.75;167.25,35.5
1152;267.75,12.25;300,304;310.5,321.25;354.5,136.25;56.25,141.25;70.75,183;115.5,72.75;167.25,35.5
38110;211.5,44.25;300,304;354.25,290;364.5,161.25;31.75,77.25;89.5,136.75;115.5,72.75;160.75,51.75
32529;211.75,80.25;334.75,247.5;345.5,311.25;364.5,161.25;7.75,50.25;52.5,111.5;115.5,72.75;221,48.5
36100;211.75,80.25;280.5,263.5;344,279.25;364.5,161.25;18,71.75;99,144;174.5,95.5;255.75,48.75
34910;185.25,90.25;277.75,201.25;294.75,319.75;314,159;18,71.75;99,144;159,52;219.5,92.25
43447;194,58.5;246.5,209.5;294.75,319.75;355.75,120.25;25.75,29.5;88,94.5;170.75,51;219.5,92.25
9207;157.75,30.5;263.75,225.75;351.5,319.25;367,183.75;25.75,29.5;73.5,58.75;126.75,19.75;219.5,92.25
23201;168.5,38.75;263.75,225.75;294.75,317.75;352.25,188.75;29,15;63,94;66.25,3.5;219.5,92.25
2479;126.5,14.25;242.75,256.25;322.5,259.75;330.25,158.25;29,15;76.25,131.5;101.75,14;219.5,92.25
26423;142,66.75;251,199.5;280.5,230;330.25,158.25;6.5,3;60.25,93.25;125.25,23.25;219.5,92.25
33858;136,43.5;227.5,252.5;263.25,270.25;357.25,122;6.5,3;89.25,67.5;95.5,47.5;219.5,92.25
19604;178.5,46.25;179.75,211.25;218.25,279.5;357.25,122;6.5,3;71,20;144.75,34.75;184.75,88.5
38924;179.25,112.5;228.5,189.25;264.75,241.5;331,150.5;6.5,3;71,20;127.25,93.5;144.75,34.75
30509;170.5,137.75;242.25,120.5;276,231.5;370.5,120.25;12.75,10;71,20;123.5,112.25;144.75,34.75
1251;152,82;171,135;247,258;355.75,166.75;35,75.75;44.5,49;123.5,112.25;144.75,34.75
30441;152,82;175,149.75;198.25,233.75;355.75,166.75;37.5,80.25;46.25,75.75;100.75,137.5;111.5,58
14349;180,38;182.25,90;185,253.25;331.75,151.75;37.5,80.25;46.25,75.75;100.75,138;146.5,91
21198;154.25,90.25;173.75,136.75;218.5,310.75;302.25,139.25;37.5,80.25;46.25,75.75;100.75,138;173.75,139.25
27774;102.5,87;171.5,196.75;285.5,317.25;330,115.75;37.5,80.25;46.25,75.75;80.25,164.25;206.75,108.5
36720;69.75,37.25;148.75,227;354.25,321;370,148;35.5,81.25;46.25,75.75;139.75,191.5;206.75,108.5
13245;39.75,32.5;156.5,223;354.25,321;357.5,96.25;26.5,79.25;45.25,40.75;139.75,191;206.75,108.5
12539;28.75,70.25;170.25,260.75;292.75,321.5;357.5,96.25;45.25,40.75;66.25,84.5;146,202.25;255,77
2846;28.75,70.25;219.75,271.25;317.75,313.5;359,153;45.25,40.75;57,101.25;171.25,186;204.75,100
18549;28.5,71.75;214.5,320.5;280.25,287;359,153;33.75,53.75;58.75,66;171.25,186;204.25,85.25
15691;1,101.25;184,316.75;280.25,287;332.5,137.5;33.75,53.75;76,46.75;175.25,161.25;228.25,67.25
9725;4.5,64.25;184,316.75;246.75,310;307,133.75;33.5,54.25;76,46.75;154.75,188.5;253.5,28.25
24467;25.25,62.75;154.75,318;246.75,310;307,133.75;24.5,31.75;115.5,40.5;171,145;276.5,45.5
6676;25.25,62.75;154.75,318;246.25,309.25;286.5,105.75;5.5,33.5;130,93.25;214,106.75;259.75,47.5
9811;77.75,35.75;172.5,299.75;246.25,309.25;276.75,144;5.5,33.5;137.25,34.75;204,74.5;301.5,23
37720;118.5,7;154.25,260.75;246.25,309.25;276.75,144;5.5,33.5;139,7;234.5,48.75;312,79.25
7600;115.5,36;154.25,260.75;246.25,309.25;276.75,144;17.5,98.75;110.5,23;281,37.75;317.25,81.5
9700;136.5,41;139.75,224.25;246.25,309.25;279,106.25;16.75,99.25;110.5,23;322.5,73.25;346.25,79.25
45249;76.5,11.5;131.5,201.25;220,259;255,109.25;48.75,142;110.5,23;322.5,73.25;346.25,79.25
34307;39.5,30.5;112.75,243.75;220,259;279,103.25;77.75,167;123.25,20.5;329.5,28;346.25,79.25
21288;39.5,30.5;107,255.25;202.75,259;278.75,61;113.25,171;123.25,20.5;354.75,53.25;365,82
40877;63.75,76.25;114.75,284.5;135.25,238.75;254,34.75;59,133.5;123.25,20.5;305.5,109.25;354.75,53.25
21454;63.75,76.25;87,229.5;100.25,249.5;254.5,64.25;59,133.5;182.25,41.25;270,97.5;336.25,50.25
40169;16.75,63.75;40.5,241.75;48.5,263.75;238.75,98.25;59,133.5;231,32.75;269,97.75;336.25,50.25
9238;36.75,57.25;42.75,230;51.75,238.5;183,72.75;8.75,137;231,32.75;269,97.75;336.25,50.25
35057;80.75,77.75;86.5,191.75;88.5,230;165.5,142.5;8.75,137;179.75,49.75;296.25,122.75;336.25,50.25
13811;59.75,74.25;70,178.25;76,234.25;213,179.5;8.75,137;150.75,87.25;296.25,122.75;336,48.25
377;0.25,86.5;47.25,172.25;49.25,294;256.25,134.75;8.75,137;188,67.5;281.75,185.75;336,48.25
42500;38.75,81.5;59.5,171.75;66.75,249.25;268.5,92.25;29,124.25;183.75,96;281.75,185.75;336,48.25
20030;39.75,11.25;71.25,145.5;88.75,247.75;268.5,92.25;17.25,149;181.25,160.75;292.25,140.75;336,48.25
4191;78,28.25;87,142.25;88.75,247.75;261.25,77.5;75.25,141;156.25,158.25;292.25,140.75;334,52
10003;61,8;70.5,176.75;111,242;291.75,55.25;108.5,136.75;145.5,221.75;292.25,140.75;334,52
6329;51.5,69.5;75,190;110,227;285.25,105;81.25,124.75;102,235.25;292.25,140.75;334,52
39066;2.25,26.75;78,161.75;110,227;285.25,105;38.25,89.75;141.25,222.75;235.75,156.5;291.25,11.5
11441;2.25,26.75;71.5,201;110,227;296.25,164.5;19.25,69.5;110.25,225;274.25,208.75;316.5,14.75
7365;11.25,8.25;35.25,240.25;103,283.5;296.25,164.5;19.25,69.5;130.5,199.5;330,207.5;355.25,12
41321;2,24;20.5,241;53.5,295;342.25,162.5;46.75,90.25;124.75,201.25;330,207.5;355.25,12
42450;39.5,30;49.75,243;82,300.75;296,150.75;46.75,90.25;78,239.5;330,207.5;355.25,12
41032;5.5,59;7.5,241.5;116.25,274.5;296,150.75;39.5,89.25;124.5,286.25;271.25,217.25;355.25,12
48127;8,43.25;35,222.25;143.75,316;296,150.75;70.25,127.25;145.75,298.5;315.5,207.25;355.25,12
25741;55.5,60.75;71.25,210.25;72,317.25;312.5,86.75;70.25,127.25;124.25,252.25;283.75,176;355.25,12
13494;4.5,41.75;30.75,242.5;72,317.25;328.75,33;70.25,127.25;89.75,222.25;263.5,226.75;343.25,60.5
22081;4.5,41.75;34,188.25;50.5,273;287,53;24.25,125.75;67.5,211;263.5,226.75;365.75,79.75
13143;41.25,31.25;49,177.75;68,309.75;267,101.5;27,127.25;67.5,211;261.75,258.25;365.75,79.75
7474;3.25,92.5;31,240.25;68,309.75;296.5,126.5;49.5,115.75;67.25,221;231.25,267.5;365.75,79.75
43236;3.25,92.5;52,285;107,309.5;243.25,77.75;14.5,144.5;60.25,215.5;221,283.25;365.75,79.75
5435;19.5,143.75;52,285;94.5,314;243.25,77.75;27.5,201.75;74,224.5;262.25,264.5;355.25,13
14786;75,145.25;81.25,227.75;95,314.25;286.25,38.25;67,185.75;67.75,216.75;262.25,264.5;355.25,13
35485;62.25,181.5;67.5,219.25;140.75,288;286.25,38.25;35.5,177.5;103,281.75;271.5,273;355.25,13
27005;62.25,181.5;67.5,219.25;140.75,288;298.25,74.25;52.25,222.25;144.75,259.25;261.75,245.5;335.75,62.25
15084;52,189.5;61,239.25;99.5,317.5;277,106;52.25,222.25;121.75,308.5;261.75,245.5;335.75,62.25
22782;52,189.5;121.5,237;122.25,302.25;236.75,152;54.75,223.25;121.75,308.5;259,255.75;304.25,113
43253;78.5,203.75;121.5,237;122.25,302.25;190.75,119;104.5,228.25;122.75,280.25;228.75,279.5;296.25,90.75
18069;31.25,237.75;121.25,236.5;122.25,302.25;190.75,119;76,203.75;153.75,300;221,313.75;296.75,84.5
49569;52.5,188.5;61.5,219;149.5,298.5;190.75,119;90.25,152.75;107,305;218,313.25;296.75,84.5
25377;27.75,189.75;31.25,213;149.5,298.5;257.5,122.5;90.5,100.75;108.5,320.5;218,313.25;296.75,84.5
15423;13.25,169.75;16.5,152.75;132.5,290;261.75,96.5;90.5,100.75;152,303.75;245.25,310.25;296.75,84.5
15817;3,109.5;76.75,147.25;130.5,287.5;261.75,96.5;90.5,100.75;170.75,269.5;267,283.25;319.25,51.25
22100;17.5,62.75;31.5,133;130.5,287.5;280.5,72.5;90.5,101.75;213,284.5;274.5,241.25;319.25,51.25
9333;1.5,33.25;53.25,171.25;190.5,280.5;280,89.25;90.5,101.75;251.25,293.25;274.5,241.25;319.25,51.25
8820;66.75,58;105.25,164.25;153.5,266.75;283,103.75;80.75,116;240.75,260.5;274.5,241.25;319.25,51.25
49978;44.25,49.75;53,151.25;177,270.25;229.25,113;100.5,177.75;251.25,293;274.5,241.25;319.25,51.25
43459;6.25,34.25;53,151.25;177,270.25;238,70.25;152,190.5;256,309.25;281.25,186.75;362.25,82
14211;36.75,15.25;42.5,164;189.75,252.5;239.5,47.25;129.5,217;256,309.25;281.25,186.75;362.25,82
32557;36.75,15.25;76.5,148.25;211.25,202;248.5,107.5;136.75,195.75;256.5,315;337,173.5;362.25,82
29495;57.25,34;83.25,208.25;169,161.25;248.5,107.5;156.5,221.75;229.25,290.75;337,173.5;344.75,31.5
7297;11.75,42.25;83.25,208.25;163,126.75;248.5,107.5;157,201.75;264.25,271.75;320.25,147.75;333.75,7.75
46178;31.25,91.75;87.25,181.5;214.25,162.5;262.25,134.75;174.25,165;272.25,210.75;320.25,147.75;333.75,7.75
37054;8,50.5;87.25,181.5;243,202;307.5,101.75;175.5,196;272.25,210.75;285.25,142.75;324,7.25
20734;51,5;116,242.25;196.25,159;301.25,138.75;175.5,196;276,227.75;285.25,142.75;319.75,31.75
39897;4.5,5.75;95.25,282.5;212.25,179;327.25,120.5;175.5,196;276,227.75;285.25,142.75;350.5,77.75
46907;4.5,5.75;41,305;181.25,205.5;336.75,149.5;211.25,185.75;244.25,253.5;285.25,142.75;291.75,83.5
26382;11,7.75;76.75,298.75;181.25,205.5;280.5,164.25;170.25,225;244.25,253.5;263.75,118.75;277.5,37.75
34944;11,7.75;33.25,262.25;251,201.5;271.5,104.25;141.5,222.75;194,246.5;199.75,95.75;277.5,37.75
24498;17.25,63.25;94.75,250.5;250.5,174.5;271.25,129.25;141.5,222.75;194,246.5;225.75,135.25;277.5,37.75
38480;68,42.25;148,287.5;248.5,135.5;268.25,120.5;141.5,222.75;224.75,257.25;225.75,135.25;277.5,37.75
28967;133,48.75;143.5,238.5;248.5,162.25;291.5,146.75;122.25,276.5;172,250.5;225.75,135.25;277.5,37.75
37098;182.5,23;199,223.5;201.5,176.25;282.25,122.75;122.25,276.5;172,250.5;220,166.75;254.75,53.75
41960;182.5,23;199,223.5;200,179.25;282.25,122.75;138.75,270.5;181,315;184.75,189.25;250,121
37270;182.5,23;199,223.5;200,179.25;282.25,122.75;122.25,196.5;149.25,269.5;189,197;195.25,174
45170;147,76.5;152,224.75;231.25,206.75;323.5,116.75;101.5,171.5;149.25,269.5;176,143.25;189,197
39729;147,76.5;152,224.75;269.5,255.75;361.25,64.75;86,189.5;119,274.5;121,157.75;227.75,190.25
48586;168,30.25;174,202;269.5,255.75;361.25,64.75;58.5,248;87.5,281.5;123.5,133.25;265.25,146.5
14102;142.5,33.5;174,202;306.5,301.5;343.5,74;79.25,198.25;87.5,281.5;90.25,136.75;257,163.75
37421;142.5,33.5;174,202;356,308.75;358.25,17.25;81.25,199;122.5,275.5;133.25,132.25;232.75,205.75
25280;142.5,33.5;174,202;312.25,308;350,34.75;81.25,198.5;145.25,224.75;147,183.5;196.75,181.25
26481;178.5,69.5;240,220;293.5,248.5;360,32.25;74.75,168.75;145.25,224.75;162.5,202;196.75,181.25
42116;184,4.5;249.25,161;281,229.25;325.75,38.5;74.75,168.75;162.5,202;192,251;196.75,181.25
29689;184,4.5;249,219;301.75,263.5;325.75,38.5;19.25,142.75;129,199.5;217.75,296.75;224.75,192
3850;184,3.25;196,176.25;282.25,319.25;325.75,38.5;19.25,142.75;82.75,199.75;250.75,290.5;255,236.75
17075;142.5,22.25;196,176.25;282.25,319.25;325.75,38.5;53.25,75.25;142,201.75;210.5,250.5;242,176.75
33369;149.75,9.5;196,176.25;286.25,276.75;295.5,81.5;104.75,67;142,201.75;210.5,251.25;235.25,181
10598;110.75,21;224.75,206.75;242.25,259;295.5,81.5;143.5,48;150.75,221;209.5,256.5;235.25,181
9120;110.75,21;220.5,240.75;224.75,206.75;332.75,88.25;91.5,30.75;117.75,240;239.25,264.25;262,162
21856;110.75,21;250.75,180.5;284.75,193.25;305.5,96.75;25.5,31.75;76.25,289.25;237,267.75;262,162
9707;119.5,3.25;229.25,154.75;291.5,136.5;295.25,82.75;25.5,31.75;76.75,289.25;237,267.75;276.25,131.5
29901;119.5,3.25;229.25,154.75;315,114;341.25,77.75;59.75,14.25;110,275;194.5,311.5;311.5,127.75
5395;117.5,36;196.25,130.5;315,114;367,120.75;59.75,14.25;148.75,281;241.5,317.5;318.5,196.75
2706;117.5,36;169.25,90.5;307.75,56.5;354,159.5;59.75,14.25;98.75,284;175.5,316.25;336,169.5
45992;146.75,15.75;169.25,90.5;307.75,56.5;338.75,198.5;99.25,6.25;133.25,284.75;176.5,316;356,157.5
36461;77.5,8.25;169.25,90.5;307.75,56.5;369,148;99.25,5.5;151.75,298.75;174.75,289.25;287.25,151.25
1544;32.5,38.25;207.75,56.5;302.75,112;357,136;60.5,13;92,284;174.75,289.25;287.25,151.25
13827;13.5,5.75;161,34.75;290.5,115;322.75,92.5;61.5,12.75;92,284;174.75,289.25;305.75,153.5
43336;54,11.25;126.25,12.75;289.25,167.75;296.75,35;61.5,12.75;90.75,222.25;134,308;305.75,153.5
4220;54,11.25;146.5,15.25;286,165.5;298.75,52.5;61.5,12.75;81,168.25;147.75,248.75;331.5,160.25
48741;54,11.25;152.25,29.25;318.5,149.5;364.75,72.75;61.5,12.75;94.25,225;112,228.5;290.75,218
14941;46.25,44.75;152.25,29.25;333,209.25;338.75,99.75;15.25,14;85.5,170.5;112,228.5;238.75,258.25
15839;46.25,44.75;192,10.5;289,240.75;359,154.5;13.5,15;91.25,181;112.25,259;238.75,258.25
27167;4.5,68.25;152.75,50.25;289,240.75;359,154.5;20,18;96.5,137.75;100,302.5;277.25,233.25
46758;7.75,33.25;152.25,49.25;299.5,208.5;336.25,149.75;20,18;51.75,148.75;53.75,318.25;277.25,233.25
2922;3.75,4.25;202.5,11.75;297.25,232;336.25,149.75;36.25,61;68.25,182.25;78.75,284.75;277.25,233.25
49040;3.75,4.25;202.5,11.75;307.5,258;336.25,149.75;29.25,46.75;53.25,221.25;62,224.5;273.75,286.75
48917;2.5,7.75;219.75,6.25;235.75,260.25;336.25,149.75;22.25,34.25;45.25,273.75;53.25,221.25;274.5,288.5
46259;2.5,7.75;219.75,5.25;280.75,313.5;313.5,136.25;22.25,34.25;59.75,307.5;94.75,189;318.75,313.75
9984;62.25,28.5;220.5,63;244.25,296.25;317.5,113.5;10,20;80.5,285.5;94.75,189;318.75,313.75
37690;4.25,3.25;271.75,32;277.75,255.25;280.25,75.25;10,20;57.5,247.5;94.75,189;278.25,305.75
36404;4.25,3.25;235.75,31.5;261,219.5;295.25,73.25;11,8.25;60.5,242.5;94.75,189;288.25,287.75
1352;4.25,3.25;235.5,32.75;281.25,260.75;343.75,89;11,8.25;96.5,222.25;107,151.75;320.25,300
45634;13.75,8.75;235.5,32.75;332,279.5;346.75,27;11,8.25;51,247;145,91.5;288.75,234.25
36109;8,38.75;216.75,15.75;291,252.25;318.75,55.25;11,8.25;71,297.75;127.75,72;288.75,234.25
29871;25.75,95.5;187.5,49.25;291.5,250.5;328.25,3.75;11,8.25;106,304;126.25,20;288.75,234.25
37886;6,85.75;187.5,49.25;249,218.5;328.25,3.75;59.25,10.75;157.75,302;181,44;319.5,276.75
8841;6,85.75;235.75,83;249,218.5;351.25,36.75;99.75,40.5;197.25,255.25;211.25,47.75;326,244
28177;38.25,39.25;245,132.5;279.5,180.5;341,24.75;99.75,40.5;155.5,288.75;210.75,47;326,244
15782;52,45.75;253.25,138.25;279.5,180.5;333.5,50;99.75,40.5;124.5,264.5;166.5,35.5;330.75,196.5
18598;67.75,44.5;202.75,176.5;269.75,166.25;333.5,50;47.5,8.75;80.25,287.75;174.5,72;330.75,196.5
34088;83.5,75.75;146.5,160.25;259.75,135.25;302,57.25;47.5,8.75;75.75,255.5;223,83.5;330.75,196.5
45276;83.5,75.75;166.25,102.25;232,84.25;307.5,100.75;10.25,57.5;11,246;223,83.5;330.75,196.5
17190;64,26.25;163,103.75;231.25,113;295.75,102;10.25,57.5;18.25,304;223,83.5;347.5,184.25
9572;15.25,42.75;153,41.75;231.25,113;308.5,36.75;10.25,57.5;17.5,304;222.25,19.5;326.5,205.5
47920;22,105.5;157.5,33.5;231.25,113;364.5,51.5;29,31.75;32.75,273;228.25,12.25;326.5,205.5
27344;1.25,173.25;157.5,33.5;260.75,110.25;364.5,51.5;0.25,50.75;32.75,273.5;271.5,31.5;349,206
30948;62.75,186.5;145.5,14.75;260.75,110.25;360,104;0.25,50.75;23.5,254;280,37.25;302.25,243.75
14745;63.5,219.5;127.25,27.75;293.5,55.25;315,120.75;0.75,50.75;20.25,294.75;280,37.25;302.25,243.75
36572;63.5,219.5;114,45.75;252.75,31.75;289,72.5;0.75,50.75;19,311.5;262.5,14.5;308.75,197.5
27644;65,170.75;82,41.5;252.75,31.75;287.5,106.25;20.5,34.75;41.75,317.25;262.5,14.5;296.75,208.75
31973;30.25,118.75;108.75,81.25;214.25,2;325,123;35.5,75.25;41.75,317.25;293.75,62;296.75,208.75
44774;81.25,140.5;91.5,85.5;209.5,58;325,123;14.75,72;24,264.75;265.5,104;296.75,208.75
40525;81.25,140.5;135,90.25;189,9.75;299,153.75;62.25,40.5;72.25,242;264.5,103.75;296.75,208.75
7991;50,189.5;88.5,83.75;180.25,59.75;315.25,206.25;58.75,10.75;59.75,215.75;264.5,103.75;296.75,208.75
39605;104.5,230;108.75,87;180.25,59.75;291,213;121.25,18.25;121.75,206.75;264.5,103.75;319.25,226
11587;104.5,230;162.25,108.25;173.5,21.5;231.5,248.75;104.25,10;121.75,206.75;230,117.25;261.5,237.5
21648;114,168.75;172.25,115.75;173.5,21.5;231.5,248.75;113,7.5;145.25,245.5;286.75,137.5;298.5,265.5
36769;114,168.75;158.5,108.5;217.5,11.25;231.5,248.75;112,7.5;170.75,299.25;290.75,175.75;300,199.75
44421;87.25,174.75;160,126.25;217.5,11.25;268.5,256.25;112,7.5;184,305.25;245,194;294,246.5
19850;116.75,231.5;143,187.5;217.5,11.25;268.5,256.25;68,33;207,276;240.5,132.75;301,280.5
1188;160.25,204.75;162,224.75;217.5,11.25;264.75,303.5;48.5,54.25;207,276;226.75,66.25;292,296.5
34943;160.25,204.75;162,224.75;217.5,11.25;243.25,259.5;35.5,104.5;182.25,286.5;192.25,110.5;311.25,313
29557;135.5,225.5;141.25,187;158.25,28.5;232,246.25;35.5,104.5;125.25,319.25;155.25,101.25;311.25,313
21;98.25,248.5;141.25,187;186,58.75;251.75,200.25;21.5,144;125.25,319.25;163,31.25;339.5,310
4079;50,216;141.25,187;160.5,34;222,185;59.5,166;125.25,319.25;174.5,40.5;333.75,259
40373;47.75,155;86.75,203;147.5,77.75;272,167.5;74,175;125.25,319.25;153.5,90.75;333.75,259
7000;18.75,189.75;139,208;186.5,76.25;276.25,143.75;25,177;125.25,319.25;138.75,57.75;333.75,259
29690;7.5,153.25;139,208;187.25,75.5;270.5,179.5;22.25,150.25;151.75,318.5;159.75,11.5;333.75,259
35644;34.75,213.5;120.5,259.25;133.5,100.75;270.5,179.5;8,202.25;97.5,316;159.75,11.5;331.75,277.75
21477;34,213;145.75,226.5;160.75,146.5;270.5,179.5;8,202.25;64.25,308.5;155.25,17;339.75,310.75
18015;6.5,158.5;134,202;160.75,146.5;327.25,163;33.25,232;110.25,265;155.25,17;319,309.5
34160;42.75,207;86,181.5;156.25,193.75;327.25,163;54,261.25;60,271;181.25,30.25;319,309.5
33639;73,250.75;86,181.5;137.5,225.25;352.5,166.5;96.75,282.75;109.25,294;141.5,7.75;319,309.5
41153;73,250.75;89,177.75;159.75,262.25;352.5,166.5;54.25,251.75;109.25,310;190.5,1.25;291.75,278
47741;33.25,276.75;44.5,161.5;159.75,262.25;337.75,145.75;54.25,251.75;103.25,309.5;238.25,16;283,252.75
16862;53.5,218.5;57,182.25;159.75,262.25;356.75,157.75;25.75,301.5;158.5,301.5;248.5,17.5;283,252.75
27618;53.5,218.5;54.25,183.25;180,317.5;353.5,176.5;3.5,306;158.5,301.5;249.5,11.25;287.75,263
33104;53.5,218.5;54.25,183.25;242,289.75;309.25,132.25;3.5,306;204.5,276.5;255,5.25;328.25,311.5
15071;53.5,218.5;54.25,183.25;270,286.25;354.5,135.75;3.5,306;230.5,246.25;251.75,5.25;354.5,263.75
23141;32.5,243;78.25,116.25;201.25,269.5;278,131.5;3.5,306;201,221;251.75,5.25;335.5,187.25
38753;29.75,299.75;138.5,128.25;242,314.75;298.75,164.5;3.5,306;193,177.75;251.75,5.25;336.75,184.75
6165;30.25,299.75;138.5,128.25;277,295;331.75,106.25;3.5,306;234,225.5;235,37.25;296,142.75
44;64.5,312.25;145,124.5;339.25,301;344,76;3.5,306;226.75,226.25;235,37.25;266.25,102.5
26995;18,309.5;88.25,89.75;277.25,322.75;339.25,103;50.25,270.5;226.75,226.25;229.25,48.75;266.25,102.5
40638;47.75,293.5;73.5,88;277.25,322.75;341.25,142;50.25,270.5;249,236;251.75,106.25;284.75,41
4832;105,250.5;143.75,112;281,322.75;307,136.75;46.75,275;249,236;266,77.25;284.75,41
49953;48.75,240.75;143.75,112;285.75,318.25;321.75,186.25;11,310.5;249,236;298.5,25;310,2.25
36341;89.25,206.25;143.75,112.5;299.25,320.25;321.75,186.25;11,310.5;242,163.75;258,5.75;298.75,26.75
12078;122,147.5;164.75,164;299.25,320.25;309.75,228.25;11,310.5;228.25,187.75;241.25,46;304.75,7.5
3852;123.5,87;212.5,132.75;299.25,320.25;320,263.25;11,310.5;237.75,203.5;242.75,14.25;247,11.25
38304;145,111.5;270.5,102.25;298.25,262.5;299.25,320.25;11,310.5;165.25,238;181.25,40.25;193.5,5.75
22811;146.25,110.75;237.75,78.5;281.25,214.75;293.25,317.5;11,310.5;159.75,302;181.25,40.25;191.5,21.75
18592;185.25,61;204.5,41.5;243,225;293.25,317.5;11,310.5;178.5,305.75;240.5,35.75;252.5,55.25
45488;141,47.5;183.5,60.5;228.25,204.5;336.5,275;11,310.5;178.5,305.75;211.25,6;249.25,96.75
17007;91,59.75;149.5,16.75;260.5,179.5;344.75,273.25;19.5,265.5;178.5,305.75;211.25,6;272.25,75.75
27570;109.25,16.75;165.25,16.5;260.5,179.5;365.75,312.25;19.75,266;178.25,237.25;211.25,6;301.25,87.25
29340;121,8;195,43;315.75,214.75;353.75,255.5;19.75,266;164.75,221.25;216.25,23.5;301.25,87.25
2040;64.25,4.5;195,43;340.75,257.25;357.25,305.75;19.75,266;129.25,199.25;245.75,60.75;312.5,74.5
1075;64.25,4.5;243.5,107;354.25,250.75;357.25,305.75;81,258.25;175.5,165.25;243,96.5;306,151.75
11204;95.25,12.5;187,79;299.25,231.5;357.25,305.75;56.25,308.5;192.75,197.5;243,96.5;266.75,170.25
42241;95.25,12.5;203.75,64.25;339.75,217;357.25,305.75;108.75,320.5;159.75,226.25;192.75,99.5;266,168.5
47001;78.5,13.5;222.25,87.75;272.75,200;357.25,305.75;108.75,320.5;188.5,173;209.25,120.5;234,127
3108;52.75,4.25;276.75,62;299.25,211;329.5,254.75;108.75,320.5;142.25,146.25;209.25,120.5;236.25,126.5
23227;2.75,8.25;276.75,62;342.25,217;364.25,249.25;105.5,275.75;107,161;209.25,120.5;236.25,126.5
44661;2.75,8.25;307.5,114.25;327.25,242;364,242.5;105.5,275.75;127,175.75;148.75,80.25;206.25,120.5
8757;64.75,5;284,104.5;305.75,207.5;353,273.25;105.5,275.75;127,175.75;142.25,83.5;182.75,87
10403;64.75,5;230.25,81.5;298.25,207.5;355.25,242.75;109.25,281.25;127,175.75;168.25,104.75;225.75,50.75
15452;78.75,27.25;230.25,81.5;298.25,207.5;364.75,230.75;53.5,252.75;100.5,109.5;199.75,40;206.5,5.75
30720;119.75,13.75;265.25,93;302,248.25;364.75,230.75;35.25,283.5;90.75,153.25;171.75,90.25;206.5,5.75
39845;156.75,43.5;223.5,64.25;254.75,205;350.75,213.5;35.25,283.5;90.75,153.25;185.25,131.5;242.75,14.75
16326;131.75,39.75;206.5,40.5;248.5,207.75;350.75,213.5;66.25,247;75.5,203.75;143.75,90.75;242.75,14.75
30253;131.75,39.75;176.25,90.75;225.75,237.5;349.75,228.25;40.5,279.25;101.25,269.25;123.75,77.75;242.75,14.75
34363;108.25,32.5;176.25,90.75;245.25,260.25;349.75,228.25;21.25,311.5;103.5,276.75;140.5,72.75;221.5,70.25
31302;108.25,32.5;138,129;192,280;349.75,228.25;2,311.25;121,273.25;159.25,52.75;170.5,52.75
18273;67.25,29.75;132.25,137.25;167,324;323.5,225;2,311.25;143.25,250.5;161.75,55;170.5,52.75
49398;4.75,7.25;132.25,137.25;166.75,262;334.75,209.75;2,311.25;143,226.5;174.25,107.25;209.5,5.75
14730;4.75,7.25;134.25,200.75;197.25,234.25;348.25,275;2,311.25;113.75,241;192.5,174;238,31.5
48364;23.25,43.25;86,205.75;234.75,257.25;343.25,228.75;2,311.25;99.25,268.25;148.75,157;238,31.5
40013;23.25,43.25;64.5,183;210,279.75;343.25,228.75;38.25,309.75;40.25,260.75;150,156;280.25,11.75
26868;23.25,43.25;57.5,228.5;210,279.75;343.25,228.75;46,282.75;63,317.5;219,160.25;258,11.75
26893;11.25,43.25;57.25,284.75;159.75,254.5;343.25,228.75;46,282.75;104,281.75;219.5,120;252,5.25
26459;29,16.5;29.5,284;141,310;343.25,228.75;26.25,238.75;104,281.75;187.25,133.5;300.75,7
49587;29.75,24;44.5,242.75;141,310;352.75,225.5;62,223.25;115,258;146.5,118.25;300.75,7
4816;29.75,24;99.25,281.25;115.25,291.5;352.75,225.5;7.75,202.75;91.5,284.25;171.25,104.25;273.5,62
4871;29.75,24;89.25,271.75;115.25,291.5;346.75,239;17.25,218;38.5,282;161,89.5;329,28
18636;29.75,24;39.5,241;132.5,246.25;344.5,252.25;19.25,265;45.75,263.25;161,89.5;328.5,28
49757;29.75,24.5;82.25,212.25;173,204.25;305.75,304;27.5,291.5;54.25,289.25;161,89.5;328.5,28
8819;20.75,31;42,242.25;137,200;299.75,321;27.5,291.5;54.25,289.25;154.25,91.75;328.5,28
2771;20.75,31;42,242.25;137,200;274.75,262.5;15.5,295.25;16.5,295.75;144.5,49.75;327.25,21
23010;14.75,41.75;61,293.5;90.25,165.5;309,254.5;15.5,295.25;16.5,295.75;144.5,49.75;354.5,9
10424;14.75,41.75;113,318;119,212.5;341.75,228;15.5,295.25;23,287.5;168.25,96.5;321.75,37
46372;14.75,41.75;86.25,300.5;169.5,238.25;362,228;14.5,307.75;23,287.5;113.5,40.5;321.75,37
49655;14.75,41.75;46.75,265.5;197.25,175.25;362,228;5,232.25;19,268;76.75,21;327.25,59.5
39591;2.25,69.25;64.5,209.75;235,127.5;353.75,156.5;5,232.25;19,268;49,42.25;315.25,76.75
10279;38,44.25;64.5,209.75;235,127.5;353.75,156.5;6.5,241.25;32.75,215;57.5,93.75;316,103
22803;86.5,42.75;94.25,212.75;223,89.5;364.5,121.75;6.5,241.25;35.25,211.5;85.75,146.75;316,103
11735;55.5,69.75;132.25,169.75;223,89.5;322,124.5;40.25,189.25;63.75,247;106.75,199;316,103
5346;91.25,85;113.5,224;258.25,94;298.75,169;40.25,189.25;63.5,249.25;106.75,199;336.75,130
13686;91.25,85;155.25,227.75;271,127;349.75,198.5;61.25,196.75;91.5,248.5;109.75,152.75;336.75,130
9288;103.75,84.25;189.25,255.75;319,149.25;324.5,210.75;87,211.5;96,240.5;109.75,152.75;336.75,130
23147;103.75,84.25;214.25,319.25;319,149.25;324.5,210.75;41.25,163;52.5,284.25;68.5,180.25;351.75,145.25
2712;168,58.75;198,323;269.5,168.75;273.5,164.75;41.25,163;52.25,304;68.5,180.25;282.25,140.75
34311;125,73.75;195.25,318.75;227.25,127.5;284.25,122.25;17.25,106.75;52.25,304;68.5,180.25;283.5,114
17794;151.75,60.5;163.25,274;191.25,112.75;230.5,126.5;4,69.25;15,282;68.5,180.25;283.5,114
7837;94.5,9.25;160.75,227.25;241,159;273,171.25;8,47;15,282;122.75,161;283.5,114
1660;53.75,58.25;218.5,218.75;259,220;270,128.25;8,47;31.25,252.75;122.75,161;282.5,114
33921;28.25,18.75;186.25,270;265,254.75;268.75,103.5;5.25,112.25;24.25,229.25;122.75,161;282.5,114
2241;3.25,62.75;165,281.25;280.5,283.75;310.75,112;3,137.5;24.25,229.25;122.75,161;309.75,159.5
40940;2.5,108;165,281.25;302.25,268.25;309.5,77;3,137.5;35.75,264.75;104.5,163.5;290.75,132.5
7020;3.5,75.5;133.5,291.5;253.25,306;287.5,26;3,137.5;36.25,265.25;104.5,163.5;302.25,132.25
49704;53.75,97.25;85.25,261;283.25,286.5;302.5,53;3,137.5;54.5,298;104.5,163.5;302.25,132.25
37169;8.75,46;85.25,261;235,248.25;302.5,53;26.75,78.75;119.5,291;153.5,148.75;356.75,173.5
41914;11.5,62.75;134.5,289.5;212,197.5;270.5,96.25;38.5,35.5;125.5,276.25;153.5,148.75;356.75,173.5
8499;55,98;134.5,289.5;230.5,230.25;322,124.25;76.75,11;130,217.5;153.5,148.75;322.25,137.25
10492;47.5,124.5;134.5,289.5;231,231.25;322,124.25;93.5,51.25;148.75,225.25;165.5,164;304.5,94.5
35082;53.75,171.75;134.5,289.5;279,192.5;322,124.25;135.75,92.75;148.25,271.5;167.25,162;337,82
47529;85.75,168.5;118.25,291.5;279,192.5;322,124.25;150.75,91.5;186.25,287.25;197.5,178.25;331.75,139.75
1662;37.25,215.5;118.25,291.5;343.5,178.25;354,116.75;138.25,107.5;145.25,298.25;256,173.75;331.75,139.75
1863;78.5,204.75;141.75,302.75;343.5,178.25;354,116.75;98.25,135.75;106.5,283.75;300,187.25;357.5,165.75
41855;77,233.25;198,287.75;323,141.25;369.5,68.25;124.25,113.75;150,302;300,187.25;357.5,165.75
11446;77,233.25;198,287.75;259.75,146;369.5,68.25;97.75,78;193.25,276.5;316,127.25;321.25,199.75
15214;29.75,229.25;173.75,222.75;241.5,194.25;366.25,44.25;96,79.25;182,303.25;316,127.25;321.25,199.75
48136;57.5,250;161.25,218.25;230.25,204.5;318.75,38;96,79.25;142.75,269.25;316,127.25;321.25,199.75
23006;57.5,250;175.25,212.75;249,249;313.75,39;126,113.25;142.75,269.25;348.25,80.75;353.75,197.25
21214;57.5,250;157,213.75;243.5,220;249,45.5;108,112.25;172.75,231.5;349.25,110.5;353.75,197.25
38701;10.75,305.5;116.75,258.75;246,245.5;249,45.5;108,112.25;219.75,210;335,132;337,163.75
34588;10.75,305.5;94.75,297.75;223.75,228.25;233.5,14.25;108,112.25;219.25,210.25;271.25,98.75;353.25,181.25
31778;65.75,313;66.25,312.5;206,260.75;209.5,42;80.75,88;190.5,163.5;271.25,98.75;353.25,181.25
46904;34.75,302.75;102,281.75;171.75,291;187,37.5;80.75,88;190.5,163.5;271.25,98.75;301.5,194.25
40060;34.75,302.75;115.75,316.5;155.25,305.75;168.25,90.5;80.75,88;192.25,98.5;226,116.25;343.25,226
30200;34.75,302.75;139.75,282.25;176.75,269.75;202.5,57;72.5,100;150.75,79.25;226,116.25;360.25,156
33591;30.75,240.75;139.75,282.25;158.5,212.75;198.25,16;75.5,147;185,97.25;187,97.75;360.25,156
2572;57,181.5;138,223.5;156.25,225.25;221.25,49;75.5,147;201.5,35.25;213.5,141;360.25,156
29197;8.75,153.25;121,256.25;156.5,226.5;221.25,49;79.75,119.75;147,43.5;213.5,141;353,195.75
26495;8.5,108;131.5,240.75;139.25,266;280.5,60.5;133.25,129.25;147,43.5;213.5,141;354.5,202.25
21174;1.25,74.5;131.5,240.75;179,308.75;280.5,60.5;140.75,107.5;156,67.75;172.75,169.5;329.25,163.5
34745;4.5,85.25;146,300.5;217.25,291.25;273,32;140.75,107.5;156,67.75;179,230.5;354,145.75
6288;44.25,47.25;146,300.5;276.5,283.25;285,52.25;140.75,107.5;174.25,3.25;194,214.75;360.5,174.75
17302;66.25,5;163.5,323.5;281,262.25;285,52.25;162,67.75;174.25,3.25;184,176;325,218.25
8522;69.25,22;163.5,323.5;251,219.5;326.5,41;116.75,52.25;163.5,32.25;213.5,151.75;325,218.25
6167;59.5,65.25;163.5,323.5;291.75,238.75;350,15.25;88.25,66;168.75,80.25;200.5,95;325,218.25
27881;107.5,70.5;142.75,312.75;247,259;350,15.25;113.75,41.25;168.75,80.25;201.5,71.75;324.5,219
44243;107.5,70.5;175,267.25;197.25,278.25;297.25,21;113.75,41.25;180.75,30.75;239.75,86.75;324.5,219
30969;74.5,83;200,277.25;221.25,260;266.75,55;113.75,41.25;165,38;239.75,86.75;291.5,194.5
33720;74.5,83;200,277.25;223.75,237;266.75,55;150.75,11.5;153.75,79;191,89.5;274.25,248.5
26229;20,81.5;155.75,256.75;255,219;265.5,94.75;150.75,11.5;185.75,105.5;221.75,135.25;274.25,248.5
753;44,43.25;199.5,295.5;228.75,199;265.5,94.75;150.75,11.5;190.25,65;195.75,173.75;271.25,242.5
683;27.75,42.25;161.75,318.75;222.75,246.25;265.5,94.75;150.75,11.5;160.75,53.25;174,162.75;272,273.75
15963;8.75,22.75;161.75,318.75;244.25,298.75;276,42.25;158.75,17.75;178,9.75;223.75,124;272,273.75
20546;6.75,27.25;161.75,318.75;222.5,316.25;276,42.25;152,81.75;176.75,9.5;237.5,60.25;244.25,287.5
44033;6.75,27.25;138.25,316.5;189.75,278.75;336.25,18.75;152,81.75;176.75,9.5;287.75,37.25;305.75,295.25
30621;16.5,106.5;138.25,257.75;246,292.5;290.75,56;155.25,15.25;158.25,29;287.75,37.25;305.75,295.25
28762;41,144.25;172.25,226;223.25,236;331.75,15.25;110.75,55.75;176.5,7.25;287.75,37.25;305.75,295.25
39836;4.5,107.5;225.75,202.5;246.5,248.5;356.75,39.75;155.75,52;176.5,7.25;244.5,42;305.75,295.25
19630;37.25,161.25;225.75,202.5;266,269.25;353.25,98.75;98.75,39.75;217.25,40;289,92.5;305.75,295.25
37855;95.75,176.25;225.75,202.5;266,269.25;353.25,98.75;101,12.75;181.25,30.75;245.5,91.25;321.75,309
46544;44.75,184;208.5,169.5;266,269.25;320.25,157.5;152.5,52;153.5,88.25;245.5,91.25;310.25,313
37107;2.75,204.5;208.5,169.5;243.25,260;306.5,141.25;139.25,74.25;152.5,52;243.5,71.5;314.25,299.5
34839;17,177.5;208.5,169.5;276,263.5;284.5,87;154.75,48;183.25,61.5;188,59;314.25,299.5
25045;57.5,227.75;161,163.25;273,267.75;284.5,87;145.75,50.75;171,51.75;188,59;278.5,240.25
24475;57,253;173.75,136.5;254.75,277.5;309.75,84.75;145.75,50.75;171,51.75;239.25,72.75;314.75,231
37335;20.5,258.25;212.25,137;255.25,323.25;331,105;125.25,20.25;171,51.75;239.25,72.75;314.75,231
30464;56.25,280.25;212.25,137;283.25,321.5;289,73.5;70.25,33.75;169.25,90.75;184.75,95.5;314.75,231
4624;56.25,280.25;220.75,92;249.5,297.25;292.75,92.75;70.25,33.75;126.5,93.25;197,96.5;301.75,221.5
43990;56.25,280.25;230.5,79.5;261.75,254.75;292.75,92.75;92.75,65.25;104.75,124.25;188,97;325.75,197.5
8193;4.75,284;251.25,116.25;271,255.75;298.75,52.5;92.75,65.25;100.75,125;188,97;275.25,215.75
10188;8.75,302;251.25,174;283.5,311.5;340.75,9;92.75,65.25;100.75,125;162.5,89.25;275.25,215.75
32228;8.75,302;291.5,137;301.5,321.25;342.75,4.25;92.75,65.25;97,132.25;212,86.25;262.25,262.5
45936;15.75,308.5;272.75,193.75;291.25,318.75;349,23.5;92.75,65.25;125.5,130.75;212,86.25;310.75,314.5
25721;23.75,315.25;225,184;345,277;351.5,89;92.75,65.25;125.5,130.75;208.25,99;310.75,314.5
25971;23.75,315.25;244,216.5;342.75,321.25;368.25,120.75;78.75,41.25;125.5,130.75;245.25,60.75;276.25,314
47845;23.75,315.25;195,228.5;342.75,321.25;368.25,120.75;24.25,71.5;70.75,173.75;279.75,107.75;315,310.25
12180;56.5,317.25;166,155;291,319;309.25,116;24.25,71.5;124.25,194.25;279.75,107.75;357.5,285.5
11509;56.5,317.25;166,155;291,319;359,121.75;53.5,84.75;152.25,203.75;291,107.5;320.5,310.75
26994;56.5,317.25;215.75,131.5;308.25,322.75;356.5,121.25;22.75,105.25;192,241.75;291,107.5;310.25,301.25
22740;8,309.5;215.75,131.5;265.5,273;360.5,79.75;2.75,151;193.75,250.5;258.25,98.5;310.25,301.25
39356;8,309.5;215.25,132.5;224.25,302;360.5,79.75;32.5,139.25;194.25,242.5;277.75,143.75;297.5,306.75
4797;39.25,241.25;214.5,131.75;224.25,302;360.5,79.75;69.25,150;185.75,220;321.5,198.75;340.25,314
18229;48,242.25;214.5,131.75;246.25,249.75;303,115.75;74.25,170.75;210.25,184.5;285,191.75;340.25,314
9423;61,272.75;252.25,181.75;256,217.75;294,56;23.25,182.5;237.75,164.25;285,191.75;340.25,314
17679;28,230.5;241.75,134.75;288.5,167;289.25,115.75;8.5,137.25;210,202.75;285,191.75;340.25,314
413;15.75,228.5;241.75,134.75;279,103.25;325.5,151.75;12.25,70.75;187,196;314.25,221;340.25,314
32712;30,263.75;184.75,126.25;258.75,57.75;337.25,106.25;27.75,119.25;187,196;325.5,180.25;340.25,314
29394;50.5,273;217,156;220.5,77.25;337.25,106.25;27.75,119.25;222.75,252.75;303.25,123.25;332,278.25
5710;38.25,223;202.25,168;212.25,34;337.25,106.25;15.75,141.25;224.5,274.5;311.25,151.5;332,278.25
4146;38.25,223;138.75,183;217.5,39;288.5,103;75.5,155.25;269,268.25;311.25,151.5;322.25,312.25
26336;38.25,223;132.75,157.75;217.5,39;292.5,111.5;39.5,139;272.25,208.75;309.5,203.5;347,320.75
44024;33.25,241.5;132.75,157.75;188.75,58.5;292.25,98.25;39.5,139;283.25,186.25;318.75,186.5;363.25,265.75
39583;37,253;134,150.25;177.25,109.25;312.75,147;95.25,132;283.25,186.25;318.75,186.5;340.25,314
6313;103.5,242.25;112.25,128.5;123.25,124;274.5,141.75;60.5,151.25;283.25,186.25;319.25,191.5;340.25,314
24079;43,243.25;69.75,170.25;81.75,125.75;270.25,101.5;60.5,151.25;252,121;319.25,191.5;340.25,314
36098;2.25,276.75;42.75,138.5;44.25,111;270.25,101.5;80.25,215.5;217.25,177.25;339,150.5;340.25,314
37454;0.5,270.5;20,86.75;49.25,171.75;324.75,112.25;80.25,215.5;217.25,177.25;280.5,131.5;293.75,294
5657;2.75,271.5;15.25,63.75;84,142.75;343.5,113;80.25,215.5;217.25,177.25;295.75,95;297.25,305.75
7722;13,242;46.25,33.75;85.5,118.5;343.5,113;50,281.25;217.75,177.75;295.5,53;297.25,305.75
49767;13,242;19.75,42.75;47,154.25;357,127.5;46.75,309.75;245,182.75;295.5,53;310.75,313.25
19671;11.75,241.5;19.75,42.75;47,154.25;357,127.5;117.25,289.5;175,214.75;227.5,16;267.75,321.25
29410;34.5,228.25;47,47.25;59,176.5;366.75,72.75;117.25,289.5;143.25,168;159.25,60.75;267.75,321.25
17433;34.25,238;104.5,84.75;128.25,187.5;359.25,118.25;117.25,289.5;143.25,168;200.75,100.5;315.5,310
47017;41.5,277.75;67,119.5;67.75,165.5;307,91.75;55.75,288.75;143.25,168;186.5,95;315.5,310
23222;11.25,310.5;49.75,145.25;67,119.5;257.5,114.5;56.25,287.75;143.25,168;187.25,99.5;358.25,276.25
3741;1,301.5;49.25,145.25;115.25,140;257.5,114.5;67.25,222.25;128.75,153;187.25,99.5;344.5,225.25
3716;1,301.5;73,147.25;136.25,128.5;293.75,153.75;81.25,216;187.25,165;220.5,128.75;344.5,225.25
20696;5.5,264.25;30.25,156.75;136.25,128.5;293.75,153.75;48.5,249;211.25,128.75;231.75,188.25;352.5,175
34178;62.25,266.75;70,177.25;136.25,128.5;327.75,140.75;37.25,230;217.25,144.5;244.5,242.5;352.5,175
23518;54.75,321.75;82,122.75;160.25,147.5;278.75,166.5;34.25,211.5;217.25,144.5;244.5,242.5;335.75,133.5
12550;74.75,300;137.5,125.25;172.5,162.25;273.25,168.75;64.25,216.5;217.25,144.5;232,274.5;335.75,133.5
43755;80.25,298.25;144.75,145.25;204.25,185;272.25,169;64.25,216.5;200,98.5;232,274.5;278.5,153.25
11167;112.5,315.5;158,158.5;228.25,208.25;264,154.25;57.75,215.75;200,98.5;210.75,276.75;278.5,153.25
13533;112.5,315.5;158,158.5;225.75,170.25;264.5,93.25;86.25,254.75;243.75,71.5;257,315.5;336,184.25
42720;130,289.25;180.5,205.25;225.75,170.25;245.25,35;91,253.75;186.75,95.75;257,315.5;335.5,200.5
43414;130,289.25;154.75,193.25;188.75,206.25;245.25,35;108.25,196;150.5,91.5;299.75,296.75;313.75,226.25
41448;130,289.25;154.75,193.25;188.75,206.25;208.75,56.25;117,240;155.75,151.75;245,320;320,180.75
29455;130,289.25;159,230.75;210.75,198;222.5,62.25;141.5,225.75;166.5,115.5;245,320;286.5,195
19470;123,251.25;147.75,265.25;214,261;272.5,55.5;102.5,220.75;115.75,144.25;245,320;286.5,195
34270;113,201.75;117.25,242.25;155.25,290.75;302.5,52;102.5,220.75;115.75,144.25;245,320;268.25,184.5
49849;52,217.5;57,240.75;183,260;316.75,51.25;91,281.5;115.75,144.25;245,320;284.25,203.5
38521;56,175.75;73.5,286.5;223.25,294.25;279.75,32.5;91,281.5;115.75,144.25;225.75,306;284.25,203.5
24030;56,175.75;73.5,286.5;201.5,310.5;279.75,32.5;37.75,308.25;95.5,189.5;265.25,320.25;320.5,161
17952;62,230.25;86.25,307.75;191.75,261.25;341.5,8;37.75,308.25;95.5,189.5;265.25,320.25;357.5,155.25
34566;12,231.75;126.25,278.5;191.75,261.25;268,25.75;39.75,265.5;95.5,189.5;290.75,287.75;357.5,148
12694;18,253.75;126.25,278.5;191.75,261.25;223.25,35.5;18.25,295.5;94.5,191.25;300.25,282.25;346,184.25
12693;50.25,264;98.25,318;232,248.75;268.75,72.5;8.5,236.25;40.5,188.25;300.25,282.25;346,184.25
25603;22.75,300.75;124.5,282;213.25,244.25;271.25,34;3.5,193;75.5,190.5;300.25,282.25;346,184.25
38050;31,280.5;101,320.75;223.5,302;271.25,34;7.5,156;51.25,170.25;339.75,310.75;346,184.25
42896;31,280.5;101,320.75;299.25,317.75;317.5,59;7.5,156;26,203.75;304,259;358,110.5
44149;31,277;101,320.75;299.25,317.75;317.5,59;48.5,197.75;53.75,222;329,311.25;355.25,79.75
20003;18.5,279.25;157.5,265.25;299.25,317.75;326.5,115.75;94,170.5;122,246.25;352,294.25;355.25,79.75
10650;40.75,297.25;169.5,236.5;284,321.5;305.5,99.25;85,167.25;122,246.25;342.75,217.75;355.25,79.75
13949;40,297.75;157.25,266.5;241.75,267.25;249,117.5;24.25,202.75;163.25,298.25;342.75,217.75;355.25,79.75
30350;97,316.5;147.25,224.5;241.75,267.25;275,105;24.25,202.75;189,248;348,214.75;353.5,45.5
7169;97.25,317.5;175.5,202.25;250.5,245;252,59.25;30.75,188.25;189,248;348,214.75;361.75,54.25
25426;132.25,283.25;214.25,217.25;224.5,191.25;291.25,106.5;62.5,191.25;189,244.5;348,214.75;361.75,54.25
17868;80.75,314;214.25,217.25;257.75,153.25;333.5,115.75;21.25,158.75;195.75,249;338.25,230.5;361.75,54.25
12765;80.75,314;184.5,248;285,143.25;292,114.5;21.25,158.75;197.5,234.75;292,194.75;364,52.25
50543;87,255;163.25,292.5;279.25,193;292,114.5;21.25,158.75;247.5,201.25;325.5,218.5;338.25,81.75
23373;87,255;170.5,323.5;279.25,193;292,114.5;0.5,171.25;201.25,162.75;299.25,259.5;339,81.75
17233;126.5,235;216,277;253.75,196.5;291,57;0.5,171.25;201.25,162.75;260.25,291.75;340.5,143.75
29043;94,203;216,277;299.5,206.5;336,25.75;0.5,171.25;238.75,168.5;301.5,268.5;310.25,197.5
12387;94,203;261,255.25;345.75,225;365.5,24.75;2,186.75;203,173.25;302.5,267.25;310.25,197.5
35653;87.25,166;209.75,259;292,208;365.5,24.75;2,186.75;235.25,158;274,268.25;356.25,156.75
4874;75.75,110;209.75,259;292,208;326.5,27.5;16.5,156.5;263,138.25;312.5,300.5;357.5,161.75
22246;85.75,65;179.75,221.25;298.75,235.5;344.75,89;16.5,156.5;265.5,136.5;312.5,300.5;352.75,153
7579;85.75,65;182.25,234.25;326.75,207;369.5,121.25;16.5,156.5;265.5,136.5;325,299.5;360.25,212.75
16282;85.75,65;204.5,259.5;327.25,212.5;339.75,113.25;47.75,197.75;265.5,136.5;300.75,243.75;312.25,243.5
34676;78,64.75;161.25,243.75;327.25,212.5;331.5,135.5;47.75,197.75;267,136.5;279.75,287.25;327,288.75
37827;66.25,7;205,259;356.5,210.25;359,137;47.75,197.75;239,91.5;279.75,287.25;327,288.75
37278;66.25,7;222,302;324.25,152;336.25,79.25;107,163;205,54.75;288.5,216.25;327,288.75
2013;66.25,7;218.75,260;294.75,166.25;315.5,110.5;118.75,143.5;203.75,95.25;295.75,195.75;327,288.75
6742;66.25,7;232.5,246.25;328.25,194.25;347.75,95.25;118.5,144.75;155.25,66.25;316.25,237;327,288.75
4802;66.25,7;229.75,253;276.75,148.75;367,31.5;93.5,169.75;201.5,95.25;316.25,237;317,287.25
167;49.75,53;223.25,278.25;282.75,122.25;367,31.5;93.5,169.75;212.25,76;302.25,241.75;310,238.5
5036;26.25,77.5;182.75,260.25;282.75,122.25;329.75,26.25;61.5,175.75;168.75,82.75;265.5,225.5;310,238.5
40471;26.25,77.5;171.5,230.25;242.75,127.5;340.75,9.75;61.5,175.75;147.5,49;311,223.5;335.75,260.25
10996;59,115.25;171.5,230.25;297,137.25;331.25,66.5;82.75,191;147.5,49;317,258.75;360.5,265.75
8456;17.5,142.25;214.5,202.5;296.5,102.25;341,81.25;82.75,191;91.75,26.25;316.5,258.5;360.5,265.75
43218;18.75,170.75;214.5,202.5;296.5,102.25;340.75,81.5;69.25,142.75;111.25,9;325.25,224.25;354.75,231.75
36400;18.75,170.75;246,257.5;313.5,151.25;334.75,29;26.75,180;62.75,14.75;325.75,223.5;354.75,231.75
38328;10,176;196.5,254.75;269.75,149.25;360,39.5;9.75,112.25;119.5,40;325.75,223.5;354.75,231.75
13998;10,176;145.25,228.25;332,150.25;360,39.5;6.5,69.5;91,91.5;325.75,223.5;344.75,276
1625;15.5,226.25;145.25,228.25;341.75,159.25;349.75,98.75;7.5,92.5;29.25,55.25;325.75,223.5;344.75,276
18326;15.5,226.25;132.25,184.75;274.75,150.25;364,121.5;29.25,55.25;41.75,89.5;313.25,197.5;353.75,242.75
13420;29.25,213.75;141,196;302,98.75;318.25,155;14.75,10.75;41.75,89.5;299.75,199.5;353.75,242.75
26738;90.25,197.75;154.75,129.5;303.75,141.75;326.5,158.25;14.75,10.75;41.75,89.5;223.25,192;296,195.5
2707;119.75,202.75;148.25,156.5;302,113.5;309.5,134.25;14.75,10.75;40,89.25;223.25,192;328.75,196.5
30007;145,227.5;158,159.25;274.25,159.25;293,112.25;14.75,10.75;57,86.75;223.25,192;318.25,251.5
14930;160.25,279.75;181.5,184.25;232.25,135.25;299.25,164.75;10,53.75;57,86.75;223.25,192;318.25,251.5
551;186.75,272;192,151.25;232.25,135.25;306,113;11,8.25;112.25,113.25;248.5,253.25;318.25,251.5
28154;170,222.5;171,161;194.5,137;304.75,133.75;11,8.25;138,165.5;260.25,275.5;318.25,251.5
38814;139.5,223.5;182.5,152;225.5,189.75;328.75,105.75;11,8.25;107.75,169.25;257.75,310.25;318.25,251.5
40179;149,223;233.75,136;266,201.25;275.75,102.25;11,8.25;114.75,198.75;258.25,287.25;318.25,251.5
42168;189.5,259.75;233.75,136;266,201.25;275.75,102.25;4.25,34.25;128.75,150.25;244.5,320;333,217.75
4989;179.75,231.75;288,167;318.25,227.25;333,85.75;4.25,34.25;128.75,150.25;244.5,320;322,250.5
39535;157.25,226.5;292.75,115.5;328,237;336.25,31.5;14.75,56.75;129.75,150.25;244.5,320;322,250.5
35213;171.75,281.25;265.25,134.75;328,237;336.25,31.5;73.25,21.5;121,196;206.75,277;352.75,299.75
20148;114.25,291.5;309.25,93.75;331.25,294.5;355.25,23.5;114,80.25;196,181;206.75,277;352.75,299.75
36867;162.75,319.5;327.75,60.5;331,294;362.25,26.25;162.25,84.75;182.5,165.25;206.75,277;352.75,299.75
50030;163.5,320;327.75,60.5;331,294;369.25,37.25;144.25,44.5;151.5,117.25;223,274.25;358.25,277.25
1452;217,320;276.5,101.75;343.5,288.5;349,24;139,6.25;195.5,98;223,274.25;358.25,277.25
19260;267.75,323;299.25,138.25;330.25,283.5;349,24;103.25,67;176.75,51.25;224.5,320.5;358.25,277.25
30916;264.25,309.5;273.25,130.25;330.25,283.5;353,12.25;67,53.75;124.25,19.5;151.25,298.5;358.25,277.25
48524;202,245.75;251.5,219.5;273,246.25;352.25,95.25;23,39;124.25,19.5;151.25,298.5;358,283.5
43588;166.25,296.75;261,157.75;273,179.5;312,147.25;24.25,105.25;146.25,29.5;151.25,298.5;358,283.5
17220;119.25,278.5;255,154.25;279.75,142.25;361.25,120.25;44.5,139.5;146.25,29.5;151.25,298.5;317.75,299
40825;92.75,242.5;255,154.25;296.25,101.25;361.25,120.25;48.75,78.5;102.75,68;205.5,272;353.5,303.25
3279;139.25,223.75;223,183;316,110.75;361.25,120.25;20,17;135.25,98;142.75,300.25;353.5,303.25
15075;80.5,267;223.75,130;300,110.5;356.5,168.25;20,17;106.5,153.75;142.75,300.25;286,282.25
29321;50,307.75;223.75,130;319.75,56.25;341.75,210.5;10,17.75;106.5,153.75;118.25,292;307,307.5
16114;27.25,300.5;228.75,199;279,15.75;340.25,209.5;10,17.75;106.5,153.75;109.5,323.75;327.5,287.5
42956;30,280.5;297.25,176;339,21.5;350.5,239;10,17.75;124.75,140.75;146.75,299.5;327.5,287.5
17051;85.75,240.5;302,100.75;326.75,35;336.25,177;13.75,71.25;124.75,140.75;146.75,299.5;327.5,287.5
7161;47.25,279.5;309.75,56.5;316.75,2.25;320.5,137.25;13.75,71.25;106.25,67.75;146.75,299.5;331,283
15742;4.75,301;309.75,56.5;313.75,27.5;320.5,137.25;5.5,128.5;104,69.25;117.75,291;327,310.5
37668;0.25,296.75;273.25,51;315.25,25.5;320.5,137.25;32,198.5;93.25,35.75;117.75,291;336.75,310.75
29931;31.75,299;279.25,73.5;288.75,23.75;351.25,97.25;32,198.5;93.25,35.75;174.5,237;336.75,310.75
39560;17.25,300.5;255.5,18.5;270.25,34;349.75,44;42.25,163.75;93.25,35.75;174.5,237;336.75,310.75
22483;16,303;257,26.5;270,73.75;326,35;42.25,163.75;100.75,38.5;174.5,237;319.5,258.5
36747;16,303;258.5,56.25;290.75,96.25;291.25,52.5;12.5,128.5;91,25.25;127.25,230.25;319.5,258.5
32912;42,299.75;242,65.5;280.5,74.25;287.75,85;12.5,128.5;38,48.5;127.25,230.25;312.5,219
49135;42,299.75;242,65.5;292.25,24.5;301.25,114.75;12.5,128.5;75.5,29.5;80.5,235.5;319.75,162
9038;83.75,270.75;242,65.5;246,6.25;284.75,75;49.5,162.25;75.5,29.5;103,265;285.75,198
24589;50.5,227.25;196.5,50.5;287,13.25;290.75,94.25;49.5,162.25;81.75,13;103,265;285.75,198
44993;102.75,241.5;189.5,49.5;279.75,63;303,152;49.75,161.5;81.75,13;89.5,282.5;285.75,198
38077;124.5,286;132,62.25;235.25,73.5;303,152;49.75,161.5;64.25,7.75;82.75,249;250,179.5
30949;56,273.25;78.75,48.25;195,83.75;292.5,136;32,205.75;64.25,7.75;82.75,249;182.25,162.5
24205;55,274;104.25,15.25;139,63.5;292.5,136;22.5,202.75;39.25,39.75;81.5,220.25;182.25,162.5
27358;35.5,297;104.25,15.25;139,63.5;260.5,95.25;11,172.25;16.5,4.25;79.25,163;236,131.75
13104;44,241.75;70,35.25;131,101.25;271.5,101.75;11,172.25;16.5,4.25;84.25,105.25;204.25,173.75
37112;73.25,193.5;116.25,6.75;131,101.25;292.75,75;6.25,187.5;16.5,4.25;70,128;188,174.25
19080;34,188.75;116.25,6.75;134.75,126.75;268.75,74.75;6.25,187.5;75,3.5;123,98.25;163.75,164.75
31897;31.75,194;119.5,68;151,83.75;271.5,62.5;6.25,187.5;75,3.5;88.75,110;121.75,144.25
27161;35.25,238.5;108.75,122.25;195.25,69.25;271.75,75;5,170.75;75,3.5;88.75,110;133.25,126.75
20708;9.5,227.25;108.75,122.25;189.5,72.75;263.25,17.75;5,170.75;85.75,20.5;118.25,136.25;170.75,96
40493;27,177.25;86.25,170.75;176,34.75;211,5.5;5,170.75;86.5,21.75;106,112.75;170.75,96
21914;8.25,219;29.75,169.75;104.75,19;211,5.5;15.25,141.25;86.5,21.75;124.25,112.75;165.5,38
25440;8.25,219;10.5,158.5;68.25,48.5;186,1.5;30.25,124.25;86.5,21.75;152,152;187.5,100.25
25439;12,231.25;51,176.5;68.25,48.5;159.5,34;79.75,135.5;86.5,21.75;144.75,135.5;185.75,134.5
46017;12,231.25;44,139.25;119.5,53.75;169.5,57.25;56.25,157;114.25,41.25;144.75,135.5;200,84.5
18590;13.25,291.5;44,139.25;119.5,53.75;204.25,61.5;102.75,124.75;163,29;183.75,162.5;223.5,124
19561;3.75,286.75;30,164.5;118,35.75;270.25,73.25;104.25,97.75;137.25,42;183.75,162.5;223.5,124
3515;13.5,228.75;29.75,213.75;53,13.75;270.25,73.25;94,33.25;104.25,98.25;183.75,162.5;222.75,93.25
46585;30.75,170.75;56,228.25;86.75,65;294,53;78.25,19.25;104.25,98.25;183.75,162.5;246.75,91.75
12047;56,188.75;57.25,281;86.75,65;289,73.5;78.25,19.25;118,140;181,135.5;249,87.25
13039;35.75,242.5;48,270.25;79.25,113;238.25,85.5;41.75,59;118,140;188.25,97.25;249,87.25
4336;11,263;15.75,306;120.5,145.5;188.5,80.75;41.5,58.5;94.5,190.75;188.25,97.25;249,87.25
22689;21.75,228.75;73,286;134.25,149;238.5,81.5;41.5,58.5;129.75,224.25;188.25,97.25;270,83.5
1982;15.5,176;115,284;160.5,129.5;213.5,78;84.75,26.25;183.5,215.5;188.25,97.25;270,83.5
18946;60.75,201;128.75,239;167.25,104.75;215.75,92;85,53;183.5,215.5;188.25,97.25;267,80.25
23210;60.75,201;141.5,263;167.25,104.75;215.75,92;54.75,7.25;166.25,165.25;182.75,41.5;246.5,133.25
8406;60.75,201;141.5,263;167.25,104.75;240.75,61.25;85,26.25;116.75,195;156.75,31.75;302.25,112
2978;48,231;171.5,302.5;208.75,61.75;251.75,22;85,26.25;116.75,195;174.75,41;274.25,97.5
46388;54.75,280;206.25,284;207,78;295,55;80.75,11;116.75,195;174.75,41;272.25,98.25
49772;26.75,233.5;159.25,267;164.75,115.75;272.5,0.5;80.75,11;116.75,195;173.5,36.5;296.75,95
9872;4,280.25;148.25,227;184.5,104.75;257,50.25;80.75,11;116.75,195;126.75,34.75;312.75,136.25
38097;46,311.5;172.75,232.5;176.5,86.25;253,13;72,19.5;116.75,195;126.75,34.75;312.75,136.25
16167;99.25,315.75;137.5,223.75;180,36.25;252,13.75;73.5,59.25;116.75,195;126.75,34.75;341.5,93.75
9628;66.25,312.5;81.5,249.25;123.25,34;252,13.75;92.75,105.25;116.75,195;123.25,20;341.5,93.75
6945;51.25,286.75;139.25,288;177.5,38.25;280.75,73.5;92.75,105.25;145.5,262;186.5,2.25;341.5,93.75
8687;41.25,239;109,307.5;213.5,9.5;295,105.25;85.75,144;145.5,262;186.5,2.25;309.25,44.5
21561;81,201.25;113.25,304.5;213.5,9.5;295,105.25;126.5,128.75;155.25,245.5;166.25,26;330.75,22.75
1659;59.75,175.25;63.75,304;213.5,9.5;328,161;110.25,123;116.5,197.25;188,1.75;330.75,22.75
41168;7.75,145.25;26.25,315.5;213.5,9.5;328,161;113,113.75;139,149.5;228.75,55;348.25,19.5
7347;30,163.5;70,293.5;177.5,47.5;328,161;69,57.25;117.25,198.25;174.25,39.5;348.25,19.5
17390;41.5,228.5;63,249.5;181,69.75;273.25,133.25;69,57.25;117.25,198.25;220,85.5;347.75,19.25
39421;27.75,280.5;77,286.5;181,37;273.25,133.25;71.75,10.5;117.25,201.5;210,48.25;347.75,19.25
48003;40.5,265.5;86,281.25;191.5,50;263.5,135.25;71.75,10.5;117,252.5;197,96;347.75,19.25
50031;11.25,308.5;85.75,280.75;191.5,50;312,120.75;21.75,29.25;85.5,252;197,96;295,35.75
29095;25.5,280.5;90.5,323;197.75,63.75;344.75,112.5;56.5,12.5;85.5,252;197,96;265.5,59
28476;47.5,294.5;71.5,317.75;143.5,42.5;361.25,118.75;18.25,38.25;85.5,252;197,96;262.75,22
25720;47.5,294.5;96.75,313.25;143.5,42.5;361.25,118.75;20.75,61.75;130,265.25;145,90;242.25,17
32464;44.75,284.75;70.75,305;166.5,85.25;326.5,121;50.5,80.25;130,265.25;146.5,90.75;242.25,17
48433;44.75,284.75;70.75,305;154,33.75;326.5,121;55.75,133;86.25,288.75;152.25,52.75;188,0.75
7416;30.25,297.25;84.75,261;111.25,32.5;324.25,120.5;2.5,136;86.25,288.75;96.25,67;188,0.75
25934;29.25,296.75;84.75,261;135.25,76.75;324.25,120.5;33.5,123.75;47.5,293;124.75,112.75;191,7
43657;6.75,261.75;140,224;148.5,15.75;323,143.25;56.75,62;89.25,247;124.75,112.75;191,7
31532;34.5,269.5;159.25,213.25;169.25,30.25;323,143.25;55.75,68.5;89.25,247;149.75,120.5;152.5,48.75
3681;17.25,223;147.75,227.25;148,83.25;332,89.75;64.5,94.25;89.25,247;128.5,93.75;152.5,48.75
33944;9.5,175.75;128,240.25;154,66.75;316,64.75;64.5,94.25;89.25,247;103.75,55.25;158.75,29.75
23649;9.5,175.75;94.25,233.75;124.25,44;325.25,126.5;80.5,91.5;89.25,247;93.5,109.5;105,7.5
7526;9.5,175.75;56,229.5;124.25,44;274.25,164.75;71,153.5;141.5,303.5;147.25,81.75;176.25,7.5
37393;60.25,170;100.75,188.25;112.75,36.25;221.25,162.5;71,153.5;141.5,303.5;146.5,115.25;176.75,9.5
768;84,142.25;100.75,188.25;169,69.75;210.25,227.75;71,153.5;89.5,300;132,153.25;227.5,17.5
5372;45.25,122;136,226;209.75,71.25;254.5,248.5;34.75,178;89.5,300;117.25,198.25;227.5,17.5
40680;44,96.75;99,206;255.75,49.25;264.75,314.5;13,137;25.25,285;117.25,198.25;227.5,17.5
16453;33,144.25;56.5,217.25;261,19.5;292.25,262.5;13,137;64.25,297.25;88.25,220.75;227.5,17.5
29113;33,144.25;44.25,263.25;210.5,13.25;349.25,242.75;57.5,108.25;68.75,298;143.5,224.25;227.5,17.5
3421;41,107.25;89.5,298.25;270.75,17.5;349.25,242.75;76.25,132;119,292.5;143.5,224.25;239.75,10.5
26768;91,86.75;139,312;342.5,17.5;346,314.5;76.25,132;122,296.25;143.5,224.25;238.75,10.75
4690;83,71.5;160,254;298.25,71.25;354.75,318.25;76.25,132;99.5,269;105.75,233.75;238.75,10.75
49745;119.75,52;179.25,263.25;298.25,71.25;326.75,319.5;102.5,153.25;110.25,296;131.5,215;238.75,10.75
21875;62.25,43.5;140.75,223;260.75,29;342.5,254.75;102.5,153.25;113.75,224;159,248;238.75,10.75
39396;12.25,6.75;140.75,223;310.5,3.5;314,293.75;102.5,153.25;114.25,194.25;158.5,248.25;286,27.75
46635;27.5,67.5;89.75,201;276.5,35;349,275.5;76.5,201.75;102.5,153.25;158.5,248.25;324.75,2.75
50566;31.75,36;89.75,201;293.75,73.5;345.5,319.75;86.25,249.5;102.5,153.25;112,252.5;338.25,20.75
15437;31,19.25;73,142.5;317.75,37.5;345.5,319.75;48.25,275;92.75,181;112,252.5;298,7.75
27740;39.5,13.5;73,142.5;317.75,37.5;345.5,319.75;4.75,307;80.5,163.75;103.5,198.5;348,24.75
18613;46,68.75;112,74.25;310.5,13.5;345.5,319.75;8.5,304;13,202.25;103.5,198.5;353.75,54.25
1384;72,85.5;73,39.75;285.25,40.75;345.5,319.75;55.25,297.25;86.5,211;109.25,227.75;353.75,54.25
4285;44.5,43.25;51.75,54;335.25,79.75;345.5,319.75;50,323.25;79.25,184.5;110.5,229.75;353.75,54.25
11447;6,100.75;38.25,68.25;344.25,145.25;355.75,275.25;50,323.25;54.5,232.5;110.5,229.75;320.5,50.5
35228;26.75,96.75;76.75,27.75;292.75,113.5;353.75,241.75;19.25,294.25;54.5,232.5;110.5,229.75;303,15.5
4320;36.5,44.25;48,76.25;292.75,113.5;335.75,197;19.25,294.25;54,232.5;129.25,251.75;349.5,50.75
44330;3.25,45.25;20,62.25;235.25,126.5;319.25,212.75;19.25,294.25;54,232.5;149.5,301.75;347.25,78.75
43179;1,102.25;81.75,70.75;273,99;289.25,209.5;19.25,294.25;54,232.5;144.75,302.25;347.25,78.75
44675;3.25,89.5;114.75,20;273,99;336,258.75;2.5,310.5;29,293;144.75,302.25;347.25,78.75
40197;3,23;93.5,63;273,99;338.5,313.5;7.5,294;11.25,279.5;144.75,302.25;358.5,81
29142;3,23;109.25,89;266.75,106.25;352.75,261.75;16.5,294.5;40.25,297;144.75,302.25;341.75,144.25
24180;15.5,84.25;72.25,133.25;306,97.75;310.5,239.5;31,310.75;59.5,316.25;144.75,302.25;341.75,144.25
7895;8.75,124;27.5,152.75;244.5,77;320.75,199.5;4,246.5;51.25,304;144.75,302.25;341.75,144.25
24218;25.25,62.75;70.5,178;224.5,127;332,151.25;4,246.5;51.25,304;170.75,272.25;310,197.5
1624;31.25,77;54.25,209.75;269,103.5;365,194.25;17,244.5;51.25,304;188,249;310,197.5
10137;45.5,34.5;102.25,212.25;311.25,114.5;365,194.25;17,244.5;96.25,268.75;158.25,301.75;295.25,178.25
45435;84.75,3.75;115.5,168.75;264.75,134.25;365,194.25;77,251.25;105,267.75;124.75,316.75;295.25,178.25
24157;84.75,3.75;115.5,168.75;274.5,123;356,128.5;54.75,248;63.75,248;157.5,319.5;294.25,178.25
37927;31.5,24.5;144.25,224;212,132.75;342.5,74.75;54.75,248;70,306.5;157.5,319.5;252,168.25
23046;7.25,6.75;199.5,227.5;271.25,120.5;291.25,110.75;20,297.25;54.75,248;157.5,319.5;282,196.5
45232;7.25,6.75;183.25,278.75;328.5,127.75;344.5,133.75;5,229.25;32.25,250.75;157.5,319.5;284.25,178.25
39531;34.25,20.5;183.25,278.75;359.25,177.75;360.25,120.75;3.75,230.5;32.25,250.75;166.5,299.25;309.25,196.75
37129;90,20.25;183.25,278.75;359.25,177.75;360.25,120.75;25.75,203.75;43.25,320.5;148.5,250.75;340,147.25
20959;143,21.5;180.25,255;360.25,120.75;370,167.75;12,230.75;71.75,297;112.25,281.25;340,147.25
49354;143,21.5;177.75,267.25;287.75,142.25;331.75,117.5;25.5,197.5;71.75,297;149.25,271.25;335.75,129.5
27044;143,21.5;144.5,226.5;270,105.25;298.25,75.75;49.75,251.25;61.25,249;187.25,231.25;335.75,129.5
32341;134,27.5;162.25,235.25;227.5,79.75;294.75,56.25;14.75,226.75;60.75,249.25;187.25,231.25;335.75,129.5
1178;134,27.5;197.25,282.75;255,30.5;310.75,37.5;34,178.25;60.75,249.25;216.5,193.75;349.25,80.75
35581;151.75,61.25;193.25,319.25;255,30.5;329.75,4.5;11,172.25;58.5,202.5;247,216;349.25,80.75
26249;189.75,3.25;193.25,319.25;255,30.5;329.75,4.5;14.25,149;112.75,217;313,226.25;325.25,61
48210;175.5,1.75;207,311.25;255,30.5;329.75,4.5;19.5,71;145.5,199.5;270,202;328.75,3.75
3982;175.5,1.75;264.25,316;274.25,24;311.25,2.25;76.75,24.75;146,204;214.25,192.75;328.75,3.75
17040;175.5,1.75;264.25,316;268.75,2.75;311.25,2.25;146.5,57.25;164.25,162;211.5,147.75;323,3.25
1453;193.75,58.75;264.25,316;290.75,4;350.5,10.25;95.25,65.25;105.75,113.75;209,65;323,3.25
12582;193.75,58.75;222.75,261;337,59.75;339.5,7.75;64.25,122;137,176.25;209,65;292,25.75
20038;211.5,92.5;248.5,218.5;337,59.75;339.5,7.75;69.75,150.75;90.25,159.5;271.75,78.5;340.75,62.5
40434;175,37.75;282.25,242.25;302.75,71.75;367.25,32.25;18.5,124.75;91.25,97.25;271.75,78.5;340.75,62.5
40167;204,7;281.25,220.25;317.5,21;369.5,27.25;49.75,111.25;91.25,97.25;269.5,141.75;340.75,62.5
17862;204,7;281,232.25;312,19.5;325.25,56.75;41.75,55.5;91.25,97.25;253.75,69.5;267.5,62.75
32909;145.5,20.5;240,215.5;281.25,75.75;289.25,70.75;79.25,11.5;91.25,97.25;253.75,69.5;288.75,37.25
19027;102.5,10;244.75,205;279.25,128.25;340.25,112.5;80.25,14.5;149,56;253.75,69.5;288.75,37.25
22510;102.5,10;225,184.5;293.5,111.25;353,89;80.25,14.5;201.75,84.75;294.5,83.75;330.25,2.75
33886;165.75,23;225,184.5;316.25,132.25;332.25,38.75;55.75,33.5;201.75,84.75;317.25,33.5;352.75,60.75
284;184.75,79.75;218.25,158;256.25,98;332.25,38.75;55.75,33.5;253,75.5;313.75,51.75;334.75,51.25
22517;202.5,44;211.5,127.75;224.25,54.5;275.25,67;55.75,33.5;217.5,125.75;313.75,51.75;349.75,82.25
25533;135.75,20.5;213.25,94.25;224.25,54.5;288.25,72.75;26,54.75;217.5,125.75;292.75,121.5;360,146.75
38763;111,43.5;234,85.25;271,33;337.25,79.5;8.5,2.75;217.5,125.75;294.25,137.5;360,146.75
9189;111,43.5;229,30.5;234,85.25;356.5,100.75;5.5,5;178.25,146.5;338.5,83;358.5,162
30427;148.75,63.75;182.25,53.75;272,71.5;356.5,100.75;5.5,5;168.5,79;287.75,100.5;335.5,228
48454;158.25,29;189.25,119.75;286,73.25;356.5,100.75;5.5,5;182,109;224.25,116.75;336.5,199.5
40126;145.5,20;176.25,148.5;300,55.25;356.5,100.75;5.5,5;193,105;242,133.25;319.5,155
21545;78.25,21;206,166.75;316.75,37;356.5,154.25;5.5,5;163.25,92;202.75,105.5;319.5,155
49248;28.5,30;240,193.5;294.25,74.75;305.5,161;5,18.5;163.25,92;202.75,105.5;348.25,204.25
42294;39,56.75;240,193.5;268.25,73;356.25,156.75;13,68.5;183.5,95.25;202.75,105.5;336.25,204
41959;77.5,13.5;203.5,246.25;310.5,113.75;369.5,172.5;52.75,121.5;183.5,95.25;202.75,105.5;318.5,190.75
38411;29.25,24.5;198.25,296;272,165.75;369.5,172.5;28.75,104.75;190.5,54.5;202.75,105.5;290.75,233.25
47329;34.5,72.5;142.5,262;257,155;319,150.25;2.25,103.5;190.5,54.5;202.75,105.5;302,204.75
17152;57,62.75;202.75,260.5;276,104.75;278.75,131.5;2.25,103.5;155.5,50.25;162.75,92;302,204.75
3474;82,76.75;242.75,295.75;253.25,53.75;279.25,187.25;19,154.75;155.5,50.25;202.25,120.5;302,204.75
39856;57,69;241.5,273.75;257,69.75;262,133.25;19,154.75;98.75,66.75;194.25,176.75;302,204.75
18320;39.25,121.75;241.5,273.75;274.25,120.25;307.5,101.25;19,154.75;121.25,98;188.75,221;318,159.5
23909;39.25,121.75;255.5,284;274.25,120.25;287.5,101.5;20,102.5;84,111.25;205.25,221.25;304,130.5
49836;54.75,159.5;276.25,313.5;306,93.25;328,112.75;20,102.5;84,111.25;205.25,221.25;290,171.5
48802;77.5,147.25;264.75,314.5;339.75,86.25;353,132.25;20,102.5;84,111.25;205,221.75;312.25,186
38630;77.5,147.25;308.5,313.75;330.5,149.5;352.25,102.75;42,69;84,111.25;205,221.75;337.5,170
43207;45,137.25;292.25,322.5;342.75,157.25;347.25,157.25;18,119.25;84,111.25;205,221.75;337.5,170
50533;28.25,102.75;302.75,304.5;336.25,149.75;351.5,198.25;25.75,124.25;46.75,104.75;205,221.75;337.5,170
8854;78.5,129.75;283.5,283;298.25,173.5;330.5,252;15.25,69.75;25.75,124.25;205,221.75;337.5,170
45950;118.75,86.25;303.5,308;329,202;330.5,252;15.25,69.75;52,166.25;206.25,277;282.5,173.25
14508;144,129.75;292.25,322.5;329,202;346,313.25;15.25,69.75;77.25,181.75;242.75,281.75;321.25,129.5
21896;164.25,184.5;271.5,286.25;276,180;343.25,321.25;15.25,69.75;101.75,137.75;242.75,281.75;262.25,130.75
6483;115.5,179;235,258.25;265.5,226.75;283.25,318;32.75,75.75;101.75,137.75;229.25,226.25;262.25,130.75
146;165.5,210.75;245.75,282.5;280.5,238.25;284.25,262;32.75,75.75;85,89.25;181.25,235.75;262.25,130.75
18891;157.5,213.75;276.5,230;277,232;307.5,236.75;26.75,108.25;85,89.25;181.25,235.75;263.25,131
33535;157.5,213.75;222.25,236;271.75,245;349.25,225.5;41.25,87.5;73.75,89.25;144,226.5;263.25,131
3648;118.5,185.25;244,224.25;245.5,218;349.25,225.5;41.25,87.5;111.25,92.75;118.5,259.75;266.75,95.5
24511;122.5,235.5;288.25,262.25;289.25,253;359.75,185.5;41.25,87.5;111.25,92.75;169.5,225.5;301,86.25
25402;81.5,223.5;255.25,285.25;289.25,253;323,192.25;13.75,112.25;80.5,91.5;171,179.75;301,86.25
16548;47.75,239.75;227.75,271.25;232.5,280.5;323,192.25;3.75,139.25;80.5,91.5;170.75,178.75;341.75,52.5
13026;4.5,286.5;198.75,318.75;227.75,271.25;336,256.5;39.75,198.25;77.75,88.75;113.5,198.75;341.75,52.5
16511;4.5,286.5;198.75,318.75;227.75,230.75;337.75,313.5;51,143;129.25,98;164.75,164.5;301.25,37
12836;10.75,231;198.75,318.75;223.75,208.75;355.25,260.75;51,143;145.25,90;181.25,106.5;357,39
35858;51.25,276.75;198,310.5;270.5,164;359.75,277;51,143;145.25,90;181.25,106.5;354.25,21
7758;6.75,273.75;264.75,322.5;268.5,105.75;359.75,277;26.25,80;190,53.75;210,92.5;354.25,21
48557;6.75,273.75;264.75,322.5;268.5,105.75;340,300.25;44.75,90.25;146,92.25;218.25,40.5;314.75,34.5
34024;6.75,273.75;293.25,321.75;295,52;353.5,267;53.5,132.5;115.75,116;239.25,97.5;314.75,34.5
23586;36.25,284.75;274,278.25;295,52;364.75,319.75;13.75,149.75;115.75,116;240.5,174.25;322.75,57.5
12792;36.25,284.75;257,220;343.25,74.5;345.5,289.5;13.75,149.75;145.75,172.75;224,231.25;328.75,3.75
1429;49.75,239.25;272.75,167;332,13;348.25,308.75;13.75,149.75;111.5,223.25;237.5,204.75;328.75,3.75
5490;49.75,239.25;223,156.75;285.25,56.75;348.25,308.75;60.5,195.75;165.75,242;187.5,163;357.25,4
1989;49.75,239.25;242.75,108.5;255.5,50.25;370.25,319;60.75,198.25;132.5,228.5;182.25,162.25;357.25,4
13705;54.5,278.5;231,171.25;255.5,50.25;370.25,319;80.75,190.75;100.25,236.75;160.25,164.5;353,65.75
14659;54.5,278.5;213.5,230;321.75,37.5;370.25,319;29,222.75;124.75,285;194,175.75;336.5,51.5
25580;53.75,280.25;206,177.75;352,15.75;370.25,319;73.5,254.25;176.25,302.25;182,132.5;336.5,51.5
2163;31.5,240.5;206,177.75;309.25,57;370.25,319;110,292;128,309.75;231.75,120.75;293.5,93.5
23808;54.75,208.75;207.5,196.5;355.25,22;370.25,319;84.75,249.25;111.5,258.75;231.75,120.75;338.25,60.25
4675;86.5,176.75;235.5,202.75;355.25,22;366.25,312;84.75,249.25;164.25,241;268.25,125;324,81.5
29941;34.25,160;235.5,202.75;355.25,22;366.25,312;108,317.75;192.75,252;230,116;346.75,78.75
40737;34.25,160;182.25,231.75;356,22;366.25,312;118,297;224.5,283.25;228.75,121.25;309.25,80
19726;34.25,160;198.75,245;355.25,21.25;366.25,312;100.5,302.75;160.5,314.25;247.75,84.75;315,63.5
27602;34.25,160;200,176;332.75,9.5;362.5,290;41,319;159,315.25;196.5,98;315,63.5
27397;6,177;256.75,146;302,57;315.75,247;17,282;159,315.25;206.25,144.5;315,63.5
8859;22.25,226.25;278.5,88.25;289.25,73.75;315.75,247;17,282;150.75,299.75;220.5,187.75;346.75,83
25908;4,258.25;279,33;291.5,52.5;315.75,247;30.75,302;150.75,299.75;246.5,193.5;359,44.75
46316;10.75,256.75;258.5,79;279,33;309.75,209.75;83.25,314.5;182,295.25;247.75,190.75;359,44.75
5295;10.75,256.75;247,107;272.5,23.25;278,262.5;83.25,314.5;159.75,272.25;253.25,252.5;308.25,13.25
37170;10.75,256.75;283,106.75;313.75,17.75;322.5,259.25;44.25,300.75;159.75,272.25;247.75,293.75;288.25,40.5
34064;2,282.5;283,106.75;313.75,17.75;326,209.25;74.75,250;207.5,255;250,232.25;325,63.75
41668;33.25,315.25;291.5,111;303,13.5;326,209.25;75.5,249.5;196.25,305.5;222.25,280;325,63.75
39131;17,264;324,150.25;324.75,38;326,209.25;33.25,217;196.25,305.5;271.75,293.25;300.75,7
9334;49.75,310;255.25,133.25;324.75,38;343.5,252;17.75,297.25;196.25,305.5;246.5,308.25;354.75,69
28753;33,238;255.25,133.25;308.5,56.5;317.5,319.75;22.25,300.25;196.25,305.5;246.75,231.25;300,138
41186;28,240.5;255.25,133.25;295,73.25;317.5,319.75;3.25,308.5;193.25,319.25;280.25,178.25;320.5,127.25
27423;23.25,241;237,154.5;274.75,130.75;328.5,294.25;3.25,308.5;193.25,319.25;211.75,156;328,163.25
20298;16.25,284;237,154.5;259.25,92.75;304.25,264;3.25,308.5;154.25,300.25;242.75,114.25;326.75,158.5
10862;16.25,284;207,166.5;278.75,167.25;365,274.75;3.25,308.5;154.75,300;186.5,97;355.75,157.5
35804;67.25,304.5;182,203.75;302.5,112.75;365,274.75;3.25,308.5;128,309.25;174.5,164.5;328.5,133
46225;26.75,280.5;182,203.75;279.25,164;367.75,319.25;37.5,306.75;64.5,311.75;174.5,164.5;333.5,123.75
27717;49.25,241.25;225.75,236;279.25,164;344.75,317.5;13.25,302.25;31,282.25;174.5,164.5;334,124.75
41412;10.75,254.25;225.75,236;252.75,153.5;350.5,304.5;12.25,272;16.25,270;182,186.5;334,124.75
18876;18.5,281.75;251,249;252.75,153.5;318.25,318.5;7.5,238.75;11.5,267.5;199.5,223.75;334,124.75
26436;57,302.25;245.5,287.75;252.75,153.5;294.25,258;30,309.75;55.25,250.75;148.5,178.75;334,124.75
3738;38.25,305.25;245.5,287.75;272.75,200.75;294.25,258;47.25,307.25;113,274.25;167,162.75;341.25,79
46460;36.25,304;265.5,241.75;281.75,142.25;299.5,318;82.25,283.5;119.5,259.75;167,162.75;341.25,79
32960;36.25,304;288.25,229;328.75,161;341,313.25;73,271;94,220.75;195.75,176.25;341.25,79
34942;53.5,277.25;288.25,229;323.25,162.25;356.75,296.75;44.75,312.25;73.25,247;158.5,226.25;341.25,79
10224;90.5,323;274.5,256.75;283.5,143;356.75,296.75;6.25,279.5;35.75,233.75;161.25,196;341.25,79
7673;90.5,322.5;259,316.5;338,112.25;359.5,276.5;28.5,310.5;35.75,233.75;161.25,196;345.75,32.75
24778;90.5,322.5;259,316.5;284.5,74.25;354,274.5;15,308;111.5,251.5;143.75,145.25;359,2
39007;90.5,287;214,319.5;265,62.25;297.5,231.5;3.25,306.5;111.5,251.5;143.25,145.5;359,2
14682;140.75,265.25;172.5,294.5;225,100.25;346.5,251.75;3.25,306.5;111.5,251.5;143.25,145.5;334.75,40.5
25051;163.25,260.75;219.75,319;260.5,97;346.5,251.75;38.5,265.25;120.25,198.25;143.25,145.5;358,79.75
9223;127,230;156.5,300;277,72;349,228;38.5,265.25;138,147.5;180,197.5;358,79.75
2754;127,230;159.5,265.75;297.25,35.5;297.75,248;77.25,254.5;83.75,163.5;180,197.5;336.25,98.25
13699;125.5,260.5;143.25,207.5;264.5,92;355.75,230.25;45.75,300.5;83.75,163.5;180,197.5;309.25,86.25
514;163.75,307.25;189.75,228.5;298.5,112.75;337.25,210.25;45.75,300.5;100.25,115.5;145.5,224.25;309.25,86.25
14886;114.25,291.5;167.5,177.75;314.25,80.25;369,166.75;45.75,300.5;100.25,115.5;165.5,238;314.25,82.25
40549;114.25,291.5;167.5,177.75;267.5,103;369,166.75;11.25,307.75;119.5,116;130.75,280.25;297,114.5
38852;78.75,280.25;183.75,112.25;216.5,87.25;325.5,143.25;48.5,294;119.5,116;130.75,280.25;292,79.75
11067;114.25,279.5;160.25,148;263.25,88;309.5,111.5;75,306.75;119.5,116;130.25,280;292,79.75
50501;147.5,265.75;195.75,142.25;242.25,36.25;294.5,168.5;11.25,297.75;119.5,116;173.25,309.75;292,79.75
38601;173.75,224;188.75,181.25;242.25,36.25;282.25,164.75;14,307.5;132.25,105.75;173.25,309.75;306.5,50.5
7852;158.5,215.75;159.25,141.5;286.75,72.75;297.5,115.5;14,307.5;132.25,105.75;155.75,288.5;306.5,50.5
7153;113.5,202.75;151.25,183.25;264.5,93.25;297.5,115.5;4.25,310.25;150.5,88.75;188.75,238.25;306.5,50.5
38698;113.5,202.75;151.25,183.25;264.5,93.25;293,114.75;45.25,318;129.75,104.5;244.75,233.75;261,17.75
49453;140.25,183.75;144.75,224.5;286,75;330,88.75;45.5,263.25;129.75,104.5;244.75,233.75;249.75,48
12217;128.5,141.5;154.25,225.75;266.75,106.75;271.25,102.75;23,222.5;184.75,91;244.75,233.75;249.75,48
38193;92.25,132.75;154.25,225.75;235.25,87.75;303.75,134.25;52.75,171.25;167.5,36.5;242.5,300.25;249.75,48
35192;61,99;170.25,276;240,34.75;357.5,136;29,130;167.5,36.5;242.5,300.25;249.75,48.75
6845;19.5,76.5;167.5,278.25;280.25,73.25;357.5,136;61.25,91.25;181.75,25.75;242.5,300.25;293,16.25
48046;6.75,83;203,230;280.25,73.25;325.75,188.75;100.75,55.25;191,88;242.5,300.25;261.75,27.25
35859;6.75,83;235.5,198;259.25,94.75;274.25,166;101.75,11.5;186.25,134.5;197.5,309;261.75,27.25
37265;26.25,73.75;235.5,198;269.5,66;283,180.75;133.25,20.5;173.75,183.75;197.5,309;236.75,96
14985;28.5,137.25;231.5,244.75;286.5,53;297.5,243;133.25,20.5;174.75,183.75;226.5,311.25;236.75,96
23029;22.25,154.25;231.5,244.75;322.5,104.25;330.25,235.75;159.25,52.75;174.75,183.75;230.5,275.25;245.25,79.75
28003;78.75,124;170.5,273.75;322.5,104.25;331.25,294.5;159.25,52.75;203.5,174.5;237.75,225;254.25,73
33433;99.75,164.75;167,324.25;322.5,104.25;354,239;181.25,61.75;188,221;252.25,184;254.25,73
50523;98.5,163;167,324.25;322.5,104.25;330,293.5;143,91;192,226.75;252,133.75;259.75,52
11846;154.5,126.25;167,324.25;322.5,104.25;330,293.5;92.75,66.5;193.5,177;275.25,153.25;286,108.25
21110;158.75,147;204.5,280.5;325,160.5;340.25,230.25;39.25,33;202,176.75;275.25,153.25;286,108.25
22927;117.75,204.75;201.25,260;325,160.5;340.25,230.25;7.5,35;154.75,188.5;236.5,95.5;279.5,48.5
33461;158.75,207;246,264;323,152.75;350.5,213.75;3,70;154.75,188.5;236.5,95.5;289,27
6804;158.75,207;246,264;323,152.75;345.5,240.5;40,51.25;187,248;237.25,77.5;354.75,54.5
30399;158.75,207;246,264;323,152.75;364.25,235.25;21,35.5;138.5,246.25;200,88.5;363,39.5
32737;146.75,222.75;276,263.5;325.5,119.75;364.25,235.25;5.25,31.75;118.25,295.5;137.5,74.75;363,39.5
48608;172.25,162.75;206,272.75;307.5,53.5;368,208.75;11.25,21.5;118.25,295.5;154.5,52;363,39.5
30430;172.25,162.75;199,307;244.25,28.5;331.5,227.75;11.25,21.5;130.25,266.25;220.5,49.75;362.5,36.75
24951;163,126.5;226,252;244.25,28.5;367,193.25;7.5,34;187.25,273.25;225,76;362.5,36.75
33882;179,104.25;218.5,201.5;251,6.25;367,190.25;5,95.5;187.25,273.25;246.5,82.25;362.5,36.75
47597;115,81.25;201.75,144.5;317.75,32;372,141.5;5,95.5;242,293.75;272.5,17.25;362.5,36.75
37228;58.5,96.5;157.75,158.75;329.75,12.5;340,81.25;48,121.75;242,293.75;272.5,17.25;356.5,4
16675;90.75,65.25;147.5,226.25;331.75,32.5;336,64;48,121.75;242,293.75;250,12.75;358.5,78.5
8077;131.5,30.25;147.5,226.25;331.75,32.5;336,64;71.25,150;205.25,284.25;272.75,9.25;349,31.5
43451;105,16.5;164.75,223.75;331.75,32.5;337.5,63;26.25,118;205.25,284.25;282.25,28;303.75,13
30781;108.25,14.75;154.25,225.75;331.5,104.75;331.75,32.5;26.25,118;216.5,302.5;222.25,40.5;313.25,87
24900;108.25,14.75;131,242.75;331.5,104.75;331.75,32.5;49,151;183.5,302.75;255.25,15.75;338.5,80
35533;83,19.5;131,242.75;298.25,114.5;309.75,96.25;12,95.5;145,246;261.75,56.75;338.5,80
2664;73.75,21.5;151.5,205.25;263.25,133.25;292.25,53.75;12,95.5;145,246;253.75,86.25;347.25,53.75
4043;76.25,64.5;178.75,210.75;222,109;308.5,57.5;12,95.5;134,197.75;253.75,86.25;310.25,28.5
14523;97.5,20.25;178.75,210.75;223.5,81;329.5,17;12,95.5;129.5,194.25;204.5,74.25;301,6.75
31479;110.75,22.5;154.25,240.75;171.25,89.75;314.25,18;12,95.5;129.5,194.25;161.75,55.5;301,6.75
14418;65.75,6.25;113.75,279.5;170.5,37;369.75,30.75;12,95.5;150,222.75;160.25,55;301,6.75
28985;65.75,6.25;159.5,250;170.5,37;312.5,68.25;53.5,92;121,196.25;213.5,95.25;252.75,9
26434;111.75,32.5;122.5,281;170.5,37;312.5,68.25;26,49.25;166.75,164.75;244.5,76.5;305.5,26.5
24170;104.25,54.5;135,239.75;183,67.5;269.5,111.5;26,49.25;166.75,164.75;244.5,76.5;345.25,60.5
258;88.75,62.5;136.5,214;177.75,18.5;269.5,111.5;26.5,49.5;166.75,164.75;283,34.75;307,50.5
18400;61.25,58;143.75,222.75;175.5,19.25;292.5,111.75;26.5,49.5;166.75,164.75;259.75,53.5;277.25,10.75
39460;4.75,52.25;111.75,237.5;193.5,38.25;282.5,56.5;26.5,49.5;183.75,163.5;217.75,58.25;277.25,10.75
13334;4.25,27.25;125.25,278.5;193.5,38.25;244.75,21.75;34,44;173.25,196;185.25,97;277.25,10.75
8815;28,84.25;125.25,278.5;226.25,33.5;276,39.25;34,44;155.75,162.75;236,121;254.25,48.75
7953;48,125;88.25,298.5;193.25,55.25;312.5,14.5;30.75,31;155.75,162.75;236,121;248,16
9649;62.25,183.5;67.25,309;175.25,16.75;312.5,14.5;40,23.75;155.75,162.75;243,60.75;308.75,44.5
49309;62.25,183.5;111.5,314;175.25,16.75;312.5,14.5;56.75,4.75;179,213.25;239.25,14.5;348.25,80.5
4939;66.5,249.25;169.25,323;175.25,16.75;361.25,54.75;58.25,5.75;179,213.25;275.5,14;323,45
21209;66.5,249.25;128,281;184.5,69.75;332.75,14.75;58.25,5.75;230.5,159.5;275.75,14.5;310.75,49.25
31575;11.25,231.5;153.75,226.5;233.75,66.5;329,22.25;113,8;230.5,159.5;270.75,2.5;310.75,49.25
27343;19,190.25;197.25,265.5;233.25,66.75;371.75,53.75;115.5,73.25;225.25,107;270.75,2.5;310.75,49.25
28627;23,241.5;197.25,265.5;233.25,66.75;371.75,53.75;162.75,72.25;189,161;336.25,5.75;349.5,19
39233;24.5,201;186,270;279,33;337,30.5;162.75,72.25;169.25,190;336.25,5.75;349.5,19
9783;60.5,208.75;234.5,253;334.75,66.25;351,11.75;123.5,113.25;169.25,190;336.25,5.75;349,19.25
24945;46.25,234.75;270.75,267.5;286.25,73.25;329,31.5;154.5,110.25;169.25,190;336.25,5.75;349,19.25
5559;87,263.25;249.25,282;334.25,65.75;353.25,24.75;154.5,110.25;204.25,163.25;336.25,5.75;349,19.25
45300;65.75,315.75;289.75,262.5;352.75,103.25;370.5,68.25;159.75,51.25;204.25,163.25;336.25,5.75;349,19.25
34992;65.75,315.75;263,219.5;352.75,103.25;370.5,68.25;144,48.5;172,196.5;313.25,65.5;353.25,12.75
25344;41.5,300.25;283,185.25;325.25,105.75;330,66;148.25,45.5;172,196.5;254,35.75;353.25,12.75
28681;0.25,296.75;212.25,202;276.5,58.5;278.5,52.5;148.25,45.5;172,196.5;244,42;353.25,12.75
33352;0.25,296.75;244.75,264.25;276.5,58.5;278.5,52.5;106.75,39;240,216.5;243.25,33.25;346.75,81.5
4481;8,309.5;244.75,264.25;276.5,58.5;278.5,52.5;85.5,15;199,244;225,50.75;327.5,139.25
19134;52.75,295;187.25,259.5;227.75,45;278.5,52.5;85.5,15;195,304.5;217.75,113.75;359.25,158.25
28960;75.5,255.25;187.25,259.5;212.75,0.5;308.75,52.75;89.75,26.25;234,291;250.25,71.75;359.25,158.25
25458;74.25,297.5;187.25,259.5;212.75,0.5;278.25,31;85.25,25.25;265.25,259.25;276.5,104.25;330.75,196
29986;143.75,315.5;182.5,232.75;212.75,0.5;278.25,31;118.25,17;225.5,272.5;239.25,137.5;341.25,174
39150;142.75,317.5;186.25,259;199.25,6.75;305.75,79;160,14.75;225.5,272.5;239.25,137.5;355.5,245
3503;134.5,284;151,230;187.25,73.5;318,113;165.75,82.75;171,303;239.25,137.5;355.5,245
38949;147,225;201,189.5;226.5,89.25;318,113;108.25,77;151.25,272;239.25,137.5;353.25,287.25
3550;180.5,229;223.75,230;249.75,34.75;318,113;108.25,77;186.5,248.5;194.5,176;340.25,277.25
13506;181.75,255.5;223.75,230;244.5,11.5;356.75,94.25;74.5,55.5;184.25,266.75;194.5,176;304.5,278.75
35738;169,301.75;188.5,231.75;245,46.5;307,97.25;86.5,109;184.25,266.75;194.5,176;265.25,317.75
17557;170,275.75;190.5,280;245,46.5;328.5,61;107,69.25;153.5,247;194.5,176;314.5,311.75
5240;136.75,267;225.75,293;245,46.5;287,73.75;94.25,26.25;153.5,247;222.75,139.5;331.75,314.5
33134;136.75,267;239.5,267.75;263.75,69;277.25,73.25;48.25,8.75;153.5,247;249.75,169;352.5,310.75
21078;125.25,212.5;199.5,296.25;300,52;301,112;48.25,8.75;153.5,247;288.25,150.25;354,290.25
34208;150.5,158.75;178,265.25;263.75,69;351.25,98.25;48.25,8.75;153.5,247;288.25,150.25;331.25,312.75
4378;182.75,178;186.25,238.25;214.75,78.25;362.5,117.75;48.25,8.75;153.5,247;302,196;352.75,302.25
1049;171.5,155;174.25,182.25;221.5,56.75;357.5,129;48.25,8.75;167.25,224.25;312,158.75;352.75,302.25
18753;161.75,115.75;229.25,171.25;266.5,8.25;335.25,100.5;5,17.5;167.25,224.25;313.25,152.5;352.75,302.25
22844;184.75,124.75;288.5,142.25;290.5,53;356.25,156.75;5,17.5;167.25,224.25;270,194.25;352.75,305.25
28057;212.75,163.25;305,93.25;306,110.5;315.5,210.25;5,17.5;167.25,224.25;303.5,198;352.75,305.25
35328;226.75,145.5;268.5,71.5;272,167.5;361.25,201;7.25,20.75;167.25,224.25;303.5,198;352.75,305.25
47062;205.25,136.5;230.5,77.75;287.5,166.5;344.75,208.75;7.25,20.75;167.25,224.25;303.5,198;342.25,276.5
35591;161,99.75;251.75,22.5;307.5,207;345.75,231;7.25,20.75;129,196.25;303.5,198;341,292
17400;153.25,108.5;311.5,25;330,209.25;336.25,235.25;7.25,20.75;129,196.25;319.75,153.25;341,292
33954;168.5,180.25;279.5,32;285,261;315.75,304.75;1,85.25;84.5,170;319.75,153.25;341,292
34553;168,181.5;240.5,67.5;285,261;370.25,318;45.25,78.75;84.5,170;318.75,160.75;347.25,276.75
6489;169.5,162.5;279,103.5;292,255.75;370.25,318;78.75,20;84.5,170;268.25,157.5;320,261.75
41234;159.25,141.5;247.25,165.75;302.25,239.25;348.5,272.75;73.25,9.5;84.5,170;268.25,157.5;273,273.25
44592;133.5,187.75;238.5,192;294,231.5;362.5,231;33.25,28;56.25,222.25;268.25,157.5;273,273.25
21735;202.25,184.5;212.25,135.75;255.75,248.75;340.75,258;33.25,28;107.75,203;268.25,157.5;273,273.25
18586;211.75,204;245,108;271.5,273;328.25,210;33.25,28;159.75,225;268.25,157.5;276.75,310.75
16462;157.5,236.75;189.75,117;321.75,302.5;333.25,256.5;33.25,28;108.75,265;268.25,157.5;276.75,310.75
40649;125.5,214;189.75,117;342,301;345,312.75;22,39.25;82.75,305;268.25,157.5;275.5,310
2758;125.5,214;160,58.5;331.25,312.25;342,301;21.5,38;98.5,236.25;251.25,146;264,316.75
14033;115.25,223.5;187,8.25;259.25,305.75;292.25,319.25;21.5,38;98.5,236.25;251.25,146;320.25,301
12031;130.25,166.5;183,20.5;274.25,240.5;286.25,321.25;18.25,19.5;98.5,236.25;218,136.5;320.25,301
33838;137.5,212.5;183,20.5;218.25,215.5;283.5,318;18.25,19.5;65.75,263.5;192.5,161.25;308.25,268.5
34936;154.25,152.75;187.75,41.75;218.25,215.5;345.75,321.25;5,33;10,272.5;245,127;308.25,268.5
29310;124,150.5;179.25,110;204.25,259;310.25,320.75;5,33;10,272.5;202.5,173.5;308.25,268.5
39461;77,158.5;144,76.25;204.25,259;358.5,305.5;5,33;34.5,320.5;190.75,163;309.75,268.5
8803;15,174.75;189.25,113;204.25,259;324.5,270.75;5,33;21.25,306.5;235.25,150;311.5,309.75
44563;61.5,161;141.5,126.5;203.75,194.75;288.75,287;5,33;28.75,244.25;235.25,150;241,315.5
22958;116.25,150.25;130.25,174.5;199,176;254.5,245.5;5,33;35.75,252.25;229.75,183;241,315.5
12949;116,145.5;147.75,209;179.75,221.25;239.25,299;5,33;35.75,252.25;210.25,120.5;245,256.25
45682;86.5,191.75;96,230.5;154.5,195.5;206.75,260.5;5,33;17.25,232.5;210.25,120.5;295.5,218.25
3697;50.75,240;125.25,260.75;212,198.5;257.25,294;8.75,38.25;17.25,232.5;210.25,120.5;299.75,174.75
18434;63.5,229.25;87,269.5;212,198.5;282,318.75;11,11.5;17.25,232.5;194.75,98;300.5,174.75
7841;78,275.5;90.25,308.5;228.5,242.25;286.25,320.5;11,11.5;17.25,232.5;193,97.5;300.5,174.75
35010;134.5,292.5;137.5,281.75;240,220;286.25,320.5;11,11.5;18.5,280.25;188.75,162;269.5,181.5
43338;68.5,286;125.75,268.25;188,266.25;292.25,320.25;10,12.5;18.5,280.25;170.75,162.75;269.5,181.5
8941;19.5,309;165,265.5;167.5,234.5;292.25,320.25;10,12.5;14.75,321;194.25,175;269.5,181.5
22164;16.75,261.25;130.75,291.5;169.5,176;267.25,322.75;10,12.5;14.75,321;239.5,146.25;293.25,194.25
6907;44,259;159,289.25;160.5,115.75;202.5,309.25;10,12.5;14.75,321;202.75,99.5;336,172
50413;102,256;130.75,258.75;198.5,176;202.5,309.25;13.5,70.5;14.75,321;198,85.5;263,138.75
14409;72.5,255.75;164.75,248;239.5,190.5;245.25,272;13.5,70.5;14.75,321;223.75,133.75;315.75,144
2300;72.5,255.75;131.75,282.75;186,231;294.5,301.5;13.5,70.5;46.5,306.75;195.25,98.5;347.25,119.75
47309;116.75,252.75;124.5,271;161.75,226.75;278.75,255.75;20,29.75;46.5,306.75;195.25,98.5;358.75,146
36042;115.75,317.5;179,232.75;201,259;254.25,315;42,77.25;46.5,306.75;195.25,98.5;358.75,146
49626;96.5,303.5;213.5,219.5;217.5,320.5;286.25,321.25;42.75,77.5;88,281.75;195.25,98.5;358.75,146
40932;141,285.25;155.5,223.75;204.25,294.25;325.75,294;42.75,77.5;52.25,247.5;131.25,76.75;358.75,146
15083;115.25,259.25;141.75,183;159.5,257;325.75,294;34,88.75;56.5,252;147.5,52.25;358.75,146
21307;115.25,259.25;137.75,151.75;159.5,257;325.75,294;29.5,54.25;60.25,195.75;195.25,0.75;351,175.25
2940;53.25,234.25;130,98.25;135.75,239;336,271.25;0.5,103.25;60.75,198.25;195.25,0.75;351,175.25
44088;72.25,248.25;152.5,110.25;174.5,189.75;302,321;2.25,102;67,258.25;195.25,0.75;351,175.25
12209;49,219.5;108.5,61.5;217.75,132.25;290.5,317.25;2.25,102;104.25,203;195.25,0.75;302,198
3886;41.25,209.75;73.75,26;217.75,132.25;273.5,298.5;2.25,102;156.75,202.75;187.75,26.75;277.25,187
16097;76,176.5;90.5,64.5;158,159.25;323,293.5;14.5,69.5;156.75,202.75;187.75,26.75;277.75,174.5
1435;66.5,146;91.75,20;204.5,176.5;339,246.25;38.25,31.25;157,204;187.75,26.75;277.75,174.5
17508;76.25,118.25;91.75,20;254.75,194.5;328.5,251.75;38.25,31.25;158.5,189;251.5,10.25;274.5,144.25
49348;25.25,97.5;52.25,8;270.75,228.75;272.75,260.5;38.25,31.25;188,162.75;251.5,10.25;296,199.25
28779;30.5,137.5;46.5,59.75;250.75,246.25;263.25,242.75;38.25,31.25;188,162.75;285.25,28.5;296,199.25
15800;55.25,96.75;83.75,3.75;248.25,306.25;263.25,242.75;96.25,9.75;188,162.75;323.5,4.25;325.25,178
4824;70.25,147;78,11.75;202.75,318.75;228,236.75;111.25,9;250.75,128.25;323.5,4.25;325.25,178
29735;38.75,204.25;42.25,48.75;202.75,318.75;276.25,255.25;80.75,26.25;183.25,146;325,63;325.25,178
32504;25.25,213.5;46.25,92.75;200,277.25;235,248.75;112.25,22.75;231,153;325,63;325.25,178
23796;31,211.5;81.25,63.75;255.25,312;300.75,229;112.25,22.75;242,177;325,63;325.25,178
49905;31,211.5;115.25,80;236,313.25;340,217.75;112.25,22.75;257.25,133.75;314,115;354.75,211
31566;0.25,194;69,43.25;236,313.25;329.75,187.25;73,42;257.25,133.75;298.75,123.5;359.75,153.5
7880;15.75,228.5;69,43.25;236,313.25;329.75,187.25;121.25,20.5;287,94;290.75,100.75;315.5,115.75
7122;10.75,253.75;69,43.25;262,254.75;349,128.25;77,25.75;313.25,46.5;315.5,115.75;334.25,53.25
48676;25,310.75;87.75,84;331.25,247.5;349,128.25;31.75,54.75;315.5,115.75;328.5,40;345.25,78.25
26531;1.5,300.25;69.5,146.75;322.25,279.75;349,128.25;10.25,112.25;297,47.25;345.25,78.25;358.75,148.5
10363;17.25,261.75;125.5,184.25;298,314.75;349,128.25;36.75,68.5;297,47.25;347.25,143.25;347.75,153.75
29704;22.25,318.75;125.5,184.25;265.75,323.5;365.5,170;77.25,89.25;297,47.25;318.75,188;337,148.25
17376;67,312.75;92.5,183;283.5,320.5;359.25,214.5;77.25,89.25;297,47.25;318.75,188;329.75,147.75
27660;57.25,286.25;60,216.5;283.5,320.5;323.75,213.5;73.75,109;242.75,10;282,197;329.75,147.75
23452;67.5,307.75;90.25,196.75;283.5,320.5;321.25,213.75;73.75,109;187.75,23.25;249.75,163.25;291.5,199
35484;78.5,247.75;139.75,184;291.5,322;337.5,197.75;73.75,109;187.75,23.25;249.75,163.25;328,192.5
3591;53.5,227.75;126.75,179.25;332,279.5;337.5,197.75;15.5,144.5;133.75,19;229.75,190.25;328,192.5
17622;25.75,261.25;126.75,179.25;321.75,230.75;323.5,141.25;59.25,113.5;177.75,28.75;203.75,209.5;328,192.5
20547;34.25,210.5;136.25,225;265,237.75;302,114.5;103.5,151.75;177.75,28.75;203.75,209.5;279,176.5
34913;80.25,176.5;156.5,215.75;258.5,290.25;280.5,72;103.5,151.75;144,57.25;203.75,209.5;267,169
25321;80.25,176.5;121.75,226;239.25,302.25;252.5,118.75;128.75,163.5;144,57.25;195.5,248.5;253.5,164.75
25652;56,202;121.75,226;252.5,292.75;290.5,160.5;96,197.5;121.75,107;195.5,248.5;222.25,135.25
26414;74.5,228;131.75,282.25;252.5,292.75;334.5,143.5;75.5,171;77.5,122.25;195.5,248.5;267.25,167.25
20536;70,177;157.75,320;285.5,276;347,160;75.5,171;106.75,129.75;195.5,248.5;303.5,198
32498;89.25,155.5;149.75,300.25;285.5,276;309.75,120;113.25,197.5;126.75,111.75;195.5,248.5;281,238.75
29987;89.25,155.5;121.5,251.75;289.5,317.5;297.75,164.75;112.75,199.25;142.5,88.25;195.5,248.5;271.5,240
32867;89.25,155.5;121.5,251.75;289.25,318;365.5,186.5;73.5,223.25;123.75,150.25;128.75,274.5;329,200
1137;35.75,199.75;151.75,313;288.25,262.25;365.5,186.5;71.75,271;133,196;195,277;329,200
48797;75,222.25;151.75,313;281.5,320.75;349,197.75;71.75,271;133,196;147.25,277.75;288.75,216.75
18336;126.25,243.5;151.75,313;281.5,320.75;318,152.75;71.25,211;173.5,236;182.75,303.25;296.25,199.5
5950;172.25,231.5;172.5,299.75;300,303.25;328,161;71.25,211;149.25,222.75;182.75,303.25;295,203
29647;106.5,223.75;241.5,313.5;277.75,322;364,184.25;100.5,161.75;149.25,222.75;182.75,303.25;306,204.25
311;107,223.5;244.75,301;259.75,315;364,184.25;100.5,161.75;152.75,225.75;152.75,300.75;320,199.5
28240;47.5,240.25;235.25,274.75;292.75,319.5;351.25,228.25;100.5,161.75;152.75,225.75;152.75,300.75;290.25,226.25
32178;11.5,241.5;207,308.25;282.25,256.75;306.75,242.5;100.5,161.75;137.5,198;216.75,284.75;290.25,226.25
27664;11.25,215;212.25,319.75;240.75,224;338.5,257.75;61,192;81.5,208.75;216.75,284.75;290.25,226.25
5018;1,200.25;212.25,319.75;259.5,270.25;351,307;30.5,186.75;82,209;210.5,262.25;290.25,226.25
2793;1,200.25;212.25,319.75;258.5,271.25;338,247.25;25.75,182.5;101.25,220.25;183.25,232.5;353.75,231.75
45222;22,258.25;211.25,319.75;301.25,317.5;342,197.75;25.75,182.5;101.25,220.25;149.25,182.75;353.75,263.25
49307;22,258.25;211.25,319.75;301.25,317.5;357.25,163.75;75.25,210.5;83.5,170.5;171,163;342,319.5
10029;41.75,209.5;240.25,282.75;277.5,282.75;357.25,163.75;75.25,210.5;94.75,177;216,166.25;270.5,322.75
4657;21.75,169.75;239.5,219.25;258.25,297;302.75,134.75;42.5,263.25;94.75,177;216,166.25;270.5,322.75
46739;48,176.75;215.25,199;258.25,297;300.5,148.25;16,295.75;106.25,136.25;216,166.25;222.5,314.25
49073;48,176.75;168.75,230.5;235,284.25;306,95.25;6.5,307.75;63.75,163.5;216,166.25;246.75,309.75
29102;48,176.75;108,223.25;285.25,295;292.75,73.75;12.25,314.5;14.5,202.75;216.75,169.5;246.75,309.75
12555;5.75,190;116.75,207.75;245.75,258;335.25,28.5;12.25,314.5;25.5,198.25;216.75,169.5;246.75,309.75
680;28,190.25;69,154;179.75,232.25;292.75,33.5;12.25,314.5;47,142;216.75,169.5;240.25,309.25
29876;71.5,200.75;79,161.75;129,246.75;268.75,73;12.25,314.5;101.5,152.75;174,163.75;240.25,309.25
38243;71,141.5;95.5,161;102.5,236.25;278.5,35;46.5,294.5;101.5,152.75;209.25,175.25;240.25,309.25
12105;15,116.75;88.5,222;102,206;275.25,66;46.5,294.5;101.5,152.75;209.25,175.25;253.25,309.25
39239;23.5,120.75;89.75,267.25;124.75,150.25;219.75,79.75;77.5,286.5;101.5,152.75;209.25,175.25;253.25,309.25
17516;23.5,120.75;84.25,320.75;159,170.75;235.75,129.25;67.25,247.5;139.75,107;169.75,189.5;253.25,309.25
9235;36.75,80;122.25,270.5;135.25,158.75;273.25,165;67.25,247.5;161.5,89.75;182.25,161.25;253.25,309.25
45365;42.75,36.25;66.5,286.5;78.75,140;306.75,132.25;67.25,247.5;145.75,81;163,165;253.25,309.25
571;9,90.25;66.5,286.5;78.75,140;278.75,104.75;83,283.25;127,60.75;187.5,177.75;315.75,300.5
45871;17.75,145.75;24.75,308.25;73.5,177.75;279.25,129.75;100.25,230.75;127,60.75;219,129;315.75,300.5
22955;17.75,145.75;24,307.75;54,250;279.25,129.75;142.25,273;151.5,48.5;170.75,87.25;357.25,266.75
7933;17.75,145.75;24,307.75;35.25,276.25;279.25,129.75;143.5,300.25;170.25,51;188.75,85.5;326.5,312.25
19590;57.25,193.5;80,297.5;96,299.5;258.25,110.25;143.5,300.25;170.25,51;194.75,97.5;326.75,312.25
22353;2.75,180.25;22.75,300.75;64,317.75;193,102.25;105.75,319;170.25,51;194.75,97.5;279.5,288.25
26287;5.75,184.25;8.5,263.5;24,312.75;192.5,38.75;105.75,319;170.25,51;172.5,107;318,287.75
33269;8.5,263.5;61,201.25;66,281;143.75,28.25;105.75,319;169.75,56.5;264.5,107.25;299,206.75
34014;8.5,311.5;61,201.25;96,300.5;126.75,4.75;105.75,319;169.75,56.5;265,60;309.5,257.25
45942;1.75,296.75;50.75,248;91.5,322.75;116,44.5;105.75,319;168.5,80;255.75,14.25;309.5,257.25
19968;9.5,284;50.75,248;89.5,297.5;96.75,12;142.25,318;168.5,80;245.75,11;306.5,239.25
16449;33.25,311.25;37,285.5;46.75,303.75;106.25,7.5;141.25,303.25;168.5,80;245.75,11;331.5,288
10238;32.25,311;43,238.5;56,227.75;171.25,46.75;141.25,303.25;168.5,80;255,86.25;332,319.25
3387;32.25,311;62.75,171.75;77,177.75;143.25,77.25;165.25,237.5;240,69.25;331,118;332,319.25
20875;72,286.5;130.25,170.5;136.75,223.25;166.25,98.25;165.25,237.5;250.5,42;309.75,160.75;332,319.25
6124;27.25,278.75;72,174.75;99.25,249;166.25,98.25;125,197.5;308,27;328.75,139.25;332,319.25
45795;27.25,278.75;72,174.75;93,297.75;169.5,85.5;139.5,229.5;262.75,78;316.5,98;319.75,309.75
939;61,230.25;107.75,122.75;130.5,245.75;183.25,20.25;150.5,223;262.75,78;316.5,98;361.25,266.75
34920;91.25,282.5;140.25,118.5;162.25,223.75;214,6.25;150.5,223;263,78.75;311.75,84.5;361.25,266.75
33310;67.75,312.5;155.75,57.75;156.25,252.25;242.75,43;145.25,222.25;263.5,77.25;311.75,84.5;361.25,266.75
31792;10.75,295.5;143.25,111.5;148,260.25;228.5,101.25;145.25,222.25;224,85;311.75,84.5;326.75,309.5
3708;10.75,295.5;144,110.75;180.25,265.25;228.5,101.25;100.25,261.75;229.5,59;289.25,42.5;327.5,321.25
4834;10.75,295.5;137.75,62.5;139.5,226;257,98.25;100.25,261.75;228.5,114;292,20.75;367.5,276.25
18525;18,257.75;137.75,62.5;163.25,219.25;315,111.25;105.5,284.25;228.5,114;262,14.25;339.25,309.5
2148;18,257.75;137.75,62.5;164.75,187.5;321.5,138.25;66,258.75;228,154;253.25,11.5;353.25,294.25
3806;29.5,206;137.75,62.5;149.5,194.75;279.25,103;28.75,227.25;187.5,160.5;253.25,11.5;328,288.25
67;6.5,190.5;86.25,86.75;153.5,227.75;300.75,148.25;28.75,227.25;187.5,160.5;257.75,26.75;345.25,260.25
26547;6.5,190.5;86.25,86.75;153.5,227.75;276,172.5;20,287.75;242,132.75;244.75,17;321.5,311
19803;8,262.75;85.75,66;124.25,200.75;329.25,198.5;20,287.75;208,95.75;281.25,24;321.5,311
22569;33.75,267.25;85.75,66;129.25,177.5;300.75,180;41.25,319.25;276.75,105.75;281.25,24;321.5,319.25
47009;33.75,267.25;85.75,66;126,201;358.5,128.75;41.25,319.25;235.75,76;291.5,12.25;354.25,289.75
15997;64.5,229;70,139.25;130.5,243.75;358.5,128.75;41.25,319.25;167.25,40;220.75,36;352,289.75
12033;35.5,284;60.5,136.5;189.75,278.75;329,116.25;2.75,311;152.25,81;220.75,36;352,289.75
28427;62.75,310;72.5,141;170.75,268.5;280.25,102.5;2.75,311;126.5,93.25;193.5,65;352,289.75
7871;81.5,267;132.75,160.25;170.75,268.5;289,169.5;1,242.75;143,50.5;193.5,65;289,312.5
24546;81.5,267;89.75,159.5;198.75,266.5;289.25,165;3.75,232.5;143,50.5;230.75,79.25;255.25,290.5
40203;81.25,267.75;157.75,149;159.5,296.75;228.75,205.75;3.75,232.5;143,50.5;225.25,51.75;262.5,321.25
33638;64.25,295.5;157.75,149;176.75,232.75;213.25,245.25;70.25,252.5;94.25,78;216.25,72.75;262.5,321.25
42369;35.75,242;157.75,149;176.75,232.75;244.75,271.5;63.5,290.25;93.5,35.5;230.25,70;320.5,309.25
42364;74.75,299.75;135.5,89.75;174,306.75;203.25,318.25;3,307.5;93.5,35.5;210.25,97.5;320.5,309.25
34778;63.25,312;143.25,78.75;197.25,282.75;213.5,320.5;3,307.5;102.25,98;230.5,117;320.5,309.25
14529;32.25,307.5;80.25,78.25;165,257;181.25,317.75;3,307.5;128,125.75;205,75.5;320.5,309.25
9064;32.25,307.5;119.25,50.75;135.5,224.5;215,278.75;3,307.5;82.25,152.5;183.5,95;285.75,286.75
33125;16.75,261.5;128.75,29.5;184.5,266;221.25,228;3,307.5;110.5,137.25;183.5,95;285.75,286.75
1350;16.75,261.5;104.75,9.75;184.5,266;250.25,210.75;12.5,307.75;78.5,81.25;182,166;271.75,217.5
18762;16.75,261.5;160.5,7.75;184.5,266;250.25,210.75;61.5,315.75;84.25,137.75;138.75,194.5;234.75,256.5
46139;16.75,261.5;128.25,15.75;184.5,266;250.25,210.75;77.25,249.75;92,160.25;106.5,163.5;261.75,259.75
16982;17.75,189.75;132,6.5;184.5,266;247,258.5;74,267;92,160.25;96.75,230.75;228,274.5
19815;16,190.25;192.25,13;243.25,298.25;308.75,232.25;23.5,226.5;92,160.25;117,286.75;228,274.5
41675;25.25,231.75;154.75,60.5;279.25,286.75;280.25,239.5;5,243.5;92,160.25;104.5,283.75;228,274.5
19190;85.5,240.75;185,91.25;259,228.75;305,289.25;5,243.5;89,188.75;104.5,283.75;255.25,288
19009;146,240.5;207.5,94.5;242.75,181.75;346,288.5;5,243.5;89,188.75;104.5,283.75;215.5,302.5
28028;111,227.5;219.75,92.75;295.75,177.5;346,288.5;16.25,206.25;49.75,224.5;104.5,283.75;185.25,305.75
45071;133.75,280.25;220.5,28.75;289.25,209;306.25,317.25;28.5,197.5;49.75,224.5;104.5,283.75;222.5,273.75
47557;150.75,263.5;220.5,28.75;315.75,244.5;355.5,294;80,174.5;81.5,165.75;104.5,283.75;243.5,293.75
10673;150.75,263.5;220.25,3.25;294.5,302.5;333.25,319.25;26.75,164;82,164;104.5,283.75;251.25,239.75
32723;115.5,291.5;213.75,62;246.25,273.5;280.5,286.25;64,207;75.75,189;104.5,283.75;251.25,239.75
48474;115.5,291.5;185.75,111.25;231,253;303,239.5;75.25,250;75.75,189;121.5,273.25;299.75,233.75
20468;115.5,291.5;185.75,111.25;231,253;294,300.75;10.25,270.5;94.75,230.75;120.5,276.25;303,202
38774;89.75,308.5;158.25,150.5;276,230;322,319.5;10.25,270.5;94.75,230.75;121,278.75;335,199
34285;89.75,308.5;157.25,150;264.5,294.75;345.25,319;10,307;71.5,168.75;121,278.75;340,231.25
6065;44.75,275.25;157.25,150;282.75,319;304.5,304;10,307;56.5,207.25;64.75,289.75;362.25,227
20798;44.5,274.75;192.5,90;282.75,319;357,313.5;10,307;47.75,180;57.75,288.75;364,276.5
30622;42.75,274.25;271,74;282,243;352.5,229.75;10,307;47.75,180;70.25,268.25;353.25,300.75
48143;30.25,323.25;273.25,15.5;287,184.5;343,284;10,307;29,229.25;145.5,277.75;353.25,300.75
11506;94,297.5;297.25,72.75;339.5,248.25;368.75,311.25;10,304;29,229.25;150.5,279.25;353.25,300.75
39061;139,230;269.75,56;339.5,248.25;368.75,311.25;38.5,312.25;67.5,258.75;161,303.5;327.75,281.25
43299;139,230;269.75,56;340.25,248;368.75,311.25;58.5,323.25;97.5,315.5;208.25,296.25;355.25,261.75
6713;139,230;208.25,18.5;340.75,248;368.75,311.25;48.25,253.75;108.25,258;238,257.75;352.5,203.25
33568;166,275.25;185.5,42.25;328,237.5;368.75,311.25;29,286;108.25,258;211.75,252;308.5,170.75
7400;166,275.25;175,45.5;321,263.25;352.5,288.5;29,286;110,317;250.5,293;276.75,184.25
37906;166,275.25;175,45.5;255.75,309.25;364.5,240.5;46.25,304;176.25,300.25;246.25,281.75;334,177.5
31331;163.25,274;182.5,49.75;213.5,309.75;325.75,278.5;15.75,302.25;176.25,300.25;284,287.25;334,177.5
5757;173,291.75;182.5,49.75;235,287.75;291,232;38.75,318.5;176.25,300.25;299.75,306.75;326.25,243
47713;149.5,307;210.5,80.5;235,287.75;241.5,195.25;38.75,318.5;144.5,301.5;302.25,280.25;325.25,211.25
24452;89.5,297.5;155.75,54.25;221.5,230;279.5,229.5;40.25,323.5;219.5,284.75;302.25,280.25;325.25,211.25
16795;119.25,260.75;151.5,17.25;221.5,230;279.5,229.5;39,319.25;239,316.5;319,288.25;350.5,168.5
982;155.75,193.75;175.25,63;209.25,232.75;349.25,197;38.5,278.25;239,316.5;319,288.25;349.75,162.75
14454;140.25,148.25;175.25,63;216,195.5;311.75,216.25;29,307.5;237,254;319,288.25;329,116
13318;154.75,128;185.25,113.5;213.25,218.25;282,229.75;29,307.5;247.5,309.75;277.5,286.25;329,116
26896;171.75,89.25;213.75,91.75;262,254.75;288.75,169;28,286;247.5,309.75;277.5,286.25;339.25,95.25
22790;162.25,110.75;213.75,91.75;278.25,256.75;295.75,106.75;29.5,284.5;247.5,309.75;317.25,243;328.75,57.5
27926;160.5,106.25;229.75,56.75;278.25,256.75;280.25,74.5;9.25,272;237.75,317.25;306.5,239.25;328.75,57.5
31260;167.5,44;268.5,73;280,287.25;335,64.25;64,258.75;237.25,318.75;306.5,239.25;328.75,57.5
33608;181.25,82.25;293.5,112.75;308.25,290.25;336.75,64.75;82.5,286;236.5,318.75;306.5,239.25;328.75,57.5
25188;181.25,82.25;267.25,117;272.75,322.5;287,23.5;127.25,275.75;236.5,318.75;282.75,202;307.5,29.5
48176;166,162;271.5,72.5;272.75,322.5;339.5,14;127.25,275.75;236.5,318.75;278.75,185.25;329.5,22.5
31000;166,162;303.25,139.75;327.25,266;362.25,90;127.25,275.75;236.5,318.75;331.5,161;341.25,50.5
13614;115.75,174.25;279,106;358.75,293.75;371.75,53.25;169.75,301.25;236.5,318.75;331.5,161;341.25,50.5
35979;115.75,174.25;329.75,145.75;340.5,321.25;371.75,53.25;198.5,318.25;237.25,318.75;341.75,232.75;345.5,82.5
7747;61,217.5;322.25,154.5;332,279.5;371.75,53.25;186.25,271.75;211.25,252.5;299.5,276.5;345.5,82.5
38061;61,217.5;326.5,160.5;330.75,279.5;350,14.75;197.25,255.75;242.5,219;276.75,225.75;345.5,82.5
41685;106.25,235.75;283.75,144;289.75,319.25;292.25,55.5;135.75,279.75;242.5,219;276.75,225.75;345.5,82.5
31190;136.5,204.5;273,148.5;284,317.5;325.75,26;122.75,298.25;242.5,219;276.75,225.75;346.5,136.75
26447;103,250.5;273,148.5;285.5,322.25;355,17.75;122.75,296.25;251.75,268.75;297.75,277.75;346.5,136.75
17562;85,271.25;238.5,113;342.5,315;355,17.75;122.75,296.25;249,261.5;291,287.75;301,152
41803;85,271.25;238.5,113;334.75,277.75;355,17.75;140.75,282;189.5,284;248.25,261.5;270.75,194.75
8640;85,271.25;290.5,139;334.75,277.75;339.25,50.75;124.25,263.75;185,315;235.75,258;309.5,181.75
42847;85,270.75;290.5,139;334.75,277.75;339.25,50.75;158,303.25;172.5,318.5;277.75,295.5;336.5,204.5
37968;66.75,248.25;310.25,159.5;334.75,277.75;339.25,50.75;151,298.5;196.75,275.5;319.5,309;347.75,177.75
36154;0.25,283.25;276,179.25;317,263.25;360.25,10.5;187.25,252;209,264;319.5,309;347.75,177.75
1695;0.25,283.25;306.25,114;317,263.25;359.5,24;160,302.75;242.75,210.75;312.25,311.25;334.5,196
37786;44.25,222.75;274,167.75;324.75,258.25;359.5,24;107.25,320.5;245,164.25;260.75,245.25;334.5,196
36507;27.75,231;274,167.75;324.75,258.25;359.25,23;158.75,298.25;247.75,173.5;263.75,241;298.5,208
32842;27.75,231;262,219.25;324.75,258.25;359.25,23;129.75,308.5;231.5,212.75;232.5,275.5;261.5,199.75
34711;64.75,203;282.5,274.5;310.5,224.25;359.25,23;157,318;183.25,180.25;187,304.75;261.5,199.75
9354;26.25,155.25;258.5,294;285.25,296.5;368.75,53.75;81,301.75;183.25,180.25;250.5,291;261.5,199.75
42515;26.25,155.25;275.25,256.25;285.25,296.5;368.75,53.75;141.75,303.25;173,187;263.25,258.25;297.75,258.25
49280;78.5,146.25;293.25,206.5;330.5,248.5;368.75,53.75;146,303;173,187;304.5,284.5;353.25,288.75
10899;28.5,118.25;293.25,206.5;307.75,268.75;310.75,101.25;178.25,242.25;211.25,177.5;304.5,284.5;327.25,309.75
14356;39.25,76;257.25,228.25;310.25,263.5;310.75,101.25;191,257;211.25,177.5;288.5,310;291.5,310
33967;112.75,75.25;272.25,225.5;278,246.5;284.75,52;191,257;226.75,115.75;260.75,275.5;291.5,310
17202;113,74.25;300,249;304,249.75;319.75,37;191,257;250.75,169.5;277.5,228.25;291.5,310
27902;115.75,34.25;352.75,276.75;354.25,290;355,27.5;176,289;259,169.25;277.5,228.25;291.5,310
15525;142.5,116;273.5,311.5;299.25,252.25;369.5,27.25;176,289;259,169.25;277.5,228.25;330.5,312
11021;160.75,109.25;238.75,288.5;280.25,256.25;349.75,28;152.5,302.25;259,169.25;262.75,275.5;330.5,312
49627;160.5,106.25;196,254.75;325.25,228.5;351,9.25;101,313.5;259,169.25;262.75,275.5;285.25,323
13536;184.25,156.25;196,254.75;325.25,228.5;351,9.25;103.5,313.5;231,158;233.5,229.25;324,320.25
49527;170.75,144.5;180.75,317.75;267.75,255.75;351,9.25;167,301.75;231,158;250.25,293.75;297.5,307.5
45193;170.75,144.5;180.75,317.75;223.5,278;294.5,2;127.5,308.75;208.75,107.25;220,255;298.25,307
50174;153.5,108.25;207.5,308.25;213.25,242.25;308.75,52.5;162,283;219.25,99.25;220,255;298.25,307
14425;131.75,41.5;166,294.25;213.25,242.25;258,47.5;162,283;187,43.75;220,275;275.5,275.5
49166;76.75,64.5;150.25,267.25;213.25,242.25;258.5,47.25;170.5,273.5;187,43.75;208,302;212.5,270.75
32656;76.75,64.5;130.75,283.25;143.5,240.5;222.75,71.75;138.5,266.5;162,48;192.75,320.75;212.5,270.75
21980;112.75,55;136.75,291;172,281.25;222.75,71.75;84,249.75;148.75,60.25;212.5,270.75;222,318.5
9254;90.75,83.75;159,317.75;161,225.25;284.25,57.5;84,249.75;148.75,60.25;192.25,221;214,275.5
19540;82.5,151.5;115.25,300.5;116.25,269.25;291.75,84.25;43.25,301.75;148.75,60.25;178,213.25;214,275.5
22807;77,209.75;136.25,228;139.5,300.75;243.25,31.5;47.25,275;148.75,60.25;205.75,174.25;214,275.5
36916;14.25,222.5;136.25,228;139.5,300.75;276.5,17.5;32.75,216;101.5,57.25;193.25,249;273.5,248.25
30275;3.75,158;157.5,193.5;160.5,276;270,26.25;32.75,216;69.5,78.25;193.25,249;272.5,248.75
30861;3.75,158;157.5,193.5;206,259.75;270,26.25;21.75,203.75;95.25,65.5;232.5,274.75;264,246.75
23075;7.25,158.5;147.75,227.5;208,308.75;314,15.5;17.75,203.25;95.25,65.5;232.5,274.75;316.25,227.5
50342;10,175.75;147.75,227.5;223,260.5;269.75,25.5;17.75,203.25;99.5,81.5;176,307.25;300.75,224
37792;57,172.25;157.75,157;279.5,232;294.75,54.5;20.5,255.5;74.25,141;176,307.25;300.75,224
44381;57,172.25;146.25,124.5;279.5,232;294.75,54.5;36,221;37,89.75;145.75,298.5;339.75,231.75
30710;57,172.25;146.25,124.5;255.25,275;265.25,31.5;19.25,202.75;73,125.5;96.75,268.25;335,192.25
12257;37.25,189;136.5,89.25;266.25,291.5;281,70.5;19.25,202.75;73,125.5;96.75,268.25;327.25,224.5
21273;76.75,210.25;106.75,125.5;308,312.75;332.5,80.5;6,185.5;73,125.5;103.25,315.75;327.25,224.5
13354;103.5,240.5;157.25,90.5;327,322.5;346.75,112.75;6,185.5;100.5,170.75;103.25,315.75;310.25,170
36420;35.75,265.5;183.75,113.75;344.25,258;346.75,112.75;79.5,208.75;99.5,137.75;103.25,315.75;355.75,150.5
20732;35.75,265.5;167,52.5;344.5,199.25;365,184.75;70.5,251.75;98.5,196.5;103.25,315.75;359.75,195.75
49939;1,223.75;131,96.25;308.5,135.25;365,184.75;78,273.5;82.25,216;105.75,309.75;359.75,195.75
34298;46.75,208.75;127.75,48.75;252.75,154.5;320.25,157.5;11.25,268.5;81.5,247.75;105.75,309.75;359.75,195.75
6444;47.25,209.5;118.25,20.25;254.5,116.25;335.75,141.25;22.75,300;81.5,247.75;163,319.5;359.75,195.75
50014;68.25,181.5;93.5,26.25;296,134.75;329.5,152.75;61.75,309.75;81.5,247.75;163,319.5;359.75,195.75
7432;18.25,142.25;46.5,45.25;285,104.75;331,132.5;16.25,292;81.5,247.75;163,319.5;359.75,195.75
31905;12,163;28,67;285,104.75;364.5,171;16.25,292;50,252.75;203,308;361.25,213.25
43388;37.25,148.25;52,98.5;276.5,133.75;364.5,171;27,306.5;37.75,311.25;253.75,309.75;361.25,213.25
17785;37.25,148.25;49.5,97.25;322.75,149.25;335.75,151.75;27,306.5;38.75,320.25;250.5,266;315.5,203.75
4639;20,178;44.5,36;276.75,130;286,104.75;27,306.5;38.75,320.25;293.25,280;337,147
25064;53.5,228.5;71.75,47.5;270.25,167.25;286,104.75;13.5,307;38.75,320.25;323.25,299.75;334.25,132.5
8851;47.75,295.5;75,25.5;257,191.5;282,53.25;21.25,308;38.75,320.25;323.25,299.75;328.5,163.75
46469;0.25,303.25;135.25,32.25;226.25,207.75;306.25,111.25;13.25,279;52,298.5;323.25,299.75;328.5,163.75
11029;0.25,303.25;165.75,38;173.75,232.25;294.75,71;2.5,289.25;52,298.5;312.75,270;355,204
11344;0.25,303.25;165.75,38;173.75,232.25;273,99;32,265;32.5,265.25;308.5,197.75;337.5,230.5
38440;0.25,303.25;179,59;228,191.25;270,29;9.5,271.5;35.25,220.75;263,253.5;337.5,230.5
28429;47.5,310.75;177.25,113.5;195.25,246.5;213.5,13.25;4.75,287.75;83.75,181.75;263,253.5;337.5,230.5
39358;47.5,310.75;142.25,147.5;250,206.75;258,18.5;28,227.5;83.75,181.75;319.5,287.5;335.5,163.25
22142;24.5,307.75;142.25,147.5;238.5,191.5;270.25,12.5;28,227.5;93,191;284.75,287.75;327,98.75
15635;16,287;142.25,147.5;233.5,170.25;325.75,37;61.25,221.5;61.75,224;284.75,287.75;301.5,50.5
40029;25.5,301.75;143.5,192.5;247,177;265.25,31;61.25,221.5;61.75,224;305.5,260;317.25,27.5
12980;40.5,308.75;123.75,202.75;250.25,109.25;274.75,95.25;19.75,231.75;61.25,221.5;305.5,260;358.5,3
28415;109.5,313;117,229.5;262.5,55.25;273,97.5;19.75,231.75;106.75,203;342.25,228;358.5,3
6759;103.5,251.5;172,234.25;263.25,24;321.25,140.75;19.75,231.75;154.75,248.75;293,261.25;358.5,3
18468;103.5,251.5;218.75,198;220.5,63.75;292.25,151;15,291.5;192.5,241.75;340.25,261;358.5,3
44438;103.5,251.5;172.75,163.5;187.75,113.75;283.75,104.25;55.75,269.75;180.75,294.25;354.5,204;358.5,3
2678;51,253;148,223.75;150,125.25;283.75,104.25;116.75,241;249,281.75;309.5,198.75;358.5,3
34364;52.75,250;147.75,183;189,151.25;288.5,106.5;116.75,241;266.25,320.75;352.5,185.25;358.5,3
32369;49.5,240.75;130,230;142.25,178;314.5,80.75;142.5,223.75;266.25,320.75;312.75,207.5;358.5,3
10184;67,306.25;80.75,261;150.5,158.75;306,94.75;163.75,201.75;266.25,320.75;304.25,244;358.5,3
24181;66.25,298.25;132.5,246.75;155.75,194.25;334.25,113;217.75,210;271.25,295.5;304.25,244;358.5,3
27642;51.5,294;132.5,246.75;202.5,244.75;322.75,93.5;212.75,276.5;298.75,307.5;321.5,310;358.5,3
20726;70.25,304.5;119.25,287.5;241,290.75;353,88.5;193.25,310.25;298.75,307.5;321.5,310;358.5,3
50322;52.75,278.75;133.5,240.75;309,259.5;353,88.5;221.25,297.25;301.5,233.5;321.5,310;363,49.5
20496;50,227.75;89.5,257.25;309,259.5;353,88.5;151.5,318.5;253.25,233.25;310.25,313.75;326.25,1.75
23921;50,227.75;136.25,226.75;291.75,320.25;353,88.5;110.5,292;229.25,232.25;342.25,320;354.75,49
48069;50,227.75;113.25,255.75;283.25,318.75;294.25,98.25;80,302.25;240,216;322.75,321;354.75,49
22152;41,191;113.25,255.75;283.25,318.75;294.25,98.25;129,308;217,167.25;344.75,278.5;349.75,82.75
14843;7.5,177;44.5,240.75;242.25,302.25;351.75,97.75;88.25,300.25;153.25,190.5;344.75,278.5;349.75,82.75
50349;7.75,215;44.5,196.5;242.25,302.25;329,149.75;58,297;217.75,191.5;344.75,278.5;346.25,51.75
22220;7.75,215;44.5,196.5;242.75,301.75;359.5,120.5;50.75,224.25;208.75,147.5;332.75,320;340,93.75
18153;7.75,215;44.5,196.5;237,282;359.5,120.5;29.5,216.5;192.25,174.5;315.5,319.25;367.25,81.25
15516;53,171.25;56,176.75;259.5,303.75;317,111;83.75,199.75;215,160.5;315.5,319.25;367.25,81.25
5482;38.5,112.25;109.25,159.75;228.5,244.75;296.75,45.75;23.25,203.75;180.75,163.5;315.5,319.25;367.25,81.25
2306;40,84;143.5,126.25;243,180.75;301.5,33.5;15.5,245.75;180.75,163.5;320.25,302;367.25,81.25
29476;40,84;151,157.75;235.25,194.25;334,41;77.75,254;169.25,101.75;334.5,320.75;367.25,81.25
23632;40,84;151,157.75;235.25,194.25;361.5,84.25;68,303.75;133.25,123.75;304,304.75;349.75,82.25
35070;40,84;199.25,178.25;287,229;340.5,113;68,303.75;133.25,123.25;332,309.5;349,43.5
20108;33,93.5;255.5,188;309,207.5;343,86.25;20.5,280.25;158.75,92;332,309.5;349,43.5
12150;83.5,86.5;282.25,216.25;335.5,179.25;366.25,91.75;28.75,307.5;147.75,81.75;332,309.5;349,43.5
28725;85.25,79.25;332.75,258.75;346,128.75;371.25,122;3.25,309.25;147.75,81.75;332,309.5;339.25,97.25
8791;86,78.5;332.75,258.75;367.75,123;369,183.75;3.25,309.25;190.5,54;311.25,313.75;323.25,159.25
28812;59,113.25;283.25,219;326.75,161;355.5,137.75;3.25,309.25;190.5,56.5;311.25,313.75;328.25,164
33195;59,113.25;294.5,189.5;338.75,198.5;355.5,137.75;13.75,308;190.5,56.5;339.5,314.5;348,216.25
15481;59,113.25;294.5,189.5;324.75,198.5;355.5,137.75;17.5,272.5;195,13.25;335.25,311.5;341.75,279
15623;81.25,86.25;292.75,187.75;313,255.75;320.25,104.25;5.75,203.25;213.5,87;335.25,311.5;341.75,279
15180;83.25,91.5;276,256.75;319.75,321;341.75,112.5;31.25,250.75;161.75,88;335.25,311.5;341.75,279
36501;143.75,78.5;293,317.25;330.75,284;367.5,122;31.25,250.75;161.75,88;335.25,311.5;347.5,260
37952;127.5,25.5;342.25,258.75;342.25,312.5;367.5,122;31.25,250.75;106,101.25;354.75,291.75;369.25,235
33906;127.5,25.5;284.75,232.25;318.25,232.25;368,172.5;8.25,172.5;111.5,15.75;300,304;369.25,235
37649;102.75,3.75;284.75,232.25;328.5,237;334.75,134.5;8.25,172.5;98.75,40.75;310.5,313;367.75,234.5
50528;112.5,25;323.25,206.5;342.5,197.75;349.75,197;48,129.5;98.75,40.75;312,315.75;367.75,234.5
24660;115.75,22;269.25,168;322,206;355.75,176.75;48,129.5;98.75,40.75;294.75,277.75;367.75,234.5
30038;79.75,29.25;291.5,161.5;309.25,231.25;318,195.5;48,129.5;98.75,40.75;278.75,293.75;363,231.5
18208;79.75,29.25;323.25,123.75;365.5,238;367.5,164.75;33.75,136.75;98.75,40.75;261.25,275.5;363,231.5
16047;80.25,29.25;279.5,71;298.75,245.25;353,225;33.75,136.75;153.25,7.25;261.25,275.5;324,206.5
43824;80.25,29.25;269,25.25;301,303.25;313,256;9.5,144.75;153.25,7.25;264,317.75;324,206.5
5914;104.5,8;279.75,75.75;337.5,252;362.75,275;9.5,144.75;109,8;314,309.75;324,206.5
25374;84.5,57.5;298.75,115.5;337.5,252;359.5,279;69.5,162.75;134.75,19.25;314,309.75;353,150.5
5607;65.25,8;296.75,164;310.5,239.5;368.75,318.25;91.75,153.25;134.75,19.25;314,309.75;353,150.5
21295;75.5,34.25;310.75,239;352.25,179.75;361,272.75;15,148.25;134.75,19.25;246.25,308.25;353,150.5
15309;28.5,79.75;310.75,239;356.25,123;363.5,294;15,148.25;160.25,14.75;251.25,308.75;349.5,156
35978;73,31;239,219.5;289.5,110.75;315.5,263.25;15,148.25;143.75,31.25;251.25,308.75;328.5,217.5
31912;54.25,65.5;203.75,167.5;289.5,110.75;345.75,271.25;15,148.25;144,34.5;274,262.25;317.75,211.75
35257;14.25,63.25;180.75,112.25;289,89.25;361.75,316.75;15,148.25;162.75,29.25;274,262.25;324.25,222.5
21522;63.5,74.75;180.75,112.25;289,89.25;345.75,313.5;12.25,134.75;154.25,92.5;291.5,218;301.5,280.5
7937;47.5,65.75;155.25,126.5;289,89.25;303,285.5;12.25,134.75;125.75,105.5;317.5,202.5;320,314.5
23659;109.25,52;188.75,113.5;238.5,80.25;281.75,318;15,98.75;125.75,105.5;287.25,219;320,314.5
43009;109.25,52;235,135.75;238.5,80.25;281.75,318;21.5,113.5;132.25,91.5;315.25,235;354,303.75
35255;72,97.75;167.5,134.5;291.25,106.75;310.25,321.75;57.5,72.75;151.75,92.25;315.25,235;354,303.75
50520;62.25,159.75;167.5,134.5;283.25,109;349.5,321.25;94.75,51.75;151.75,92.25;334,287.75;362.25,268.25
7820;3.5,159;197.25,114;282.75,164.25;298,318;111.5,15.75;151.75,92.25;335.25,283.5;362.25,268.25
13344;3.5,159;220.5,69.75;306.25,115;315,309.25;119.25,17.25;151.75,92.25;360,226;367,278.5
6448;33.75,159.5;179.5,37.75;248,120.5;344.25,258.25;119.25,17.25;211,97.5;338.25,273.5;360,226
33121;59,170.25;182,73;201.75,170;344.25,258.25;119.25,17.25;230.25,69.5;329.5,320.75;339.75,276.75
4952;112,153.75;146.25,129.5;190.5,116.75;352.5,213.5;119.25,17.25;220,114.75;329.5,320.75;348.75,276.5
17132;119.75,206.25;137.5,156.25;140,115.5;309.25,210;152.25,28.75;262,77;329.5,320.75;348.75,276.5
17317;80.5,174.75;123.5,227.75;140,115.5;356.5,174.25;81,19.75;310.75,26;329.5,320.75;340.75,207.5
29450;75.5,221.5;90,201.5;140,115.5;289.25,168;81,19.75;285.5,93;300,304;358,163.75
8055;46,234.5;48.75,242.25;115,114.5;325.25,165.25;81,19.75;285.5,93;319.75,311;358,163.75
37901;8.25,215;27,262.25;115,114.5;310,218;54.75,42.75;250,121.5;319.75,311;325.75,224
46992;7,241.5;52.5,250;145.75,140.25;321.75,192.25;19.75,91.75;250,121.5;319.75,311;324.5,224.75
30987;30.25,272.5;103.5,256;123.75,73.5;364.25,239.75;19.75,91.75;204.25,106;319.75,311;321.25,163
5796;52.5,305.25;65.75,318.5;161,104.75;313.75,263.5;8.5,92;204.25,106;319.75,311;356.5,148.5
27906;16,307;91.5,308.25;161,104.75;336.25,281.75;27.5,123.75;275.75,88.75;318.75,321.25;356.5,148.5
40726;53,294;57.5,294.5;161,104.75;336.25,282.75;7,70;315,64;353.75,278;356.5,148.5
22219;70,256;80,298.25;160.5,106.25;302.5,321.25;55.25,14.75;274,94;353.75,278;356.5,148.5
40551;122.5,235.5;141.75,302;166.25,100.75;353.75,313.75;46.75,41.75;274.75,97.5;353.75,278;356.5,148.5
3696;143.5,188.5;144,305;174.75,112;353.75,313.75;46.75,41.75;263.25,119.25;313.5,254.5;335,204.25
40080;88.75,203.75;103.25,322.5;174.75,112;363.75,240.75;62.25,95.75;264.25,119.5;313.5,254.5;353.75,199.25
36808;39.75,228;89.25,297.25;174.75,112;363.75,240.75;96.5,35.75;264.25,119.5;339.25,224;357.5,265.25
37311;39.75,228;97.5,309.5;145.25,56.25;306,211.75;146.25,90.5;228.25,181;280.5,203.25;357.5,265.25
7138;39.75,228;143.25,302.75;145.25,56.25;306,211.75;123.25,106;228.25,213;231.25,216;358.75,226.75
23270;39.75,228;80,319.25;86.5,33.75;288.5,164.75;187.5,106;264.75,258.75;274,193.75;358.75,226.75
21644;61,229.75;80,319.25;86.5,33.75;288.5,164.75;207.75,86.25;235,236.25;282.75,172.75;343,229.25
21489;61,229.75;80.5,319;140,21.75;288.5,164.75;194.5,65.75;270.5,288.25;293.5,138.75;296.25,264.75
36277;51.5,276;80.5,319;82.5,25.25;253,118.75;194.5,65.75;218.75,296;320.25,159.75;331,311.25
43719;7,307.5;80.5,319;82.5,25.25;253,118.75;166.5,91.25;214.5,296.5;311,169.25;354,303.75
26665;24.75,308.25;80.5,319;82.5,25.25;264.25,134.25;170.5,51.5;214.5,296.5;281.75,222.25;331.25,311.5
41780;63.5,295;72.25,305.5;152.25,29.5;243,75.5;170.5,51.5;214.5,296.5;281.75,222.25;313.25,314.5
48647;84.5,271.25;107.5,284.25;152.25,29.5;217.25,60.75;152.25,88;220,273.5;281.75,222.25;285,301.5
22412;83.25,270.5;140,223.25;152.25,29.5;217.25,60.75;168.5,37;254,292;310.25,161.5;340.25,262.25
45165;76.5,232.5;101.75,206;122.5,60;268.75,73;106.75,38;197.5,304;310.25,161.5;340.25,262.25
16014;61.25,208.75;85.75,248.25;158.75,10.5;287.75,41.75;106.75,38;242,319.5;288.25,218.5;340.25,262.25
23890;41.5,240;57,228;184.25,53.75;271.25,70.5;129.5,23.5;242,319.5;288.25,218.5;340.25,262.25
22656;57,228;57.5,294;141,44.75;328.25,37.25;68.75,9.5;287,313.75;288.25,218.5;305.75,280
36135;37.5,258.25;62.25,260;91.5,62.5;298.75,112.25;68.75,9.5;287,313.75;354,182.75;359.75,234.25
29555;32.5,295;73.5,191.5;91.5,62.5;359.5,137;87.75,63.25;238,308.25;310.25,148.75;359.75,234.25
8606;33,295.25;73.5,191.5;131.75,32.5;347.75,113.25;74.25,57.75;238,308.25;309.75,93;323.5,243.5
17887;92.5,299.5;93.75,156.5;110.25,16.75;347.75,113.25;74.25,57.75;241,275.5;252,91.75;360.25,247.25
4650;47.75,280;63.5,187;79.5,7;347.75,113.25;38.25,119.25;168.25,279.25;252,91.75;292,219.25
4202;15.25,264;17.75,229.25;30,32.75;357.5,101.75;38.25,119.25;122.25,260;209.25,139;292,219.25
31995;19.75,242;27.25,170.75;38.75,81.5;357.5,101.75;37.25,120.5;122.25,260;236.75,209.25;300.25,281.75
30626;36,227;44.5,225.5;79.25,73.5;357.5,101.75;37.25,120.5;123.75,294.75;187.75,175.25;242,293.25
40980;36,227;52.5,171.25;61.25,116;319,150.5;101,107.75;123.75,294.75;168,199.75;242.5,235
33387;1.5,196.25;30.25,213.5;123,149.25;362.5,187.5;101,107.75;123.75,294.75;168,199.75;254,237.25
36370;1.5,196.25;89.25,171.75;134.25,216.5;337.75,112.75;101,107.75;166,239.5;218.25,176.25;244.75,315.5
38525;1.5,196.25;70.25,132.75;137.75,227.75;275.25,130;101,107.75;208.75,277;210.25,172.75;231.75,283.25
6768;15.75,143.25;26.5,148.5;137.75,227.75;272,179.5;102.75,103.25;165.5,226.5;219.25,106.25;231.75,283.25
17450;1.5,84.25;30.5,118.25;169.5,238.75;272,179.5;117,82.25;175.25,249;185,69.25;231.75,283.25
19030;56.75,69.75;89.75,91.25;179.5,260.25;273.5,168.75;78,84.5;175.25,249;209.5,98.25;231.75,283.25
9852;73.25,89.5;87.5,116.75;117.25,266;224,129;78,84.5;123.5,278;185.75,69.25;231.75,283.25
35280;73.25,89.5;87.5,116.75;139.75,239.25;229.5,171.25;115,74.75;126.5,308.75;223.75,62;240.5,279
41496;74.75,44.5;92,171;139.75,239.25;211.25,227.75;109.75,67.25;126.5,308.75;242,41;265.75,257.25
974;73.75,88;92,171;129.5,216.5;188,269.25;72.5,24.75;126.5,308.75;234.5,50.25;276.25,236.25
19148;27.5,118.25;86.5,221.5;92,171;194.25,280.75;72.5,24.75;173.5,271.25;204.75,56.75;262.75,292.5
45541;14.5,154.25;58,239.75;107.25,160.25;198,323;72.5,24.75;146.5,301.5;205,56.25;262.75,292.5
41366;9.25,141.75;58,239.75;145,128.5;148.75,298.25;22.5,55.5;107,269;234,41.5;262.75,292.5
23630;8,174.5;42,284.25;107.5,111.5;135.25,238.25;17,3.5;107,269;250.5,42;262.75,292.5
36600;8.75,140.25;43.75,239;49,137.25;195,249.75;17,3.5;93.5,268.5;250.5,42;262.75,292.5
37772;8.75,140.25;27.5,241.5;50,122;170.5,231.75;7.25,30.75;38,296;259,19.5;262.75,292.5
37717;16.5,126.5;27.25,241.5;50,122;210.25,240.25;4.5,71.5;8,296.5;259,19.5;289.5,287.25
42428;28.5,122.25;48.5,248.25;58.25,201;232.5,277;4.5,71.5;8,296.5;259,19.5;337.25,309.5
21260;3,171.5;10.75,190.25;78,142.25;217.25,260.5;4.5,71.5;33.25,231.5;302.75,13;337.25,309.5
18193;4,105.75;84,196;91,149;217.25,260.5;11.5,142.25;67.75,203;322.75,66.25;337.25,309.5
37766;3.25,139.5;62.5,245.5;87.5,114.75;228.5,278;28.75,154;129,196.25;322.75,66.25;337.25,309.5
39659;3.25,139.5;70,257;142.25,113;281.25,322.5;48.25,130;131.25,125.75;322.75,66.25;324,299
31861;3.25,139.5;92,188;167.25,104.25;281.25,322.5;40.25,140.25;174.25,156.25;270.75,110.75;332,314.5
4746;21.5,123.25;34.75,191;204,145.25;331.75,290.75;40.25,140.25;118.25,158.5;270.75,110.75;296.75,275.75
29512;31.25,170.25;71.75,210.25;204,145.25;297.5,318.25;61.75,153.5;98,151.5;288.25,90.75;296.75,275.75
26959;54.5,148;58.25,282;220.5,106.5;297.5,318.25;14.25,203.25;62.25,177.25;279,35.5;296.75,275.75
48867;54.5,148;58.25,282;270.75,74.25;297.5,318.25;36.25,139;37.25,120;246.75,58;295,303.75
22638;10.5,140.75;57,281.75;270.75,74.25;297.5,318.25;29.25,130.25;71.25,141;232.25,36.75;310.25,297.5
12349;6.5,172.75;47.5,239.25;246.75,129.75;297.5,318.25;9.25,143.5;47.75,76.25;185.25,37.5;310.25,297.5
1052;33,227;42.5,243.25;286.25,165.5;326.75,274.75;2.25,136.75;47.75,76.25;185.25,37.5;352.5,276.75
6424;4,232.75;20,176.5;267.5,134.25;315.75,243.75;33,119.75;47.75,76.25;185.25,37.5;352.5,276.75
12034;8.5,175.75;25.75,127.75;246.75,109.25;302.25,256.5;20.75,58.25;91.5,87.25;185.25,37.5;352.5,276.75
12661;11,231.75;41.75,66.25;286,102;321,263.75;26.25,91.75;91.5,87.25;185.25,37.5;337.25,310.5
35144;51.75,239.5;58.75,34.75;267,112.75;282.25,255.75;29.75,108.75;110.25,120;185.25,37.5;337.25,310.5
38996;2.75,222;115.5,35.25;242.75,168.5;272.25,214.75;68.25,116;99.75,115.75;185.25,37.5;337.25,310.5
16931;2.75,222;44.75,46.75;239,216.5;242.75,168.5;113.5,100;116.75,91.75;139.75,30.75;311,311
47838;38.5,213.25;44.75,46.75;238.75,257.5;256.5,220;87.5,117.75;97.75,36.25;128.75,21.25;311,311
30530;37.75,212.5;44.75,46.75;264.25,321.75;296,248.5;16.25,94.75;162,29;190,1.25;311,311
288;73.25,208.75;102.5,13.75;264.25,321.75;344,288.5;45.5,91.25;109.25,49.25;190,1.25;338.75,280.25
1947;48,231;120,8;239.25,294.25;359,288.5;45.5,91.25;132.25,19.75;141.25,30;338.75,280.25
8002;37.5,181.25;76,12.25;300,319;361.25,321.5;45.5,91.25;164.75,29.25;170.5,48.5;338.75,280.25
48193;1.25,181.5;113.25,20.5;298,320.75;361.25,321.5;35.5,119.75;103.25,7.75;170.5,48.5;326,288.75
7173;48.5,126;157,50.75;259.25,273;286,317.75;35.5,119.75;103.75,8.5;151.75,29.75;326,288.75
28414;16.75,128.25;212.75,17.25;243.25,259;286,317.75;35.5,119.75;92.75,36;144.25,76.75;288,278.25
39865;4.75,124.5;212.75,17.25;313,246.25;353,319;28.75,56;78.5,16.75;130.75,39.5;288,278.25
29732;4.75,124.5;212.75,17.25;281,192.75;360.5,279.5;26.25,104.25;72.25,10.5;79.5,81.25;244.5,266.5
43555;4.75,124.5;261,62.25;303.5,189.75;364.5,243.5;12.25,172.25;23,52.25;72.75,116;244.5,266.5
15812;31.75,170.75;282,56.25;338.25,198.5;364.5,243.5;12.25,172.25;37,41.75;95.25,152;223.5,279.25
30138;26.25,121.75;292.75,14.25;329.5,254.75;348,213.75;23,159.5;37,41.75;95.25,152;251,266
21376;26.25,126;293.5,74.25;356,308.75;364,229;23,159.5;74.5,24.25;112.5,93.5;251,266
42611;38.25,115.75;333.5,13.25;356,308.75;357,161.25;5,190.25;21.5,70.5;52.5,129.5;251,266
9462;38.25,115.75;287.5,85;308.25,296.5;310.75,113;5,190.25;76.25,11.5;87.5,169.25;319.25,301
41246;68,75.25;271,118.25;273.5,249.75;290.75,164.5;32.25,217;76.25,11.5;96.75,196;319.25,301
1922;43,103.75;243.5,73.5;291,229.5;323.25,123.5;19.75,202.25;76.25,11.5;94.25,229.75;319.25,301
10000;55.25,159.25;273.25,120.5;300,212;370.5,121.25;18,142;76.25,11.5;93.5,170.75;319.25,301
4793;90.25,142.75;251,83.25;302.25,242;362.5,195.5;18,142;43.25,57.5;94,171.25;319.25,301
44044;39.5,156.75;212,126.5;297,208;322.25,230.75;18,142;44.5,57;61.75,201.75;319.25,301
13321;35,181.25;259.25,110.25;297,208;323,230.75;11.5,154.5;17.75,17;25,262.5;319.25,301
15210;82.25,171;202.5,131.75;239.75,173.75;262.25,270.25;7.75,203.25;17.75,17;25,262.5;338.25,309
34572;117.5,214;155.75,194.75;189,155;262.25,270.25;1,244.75;17,15;52,315.75;338.25,309
2114;110.5,225.25;153.5,194.5;189,155;204,296.5;2,196.5;16.25,18;73.75,305.5;338.25,309
35883;83,287;157,226.75;241.75,135.25;268.25,322.75;16.25,139.25;17,15;73.75,305.5;338.25,309
34434;51.75,295;147,227.5;280.25,101.5;280.75,288.25;4.75,171;17,12.5;73.75,305.5;338.25,309
9004;29.25,300.75;147,227.5;247.25,117.75;326.75,276;4.75,171;8.25,44.75;27,317.25;365,265.75
15570;50.75,307.75;198,166.25;238,196.5;364.5,252.5;4.75,171;48.25,76;97,280.75;365,265.75
4108;0.25,273.25;198,166.25;259.75,255.25;306,255.5;4.75,171;29.25,42.75;47.75,254;355.5,258.5
8601;10.75,309.5;223.25,127;314.25,258.25;328.5,294.25;24.5,129;26.5,71.5;47.75,254;355.5,258.5
38741;10.75,309.5;226.5,189.75;283.75,317.75;347.5,275;19,71.75;24.5,129;38,192;305,236
47211;35.75,241.25;261.5,178.75;341.25,288.5;349.25,215;19,71.75;27,128.25;38,192;272.75,220.5
38388;61.5,217.75;279,131;341.25,288.5;351.75,173.25;19,71.75;57,171.75;72.5,163.5;237.75,236.5
23433;86,176;277.5,164.25;286.5,318.25;356.5,213.5;19,71.75;23.75,219.5;72.5,163.5;234.75,234.25
3844;138.5,127;231.5,187.5;303,322.75;313.75,262.5;19,71.75;23.75,219.5;137,198.5;234.75,234.25
42809;176.75,85;226.75,201;317.5,263.25;347.75,215.5;19,71.75;76.75,239.75;137,198.5;234.5,233.75
42699;209.25,91.75;230.25,209.25;310.75,227;362.75,228.75;19,71.75;76.75,239.75;142,226.5;234.5,233.75
13931;195.5,93.5;230.25,209.25;319.25,206.25;334.75,197;12.75,70.25;58.25,202.75;166.75,236;234.5,233.75
24512;195.5,93.5;249,244.5;264.75,222.75;298.5,187.25;0.5,86.75;116.75,199;147,278.75;234.5,233.75
45550;195.5,93.5;241.5,217.5;261,244.75;335.25,182.25;0.5,87.25;116.75,199;142.5,303.25;258.25,287.25
37581;134.25,125;241.5,217.5;250.25,259.5;335.25,182.25;9.5,103;125.75,194.25;128.5,314.25;219.75,303.5
20106;79,103.25;279.5,184.25;290.5,252.5;313.5,150.75;9.5,103;104.25,136.75;128.5,314.25;183,300.75
528;94.25,126.25;263.25,120.5;290.5,252.5;317.75,159.5;23.75,104.25;104.25,136.75;150,319;215.75,296
6609;94.25,126.25;272.75,71.25;343.75,227.75;366,171.5;23.75,104.25;113,198.75;114.75,275.5;261.75,276
34983;125,73.75;251,19;295.5,235.5;366,171.5;23.75,104.25;61.5,207.75;75.25,258;277,261.75
25524;78,25.25;251,19;315.75,243.25;344.25,197;20.5,155.5;61.5,207.75;128,259.25;249.75,248.5
43750;78,25.25;281.5,70.5;315.75,243.25;344.25,197;23.5,201.75;104.5,196.5;115,252.5;292.75,248.75
39765;104,8;261.25,25.5;271.5,221.75;364,171.5;23.5,201.75;115,252.5;124.75,194.5;236.5,219.25
24404;104,8;261.25,25.5;278.5,229.25;364,171.5;10.75,149.75;109,290;157.25,226;168.5,239.5
26472;83,75;261.25,25.5;278.5,229.25;364,171.5;1.5,173.75;99.5,314.5;216.5,225.75;234.25,216.5
14527;83,75;279.5,74.75;313,256;364,171.5;53.25,148.5;123.25,298.25;176.5,275.25;291.75,199.75
21072;83,75;296.5,106.75;360.5,247.75;364,171.5;44.5,93;74.5,295.25;180.5,288.5;249,161.75
11992;71.5,85.5;294,111.75;360.5,247.75;364,171.5;5.5,95;87,267.5;144.5,300.75;221,128.75
12380;90.75,89.75;313.5,125.25;329.25,237.25;363.5,191.5;9.25,48.5;98.25,235.75;144.5,300.75;221,128.75
35327;52.75,153;286.75,106.75;337.25,257;365.75,148;9.25,48.5;98.25,235.75;106,282;179.5,126.75
14950;8.5,142.75;218,129;297.5,209.5;330,115.75;8.25,13.25;106,282;114,230;179.5,126.75
37656;8.5,142.75;270.5,97.5;309.25,214.25;363,121;8.25,13.25;103,268.5;122.75,202;233.25,156
38369;6,175.25;296,103.75;309.25,214.25;363,121;45.25,30.75;151.25,272.5;154.75,256.25;265.25,148
10178;26.5,210.5;273.25,75.5;279,192.5;363,121;14.5,7.75;151.25,272.5;216.25,247.75;232,135.25
17780;26.5,210.5;273.25,18.5;277.5,168.25;370.5,146.25;14.5,7.75;209.25,250.75;245.75,255.5;287.25,97.5
3093;26.5,210.5;255,36.25;260,219;327.5,119.75;50.25,54;227.5,272.5;234.75,241.5;287.25,97.5
7290;26.5,210.5;255,36.25;269.75,169.25;301,115;11.75,13.5;175.25,306.25;222.25,208.75;286.75,40.5
24942;36,178;215,64;269.75,169.25;322.75,151.5;11.75,13.5;223.5,316.75;278,203.75;302.5,23.5
10530;78.75,185.5;219.5,83;276,104.5;332.25,155;11.75,13.5;195.25,303.25;284.5,218;302.5,23.5
2332;41.75,194.25;183.5,139;259,47;332.25,155;1.5,17.25;167,289.75;222.5,226.25;302.5,23.5
13213;48,230.75;154,108.25;274.75,104.75;332,149.75;1.5,17.25;167,289.75;275.25,210.25;312.75,36.5
874;54,219.25;157.5,160;312.25,54;328,92.75;1.5,17.25;166.75,236.5;275.25,210.25;302,99.5
676;42.25,224.75;110.75,164.25;318,16.75;359,135;1.5,17.25;158.25,221.25;275.25,210.25;298.75,121.5
31696;30.75,213;129.25,151;365,37.5;366.75,89.5;1.5,17.25;156.25,201.75;275.25,210.25;298.75,121.5
44482;50.75,272.5;90.75,169;360.75,35;366.75,89.5;1.5,17.25;157,221;316.75,241.25;352,119
20399;15.25,264.5;67.25,242.5;335.75,10.5;359,134.75;1.5,17.25;157,221;310.25,313.5;352,119
9303;15.25,263.5;104.25,221.75;302,55.75;355.75,168.75;1.5,17.25;100,221.75;310.25,313.5;360.25,155
49015;14.5,307.5;156.5,222.75;263.25,53.75;304,163;1.5,17.25;159,225;310.25,313.5;360.25,155
41938;52,295;170,234.25;222.25,13.25;239.25,166;1.25,20.75;124,196.25;310.25,313.5;360.25,155
41241;52,295;172.5,196.75;201.5,42;242.25,100.5;1.25,20.75;125.25,200.75;334.75,312.5;356,165
23467;83.75,312.25;105.25,192.75;218.5,69.75;298.25,113.5;30.5,30;140.25,268.25;334.75,312.5;356,165
6689;21.75,297;105.25,192.75;267,102;279.75,71;79.25,19.5;118.5,292;286.25,323.5;356,165
19831;49,242.25;77.25,145.5;236.75,87.75;260.25,133.75;79.25,19.5;117,320;286.25,323.5;324,192
14026;30.75,237.75;108.25,122.25;279.5,72.5;281.75,138.25;68,32.5;117,320;286.25,323.5;317.5,204
23892;30.75,237.75;128.5,124;240.25,47.25;314,161;80,21;82,283.25;286.25,323.5;314.75,206.25
38894;47.75,249.75;130.5,120.75;209.75,81.25;362.75,120.75;61.5,3.5;82,283.25;286.25,323.5;314.75,206.25
40989;54,175.75;141.75,124.75;142.75,78;362.75,120.75;78.5,21;82,283.25;314,310.75;315.75,254.5
18296;25,215.5;140.75,74.75;141.75,124.75;362.75,120.75;71.25,21;98.25,230.75;293,249;301.75,197.75
12743;67.5,209.25;141.75,124.75;179.5,85;362.75,120.75;11.5,30.5;65,258.75;261.25,197.5;348,167
21065;99.25,164.25;108.25,72.5;179.5,85;362.75,120.75;11.25,22.5;54.25,276.25;321,191.25;349,187.25
39639;46.75,124;111,86;179.5,85;298.75,112.5;11.25,22.5;57.5,207.75;349.5,221.75;358,146.5
48371;26.25,67.75;112,83.75;179.5,85;304.5,94.25;10,4;71.25,152.5;307.75,233.75;358,146.5
46044;12.75,8.75;137,76.25;176,47.5;318.5,152.75;50.5,35.75;71.25,152.5;307.75,233.75;358,146.5
18611;12.75,8.75;177,42;177,86.25;346.25,112.5;55.75,11.75;71.25,152.5;321,211.25;351.5,145.75
23221;55.75,56;143.75,57.25;144.5,151.75;293.75,112.5;5.25,49.75;6,156.25;321,211.25;351.5,145.75
29432;57.75,55.75;79.75,76;203.25,166.25;303.25,56.5;5.25,49.75;56.5,175.75;314.75,258.5;351.5,145.75
10468;57.75,55.75;135.5,97.75;156,170.75;316,111.25;5.25,49.75;103.5,198.5;282,227.25;355,158
17222;69.25,24;108,107.5;158.5,129.75;316,111.25;14.25,60;120.75,223.75;284,228;355,158
34741;19.75,42.75;83.75,103;149,89.75;289.75,161;54.5,42.5;120.75,223.75;284,227.5;355,158
40776;5.75,18.75;83.75,103;135.5,89.25;283.25,171.75;54.5,42.5;81,220.75;270,283.25;358.75,195
4526;53.5,4.25;83.75,103;108.5,58.75;256.25,133.75;54.5,42.5;103.25,203;291.5,301;320.5,199.75
16578;108.5,34.75;109.75,118.25;112.75,55;243,74;52.25,41.75;95,267.5;291.5,301;320.5,199.75
23123;74,84.5;91.75,44.5;186.75,42.75;219.75,90;52.25,41.75;62,284.75;291.5,301;328.25,177.75
23627;7,70.75;42.25,46.75;148.25,45.25;288.25,106.5;52.25,41.75;69.5,251.25;291.5,301;341.75,140.25
17241;12.5,3.25;73.25,43.75;223,64;292.75,103;4.5,46.75;116.25,259;291.5,301;341.75,140.25
38429;33.25,30.25;66.25,4.5;272.25,30.5;328.5,150.75;5.25,47;116.25,259;291.5,301;301.25,90.75
21263;4.5,85.25;133.75,23.75;272.25,30.5;329.25,172;47.25,3.25;166.75,299.25;291.5,301;349.5,53.5
29628;25.5,24.75;140.5,77.75;266,19;329.25,172;47.25,3.25;169.25,279.25;265,247.25;339.75,62.5
6980;5,7.75;178.25,63;227.75,36;282.5,167.5;46.5,3.25;169.25,279.25;249,293;339.75,62.5
25104;23.75,64.25;148,87;186.25,43.25;285.5,159.25;46.5,3.25;150.75,235.25;211.5,265.25;339.75,62.5
2533;29.25,115.75;176.75,88.25;183,37;285.5,159.25;48,4.75;150.75,235.25;193.75,242;338.25,124.25
6578;28.5,113.5;176.75,88.25;183,37;295.25,169.25;10.5,35;169.25,224.25;215.25,219.25;358.75,154
14489;74.75,130;160,128.25;170.25,16.5;332.5,217;10.5,35;169.25,224.25;281.5,201.25;329.5,163
28642;60.25,172.25;157.5,201;189.25,81;332.5,251.75;10.5,35;115.75,217;281.5,201.25;331.5,198
29600;33,132.5;156.25,253.5;189.25,81;313,249.25;10.5,35;85.5,167.25;308.75,204.25;342.25,168.5
40710;10.5,100.75;170,230.75;179.5,82.75;338.75,197.25;48.75,35.25;100.5,200.5;308.75,204.25;342.25,168.5
49489;16.25,152.75;111.5,199.75;164,143.5;279,166.25;74.25,42.75;93,221.25;308.75,204.25;342.25,168.5
26152;16.25,152.75;161,226.75;194.5,178.25;225.25,135.75;72.75,19.25;152.75,235;261.75,269.25;342.25,168.5
43232;28.5,147;161,226.75;194.5,178.25;225.25,136.5;16.75,5;188.5,215;247.25,288.25;330,147
12657;78.75,142;155.25,224.75;165,228;167.5,163;16.75,5;199.75,225;247,288.75;330,147
3552;77,177.5;136.5,240.5;136.75,227.75;197.5,166.25;16.75,5;182.5,231.5;247,288.75;321,130.75
22464;77,177.5;121.75,250.25;197.25,269;197.5,166.25;64.75,9;222.75,252.25;280.75,295.5;336,163.5
2448;77,177.5;147.25,223.75;159.75,293.25;203,168;80.75,47.25;252,226.75;280.75,295.5;351.75,119.25
49048;75.5,176.5;147.25,223.75;187.25,278.25;223.25,126;80.75,47.25;246.5,276.75;273,323.25;351.75,119.25
15945;57,241.5;147.25,223.75;154.75,297;223.25,126;38.75,77.25;267.5,238.25;293.5,296.75;341.25,174.5
17967;55.5,249.75;118.5,236;207,310;223.25,126;86.75,99.25;238.5,266.75;293.5,296.75;328.25,130
38487;31.5,196.25;63.5,245.5;252,313;267.25,83;86.75,99.25;249,227;293.5,296.75;352,169.5
4842;31.5,196.25;41.25,243;225.75,292.5;294.5,134.5;88.5,136.25;249,227;329,310.75;355,154
36674;9.25,144.25;41.25,243;212,278.75;259,179.25;29.25,125.75;220.5,185;321.25,312;355,154
43967;8.25,216.5;80.5,299.5;247.75,286.25;267,141;29.25,125.75;201.25,119;322.5,309.25;355,154
41918;8.25,216.5;18,307;182.75,278.25;265.75,135.5;23.25,105.25;161.75,68.25;339.75,312.25;355,154
23539;47.75,278.25;51,238.75;130.5,242.25;252.5,154.25;85.25,81.75;178.75,96.5;339.75,312.25;355,154
7056;95,322;100.5,285;147.25,261.5;255.75,167.25;89,79.25;178.75,96.5;339.75,312.25;350.75,218.5
37831;116.75,309;122.5,235.5;152.75,226.25;257.5,199.5;119.25,104.25;226,78.25;339.75,312.25;350.75,218.5
39694;68.75,308.5;135.5,226.5;166.75,262;237.75,269;119.25,104.25;292,96.75;339.75,312.25;361.25,264.75
32900;68.5,307.75;122.25,285.5;172.75,323.5;201.5,307.25;118.75,164;292,96.75;339.75,312.25;361.25,264.75
15472;116.75,271.5;121.25,224.25;172.75,323.5;270.75,321.5;153.75,179.75;292,96.75;352,278.75;352,313.25
9143;142,263.5;145.25,207.5;160,265.75;298.25,321.25;193,172.75;291.5,97;352,278.75;352,313.25
3820;112.5,208.75;118.25,150.75;118.25,229.25;283,321.75;151.75,153.25;228.75,93.5;352,278.75;352,313.25
30575;101.5,250.5;112.75,110.5;130.75,201;274.25,256.5;116.25,113.5;228.75,93.5;292.5,281.5;352,313.25
9387;112.75,223.5;137.75,96.25;159.75,249.25;274.25,256.5;109.25,169;228.75,93.5;280,216.5;303.75,282.5
11661;121.75,233.25;129.25,150;154.5,231.25;274.25,256.5;78.75,221.75;244.25,115.25;264.5,236;303.75,282.5
38643;115.25,256.25;137.5,90.25;203.25,260.5;286.25,313.5;35.5,192.75;244.25,115.25;264.5,236;301.5,282.75
44181;72.25,297.25;137.5,90.25;164.5,278.5;292.5,319.25;49.25,252.25;244.25,115.25;279.25,202;313.25,243.5
33365;72.25,297.25;137.5,90.25;165.75,276.25;330.75,318.5;84,285.75;204.25,117.5;271.25,180.75;304.25,199.5
50257;111.5,312.5;137.5,90.25;165.75,276.25;330.75,318.5;124,307.75;208.5,98.5;237.25,212;302,194.75
17131;111.5,312.5;137.5,90.25;165.75,276.25;289.25,317.5;112,293.5;202.25,99.5;237,213;311,162
28714;111.5,312.5;152.25,60.5;196,296.5;280,254.75;101.5,237.25;202.25,99.5;223,219.5;356,162
24383;116.25,255.25;152.25,60.5;203.75,260;310,228.75;88.75,191;155.75,66.75;218,284.75;356,162
34241;152,224.25;167.75,98.75;185.75,287.25;298.75,169.5;57,195.75;152.5,68.25;218,284.75;356,162
21219;118.75,187.25;186.25,63;211.5,239.75;268.25,128.25;114.25,199;130.5,92.25;218,284.75;356,162
12390;151.25,183.75;231.5,87.25;241.25,250;291.5,115;114.25,199;142.75,50.25;226.25,302.75;356,162
30918;155.5,246.5;238.75,27.75;240.25,298.75;309,135.75;114.25,199;142.75,50.25;241.5,308.75;308.25,132.5
6026;155.5,246.5;278,24.75;285,319.5;309,135.75;86.5,220.25;172,50.25;238.75,320.75;263.5,141.25
14971;143,259.5;278,24.75;285,319.5;315.5,139.25;140.5,226;192.75,21.75;210.25,275;303.75,130
18744;87.25,297.75;278,24.75;278.75,284.5;359,135.25;145,283.75;169.25,53.5;267,246.75;303.75,130
35369;100,282.25;278,24.75;313.25,268.25;320.25,125.25;128.5,316.25;151,48;274.25,248.5;303.75,130
11518;100,282.25;214.25,15.75;313.25,268.25;337.75,141.75;112,293;159.5,92.75;297,304;304.5,83.75
39070;117.75,269.75;180.5,74.25;273.5,293.5;287,103;54.25,270.5;185,143.5;297,304;304.5,83.75
40227;128.75,246.5;180.5,74.25;242.5,276.75;291.25,101.75;54.25,270.5;186.75,100.5;237.25,310.25;246.5,72.5
30510;96,230;207,81.5;218,276;294.5,102.75;54.25,270.5;186.75,100.5;206.5,296;261,17.25
44481;139.75,272.75;154.5,112.75;199,223.5;272.5,149;63.5,318;192.5,65;206.5,296;261,17.25
2823;116.5,284;154.5,112.75;193.5,269.5;272.5,149;35.25,300.25;188.5,98.5;257,309.75;263,17.5
45671;136.75,292.5;174.75,161.75;218.25,253;280.75,142.75;35.25,300.25;177,70.25;257,309.75;258,51.5
14938;174.25,267;174.75,161.75;249.75,246.25;273.75,167.5;77.5,283.75;147,89;257,309.75;258,50
34655;174.25,267;206.25,185;249.75,246.25;274,171.5;113.5,275.75;154,92.25;245.5,319;250.75,69.25
896;162.25,323.25;249.75,196.25;277.5,219.25;305.75,158.75;144,300.75;154,92.25;245.5,319;283.25,23
34406;87.5,324.25;277,138;300,290.25;362.75,201;144,300.75;154,92.25;244.25,318.75;315.75,3
39448;15.5,306.5;265.25,93;300,290.25;343.75,133.75;81,268.5;146.25,90.5;217.5,322.75;315.75,3
31105;12,308.5;260.5,133.75;300,290.25;350.25,102.75;86.25,210.5;115,92;182.25,286.5;315.75,3
31512;12,308.5;277,180.75;277.75,263.25;297.75,92.75;123.75,194.5;124,116.75;182.25,286.5;317.75,4.25
36068;52.75,322.25;225.25,169.75;277.75,263.25;304.25,140.75;77,191;84.25,140;170,223.5;317.75,4.25
20975;51,307;251.75,156;342,269.75;357,156.25;66,169.25;96.75,189;170,223.5;317.75,4.25
23098;51,307;290.75,211;304,263.25;307.5,168;81,170.25;92.75,136.25;151,203.25;317.75,4.25
26216;70.75,298.75;255,219.25;300.5,208;341.25,142.75;32.25,132.25;81,170.25;151,203.25;324.25,60.5
26992;51.5,299.75;203,245;330.25,197;356.5,172.25;32.25,132.25;81,170.25;149.75,189.25;324.25,60.5
10623;72,281;160.5,225;343,177;354.5,128.25;16.5,156;81,170.25;149.5,190.25;324.25,60.5
49743;21.5,310.75;119.5,271.25;324.5,211.25;330.25,120.5;16.5,156;125.5,128.75;149.5,190.25;324.25,60.5
45988;8.5,310;153.75,231.25;352.5,169.5;372.25,151.75;16.5,156;125.5,128.75;161,221;324.25,60.5
34520;8,241.5;102.25,296;271,169.25;317.5,150.75;16.5,156;125.5,128.75;183.5,165.75;300,3.75
48753;0.5,194.5;91.5,303.75;268.25,113.75;370.5,143.75;15,155.25;125.5,128.75;183.5,165.75;274.25,22.25
40178;27,178;75.75,299.5;247.25,102.25;370.5,143.75;29.25,125.75;125.5,128.75;217,117.5;278,28.25
38291;27,178;32.75,311.5;247.25,102.25;352,165.5;9,102.5;109.5,98.25;273.25,99.25;308.75,63.25
10262;27,178;32.5,299;247.25,102.25;352,165.5;41.5,89;112,100;316,131.25;337.5,81.25
33990;50,188.5;50.25,279;276.25,74.5;328.5,151.25;41.5,89;112,100;311.5,86.75;318.5,148.25
7963;50,188.5;50.25,279;278.5,87.75;318,115.5;90.25,108.5;95.75,47.25;310.5,36.75;354,190.25
41544;39.25,147;49.75,263.5;276.5,85;295.5,56.75;90.25,108.5;100,35.75;254,76;354,190.25
7657;77.25,135;102.25,227;276.5,85;325,2;81.5,125.5;145.5,50.75;224.25,133.75;354,190.25
7679;51.5,178.25;135.25,201.25;261,65;368.75,51.25;81.5,125.5;138.75,11.5;208.5,120.5;354,190.25
28055;27.75,196.25;76.25,208.75;297.5,110.5;329.75,8;81.5,125.5;174.5,30.5;208.5,120.5;360,248.75
5040;34.5,189.75;51.25,241.75;297.5,110.5;365,51;81.5,125.5;121.25,19.75;165.25,103.25;358.5,248
4848;34.5,189.75;51,247.75;297.5,110.5;333.25,75.25;70.75,150.25;74.25,9.5;141.25,58.25;366,277
4987;18.75,222;49.5,238.5;267.5,163.5;269,74.75;70.75,150.25;74.25,9.5;141.25,58.25;335.25,312.75
6709;12,263;49.5,238.5;260.25,169.75;269,74.75;73,192.25;106.5,8.25;118.25,51.5;312.5,313.75
40397;1.75,298.25;49.5,238.5;205.75,177.75;310,71.5;76,127.75;90.25,67.5;152,91.75;312.5,313.75
28953;1.75,298.25;64.5,189;145.75,160.25;298,111.25;67.5,171;142,89.25;156.5,29.25;312.5,313.75
23959;28,322.5;57.25,188;145.75,160.25;298,111.25;54.5,141;117,80.5;127.75,19.75;280.75,322.75
27460;47,304.5;57.25,188;157.5,157;267.25,83.5;34.5,177.5;114.25,40;120.5,6;280.75,322.75
178;8.75,287;69.5,193.25;122.25,121.25;264.25,98.25;98,171.25;114.25,40;120.5,6;225.5,311.25
1138;60.75,239.25;61,172.25;113.75,49;298.5,97.75;59.5,206.75;64,72.5;120.5,6;225.5,311.25
49296;33,228.75;61,172.25;86.75,86.5;242.5,80;59.5,206.75;78.75,20;119.5,41.25;225.5,311.25
35261;15.5,178;25.75,153.25;131.75,77.75;267.25,104.75;59.5,206.75;78.75,20;152.5,50;177.25,306.25
19221;17.5,144.75;37,137.25;131.75,77.75;288,72.5;63.5,248.25;119.75,21.25;146.75,87.75;177.25,306.25
29905;30.75,183;34.75,135.25;131.75,77.75;240,95;63.5,248.25;71.25,20.5;98.25,52;170.25,319.5
26389;34.75,135.25;36,181.5;153.25,29.25;224,131.25;26.75,239;71.25,20.5;91,31.5;160.25,303.75
29903;32.75,103;36,181.5;201,48.75;245,169.75;18.75,297.75;107.25,19.25;137.5,56.5;160.25,303.75
9735;17.5,119.25;36,181.5;210.25,52.5;212.5,131;21,269;85.5,15;137.5,56.5;189,282.5
10466;68.75,99;92.75,168.75;240.5,102.5;243.5,99.75;4.25,307.25;85.5,15;137.5,56.5;188.5,282
12823;91.5,65;92.75,168.75;258.75,94.5;266.75,149;4.25,307.25;55.75,7.75;113.5,7;188.5,282
39288;91.5,65;92.5,166.25;258.75,94.5;266.75,149;61.75,317.25;62.5,52.25;78,24.75;240.5,300.25
16061;68.5,119.5;145,129.25;291.75,113;311.25,112;61.75,317.25;64.25,7.25;85.75,32.5;240.5,300.25
47558;69,118.5;145,129.25;291.75,113;360.25,118.75;38.5,307.25;75,29;108.5,23.5;305.75,294
38987;20.25,85.5;145,129.25;330,137.5;336.25,152.75;38.5,307.25;79,25.25;105.75,20.25;249,290.75
6071;30.75,145.75;130.25,167.75;336,198.25;342.25,145.75;38.5,307.25;70.5,84.5;105.75,20.25;322,313.75
27449;28,204.25;133.5,125.5;336,198.25;364.5,120.25;38.5,307.25;69,56.5;90,21;309,263.25
21380;11,262.25;126.25,179.25;336,198.25;358.5,134;56.25,252.75;69,56.5;76.5,15.5;285,233.5
45343;19.75,308;136.75,225.75;275.5,190.75;301.25,113;64,270;69,56.5;140.25,20.75;285,233.5
24977;19.75,308;183.5,271.25;248,135.5;274.75,102.25;64,270;131,73.25;173.5,8.25;277.75,219
36211;39.75,240.75;179.75,318.75;206.5,168.25;243.5,116.25;6.75,232.5;131,73.25;173.5,8.25;277.75,219
41830;48.75,190.25;114.75,312;200.25,174.75;243.5,116.25;6.75,232.5;131,73.25;162.75,12.5;262.75,263.5
39195;7.5,141.25;114.75,312;221.5,106.75;224.5,92.5;6.75,232.5;89.25,19.25;206,20.25;231.5,284.75
26294;15.75,109.5;114.75,312;249,169.75;258.5,133.25;66,209;87.25,14.5;198,20.25;231.5,284.75
27066;65.5,84.5;86,321.75;222,188.25;273,171.75;66,209;87.25,14.5;198,20.25;274.5,288
22840;62.25,56.5;78.5,257.25;166,136;273.25,167.25;68.5,269.75;82.25,59.5;198,20.25;274.5,288
43798;62.25,56.5;121,209.25;126.5,121.25;273.25,167.25;12.25,279.5;29.75,78.75;198,20.25;310.25,310
35655;62.25,56.5;98.5,191.75;145.25,145.75;274,181;13,308;92.75,78.25;198,20.25;337.25,314.25
2597;28,67;116.75,204.75;145.25,145.75;268.75,133.25;14.75,308.25;108.75,123.75;215.25,44;337.25,314.25
32826;79.5,90.25;79.75,184.25;145.75,193.5;302.75,114.5;14.75,308.25;108.75,123.75;174.75,40.5;344.75,292.75
30322;20.25,74;78.5,141.75;180.75,201.5;264.5,66.25;14.75,308.25;60.5,94;174.75,40.5;338,288.75
45475;20.25,63.25;115,160.25;180.75,201.5;221.5,42.5;37.75,307.25;60.5,94;113.5,38.25;313.25,310.75
10612;20.25,63.25;133.25,200;161.5,194;214,6.25;37.75,307.25;70.25,86.25;118,74.25;296.75,299.25
2099;57.75,56;153.5,156.5;181.5,176.25;214,6.25;43.75,251.25;55,101.25;92.25,53;296.75,299.25
42623;105.25,19.25;130.5,124.5;160.75,142.5;217.25,10.25;47,258.5;92.25,53;94.5,107.5;296.75,299.25
11904;94.25,74;109.5,56.5;160.75,142.5;207.75,80.75;47,258.5;63,92.5;120.25,116.25;247.75,309.25
2330;52.75,55;131,30.75;144,193;159.5,126.75;42.25,265.25;58.25,127;120.25,116.25;247.75,309.25
15927;42.75,49.25;97,8.75;170.25,238.75;197.75,113;41.5,266;58.25,127;113.25,77;247.75,309.25
45773;48.5,9.25;85.5,65.75;142.5,259.5;197.75,113;34,221.5;106.5,137.25;113.25,77;220,284.75
45044;39.5,22.5;65.75,85;161.75,302.25;243.75,130.25;27.25,206.25;106.5,137.25;121.75,91;220,284.75
34725;32,19.25;90.75,90.75;182,323;265,180.25;34.75,233.75;52.25,169.25;121.75,91;220,284.75
10833;32,19.25;110.75,45.5;243.25,302.5;266.5,128.25;2,238.25;52.25,169.25;119,73;177.5,305.75
27053;39.5,30;116.75,75;239.25,258.75;258.5,114.5;2,238.25;53.5,195.75;86.25,16.75;177.5,305.75
21457;39.5,30;72.75,110;252.25,224.25;320.5,104.5;5.75,172.5;9,240.25;86.25,16.75;209.5,265
2026;11.5,55.25;47.75,124;206.25,259;321.5,41.5;5.75,172.5;15.25,217;86.25,16.75;158.25,221.75
41662;12.25,41.75;64.75,129.25;206.25,259;321.5,41.5;33,186;54,253.75;109.5,53;125.5,198.25
7954;6.5,9.25;63.75,84.5;206.25,259;333.5,57.25;31.5,206.25;34.25,280.5;103.25,94.75;125.5,198.25
7914;49.25,30.75;78.75,72.25;162.75,267;316,60.5;31.5,206.25;35.25,280.25;103.25,94.75;133.25,198.5
35290;75.5,8.25;78.75,72.25;116,279;340.75,86.25;31.5,206.25;46.25,310.25;92.5,87.25;149.5,190.75
45399;15,7.25;78.75,72.25;139.25,266.5;309.75,55.75;33.5,207.25;52,257.75;62.75,57.75;149.5,190.75
30643;14.5,59;78.75,72.25;140.5,314;323,53.5;32,220.5;71.25,251;86.5,24.25;149.5,190.75
42652;58,66;111.5,56.5;132.5,272.25;297.75,7;32,220.5;61.75,296.5;86.5,24.25;130.75,194.5
22391;57,66.5;76,86;89,287;297.75,7;36.75,171.25;61.75,296.5;70.5,28;123.5,194.5
11133;56.75,58;63.25,103;125,284;241.75,43.25;36.75,171.25;61.75,296.5;113.5,8;128,133.25
10215;56.75,58;63.25,103;125,284;251.5,83.25;21.25,203.25;45.5,307.75;72.75,13;76.75,86.25
2192;94.5,11.75;94.75,90;137.5,223.25;272.25,70.25;20.25,245.25;36.75,252.25;72.75,13;76.75,86.25
10370;93.5,10.25;94.75,90;146,261.5;309.25,112.25;7.75,202.25;36.75,254;41.75,2.75;76.75,86.25
40868;93.5,10.25;115.5,74;146,261.5;309.25,112.25;21.25,187;27.5,240.25;40.5,60.25;74,132.25
21448;73,31;115.5,74;161,291.75;337.75,137.5;1.75,139.25;54.5,251;68.25,11.5;74,132.25
7247;60.5,65.25;66.25,30;118.75,264.25;294.25,183.5;19.5,68.75;42,286.25;68.25,11.5;74,132.25
38964;32,110.25;71.25,70;136.25,224.75;244.75,180.5;19.5,68.75;62.5,308.5;68.25,11.5;71.75,109.5
43711;31.5,110.75;54,11.25;109,284.25;296.25,166.5;2.25,8.75;62.5,308.5;68.25,11.5;115.25,115
8098;31.75,168.5;46.5,66.75;58,293.5;296.25,166.5;1.75,7.5;62.5,308.5;83.75,20;117.75,125.75
23160;7,175.25;50.5,64.5;82.5,303.5;296.25,166.5;39.75,31.5;62.5,308.5;87.75,19.5;145,68.75
44680;7,175.25;89.75,84.75;133.25,292;328.5,121;39.75,31.5;62.5,308.5;89.75,47.25;100.75,46.75
42795;7,175.25;89.75,84.75;125.5,253;296.75,75.75;5,71;15.5,310;87.5,48.25;102.25,40.5
31952;72,178;76.5,48.75;125.5,253;270.25,34;9,93;15.5,310;38.5,34.25;88.25,48.25
4205;72,178;76.5,48.75;125.5,253;211.5,81;21,35;52.25,322.75;93.75,66.5;152.25,51.25
1638;72,178;91,27;118,318;211.5,81;65.25,8.75;83.25,315.5;160.5,53;176.25,107.25
48229;72,178;104.5,77;146,300;213.25,47.5;68.75,40.5;129,284;146.75,90.5;160.5,53
18132;32.25,168.75;136.5,91.25;145.5,264.25;201.75,85.5;68.75,40.5;129,284;151.5,28.75;186.25,99
26823;53.5,228.25;136.5,91.25;145.5,264.25;201.75,85.5;26.25,81;130.5,216.5;136,38.5;152,52.25
46051;53.5,228.25;127.75,27.25;139.25,225.75;157,111.75;26.25,81;102.75,197;167.25,38;201.25,61.5
37829;48.25,242.75;64.25,7.25;88.25,269.75;157,111.75;26.25,81;162.25,187;186.5,31.5;228.25,5
47969;51.5,227;65,7.75;81.5,267;167.5,145.75;26.25,81;162.25,187;167,49;241.75,17.75
10635;51.5,227;92,65;144.25,302.75;182,201.75;26.25,81;92.25,181;188.25,39.75;244.25,47.75
19990;82,175.75;92,65;96,315.25;230.5,185;53,101.75;145.25,203.25;148.75,56.75;244.25,47.75
49893;70.5,119;92,65;141.75,318.75;200.25,170;70.75,120.5;117.25,197.25;132.25,71.75;244.25,47.75
14665;112.75,67.25;139.5,91.75;162.75,267.5;233.75,136;46.75,166;95.25,137.5;132.25,71.75;244.25,47.75
9688;112.25,19.5;178.25,113.25;200,323;218.5,74.25;46.75,166;95.25,137.5;175,44.25;211.5,99.75
27965;112.25,19.5;130,120;200,323;264.25,88;2,187.75;96.25,136.25;141.25,20.75;154.5,92
27964;53.5,4.25;76.25,130.25;190.25,280.25;291.25,112.75;2,187.75;117.25,137.75;141.25,20.75;206,127.25
21687;9,36.25;63.75,75.25;165.25,280.5;268.5,105.5;2,187.75;123,122.75;172.75,28.25;206,127.25
20829;10.75,28.25;13.5,63.75;165.25,280.5;250.25,159.75;2,187.75;106.75,113.25;113.75,23.25;222.75,100.75
35919;44.5,45.75;51.75,58.25;165.25,280.5;289.5,129;43.75,159.5;58.25,95.25;113.75,23.25;161.5,119.75
37554;64.5,7.5;65.75,30.25;165.25,280.5;339,112.25;8.25,146;86.25,99.25;90.75,63.75;161.5,119.75
10600;32.25,32.75;51.75,47.75;216.75,243.25;278.25,131.25;8.25,146;86.25,99.25;90.75,63.75;158,163.25
28266;32.25,32.75;45.25,45.75;199,273.75;246,183.25;8.25,146;72.5,89.25;110.25,113.75;118.75,117.25
20844;52.25,43.25;94,92;243,257.75;255.75,195.5;8.25,146;17.75,42.25;110.25,113.75;191.75,99.5
11501;6,8.25;94,92;238.5,292.5;242.75,181.75;7,144;32.25,15.5;110.25,113.75;192.75,41
7097;5.5,42.25;76.5,165.75;175.5,306.5;241,156.75;7,144;96.25,35;161.5,118.5;192.75,41
44176;52.75,49.75;76.5,165.75;175.5,306.5;216.75,197;19,159;81.5,21;180.5,106;187,5.75
34045;72.5,96.75;88,178.25;162.75,310.75;226.75,237.5;19,159;81,21.75;129.5,92.75;187,5.75
32780;49.75,58.5;136.25,155.25;185,269.5;222,237.25;19,159;125.5,24;154,91.5;187,5.75
44746;13.25,79;144.5,129;183.25,271.75;222.25,204.5;19,159;103.25,67.25;109.75,122.25;187,5.75
29902;8,102.75;106.75,169.75;183.25,271.75;266.5,180;47,130.5;125.25,104;160.5,90.25;187,5.75
8163;30.5,123.25;72.5,176.5;183.25,271.75;288.5,132;25.5,155.5;57.75,106.5;145.25,89.25;187,5.75
1020;39.25,182;46,181.5;136,258.75;265.75,168.75;25.5,155.5;76.75,81.5;130.75,126.75;187,5.75
10062;50.5,218.75;52,237.75;83.5,272;265.75,168.75;20.25,186.75;89.25,117.5;130.75,126.75;244.5,6.25
36872;50.5,218.75;77,228;109,315.5;279.75,166.25;60,221;89.25,117.5;166.5,161.25;249.25,47.75
20288;73,209.25;85,265.5;110,295.75;293.5,137;20.5,198.25;89.25,117.5;122.25,195.25;249.25,47.75
22746;25.75,182;44.25,311.25;93.5,303.5;265.5,156.75;20.75,197.75;89.25,117.5;122.25,195.25;240.75,14.75
27076;34.5,132;68.75,310.25;120.5,253.75;261.5,155.75;20.75,197.75;89.25,117.5;180.75,165;228,67.75
13121;8.5,175.25;95.75,298.75;158.25,210.25;261.5,155.75;56.75,149.75;57.5,79.25;180.75,165;236,41.5
394;37,205.5;138,292.5;158.25,210.25;239,99.75;64,93;98.25,64.75;180.75,165;208,68
14667;32.75,238.5;100.25,255;158.25,210.25;271.25,131.5;56.25,132;98.25,64.75;173.5,164.5;203.75,117.5
12959;32.75,238.5;100.25,255;182.75,228.5;271.25,131.5;102.75,121.25;126.75,106.75;151,172.5;163.75,161.75
12648;73,218.75;133,239.5;176.25,278.25;236.25,80.75;102.75,152.75;128.75,92.5;151,172.5;163.75,161.75
37721;63,218.5;99,189.75;176.25,278.25;176.5,50;39,137.25;85.5,99.75;151,172.5;172,140.25
1551;70.25,172.25;91.25,156.5;148.75,294;219.75,54.5;39,137.25;66.75,55.25;151,172.5;175.5,162.25
31622;56,216.5;75.5,178.25;135.25,240.25;218,13.5;39,137.25;66.75,55.25;143.5,117.75;151,172.5
49703;30.75,285.25;75.5,178.25;97.75,249.5;218,13.5;56.75,171.25;92.5,36;126,61.5;173.75,162.5
9361;3.25,261.25;75.5,178.25;112.5,307.5;234.5,78.75;86,131.25;113.75,77;165,30.75;173.75,162.5
33265;8.25,307;79,184.25;80.25,273;236.25,135.25;44.25,75.25;94.5,107;165,30.75;173.75,162.5
5175;10.75,267.25;102,161;104,284.75;281.25,167.75;44.25,75.25;106.75,136.75;165,30.75;179.75,107.5
22449;10.75,267.25;102,161;144,230;281.25,167.75;78.25,13;129.25,153.5;137.5,72.75;152,120.25
344;38,307;150.25,158;153.75,195.25;281.25,167.75;76.75,14.5;129.25,153.5;166.25,2.25;174.25,95
24365;41.5,241;202.25,167.5;202.5,131.75;251,201.5;76.75,14.5;106,202.5;166.25,2.25;199.75,98.5
17436;69.5,187;165.75,117;202.25,167.5;220,238.75;87.25,12;106,202.5;223.75,48.25;235.5,99
32117;57.25,166.5;165.75,117;199.75,185;210.75,276;79,56;81.5,206.75;223.75,48.25;228.25,133.5
23461;0.25,180.25;143,126.5;247.25,178.25;250.25,259.5;30,79.25;81.5,206.75;210.25,69.5;228.25,133.5
41010;21,119.75;143,126.5;207.25,198;279.75,283;34.75,120.25;141.5,222;210.25,69.5;247,183.5
46290;73.25,85.5;166.25,105.75;240.75,223.5;291.5,318.75;23.75,125;141.5,222;205.25,108.25;247,183.5
37538;49.5,137.5;166.25,105.75;210.75,239.25;339.75,315;59.75,173.25;141.5,222;179,115.5;207.25,203.5
45504;49.5,137.5;134.75,126;167.5,228.5;350,321.25;7.25,186.5;122,234.5;179,115.5;214.25,194.25
47377;28,117.25;97.25,129.25;162,256.25;343.25,273.25;7.25,186.5;95.5,191;185,111;214.25,194.25
3505;58.75,167.5;115,161.75;133.5,238.75;304.5,313.75;7.25,186.5;106.75,144.5;153.5,143;214.25,194.25
40982;58,216.75;89.25,159.5;164.75,214.25;304.5,313.75;4.75,143;100,200.5;153.5,143;162,224.25
26766;32,240;79.75,142.75;135,266.25;341.75,301;4.75,143;64.25,212;119.75,176;162,224.25
17820;30.75,238.5;88,175;135,266.25;343.25,270.75;19,143.5;64.25,212;163.5,199.75;210.5,177.25
46527;72.5,219.25;88,175;135,266.25;343.25,270.75;20,197.75;116.5,198.75;169.25,225.5;243.5,194.5
790;26.25,230.5;63.5,146.75;135,266.25;361.5,230.75;55.25,223.25;116.5,198.75;146.25,253.5;187.75,197
13257;26.25,230.5;63.5,146.75;154.25,204.5;361.5,230.75;35.75,193.5;95.75,177;173.25,320.25;192.5,164
8924;26.25,230.5;66,83;154.25,204.5;361.5,230.75;38.25,147.25;72.75,222;109,291.5;195,95
28304;26.25,230.5;100,114.5;154.25,204.5;361.5,230.75;67,175.75;108.25,202;125.25,274.75;155,88.25
16623;2,185.5;100,114.5;204.5,177.5;361.5,230.75;62.5,202.5;66.25,221;130.25,288.25;211.75,93
47767;26.75,226.75;45.5,122.5;186.25,142.75;338.25,224;62.5,202.5;66.25,221;102.5,299.25;193,89
35867;8,174.25;19.75,86;169,155.75;320.25,278;6.25,171.25;66.25,221;141.75,299.25;193,89
30590;2.5,220.25;19.75,86;167,156;342.5,317.5;30.5,228.75;31.75,212.5;141.75,299.25;252.25,41.75
43081;15.5,264.5;19.75,86;160.5,105.25;343.25,319.5;3,232.75;9.5,203.25;141.75,299.25;256.75,12.25
38236;63,295.25;72.25,38.75;160.5,105.25;308.5,293.25;3,246;9.5,203.25;103.5,282.25;262.25,36.5
31438;26.5,251.5;104.5,67.5;136.75,98.5;308.5,293.25;3,246;36.75,190.5;76.25,268.25;249.5,69.25
8457;26.5,251.5;104.5,67.5;145.25,109.75;308.5,293.25;21,289;29,179;142.25,269.25;309.5,84.25
4084;26.5,251.5;81.75,121.75;145.25,109.75;332.25,266.75;11.5,229.75;28.75,180;113.5,308.75;347,79.25
48592;26.5,251.5;75.5,160;158,125;332,267.25;18.5,280.25;28.75,180;79.25,321.75;349.5,51.75
19188;47.5,242.5;87.25,187;141.5,73.25;340.75,228.75;5,229.75;28.75,180;79.25,321.75;349.5,51.75
1540;12.25,308.5;25.75,153.75;130.25,137.25;353.5,183.25;3.75,230.5;77.25,202;79.25,321.75;349.5,51.75
12447;12.25,308.5;25.75,153.75;179.75,111.25;278,180.25;26.75,302;85.5,170.5;144,299.75;357,72.5
43041;44.25,311.25;88,187;165.75,185.25;310.25,232.5;26.75,302;85.5,170.5;199.75,276;303.25,123.25
48870;81.5,315.5;112,207.75;168.5,183.75;263,239.75;22.75,291.5;85.5,170.5;239.25,236.25;303.25,123.25
22283;70.75,295;158.25,230.25;224.25,204;294.75,257.75;56.5,297;125.75,198.25;239.25,236.25;303.25,123.25
23772;45,306;126,272.75;224.25,204;294.75,257.75;16.25,295.25;130,199.5;260.25,264.5;283.5,110.5
45210;51,322;100.25,316;177,232.75;310.75,294.75;20.75,307;138.25,228;260.25,264.5;283.5,110.5
17398;51,322;82.5,300.75;163,249;310.75,294.75;11.5,284.5;194.5,176.5;293,195.25;296.75,152
50247;51,322;84.75,272;163,249;353.5,241.75;11.5,284.5;148,202.75;341.5,206.5;357,141
46270;49,285;78.25,232.5;163,249;357,210.25;11.5,284.5;158.5,224;290,184.75;356,80.75
10687;7.5,310.5;100.25,250.5;136,267.25;330.75,179.25;11.5,284.5;111.5,238.25;265.5,170.5;356,80.75
38403;19.25,307;68,219;171,312.5;330.75,179.25;11.5,284.5;142.5,221.75;316.5,192;318,99.5
41326;38.25,315.5;46.75,191.25;213.25,261;330.75,179.25;11.5,284.5;142.5,221.75;339.75,149.75;362.5,80.5
36678;45.25,295;79.5,249.25;230.5,242.25;317,111.5;11.5,284.5;142.5,221.75;308.25,84;334.25,61
2239;35,242.75;136,266.75;235.5,202.75;354.75,117.75;11.5,284.5;137,264.25;304.75,25.75;308.25,84
5820;18,308.5;180,317.5;215.75,227.75;291.75,106.5;48.5,248;148.5,221;304.75,25.75;308.25,84
37841;18,308.5;180,317.5;261.75,255.25;287.5,165.75;23,306.5;89,235.5;308.5,13.25;318.5,142.75
43573;18,308.5;180,317.5;261.75,255.25;318.25,155;11.5,307.75;96.75,281;262.5,23;329.25,196
244;22,308.5;180,317.5;316.25,304.25;318.25,155;15.25,319;24.5,285;322,22.25;349.25,194
30240;44.75,312.5;198.75,268.5;262.75,270.25;355.75,227.75;15.25,319;24.5,285;322,22.25;348.5,185.25
49325;39.75,271.75;182.5,316.5;240.5,308;295,263.75;15.25,319;24.5,285;257.75,9.25;348,269
20261;58.25,277.5;216,311.25;297.75,262.5;327.25,239;15.25,319;24.5,285;222.5,58.5;348,269
23856;123.75,269.5;289.25,299.25;296,245.5;305.75,301.5;15.25,319;24.5,285;268.75,75;348,269
31311;123.75,269.5;297.75,262.75;349,229.25;357.25,289;15.25,319;46,248;338.75,78.5;355.25,288.25
30751;94.5,298.5;299.5,265.25;349.75,225;353.5,305;15.25,319;46,248;350.25,35.75;367.5,279.25
32730;94.5,298.5;244.75,309.25;273.25,256.75;284.5,321.5;15.25,319;97.75,301.75;359.25,44.5;361.5,261.75
3929;147.75,286;277.25,263;300.75,208;361.25,322.5;4.25,289.25;143,319.5;359.25,44.5;361.5,261.75
5970;155.75,256.75;268,243.5;355.5,272.75;360.5,233.75;4.25,289.25;127.5,297.5;297.75,10.5;361.5,261.75
39545;118.25,256.25;226.5,275;343.25,278.25;360.5,233.75;45.25,248;158.25,319;271.5,27.5;361.5,261.75
42890;44.5,241.5;257,230.5;273.5,310;346.5,312.25;45.25,248;158.25,319;274.5,27.5;345.75,279.5
11249;44.5,241.5;231.75,208.25;239.75,283.25;289.75,287;92.5,283.25;158.25,319;284,57;336.25,309
9621;3.75,265;221.75,271.25;242.5,271.5;289.75,287;92.5,283.25;223.5,321.5;276.25,64.25;304.5,296.75
43980;24.25,303.25;188.5,317.25;192.25,232.25;289.75,287;92.5,283.25;225.5,313.75;276.25,64.25;341.5,294.75
15302;24.25,303.25;188.5,317.25;191,252.75;289.75,287;96,268.5;219,307;321.5,111.5;334.25,270.75
42132;97,310;161.75,286;183.75,203.5;219.5,310.75;120.25,294;271.25,304.75;321.5,111.5;334.25,270.75
34776;87.75,298.75;145.5,317.75;177.25,204.25;192.5,282;120.25,294;271.25,304.75;321.5,111.5;359.25,227.5
42529;81.75,243.5;175,317.25;176.5,201.5;201.5,310.25;120.25,294;271.25,304.75;321.75,111;340.75,224.75
23442;49.5,226.5;175,317.25;207.5,177.5;215.25,291.25;120.25,294;295.5,233;346.25,78;357,263.25
21139;48.25,224.75;156.5,294;207.5,177.5;261.75,308.5;57,297.5;278.75,186;308.25,32.75;357,263.25
40429;18.5,283.25;156.5,294;227.5,146.75;261.75,309;28.75,306;278.75,186;281.5,23;315.5,314.5
40654;31.25,206.5;148.5,294.25;297.5,164;313,249.5;2.75,299;238,131.75;281.5,23;315.5,314.5
3538;89.75,191.75;174.75,242.75;297.5,164;316.75,306.25;2.75,299;184.25,176.5;239.75,17.5;329.5,312.5
1821;71,139.75;174.75,242.75;251.75,155;302,302.75;20,296.75;184.25,176.5;215.25,25.75;266,288.25
49780;17.5,141.75;143.5,226.5;251.75,155;302,302.75;20,296.75;190.5,162.75;197.5,69.25;235.25,309.25
1793;73,122.5;143.5,226.5;295,104.25;365.75,312.75;20,296.75;129.25,140.75;204.75,107.5;225.5,274.25
22408;73,86;197.25,233.75;304.75,140.25;322,279.25;20,296.75;99.75,140.25;204.75,107.5;222,318.5
6133;73,86;197.25,233.75;291.75,112.25;322,279.25;2.75,307.5;46.25,129;195.25,99;226,274.75
14381;93.5,83.75;224.25,208.25;305.25,165.5;341.25,317.5;8.5,304;64.5,91.25;195.25,99;226,274.75
39055;93.25,79.75;211.75,241.25;341,208.75;362.25,304.5;8.5,304;29.5,62.25;145.5,51.25;226,274.75
24010;141.75,127.75;144,226.25;303,162.25;318.75,321.25;8.5,304;52.25,91.25;195.5,85;226,274.75
37517;160.75,148;200.25,264;278.25,198.25;315.25,265;8.5,304;80.75,149;158.5,123.75;226,274.75
41127;153.5,126;250,269;298.75,167.75;334.75,277.75;13.25,309.25;80.75,149;213.25,149.25;226,274.75
21782;153.5,126;275,255.25;288.5,130;330.25,283.5;1.75,307.25;80.75,149;200,88.5;207.75,284.25
426;156.75,159.5;306,304.5;327.5,142.25;335.75,247;1.75,307.25;140.25,121.5;200,88.5;265.25,251.5
21846;156.75,159.5;260.75,293.5;297.5,156.5;353.5,225;11,295.5;141.5,122.25;200,88.5;303.5,267.25
1637;92.25,142.75;260.75,293.5;317.75,113;344.25,258;11,295.5;139.25,60.25;265,82.5;309.25,223
28402;92.25,142.75;260.75,293.5;273.5,73;344.25,258;7.5,239.25;188.25,84.5;303.75,121.5;366,212.25
16832;49.5,188;253.25,323.25;273.5,90.75;344.25,258;65,259.75;202.75,21.75;327,79.5;366,212.25
41531;59.5,239.25;241.25,303.5;291.5,112;344.25,258;65,259.75;202.75,21.75;354.25,50.5;354.5,181.25
30614;77,255;241.5,304;291.5,112;292.25,231.5;65,259.75;222,48.5;349.5,27;357.5,166.5
11349;144,241.25;225.75,236.5;287.75,101.25;342.75,242.75;120.5,292;222,48.5;349.5,27;354.5,185.25
23148;136.75,200.75;231.25,252;234,128.75;342.75,242.75;120.5,292;254,19.75;347.25,34.25;349.75,218.75
21320;138,154.75;167.5,226;185.75,142.75;335.25,248.25;126.25,294.75;253.75,70.25;347.25,34.25;349.75,218.75
39147;138.25,128;145.5,266.75;170.5,135;342.25,267;97.25,260.75;252.75,141.75;347.25,34.25;349.75,218.75
16460;92.5,76;126,206.25;149,195.25;307.5,309;127.5,263.75;195.75,175.75;347.25,34.25;349.75,218.75
41329;36.25,108;132.5,214;135.25,201.75;327.25,280.5;153.75,223.5;195.75,175.75;347.25,34.25;353.25,222.75
36547;90.25,84.5;131.75,201;132.25,137.25;296.5,238.75;138.75,214.5;187.5,174.75;347.25,34.25;353.25,222.75
35100;86.25,63;108.5,232.25;168.25,102.75;292.5,207.5;138.75,214.5;227,133.5;310,50.5;353.25,222.75
49613;35.25,21.75;55,229.5;161.5,98.75;292.5,207.5;191,180.75;195.25,180.25;310,50.5;353.25,222.75
805;6.25,46;17.25,251;161.5,98.75;304,246.75;153,166;190.25,240.25;253.75,20.25;353.25,222.75
41810;9.75,25.25;43.25,296.25;147.5,77.75;304,246.75;174.25,155.75;194,302.5;268.25,80;353.25,222.75
7969;2.5,47.25;76.75,299.75;179.5,47.75;240.25,223.5;152,162;194,302.5;268.25,80;360.25,213.75
25103;10.5,62.25;69,287;184.5,20.75;240.25,223.5;148,158.25;194.25,276.75;309.25,95;360.25,213.75
37734;23.5,89.5;67.75,280.75;211.75,2.5;212.75,244.25;117.5,199.5;194.25,277.25;309.25,95;360.25,213.75
18347;23.5,89.5;67.75,280.75;211.75,2.5;246.5,190.25;147.5,251.5;150.75,224.25;328.25,34.75;358.75,163.75
30851;26.5,155.5;115.75,284.5;152,12.25;260.5,134.25;126,307.75;150.75,224.25;328.25,34.75;359.75,198.25
20405;43,96.25;117.25,253.25;216.75,9;256.25,97.5;110.5,281.75;150.75,224.25;328.25,34.75;346,205
37114;32.25,86;84,261;264.75,17.5;273,72.25;110.5,281.75;167.75,237;328.25,34.75;340.5,205.25
25392;32.25,86;117.75,283.5;220.25,12;285.5,105;146.5,279.25;149,291;328.25,35.25;340.5,205.25
37569;32.25,86;116.75,278.5;219.75,11.75;303,115.5;145.5,222.75;146.25,273;328.25,35.25;350.25,154.5
4798;7.75,140.75;116.75,278.5;219.75,11.75;277.25,70.25;135,180.75;185,268.25;346,52.75;357.5,175.5
34879;6.25,189.5;66,293.5;241.75,65;312.25,93.25;174.25,155.75;217.5,313.75;346,52.75;357.5,175.5
31902;47,170.25;66,293.5;184,67.5;306.25,112;174.25,155.75;227.5,254.75;288.25,21;307.25,152.5
41244;11.25,158.5;51.75,247.5;184,67.5;291,116;132.75,126.75;227.5,254.75;254.5,38.5;275,175
46276;21.25,170.25;25.75,206;200.75,61.75;292.25,55.5;145,92.5;239,275.25;254.5,38.5;275,175
6480;17.5,126.75;61.75,170.75;179.75,41.75;268,25.75;145,92.5;231.25,265.5;254.5,38.5;270.25,233
19473;50.5,190;84,196.5;120.75,3.5;268,25.75;202.75,108.25;225,280.25;238.25,92.5;270.25,233
19208;66.75,242.25;75.5,161.25;120.75,3.5;268,25.75;197,100.25;238.75,320.75;239,129;312.5,188.75
10109;50.25,308;91,120;120.75,3.5;294.25,2.5;192.75,96;238.75,320.75;284.25,138;326,244.5
4422;10.75,310.5;52.5,176.75;121.25,3.75;288.5,71.75;192.75,96;238.75,320.75;242,173.5;351.75,218.25
35469;74.75,300.75;83.75,171.75;93.5,54.5;329.75,48.25;221.75,37;238.75,320.75;242,173.5;314.5,219
33261;74.75,300.75;83.75,171.75;112.5,34.5;329.75,48.25;146.75,50.75;206.25,270.5;281,235.25;315,158.5
13792;55.5,317.75;93.75,177;144,75.75;293.75,72.25;146.75,50.75;206.25,270.5;275.5,271.5;327.25,130.5
24210;32.5,305.25;87,142.75;153,112.75;256.25,59.75;168.25,79.75;206.25,270.5;319.75,309;327.25,130.5
26326;89.75,267.25;107.75,120.75;119,146.5;209.5,42;162,103;176,290;319.75,309;327.25,130.5
236;41,237.75;107.75,120.75;167.5,176.25;209.5,42;90.25,106.25;246.75,288.25;331,312.25;345.5,187.25
3103;52.5,215.25;148,160.25;158.75,146;160.75,84.25;73.25,89.25;227,273.25;331,312.25;345.5,187.25
5750;66.75,165.5;84.25,166;130.75,91.75;143.25,125.25;100,52;192,276;331,312.25;345.5,187.25
20055;27,128;116.25,208.25;128.5,38.75;139,158.25;128.25,106.25;137.75,251.25;331,312.25;345.5,187.25
36749;27,128;116.25,208.25;128.5,38.75;171,147;105.25,143.75;162.75,300.5;332.5,319.25;342.75,207.25
48237;13.5,176.5;116.25,208.25;126,38.75;166.75,105.25;97.25,189.5;162.75,300.5;278,312.75;288,216.5
25085;13.5,176.5;107.75,165.25;149.75,57;160.5,106.25;25.75,186.75;219,303.25;241.5,316.5;288,216.5
37558;33,212.75;51.5,181.25;159.5,7.75;160.5,106.25;23.75,201.75;186.75,288.75;244.25,309.75;288,216.5
47441;43.25,284.75;51.5,181.25;224.25,42;226.5,145.75;23.75,201.75;153.5,278.25;246.25,309.25;315.25,256.5
39917;43.25,284.75;47.5,227;176.75,17;223.75,148.5;47.5,248.5;153.5,278.25;235,308.75;353.25,297.25
18431;45,266.5;87.5,195.5;163.75,16.5;222.25,154.75;47.5,248.5;189.75,303.5;235,308.75;353.25,297.25
11885;14.25,303;147.25,223.5;149.75,59;222.25,156.75;35.75,233.75;159.5,251.25;235,308.75;353.25,297.25
37918;16.75,265;125,212.5;137.25,77.75;222.25,156.75;20.5,202.25;128,252.5;228.5,273.25;353.25,297.25
19798;55.5,238.25;125,212.5;137.25,77.75;174.5,163.5;56.5,148.75;69,270.75;287,249;313,297.25
14715;81.5,257.25;139.5,224.5;156.75,45.25;160.5,96.25;12,190.5;64.75,215.25;287,249;313,297.25
46169;60,229.75;136.25,177.5;160.5,96.25;216.25,62.75;18,244.25;72.5,288.75;279.5,235.75;313,297.25
24712;34.5,191.25;162.5,142.5;198.25,83.5;221.5,84.5;18.5,244.25;72.5,288.75;279.5,235.75;293.25,286.75
29807;34.5,191.25;158,156.75;184.25,111.5;203,42.5;18.5,244.25;123.25,297.25;303.75,201.5;326.5,272.5
7504;34.5,191.25;117.5,178.75;153,66.75;203,42.5;5,297.25;71,317.25;300,185.5;317.75,299
41968;49.75,190.25;78.5,200;123.25,16.5;186.5,88;37.25,318.75;47.5,308.75;300,185.5;317.75,299
44776;49.75,190.25;60.25,208.75;108,61.5;168.75,45.25;5.75,279;47.5,308.75;243,211.5;304.25,241
1086;10.75,226.75;49.75,190.25;78.25,21.5;168.75,45.25;45.5,247;45.75,301.5;209.5,202.5;273.25,219.75
349;20.25,241.5;71.75,119;78.25,21.5;166.5,91.5;38.5,310.75;45.5,247;195.25,276;225,218.5
22949;20.25,241.5;39.75,77.5;142.5,41;166.5,108.25;38.5,310.75;70.75,251;198.75,275;235.25,267.5
23739;61,241.5;64,119.75;200.75,63.75;221,67.75;38.5,310.75;117.5,214.75;159.75,313.25;235.25,267.5
19984;61,241.5;64,119.75;186.75,119.75;221,67.75;77.5,273.5;166.5,189.25;179,289;195.25,247.5
29160;57.25,189.25;85,119.5;158.75,108.75;196.75,114;77.5,273.5;104.75,196;123.75,318.75;195.25,247.5
7160;57.25,189.25;80.75,119.5;185.75,110.5;193.75,66.5;16.75,255.25;59.75,202.75;123.75,318.75;206,176.25
17453;78.5,256.25;141.5,125;157.25,145.5;255.25,71.75;54.75,223.5;80,249.25;123.75,318.75;206,176.25
35467;45.25,209.75;148.5,81;154.25,128.75;210.75,80.25;39,198;79.25,249.5;123.75,318.75;206,176.25
18629;89.5,248.75;124.5,30.75;136.75,184.5;210.5,37;39,198;79.25,249.5;143.5,259.25;211.25,173
46134;89.5,248.75;149.5,47.5;165.25,187;194.75,94.25;20.25,215.25;27.25,240;143.5,259.25;220.25,159.25
46392;63,217.75;95.25,84.25;162.75,251.25;164.75,109;57.25,168.25;72,283.25;143.5,259.25;220.25,159.25
1603;56.25,240.75;89.75,69.5;136.25,291;164.75,109;57.25,168.25;91.5,319.5;110,241.75;230.5,199.5
7212;89.75,188.75;107,87.75;136.25,291;138,155.25;55.25,128;91.5,319.5;120.5,258.75;188.75,221
13066;66,111.5;110.25,84.5;111,311.5;185,90.75;55.25,128;88,319;120.5,258.75;265.25,225.25
42127;53.25,69.25;66.25,67.25;113,318;181,36.25;51.25,76.25;88,319;120.5,258.75;225.25,278.5
16595;13,54.25;30,77.75;50.25,308;181.25,21.25;48.5,75.75;88,319;120.5,258.75;247.25,287.5
21629;6.5,5.25;45.25,30.75;50.25,308;142.25,15.5;48.5,130.5;88,319;144.5,298.25;275.75,252.25
13193;62.25,74.75;108.5,83;124.5,267.75;167.25,99.25;48.5,130.5;153.75,284.5;177.5,304.75;275.75,252.25
11595;61.75,70;117.5,73.5;142.25,266.75;167.25,99.25;48.5,130.5;174.75,319.5;177.25,304.75;232,220.5
567;43.5,65.75;91.75,84.25;97.75,312.25;166.5,91.5;79.75,181.75;174.75,319.5;197.75,258.5;232,220.5
9278;35.75,92.25;109,111.5;116.25,311;201.75,83.5;130,198;174.75,319.5;197.75,258.5;201.5,174.5
15857;0.75,137.5;91,149.5;92,282.25;154,35.25;130,198;142.25,319;194.25,258.25;201.5,174.5
37263;6.5,135.25;91,149.5;107.25,283.75;191,6.75;130.75,199.5;142.25,319;181,236.25;192.5,163.5
36236;18,108.5;91,149.5;152.75,318.5;253.5,57.25;76.75,249.75;142.25,319;169.5,223.5;248,174
48565;72.25,118.25;112.75,123.75;152.75,318.5;253.5,57.25;113.5,237.25;128.25,273.25;147.5,189.25;204.5,141.5
17594;62,131.5;71.75,145.75;152.75,318.5;243.5,116.75;94,267.5;144,263;147.5,189.25;186.75,175.25
38363;20,109;66.75,153.75;156.5,262;225.25,91.75;72,286;111.25,292.5;147.5,189.25;186.75,175.25
27345;20.25,109.5;66.75,153.75;156.5,262;278,101.25;20.5,309.25;114.25,276.75;174.5,198;175,161.75
10312;22,62.75;66.75,153.75;156.5,262;256.75,147.5;78.25,286.75;82,286.75;184.75,248;187.25,109.5
49072;49.75,56.25;50,214.5;156.5,262;217.25,198;78.25,286.75;155,299.5;199.5,302.75;205.75,57.25
345;28.5,14.75;50,214.5;145,223.75;193.25,169;61.5,288.75;105,276.75;199.5,302.75;226.5,38.5
23458;31.75,18.75;102.5,234;147.25,262;171,185;54.5,251.25;105,276.75;200.5,302.75;226.5,38.5
24171;5.5,46.5;128,239.75;155.25,309.25;171,185;47,269.75;52.5,249;169.25,295.75;226.5,38.5
28573;5.25,46;87.5,299.75;116.75,316;145,223.75;47,269.75;52.5,249;235.5,284.75;251.5,12.75
34033;5.25,46;87.5,299.75;116.75,316;153.75,185;17.75,269.5;29,310;174.75,301.75;238.75,6.5
34814;5.25,46;26.25,284.75;64.25,305;134.5,126.25;17.75,269.5;29,310;240,274.5;240.25,15.75
31229;5.25,46;16,307.5;58.5,280.5;134.5,126.25;11,308.25;79.25,318.75;220.5,319.5;229,62.5
17155;78.5,9;87,308.25;122.75,281.5;211,137.25;3.5,310.5;47.25,295.5;220.5,319.5;229,62.5
25398;82.25,72;87,308.25;130.5,245.25;161.25,124.25;3.5,310.5;95.25,316.25;221.5,275;235,41
12603;82.25,72;117.75,303.75;118.5,291.5;153.5,129.75;3.5,310.5;140.75,268.5;157.75,236.75;234.25,39.25
50406;82.25,72;123.75,229.5;133.75,286.25;187.75,118.75;58,311.75;140.75,268.5;186,174.5;252.25,73
33517;83,72.5;89.25,175.75;162,260.5;187.75,118.75;37.5,317.5;178.5,315;220.5,187.25;252.25,73
23037;20.25,63.25;89.25,175.75;162,260.5;187.75,118.75;18.25,309.5;180.25,296.5;187.5,231.75;227.75,132.75
28096;75,25.5;79.5,212.75;162,260.5;165.25,104.75;18.25,309.5;147.25,249.5;217.5,284.25;254.75,162
45469;9.25,23.75;79.5,212.75;162,260.5;165.25,104.75;3,308;145,202.75;267,252.75;283.5,107.75
34788;31,24.25;61.75,249.75;162,260.5;165.25,104.75;57,296;85,167.5;251.25,220.25;283.5,110
1831;8.5,23.5;14,264.25;139.5,300.75;165.25,104.75;23.75,301;85,167.5;265,188;325.25,138.25
21451;17.75,74.75;36.75,208.5;110.5,239.5;207.75,93.75;5.5,282.5;66.75,161.5;265,188;325.25,138.25
37085;47.25,113.25;66.25,189.5;110.5,239.5;207.75,93.75;29.75,229;30.75,118.75;304.25,220;318,158.5
41191;5.5,108;66.25,189.5;110.5,239.5;166,135.5;86.75,189;88.75,124;257.75,237.5;292,133
8884;5.5,108;81.25,184.25;93,300.5;136.75,127.5;86.75,189;136.75,143.25;310.75,244;331.5,115
27980;3.5,109;49.5,217;51.75,294.5;136.75,127.5;86.75,189;146.5,115.25;305.75,294.5;311.25,169
20615;3.5,109;20,226.25;61.75,294;135.25,158.25;75.25,211;191.75,99;305.75,294.5;320.25,109.5
27621;2.25,79.75;16,175;76.25,297.5;135.25,158.25;103,234.25;218.5,102.25;305.75,294.5;315,159.5
33096;4.5,105.75;64.5,146.25;76.25,297.5;125,138.5;69,258.75;252.25,70;305.25,307.5;315,159.5
14000;19.25,86;68.25,121;82,286;133.5,76.25;78.5,297.25;249,133.25;305.25,307.5;315,159.5
45008;19.25,86;52.25,189.25;138.25,257.75;178,85.5;78.5,297.25;224.25,114.5;240.5,281.75;299.5,199.25
24771;19.25,86;52.25,189.25;138.25,257.75;182.5,90;144.25,272.5;220.75,155.5;222,295.75;241.75,231.5
29804;19.25,86;52.25,189.25;138.25,257.75;227.5,75;168,290;181.25,189.75;255,293;258.5,219
42019;12.5,153.25;79.25,249.25;152,206;284.5,103.5;159,318.5;181.25,189.75;255,293;318,184.75
19929;50.25,183;122,227.5;169.5,221;336.25,135;109.5,310.25;181.25,189.75;255,293;356.75,175
5008;50.25,183;150.25,264.25;157,240.75;307.25,113.5;46.75,290.5;241.5,175.75;255,293;355.5,166.75
3266;50.25,183;137,237.25;206.5,236;296.25,168.75;23,288.5;206,129;255,293;348,212.75
13597;8.5,143.75;125.5,255;191.75,280.75;302.25,221;23,288.5;223.5,143;256.75,288.75;348,212.75
26883;29.75,202.25;124.5,200.5;211.25,242.25;285,261.5;23,288.5;187.75,100.25;256.75,288.75;299.5,198.5
20927;61,219;70,190;219.25,251.5;261,298.25;50,253;222.75,140.5;256.75,288.75;299.5,198.5
13707;56.25,249;103,250.5;177.5,215;315.25,297;22,229.25;222.75,140.5;268.75,245.5;299.5,198.5
48759;56.25,249;97.75,249.5;156.25,240.75;362.75,288;22,229.25;226.75,89;249.5,276.25;278.75,187.25
5563;57,219.5;125.75,264.25;156.25,240.75;315.75,322.75;22,229.25;220.25,15.5;299.5,233;305,197.75
12341;41,271.75;125.75,264.25;156.25,240.75;315.75,322.75;25.25,172.5;278.5,36.5;335,199.5;361.5,229.5
26494;16,307.5;125.75,264.25;156.25,240.75;315.5,274.5;24.75,172.75;225,81.5;321,139.75;342,210.75
35733;16,307.5;91.25,282.5;215.5,230;255,256.5;24.75,172.75;265.25,39;311.25,121.75;320.5,162.5
30401;16,307.5;91.75,282.75;241,224.75;279,231.25;24.75,172.75;263.75,99.25;265.5,140;278.75,176.5
30303;40.75,300.5;91,282;241,224.75;279,231.25;57.5,183;234.5,49.25;238.5,175.75;271.75,132.75
25218;40.75,300.5;156.5,293.5;241,224.75;279,231.25;28,147.5;182.75,52.25;245.25,117;277.5,107.25
47567;100.25,294.5;117.5,301;241,224.75;279,231.25;28,147.5;148,58;299.5,150.25;312.25,87.5
36221;68.5,295.25;161,305.25;223.75,236.5;249.5,192.25;29.25,76.25;113,91.5;299.5,150.25;312.25,87.5
7508;117.25,317.5;217.25,318.75;239,217;293.75,187.75;26.25,108;119,35.75;299.5,150.25;312.25,87.5
46820;117.25,317.5;254.25,279;263,220;266.75,149;45.75,165;102.5,57;283.75,199.25;312.25,87.5
29829;167.5,307;221.5,238.75;254.25,279;320.75,139.75;81.5,169;102.5,57;268.25,160.5;295,34.5
44112;149.5,271;163,257.5;254.25,279;325.25,113;69.5,153;102.5,57;220.5,181.75;274.5,89
28648;129.25,254.5;153.5,207;209,309.5;306.75,163;69.5,153;74.5,56;220.5,181.75;292.5,142.75
41317;162.25,233.75;163,170.25;196.5,279.5;306.75,163;69.5,153;103.25,67.25;182,185.25;339,159
37334;147.75,280.25;163,170.25;196.5,279.5;278.25,165.5;12.5,142.75;95.25,51.25;196.5,214;309.75,210.25
5233;147.75,280.25;166.5,134.5;218,260.5;289.25,151;22.25,119.25;38.75,42;196.5,214;342.25,174
3132;111.5,307.5;166.5,134.5;191.5,261.5;283,143.75;3,91.5;43,21.5;183.5,198;342.25,174
35340;90.5,303.5;169.25,187;176,298.75;280.5,166;23.75,118.25;43,21.5;201,176.75;342.25,174
289;42.75,265.25;181.75,151.25;192.5,310;336.75,209;23.75,118.25;88.25,64.5;201,176.75;340.5,140.75
43217;25.5,231;133.25,160.75;192.5,310;349.5,225;10,155.75;88.25,64.5;149,226;357.75,150.75
34495;25.75,198.5;133.25,160.75;146,305.75;294.5,209.5;10,155.75;94.5,49.75;162,189.75;360.5,158.5
39272;67.5,247.75;104.25,196.75;213.5,311.75;294.5,209.5;35.5,191;55.5,10.5;162,189.75;316.5,123.5
28769;43,252.75;152.5,228.25;180,265.25;254.5,200;54.25,221.75;55.5,10.5;197.75,177.5;316.5,123.5
15923;63.75,294.5;163,246.75;180,265.25;200.5,166.75;54.25,221.75;121.75,23.75;184.25,172.75;283.75,93
25606;45.5,258.25;163,246.75;180,265.25;200.5,166.75;43,250.75;87,21.5;224.25,166;324.25,52.5
48020;35.75,239.5;126.75,292.5;135.75,266;216.5,160.5;61.25,215;106,39.25;224.25,166;324.25,52.5
47236;101,233.5;170,271.5;188.75,269.5;198.25,179;61.25,215;67.75,95.25;228.5,132.5;324.25,52.5
38290;117,282;143.75,315.5;158,236.75;198.25,179;61.25,215;129.25,99;205,86;347.75,79.75
9820;70.25,322.5;89,324;145,227;198.25,179;54.5,275;118.75,106.5;205,86;327.75,59.5
26276;30.25,308;114.5,303.5;139,255.5;198.25,179;14.75,321;92.5,137.5;205,86;329.75,53.5
16737;30.25,308;149.5,271;157,215.75;233,169.75;63.25,283.5;92.5,137.5;208.25,106.75;313.25,103
39101;51.5,249;136.75,213;149.5,271;171,189;63.25,283.5;91,136.75;229.5,121;355.25,146.25
16149;21,229;103,251;142,310.25;162.5,223.5;63.25,283.5;109.5,79;215.5,74.5;355.25,146.25
36403;50.5,242.75;61,275.5;83.5,280;144.75,224.25;63.25,283.5;119,41.5;215.5,74.5;355.25,146.25
41050;50.5,242.75;65.75,294.5;83.5,280;195.5,254.75;107.25,308.5;171,51.25;213.5,97.25;354.25,79.75
41867;41.5,240.25;114.75,309;135,266.75;172.25,266;157,319.5;171,51.25;213.5,97.25;354.25,79.75
7527;41.5,240.25;117.25,308;135,266.75;183.25,275.75;133.5,284;159.75,92.75;226.5,132.75;354.75,19.5
335;78.25,200;117.25,308;135,266.75;169.5,311.5;117,294.5;123.75,113.75;279.25,174.75;320,64
33498;78.25,200;117.25,308;169.5,311.5;192.25,233.75;158.5,303;165.5,81.5;254.25,141.75;285.25,106.75
37360;48.25,209.5;117.25,308;169.5,311.5;192.25,233.75;116.25,324.5;204.75,99;223,122.25;290.5,114.5
3098;48.25,209.5;117.25,308;227.25,302;238.25,202.25;40.25,310.25;209.25,55.75;223,122.25;339.75,60.5
1226;12.5,176.75;143.5,319.5;174.75,266;196,216.5;22.5,321.25;154.25,92.5;223,122.25;339.75,60.5
14320;12.5,176.75;135,272;143.5,319.5;169.75,222.25;47.5,291.5;115.25,116.5;268.5,77;354.75,61
20619;0.5,201.5;135,272;180,317;224.5,266;47.5,291.5;80.25,127.75;271.25,17.25;366.25,81
20778;54.25,178.25;139,223.75;201.5,285.25;214.25,320.75;52,290.25;80.25,127.75;304.5,26.5;366.25,81
12587;77,159.75;178.75,220.75;187.75,290.75;273,271.75;52,290.25;80.25,127.75;238.25,31.25;366.25,81
27416;77,159.75;221.5,247.75;222,247.75;284.75,295;53.75,275;80.25,127.75;218.25,72.25;361.5,45
45466;77,159.75;190.25,255.75;234.75,190.5;326,259;15.75,282.25;113.75,77;218.25,72.25;354.25,20.5
6802;62.5,171.75;146.75,223.75;260,229.75;312,294.5;15.75,282.25;112.5,79.5;243,88.25;354.25,20.5
14362;0.25,171;110.5,239.5;239.75,201.5;351.5,278.5;35.75,310.75;112.5,79.5;243,88.25;365.5,80.5
36656;9,174.25;152.75,259.75;239.75,201.5;349.75,288;35.75,310.75;80.5,43;205.75,143;339,64.75
1113;9,174.25;126.75,280.5;239.75,201.5;337,247.75;43,274.5;49.75,30.5;194.5,173;280.5,37
15919;9,174.25;95,308.75;265.5,178.25;363.5,241;54,259.25;90.25,35;174.25,184.5;280.5,37
16043;9,174.25;111.25,284.5;256.75,153.25;355.5,289.5;48.25,300.75;87,20;123.75,195.75;280.5,37
32696;44,224;80,257;240.5,135.5;340.75,247.5;48.25,300.75;86.75,21.5;134,189;280.5,37
11614;2.5,261.25;80,257;215,164;342.5,289;48.25,300.75;90.5,24.75;97.25,229.75;297.25,92
10002;35.25,239.25;60,231;215,164;318.25,301;44,308.25;90.5,24.75;124.75,266.5;351.75,45.5
41280;35.25,239.25;60,231;215,164;344.25,311.5;81.75,284.75;120.5,73.5;196.5,248.5;334,1.25
14767;61.25,177.75;67,257;245.5,216.75;359.75,306.75;81.75,284.75;167,41;205.25,190.25;334,1.25
49934;18.75,227.5;127,230;254.5,244.5;293.75,322.25;81.75,284.75;167,41;205.25,190.25;284,20.5
41446;50.5,238.25;59.5,216.75;222.75,245.25;354.75,298.25;81.75,284.75;106.75,51.5;205.25,190.25;276.75,64
14612;59.5,216.75;86,257;252,277.25;317.75,319.5;43.25,311.75;70.75,10.5;194.25,177;276.75,64
48669;33,213.25;55,252.5;265.25,254.75;353.75,318.25;43.25,311.75;90.5,34.25;149.75,115.75;276.75,64
23189;4.25,172.5;11.75,216.5;239.25,313;343.5,269.75;46,312.75;90.5,34.25;160.25,134.5;276.75,64
17350;4.25,172.5;52,189.5;288.25,309.25;360.5,252.25;46.75,292;89.75,72.5;118.25,98.5;276.75,64
30543;4.25,172.5;39.75,243.25;288.25,309.25;341.5,288.5;43.5,320;118.75,116.25;165.25,114;292,7.25
15873;4.25,172.5;62.25,255;294.5,322.25;320.75,264;75,283;104.25,140.25;165.25,114;292,7.75
26912;4.25,172.5;76,210.25;306.5,318.75;348.75,288;30.25,264.5;159.75,119.25;192.25,107.5;292,7.75
8054;18.5,177;125.25,242.5;363,288.5;364.25,319;28,213.5;159.75,119.25;192.25,107.5;292,7.75
33054;0.25,201;188.75,235.75;353.75,273.5;364.25,319;88.75,189;159.75,119.25;228.25,49.25;341,32.25
1444;17.5,170;197.25,245;351.75,306.5;362,273;88.75,189;143.5,90.25;228.25,49.25;302.25,88.25
18224;70,170.25;219.25,279;338.5,247.5;361.75,318.25;89,191.25;137.5,35;228.25,49.25;302.25,88.25
45926;70,170.25;219.25,279;329,222.5;361.75,318.25;59.25,174.25;90.75,71.5;160,78.5;267,110
28593;115.75,121.75;179.75,231.25;331,238;346.75,270;59.25,174.25;90.75,71.5;121.5,113.75;244,174.5
7024;130,97.25;179.75,231.25;303,251.75;356.5,208;65,210.5;90.75,71.5;141.5,80.25;229.25,226.75
8655;146.75,157.5;210.25,241.25;292,252.5;326.5,141.25;65,210.5;90.75,71.5;159.25,95.5;171,240
34029;146.75,157.5;248,220;319.75,305.75;355.5,136.75;65,210.5;104.25,20.5;156.5,158.75;222,230.75
20531;90.5,159.25;266.5,181;296.75,262.5;355.5,136.75;65,210.5;71.5,58.5;193,214.25;212,251.75
40416;122.5,138.5;252,218;341.75,224.5;364,168.25;65,210.5;71.5,58.5;220.5,280.25;235.75,254.75
27347;129.25,177.5;266,200.5;344.5,251.75;368,209;65,210.5;71.5,58.5;220.5,280.25;223.75,255.75
46118;69.25,185.5;266,200.5;350.25,320;365.75,201;57.5,211.5;81,41;220.5,280.25;230.75,255.25
23089;45.25,202.5;262.5,177.25;350.75,320;365.75,201;33.75,264.75;81,41;206.75,257.25;276.25,287.75
48085;45.25,202.5;296,135.25;304.5,301.5;342.25,225.5;67.75,222;126,45;206.75,257.25;311,309.25
46747;45.25,202.5;275.5,191.25;282,254.75;344.25,235.25;56,253.25;163.25,26;243.75,213;311,309.25
6240;27.75,231.5;275.5,191.25;276,231;332.75,248.5;56,253.25;174.75,40.5;235.25,192;312,323.5
46691;5.5,165.5;231.75,149.75;239.25,247.5;319,277.25;56,253.25;233.5,78.75;235.25,192;289.5,286.75
41372;5.5,165.5;222,76.25;275.5,190.5;284.25,322;53.25,283;209.75,127;235.25,192;235.75,308.75
32528;42.25,124;235.25,126.5;271,135.25;300,248.25;53.25,283;167.25,161;219,218.5;235.75,308.75
43428;42.25,124;193.25,169.5;256.5,135.25;266.5,256.25;53.25,283;172.5,103;206.25,276;245.25,319.75
44135;14.5,75;194.75,136.5;297.75,88.5;313.25,305.25;36.25,304;163.25,51;206.25,276;245.25,319.75
2252;39.25,20;219.5,74.5;295.25,155;319.25,301;31,310.5;137.5,73.25;206.25,276;245.25,319.75
29097;39.25,20;235.75,85.5;299,208.5;335.5,314.75;15,282;131.25,125.75;223.5,219.25;245.25,319.75
3319;106,5;233.25,87.25;249.5,259.5;316,293.25;15,282;159.5,88.75;218,211.5;245.25,319.75
43691;114,59.25;217,105.5;266.25,296.5;294.5,322.25;55,296.5;162.25,82.25;218,211.5;245.25,319.75
28688;88,90;172.5,149.75;285.25,320.25;329.75,315.5;55,296.5;149.75,12.5;218,211.5;245.25,319.75
6490;88,90;138.5,158.25;251.5,287.5;351.75,317.75;45,305.25;82.75,31;218,211.5;274.25,293.25
41382;120.75,90;138.5,158.25;251.5,287.5;351.75,317.75;9,272.5;48.25,2.75;217.75,202.5;321,301.25
13106;92.75,139.75;115.25,108.5;227.25,316.25;346.5,270.5;9,272.5;48,3.25;231,256.25;321,301.25
33367;83.75,197.75;100.5,114;273.5,290.5;281.25,236;9,272.5;48,3.25;241.5,274.75;359.5,239.25
4944;62,218.5;160.75,145.5;291.25,264;325.75,240.75;9,272.5;60.25,42.75;197.25,277;359.5,239.25
9459;96.5,163.5;149.25,205;291.25,264;366.5,187;9,272.5;21.5,72;172.5,239.5;335,206
31394;73,176.5;193.75,259;310,290.25;368,208.25;9,272.5;21.5,72;192.75,242.75;302.25,185.25
1135;73,176.5;214,311.5;316.75,319;363.25,235.25;5,295.75;20.25,20;192.75,242.75;246,196.5
19233;132.75,204.5;172.75,265.25;316.75,319;350.75,241;5,295.75;19.5,61.25;197,277;241.5,177
12767;125.5,279;221,265.5;299.25,252.25;342.75,273;4.25,248.5;14,18.75;197,277;241.5,177
5931;121,292;217.5,277.25;293,211;363.5,295.5;4.25,248.5;14,18.75;235.5,308.25;241.5,177
11737;127,292;237.75,269.5;343,167.75;361,284;25.25,201.75;44.75,24;235.5,308.25;241.5,177
19083;119.5,292;237.75,269.5;306.75,115.25;354.75,320.25;17,127.25;44.75,24;231.5,273.25;281.5,226.75
36086;119.5,292;276.25,236.5;306.75,115.25;354.75,320.25;4.75,172;76.5,21;228.5,257.25;280.25,295.5
5948;44.5,300;225,267;295.75,54.25;344.75,270;4.75,172;88.5,26.25;263.75,192.75;280.25,295.5
15227;44.5,300;225,267;342.75,72;363,295;26.75,239.5;69.75,12.25;248,173.75;286.5,311
40483;29.75,322.75;182.25,242.25;342.75,72;349.25,240.75;15.5,306.5;69.75,12.25;239.75,120.75;319.5,312
9841;78.25,286.25;214,199.5;287.75,102.75;349.25,240.75;12.25,306.75;69.75,12.25;238,174;305.75,293
20707;48.25,238.25;211,242.75;285.25,143.25;349.5,308.75;12.25,306.75;91,21.5;182,186.5;305.75,293
43242;11,265;173.75,242.25;277.25,150;341.75,265.75;12.25,306.75;53.25,8;191.5,249.5;305.75,293
29329;11,265;138,227.75;277,219.25;283,282.75;12.25,306.75;36.75,61.75;231.75,284.25;269.5,294.75
21063;40.25,266.5;138,227.75;277,219.25;283,282.75;7,307.75;37,86;271.25,288.25;282.25,259.25
4594;39.5,265.75;138,227.75;273.25,250;286.25,321.75;7,307.75;93.25,120.75;262.5,321.75;292.25,195.25
44041;7.25,284;138,227.75;280.25,287.5;351,289;17.5,244;120.75,105.75;262.5,321.75;312,162.25
10399;1.25,258;102.75,241.5;253.25,313.25;344,277.5;17.5,244;120.75,105.75;309,300.5;360,157
16804;0.75,225;42.75,278;264.75,305.5;344.5,318.25;12,296.25;75,101.25;309,300.5;360,157
39806;19.75,152.75;60,241;241.5,273.75;313.25,260.5;12,296.25;68.75,107.75;329,312.5;360,157
37727;32.75,118.75;64.75,242.5;264.25,306.5;347.25,288;5.5,303.75;12.5,144.75;329,312.5;360,157
19251;65.5,90;72.75,250.75;276,238.75;289.75,296.25;11,310.75;12.5,144.75;329,312.5;360,157
28594;75.5,43.5;108,223.75;265.5,178.25;277.25,322.75;11,310.75;12.5,144.75;306.75,241;328.75,138.25
42386;85.5,78.5;162.75,206.75;248.25,247.25;252.75,280.25;39,292;63,105.5;306.75,241;328.75,138.25
11715;107.75,80.75;138,155.25;204.5,286;212.75,293.5;39,292;70.5,150.5;306.75,241;328.25,137.5
16194;113.25,108;130.25,190.5;158.25,299.25;187,310.5;39,292;74.75,149;306.75,241;312.25,163.75
9011;113,33.75;126.75,183;162.5,224.5;173.75,317.5;63.5,259.25;83.75,211.5;306.75,241;312.25,163.75
3003;124.25,33.5;126.75,183;137.75,223.5;173.75,317.5;49.75,221.75;83.25,163.5;315.75,301;325,192
23424;75.5,9;155.75,204.25;160.25,200.75;160.75,322;49.75,221.75;83.5,100.75;315.75,301;325.25,191.5
4028;53,36;116.75,237.5;125.5,140.5;158.5,312.75;58.25,215;83.5,100.75;309,256.75;325.25,191.5
22198;53,36;94.25,228;125.5,140.5;159.25,312.25;44.25,143.25;110,135.75;356.75,290.25;360,238.5
3110;9,41.75;82,187;157.5,195;182.25,259;44.25,143.25;94.75,190.5;348.5,290.5;360,238.5
26939;41.25,12.75;104.5,142.5;157.25,223.75;182.25,259;10,135.75;80.25,196.25;320,311;360,238.5
37354;41.25,12.75;104.5,142.5;119,238.25;148.75,280.25;26.25,71.5;93.75,132;323.75,312.5;353,291.75
7449;35.5,36;60.5,170.25;95.75,295;156.75,297;8.75,94.25;96.25,127;323.75,312.5;353,291.75
40478;22,42.25;60.5,170.25;134.25,289.75;155.75,224.5;13.75,141.25;96.25,127;337.5,282.5;354.75,258.75
18839;22,42.25;81,177.25;86.5,255.25;105,281.75;19.75,203.25;96.25,127;270.25,286.25;328.25,298.5
30525;39.25,98.5;67.75,170.25;105,281.75;107,255.75;19.75,203.25;77.75,86.75;248.75,291.75;339.25,314
21347;7.75,143.75;46.25,213.5;120.75,284.5;164,228.25;19.75,203.25;144.5,60.25;227.25,232.25;339.25,314
19392;14.25,215;80.75,142.75;140.25,317.25;164,228.25;31.25,182;162.5,58.25;170.5,274.5;339.25,314
28521;57,252.5;71.25,129;97,318.75;164,228.25;72.5,163.5;116.25,52.75;181.75,303.25;339.25,314
12495;52,285;108.75,165.25;123.75,284.5;129.5,214;73.5,221;126.5,45.5;181.75,303.25;339.25,314
26903;40,239.25;74.75,189.5;123.75,284.5;158.5,249;73.5,221;105.5,7.5;203.75,271;318.75,310.25
33332;40,239.25;83.25,128.5;95,298.75;128.5,242.25;73.5,221;169.75,7.5;263.25,304.25;328.75,309.75
46173;7,191;47,75.25;121,258.75;132.25,292;79.25,249;169.75,7.5;263.25,304.25;328.75,309.75
36546;21.25,228.75;41.25,12.25;117.75,237.25;132.25,292;43,275;107.75,23.75;263.25,304.25;364.25,279.5
3686;28.25,217;51.75,58.5;81.25,297.75;103,248;100,221.5;107.75,23.75;198.75,266.75;364.25,279.5
19097;34.75,221.75;35.25,109.75;81.25,297.75;103,248;74.5,248.5;76.75,33.75;209.5,290.5;353.5,295.75
42236;26.5,277.5;49.5,107.5;64.25,313;67.25,294;74.5,248.5;82,19.5;209.5,290.5;353.5,295.75
13628;6.25,273.75;7.25,140.75;64.25,313;67.25,294;73.5,249.5;112.5,91.5;225,226.25;360.5,211.5
20442;6.25,273.75;32.75,169.75;64.25,313;125.25,285.5;22.25,218.5;88.25,31.5;247,164.75;293.75,194.25
32389;6.25,273.75;92.25,177.75;97.75,319;138.75,227;12.5,185.5;88.25,31.5;225.5,116.25;251.25,176
38631;6.25,273.75;67.25,166;97.75,319;169,265.75;6,172.75;102.5,47;224.25,48.5;228.75,232.25
1528;8.5,306;59,132;97.75,319;157.75,216.25;6,172.75;130.25,20.5;189,2.25;275,268.25
1655;4.75,301;37.75,145;160,323.5;192.25,233.75;6,172.75;146.25,30.75;189,2.25;283,287.25
39164;22.25,315.75;92.25,141.75;160.25,280.75;199.5,167.75;11.75,171;156,49.75;189,2.25;283,287.25
22530;7.25,265;70.25,205.5;160.25,280.75;248.5,217.5;11.75,171;171.25,113.75;173.5,35;265.75,225.25
33635;10.75,219;49.75,170.75;152,319.75;280,246.5;16.75,119.75;171.25,113.75;173.5,35;265.75,225.25
29537;40.25,266.5;49.75,170.75;169.5,294.75;334.5,225.5;43,53.5;188.25,96.5;196.75,96.75;265.75,225.25
31006;30.75,295;32,239.75;134.5,284;334.5,225.5;43,53.5;202.25,53.25;211,46.5;273.25,178.25
19408;2.5,264.5;30.75,295;134.5,284;322,260.5;72,19.5;160.75,14.75;188.75,55.25;274.25,196.75
29648;0.5,299.5;52.5,242.75;103.25,321.5;353,320.25;72,19.5;140.75,31.75;188.75,55.25;233.75,246.5
28981;0.5,299.5;84.25,205.5;103.25,321.5;294.5,317.75;83.75,26.25;114.5,36.25;207.5,125.75;266.5,218
27816;28.75,322.75;65.25,259.25;111.5,317;294.5,317.75;83.75,26.25;146.25,48.5;228,127;311.25,203.75
48337;2,274.5;71,178;73,256.5;294.5,317.75;83.75,26.25;225,72;273.5,61.5;281.75,174.5
38667;35.75,243;50.5,227;51.25,242.25;354,318;83.75,26.25;244.5,76;273.5,61.5;281.75,174.5
47535;18.75,308;35,270.25;55.75,278.25;354,318;83.75,26.25;237.5,144;262.5,6.25;333.75,207.5
18731;30.25,308;33.5,275.5;117.75,253.75;354,318;113,57.5;237.5,144;289.25,42.5;295.5,264.5
47645;51.75,262.5;57,238.25;70.25,187.5;364.5,260.5;145.25,91.25;237.5,144;289.25,42.5;310.75,298
39176;57.75,295.5;64.25,209.25;103.5,144;356.75,214.25;155.25,32.25;237.5,144;289.25,42.5;330.5,312.75
42679;24,317;49.75,182.5;60.5,157.75;363,195.75;176.75,45.75;238.25,146.5;289.25,42.5;330.5,312.75
21035;24,317;49.75,182.5;50.5,157.75;363,195.75;167.25,115.5;249,77;290,30;342.75,276.75
6626;24,317;47.5,228.75;94.5,189.75;331,227.25;220,134.25;221.25,134.5;277.75,101.25;342.75,276.75
538;24,317;84.25,171.75;164.75,162.5;331,227.25;204,215.25;261.75,79.5;314,161.75;340,287.25
34282;1.25,302.25;86,227.25;137,126.25;345.5,240.5;244.25,251;261.75,79.5;286.75,184.5;340,287.25
46798;1.25,302.25;38.5,256.75;84,95;360.5,295;256.75,288;261.5,80.25;271.75,236.75;340,287.25
39802;1.25,302.25;38.5,256.75;168.75,100.75;356,259.5;200.5,308;263.75,73.75;271.5,236.25;313,312.25
16897;22.5,303.75;38.5,256.75;188.75,113.5;321.75,301;200.5,308;275.75,53.75;289.25,287.75;341.75,279.5
43944;38.5,256.75;74,305.5;136,90.25;321.75,301;248.75,308.75;308.75,52.25;331,311;352.25,289.75
24047;2,301.5;79.5,303.75;113.75,68.5;321.75,301;186.25,303.75;311.25,15;331,311;353.5,248.75
22806;2,301.5;67.75,313;68.75,128.5;253.5,302.5;149.25,317.5;298.5,58.25;303.75,242.75;331,311
49806;38,278;67.75,313;90,85.25;220.75,318.75;149.25,317.5;248.25,106.25;269.25,217.75;352.25,292.75
13859;38,278;67.75,313;69.5,67.25;247.75,292.25;143.25,250.5;269,130;293.5,259;337,234
12576;13.75,231.25;31.75,285.75;69.5,67.25;306.75,318.25;193.5,215.5;238,175.25;293.5,259;337.25,234
25967;13.75,231.25;31.75,285.75;112.25,108.5;306.75,318.25;204.5,173.25;287.5,220.75;309.75,210.25;341.25,172.5
5766;31.75,285.75;67.25,242.25;112.25,108.5;306.75,318.25;219.75,172;309.25,272.75;331.5,163.5;352.5,143.75
36037;31.75,285.75;92,284;112.25,108.5;306.75,318.25;221.75,170;298,208.25;324,206;342.5,205
25080;31.75,285.75;91.25,284;112.25,108.5;298.75,301;230,152;248.25,252;337.25,130.5;352.5,266.25
15990;31.75,285.75;91.25,284;143.75,89.25;298.75,301;217.5,78.75;220.75,216;289,151.5;348,294.75
12581;31.75,285.75;68,295.5;143.75,89.25;315.5,274.5;238.75,15;243.5,168.25;262.25,174.75;336,319.5
10325;59.5,249.5;68,295.5;81.25,64.25;315.5,274.5;223.75,5.75;274.25,215.75;299.5,115.5;315.25,314.25
41306;8.25,241;68,295.5;139.5,118.25;284,318;157.75,29.75;236.25,256.75;285.75,127.5;315.25,314.25
35093;8.25,241;68,295.5;187.5,58.75;284,318;94,26;244.75,310.25;306.25,85.5;320.5,310.5
40063;8.25,241;68,295.5;174,16.75;284,318;146.5,79.5;194,308.25;341.5,92.75;355.25,296.75
16483;8.25,241;124,285;147,8.75;336.75,315;143.75,117;234.25,308.75;347.75,152.25;355.25,296.75
25379;18.5,229;121.75,212.5;147,8.75;347.5,242.75;143.75,117;221.5,272.25;336.75,132;344.75,256.25
11612;18.5,229;90.5,142.75;147,8.75;343.25,172.25;71.5,116.25;175.5,233;310.5,161.75;314,301.25
7444;28.25,258.75;45.5,124;181.75,10.5;362.75,227.75;84.25,131.5;230,216.5;310.5,161.75;314,301.25
1765;32.5,285;33.25,117.75;131,25.5;362.75,227.75;84.25,131.5;247,201.75;256.5,168.25;355,313.25
25923;0.75,258;23,63.25;49.25,30.25;362.75,227.75;75.5,120.5;196.5,218;294.5,198.75;355,313.25
24178;0.75,258;23,63.25;124.75,8;362.75,227.75;33.75,53;130.25,223.75;310.75,194.75;331.5,311.25
661;0.75,258;42.25,125.5;139.5,20;362.75,227.75;70.75,10.5;152,300;320.25,163.25;361.25,263.25
32765;0.75,258;41.75,126;145,34.25;362.75,227.75;1.75,5;161,225.5;283.25,101;354.25,240
31039;40,241;56.5,68.5;112.25,16.75;362.75,227.75;17.5,5.75;220.25,246.5;284.5,41.75;354.25,240
35602;10.75,269.75;23,63.25;152.25,30.75;336.25,224.5;17.5,5.75;230,267.5;289.75,52.25;354.25,240
5943;10.75,269.75;14.5,36.25;108.25,17.75;319.25,164.25;17.5,5.75;285.25,286.75;345.75,32.75;352,294.25
31099;37,284;41,30.5;71.25,24.5;268.75,106.75;17.5,5.75;285.5,288.5;339,77.75;352,294.25
40911;38.5,281;102.5,6.75;105,14;268.75,106.75;17.5,5.75;204.5,296.75;315.75,82.25;322.75,301
32105;89.25,298.75;102.5,6.75;105,14;292.5,52.75;8.25,48.25;204,296.5;303.75,83.5;323,313.5
8869;73.5,223;79.75,44.5;102.5,6.75;277.5,133.25;8.25,48.25;136.5,283.25;251.25,41.25;327.25,310
45240;47.5,229.5;79.75,44.5;102.5,6.75;290,167.5;8.25,48.25;177,288.75;270,85.5;339.75,320.5
26931;38.75,228.75;116.25,7.25;163.5,38.25;290,167.5;8.25,48.25;127,295;228.25,80.25;353.25,303.25
23440;38.5,228.25;83.75,44.5;115.25,51.5;290,167.5;25.25,72;81.75,315;218,120;353.25,303.25
35656;93.25,204.25;108.75,21.5;122.25,70.25;266.25,114.5;20,119.25;81.75,315;218,120;336.25,309.75
12102;69.75,243;71.25,58.75;106.25,62.5;266.25,114.5;20,119.25;141.5,318;226.75,181;352.75,277
2129;42,263.75;55.75,51.75;83.5,23.5;330.75,112.25;20,119.25;141.5,318;214.25,189.25;313.75,311.5
16861;38.75,305.25;49,62.75;101,78.5;330.75,112.25;12.5,172.5;98.25,302.25;231.5,156;313.75,311.5
28163;32.25,239.75;76.75,110;146.25,126.5;270,114.5;3.5,228.25;98.25,302.25;216.5,190;313.75,311.5
12978;1.25,182.5;64.5,70;88.25,108;270,114.5;3.5,228.25;116.5,287.25;165.25,160.75;359.75,276.5
2455;34.75,190;65,133.5;136,101.25;277.75,105.5;3.5,228.25;110.5,282.75;129.25,153.5;359.75,276.5
35772;26.25,153.25;60.25,74.25;152.25,156.75;310,52;3.5,228.25;56.75,296.75;122.25,194;359.75,276.5
36833;1.25,196;9.25,58.75;160,126.75;281.75,72;3.5,228.25;56.75,296.75;122.25,194;348,314
18106;1.25,196;26.25,76.25;112.5,168.75;278.25,86;3.5,228.25;101.75,313.75;160,248.25;325.5,287
2212;15.75,264.25;36.5,134;155.5,193.5;294.25,52;49.75,223.25;101.75,313.75;118,214.75;325.5,287
38974;15.75,264.25;75,177.25;136.75,207;295,73.25;14,203.25;76.25,269.25;116.25,259;325.5,287
476;15.75,264.25;62.75,133.75;136.75,207;277.25,52.5;20.75,212.25;32.25,250.75;147.25,248.5;273.5,293.25
24902;52.5,219.5;74.75,131;177.75,201;285.25,54.25;20.75,212.25;32.25,250.75;143,203.75;239.5,284.25
21391;35.5,208.25;93.25,196.25;142.75,266;342.25,15.75;14.75,218;32.25,250.75;102.5,260.75;239.5,284.25
6081;30,230.5;75.25,234.5;136,257.75;327.5,17.75;14.75,218;39.75,295.5;167.25,242;239.5,284.25
25943;3.25,182.25;39,242;199,273.75;276.75,58;14.75,218;39.75,295.5;166.5,303.75;227.75,229.75
15661;3.25,182.25;17,311.5;189.75,254.5;286.5,75.5;8.25,230;99.5,269;150,302.25;227.75,229.75
33238;5.75,184.25;17,311.5;180.75,201;286.5,75.5;79,247.5;123.75,317.75;144,239;192,218
8099;48.5,177.5;73.75,297.75;180.75,201;269.25,70.5;32.25,276;123.75,317.75;179.75,191;201.25,175
35285;85,160.25;100.75,318.5;223.5,230.5;224.5,32.25;32.25,276;123.75,317.75;167.5,161.25;201.25,175
11320;85,160.25;97,318.75;245.75,297;263.25,59.75;28.25,228.5;123.75,317.75;160,90.5;270.5,180
25630;57,216.25;62.5,317.75;221.75,313.75;263.25,59.75;18.75,246.5;123.75,317.75;158.75,53.5;205.5,175.75
14572;55.5,294.5;59.25,247.75;221.75,313.75;277.25,102.75;5,306.25;71.5,288.75;158.75,53.5;189,160.5
31387;2.5,293.25;31.5,196.25;221.75,313.75;277.25,102.75;18.5,267.5;100,316.5;162,67.75;171.25,184
29038;43.75,296.5;69,170.25;253.75,289.75;335.25,81;46.75,291;74.75,305.5;162,67.75;171.25,184
21117;30.75,241.25;114.25,128;303,319.5;359.5,35.5;46.75,291;74.75,305.5;147.5,48.25;182,214.75
2915;91.25,214.25;133.75,76.75;294,251;311,6.5;46.75,291;79.75,313.5;147.5,48.25;250.5,201.5
42925;140.75,224.25;145.5,12.5;294,251;311,6.5;78.25,285.5;114.25,265.25;212.25,53.25;221.75,169.5
34579;140.75,224.25;195,21;292.5,251;357.25,20;68,247;96.5,231.25;143.25,44.75;221.75,169.5
27559;140.75,224.25;224.25,30;279.5,255.75;323.25,3.75;83,267.5;148.75,225.5;173.25,36.5;221.75,169.5
32916;183,177.75;247.25,2;279.5,255.75;322.75,3;83,286.5;178,196;190.5,1.75;221.75,169.5
10182;179.75,112.5;248,3;267.25,273;351,28.5;83,286.5;167,165.5;190.5,1.75;221.75,169.5
32283;144.75,111;275,32.5;308.25,319.25;331.5,11.75;83,286.5;141.25,145.25;169,53.5;221.75,169.5
29798;184.75,113;302.75,19.75;308.25,319.25;323.25,22.75;83,286.5;141.25,144.5;186.75,32;250.5,130.5
6031;179.25,85.25;291,53.75;308.25,319.25;323.25,22.75;82.25,253;107.5,112.75;206.25,71.75;246.75,79.75
23099;160,126.75;250,78.5;308.25,319.25;356.75,9.25;71,211.5;80.75,149;227.25,48.25;246.75,79.75
31824;156.75,84.25;272.75,72;275.5,301;296.25,2.5;24.75,178.75;49.5,192;227.25,48.25;246.75,79.75
46899;203.5,41.5;272.5,24.25;285,318.5;297.25,21;24.75,178.75;47.75,254.25;193.5,85;246.75,79.75
25159;190,8.5;221.25,39.75;285,318.5;292.25,56.5;5.25,144.5;19.5,280.25;193.5,85;258.25,76
25105;138.5,21;179.5,50.25;343.75,289.5;346,83.5;4.25,144;19.5,280.25;193.5,85;223.5,17.5
32816;112.25,78.25;191.25,113.5;320,294.75;334.75,151.75;13.5,155;19.5,280.25;193.5,85;254.25,39
9363;78.75,103.5;189.75,112;301.25,320.5;362,194.75;13.5,155;19.5,280.25;147.5,52.25;250.75,37
13184;78.75,103.5;189.75,112;301.25,320.5;330,156.75;27.25,108;40.25,276.25;130.75,22.75;291.5,42
31025;90.25,132.75;187.25,152.75;301.25,320.5;330,156.75;29.75,171;37.75,276.75;145.25,68.75;315.75,52.25
41956;101,113.5;203.75,168.25;301.25,320.5;316.5,150.25;32.5,223;79.75,316.5;146.5,53.5;315.75,52.25
23820;158.5,111;203.75,168.25;340.25,318.25;355.25,208.75;2.5,239.75;79.75,316.5;205.25,45.5;288.25,41
31676;182.25,112;182.25,113.5;335.75,315;362.75,278;2.5,239.75;79.75,316.5;150,89.5;331.75,27.75
9985;110.25,121.25;168.75,161.25;335.75,315;362.75,278;21.5,307.5;23.5,279.25;114.25,112.75;339.75,53.25
28869;76,85;138.75,129.75;311.25,294.25;321.25,241.75;21.5,307.5;23.5,279.25;111.75,92.75;340.25,82.25
30001;87.5,85.25;171.5,89.5;255.5,278;345.25,230.25;21.5,307.5;23.5,279.25;121.5,140.5;302.5,86
31366;70.75,44.75;142.25,76.75;232.5,245.75;345.25,230.25;2,311;7,310.5;140.5,166;302.5,86
46923;10.75,46.25;165.5,108.25;232.5,245.75;369,165.75;4.5,311.5;7,310.5;90.5,153.75;305.5,23.5
30911;32,76.5;186.5,83.5;187.75,239.75;369,165.75;4.5,311.5;38.5,308.75;144,137.25;241.75,15.75
46121;37,148.5;221,56;237,188.5;354.5,99.75;1,315.5;38.5,308.75;201.25,97.5;241.75,15.75
15301;66.5,136.75;221,56;269.25,203.75;354.5,99.75;41.25,291;42.75,263.25;183.5,66.5;312.75,24.75
15947;66,136.75;242.5,41.75;269.25,203.75;354.5,99.75;5.5,294;20.75,214.75;162,78.5;294,35
21070;15.5,144.25;242.5,41.75;255,183.25;369,34.5;9.25,284;84.5,221.25;162,78.5;256.5,91.75
37725;35.25,169.75;229.25,56;255.75,133.75;325.25,22.25;40.5,252.75;122.5,197.5;162,78.5;256.5,91.75
11482;50.75,139;209.75,61.75;283,105.75;331,17.5;40.5,252.75;123.5,214.5;152.25,48.75;256.5,91.75
46174;95,114.5;241.75,96.25;302,95.25;334.5,16.75;66.5,223;123.5,214.5;152.25,48.75;218.75,120.5
36608;70.5,140.75;260.25,109;302,95.25;334.5,16.75;114.25,240;119,214.75;146.75,90.5;229,151
38133;70.5,140.75;269.75,148.25;331.25,113;369.5,43.75;91,221.25;121.5,195.5;146.75,90.5;242.5,174.5
32684;48.75,177;233.5,169.75;352,173.5;354.25,27.25;91,221.25;121.5,195.5;142.25,34.75;244.25,179
49198;37.75,140;230.75,136;308,120.25;337,75.5;91,221.25;121.5,195.5;160.25,95.5;307.25,151
3218;17,177.5;230.75,136;302,112;305.5,100.75;75,168.75;122.5,234.5;160.25,95.5;283.25,173.75
41318;30,229.5;278.5,138;287.75,168.5;289,129.25;75,168.75;137.5,240.75;145,87.25;283.25,173.75
18940;44.75,281;244,181.25;249,129.75;289,129.25;37.75,118.75;137.5,240.75;149.25,29;314.25,226.75
34032;73.25,299;271.25,164.5;294.75,89.75;330.5,133.5;29,120;137.5,240.75;149.25,29;335.75,202
5221;73.25,299;269.5,105.25;300,55;302.25,134.75;29,120.5;137.5,240.75;173.75,29.25;328.25,201
32057;110,308;227.5,105.25;238.5,72;285.5,103;29,120.5;125.5,198.5;173.75,29.25;326.5,242.5
28695;110,308;216.75,53.75;227.5,105.25;285.5,103;75.25,162.5;85.5,221.75;138.25,34.25;314,242
261;155.5,306.25;216.75,53.75;216.75,159.5;289.75,111.5;84,168.25;112.5,225.25;141,7.75;314,242
22760;206,308.75;213.75,15.75;221.5,189.25;269.25,103.75;84,168.25;140.5,248;141,7.75;332.75,211.75
12153;206,308.75;214.5,30.5;227.5,148.75;247.5,164;84,168.25;140.5,247.5;162,17.75;352.5,153.5
1572;165.5,301.25;175,70;298.75,120;318,151.5;138,155.5;140.5,247.5;140.75,71.25;352.5,153.5
35568;166.25,302.25;233.25,55.25;298.75,120;318,151.5;120.25,102.25;138.75,286;165.5,83;362.25,210.75
49803;182.75,278.75;218,13.5;269,168.5;355.5,135.75;120.25,102.25;138.75,286;165.5,83;351,163.5
9548;182.75,278.75;184,42.5;207,177.5;336,154.75;109.5,39.25;138.75,286;194.75,98.75;333,138.25
4918;182.75,278.75;190.25,13.5;206.75,203;336,154.75;122.75,103.25;186.75,251.5;232.5,62;263.75,117.75
13382;152,310.5;190.25,13.5;216.25,222.25;282.25,164.25;143,90.75;186.75,251.5;224,45;304.25,127.25
7533;137.25,265.25;157.75,10.5;216.25,222.25;328.5,151.75;158.5,92.5;201,319.25;224,45;335.25,95.25
20727;170.25,203.25;177.5,48.75;183.75,249;315,154.75;158.5,92.5;201,319.25;249.75,11.25;335.25,95.25
11380;180.75,228.75;192.75,55;265.5,255.75;315,154.75;158.5,92.5;197.25,237.5;330.25,21.25;360.5,171.5
31269;147,224;223,88.5;290.25,238.5;357,131.25;109.75,115.25;189.5,181.25;330.25,21.25;360.5,171.5
20097;148.25,182.75;289.5,110.75;347.25,235.5;357,131.25;88.25,109.75;158.5,123.75;330.25,21.25;341.5,205.25
34326;148.25,182.75;275.5,149.5;292.25,210.5;357,176.25;88.25,109.75;159.25,123.5;290.5,6.5;318.75,153.25
8944;158.5,125.75;275.5,149.5;333.5,224.5;363.5,195;88.25,109.75;160.5,118;304.25,16.75;304.75,171
48709;158.5,125.75;237.5,188;333.5,224.5;363.5,195;29.25,87.5;202.75,96.5;357.5,2.5;358.25,201.75
11272;158.5,125.75;200.5,168.5;327.75,156.75;366,172.5;60.5,107;234,72.25;357.5,2.5;358.75,184.5
44632;135.75,155.75;165.5,224.25;327.75,156.75;347.75,165.75;76,131.75;234,72.25;313.25,17.25;347.75,170.75
17665;111.5,204.75;165.5,224.25;257.25,157.75;316,135.25;99.75,136.25;231.5,62.5;328.25,2.75;347.75,170.75
717;77,160.75;119.25,212.5;288.5,130.5;306.5,100.25;96,89.5;205.5,71.25;328.25,2.75;347.75,170.75
25034;51.5,157.75;58,231;288.5,130.5;306.5,100.25;147.25,51;187.25,40.75;343.25,60.5;359.75,184
44554;51.5,157.75;87.25,249.25;278.5,102;288.5,130.5;146,89;161,92.5;337.75,79.5;362,243.5
28161;51.5,157.75;148.25,223.25;267,111;304.75,137.25;114.5,78;187.75,91;337.75,79.5;355,288.75
42686;43,181.25;148.25,223.25;267,111;349.75,101.75;151.75,53;166.75,36.5;326.75,129;355,288.75
12857;99,190.75;159.25,184.5;204.25,100.25;349.75,101.75;166.75,36.5;186.5,97;341.75,171;361.75,226.25
28371;41.25,207.75;159.25,184.5;255.5,107.25;342.75,133.75;166.75,36.5;211.5,139;317.25,178;345.75,218
3422;79.5,240.75;222.75,202;255.5,107.25;363.25,142;208.25,56.5;211.5,139;327,132;358.25,186.5
8779;79.5,240.75;222.75,202;257.25,109;363.5,151.5;185.75,105.5;220.75,170;303.75,133;320.5,138.25
49387;70.75,243;222.75,202;300.5,114.25;317.75,158.25;144,90.25;166.25,161;292.25,98.5;320.5,138.25
34197;65.75,242.5;248.5,218;345,133.75;352.5,169.5;144,90.25;190.5,197.5;291.5,97.5;320.5,138.25
23145;48,272.5;274,261.75;308,137.75;318,150;144,90.25;196,177.25;274.25,143.25;291.5,97.5
5348;72.75,209.75;297.5,318.25;361,137.5;367,190.25;144,90.25;155.75,202.75;274.25,143.25;343,50.5
43347;122.75,265.25;283.75,322.75;294.25,146.5;364.25,246.75;151,52.25;183.5,162.75;274.25,143.25;343,50.5
5879;154.5,235.75;251.5,301;313.25,130;364.25,246.75;159.75,51;183.5,162.75;258,164.25;339.5,78.5
37268;190.5,232.75;258.25,255.75;270.25,97;310.5,241.25;159.75,51;206.5,125.25;244.5,219;339.5,78.5
46453;202.25,280.5;222.75,294.25;262.75,146;310.5,241.25;159.75,51;217,134.25;253,268.75;316,124
30067;177.75,267.25;209.25,259.5;274.5,144.75;310.5,241.25;139.25,28.75;217,134.25;317.75,271.25;352.25,180.75
49634;177.75,267.25;209.25,259.5;318,150.25;318.25,300.5;177.75,28.25;245,77.5;314.75,314.5;349,186.75
25304;177.75,267.25;255.75,204.75;326,209.75;341.5,311.25;180.5,29;256,131.75;314.75,314.5;353,185.75
25330;177.75,267.25;235,258.75;351.5,214.75;354,317.5;154.25,89;245.5,120.5;320.75,262.25;353,185.75
14306;177.75,267.25;235,258.75;328.25,215.75;365.5,251;121.75,103.75;187.25,96.75;337.25,231;359.25,198.25
21700;177.75,267.25;260.75,305;272.75,195.5;335.5,313.75;117.25,99;184.25,41.75;314.75,206.25;359.25,198.25
12568;215.5,319;241,274.75;247.25,195.25;335.5,313.75;158.25,156;206.25,41.25;330,206.5;359.25,198.25
23774;154.75,305.5;193.5,239.5;248,120.5;364.25,323;158.25,156;170.75,31.75;330,206.5;359.25,198.25
26657;153.5,306;172.25,226;223.5,53.75;364.25,323;188.5,164.5;192,99.25;330,206.5;359.75,146.25
19023;153.5,306;172.25,226;268.5,55.5;364.25,323;223,135.25;233.75,124;287.5,233;336.5,195.5
32211;153.5,306;172.25,226;268.5,55.5;327,322.5;223.25,194;225.25,56.5;238.25,209.5;295,170
9211;153.5,306;172.25,226;239.25,87.5;327,322.5;180.25,235.75;183.25,99.75;201,175.75;299.25,111.5
32514;136,272.5;137,213;231.25,47.75;355.5,272.75;131.5,252.5;183.25,99.75;201,175.75;290,172
27349;136,272.5;137,213;231,71.5;355.5,272.75;179.25,266.75;219.75,141.25;238,168.75;252.75,163.75
27461;121.5,254.25;136.5,147.5;177.5,38.25;336.75,209;153.5,319.5;201.5,98;238,168.75;252.75,163.75
38425;150.25,264.75;161.5,128;209.5,30.25;287,166.25;153.5,319.5;194.75,95.75;238,168.75;252.75,163.75
18252;144.5,306.5;161.5,128;209.5,30.25;317.75,158.25;139.75,270.75;144.5,106.75;205.5,142.5;299.25,150.25
1424;151.25,265.75;181.75,114;209.5,30.25;317.75,158.25;108,276.25;134.25,76.75;230,117.25;323.5,92.25
44620;165,227.25;181.75,114;223.25,0.25;356,112.25;108,276.25;134.25,76.75;222.75,170.5;307.25,51.25
17957;147.75,288;202.25,61.5;287.25,24.75;356,112.25;87.25,303.25;95.5,120.25;159.25,202.25;307.25,51.25
32475;75.75,291.5;185.75,63;271.5,72.25;309.75,96.25;68.5,273.5;95.5,120.25;159.25,202.25;329.25,82.5
50057;75.75,291.5;179,35.75;268.75,101.5;309.75,96.25;107.25,269.25;107.75,143.75;172,213.25;317,98.5
11522;99.25,248.5;132.5,76.75;268.75,101.5;302.25,157.25;107.25,269.25;135.25,107;174.25,160.5;307.75,152.5
18295;52.5,217.75;163,103.25;238.25,146.25;285.25,103;85,302;141.25,65.75;174.25,160.5;307.75,152.5
16314;54.5,218.75;163,103.25;217,106;256.75,65.75;86.75,288.25;169.25,60.25;174.25,160.5;351,145.75
41845;50,181.5;163,103.25;217,106;297.75,74.25;114,307.75;147.25,50.5;186.25,100;339.75,137.25
31723;50,181.5;205,56;270.75,102.75;296.25,104.75;55.5,321.5;121.75,6.25;170.75,50.5;339.75,137.25
6767;78.25,232.5;183.5,9.25;253.25,81.75;269.25,71.25;55.5,321.5;121.75,6.25;146.5,35;339.75,137.25
12859;137.25,224;176.5,1.5;226.25,47;290.75,14.25;55.5,321.5;121,6;127.75,72;339.75,137.25
32420;137.25,224;176.5,1.5;226.25,47;288.5,24;2.25,282.75;126,74.75;126.75,106.75;365,82
29802;137.25,224;176.5,1.5;189.5,50.5;273.75,19;18.25,212.75;91.75,19.5;161.5,92.25;302.5,57.75
31148;124.25,266;142,34.25;218.25,17.25;246,9.75;54.5,174.75;91.75,19.5;180.75,142.75;302.5,57.75
20772;50.75,249;90.75,9;265,1.25;274.25,23.5;54.5,174.75;91.75,19.5;155.25,101.75;247.5,82.25
16108;50.75,249;90.75,9;302.25,37.25;313.5,68;36.75,134.25;150.75,46.25;186.5,99.5;204.5,97.5
10386;2.75,297.25;58.25,58.5;318.25,85.25;330.75,25.75;36.75,134.25;151.75,82.5;186.5,99.5;248.25,123.5
43732;14.75,306.5;58,60.75;344,23.25;346.75,36.75;36.75,134.25;151.75,82.5;184.5,142.25;218.75,177.75
26612;16.5,312;113.25,83.25;268.75,7;346.75,36.75;70.75,170;155,68.25;184.5,142.25;283.5,192.5
37630;3.5,261.25;114.25,35.5;293.25,54.5;342.25,26;85.25,210.5;155,68.25;184.5,142.25;283.5,192.5
4375;3.5,261.25;146.25,41.75;253.25,109.25;310,24.25;138.5,184;155,68.25;156.75,121.75;219,215.25
13311;3.5,261.25;146.25,41.75;260.5,122.5;269.25,71.5;114,237.25;151,89.25;155.75,48.5;193.5,241.5
18402;0.25,197.5;130.75,89.75;281.75,167;286.25,72;114,237.25;151,89.25;158.25,45.5;164,278.75
35383;37.75,223;135,91.25;281.75,167;294.25,71;114,237.25;115.5,113.75;126.25,19.25;140.75,282
7692;57.25,167.5;115.25,67;281.75,167;294,112.5;58,235;99,171;118.75,76.75;140.75,282
39293;11.5,141.25;142.75,127.25;275.75,201.25;352,89;58,235;116.25,197;118.75,76.75;159.25,300.75
10443;62.25,170.75;80,103.25;234.25,190;371.5,74.25;58,235;116.25,197;166.25,88.25;196.25,319.25
37808;10.5,141.25;80,103.25;208,169.75;339.25,103;46.75,253;57.75,203.75;166.25,88.25;250,308.75
41420;33.75,101;56.5,98;205.75,142.75;314,112.25;46.75,253;112.25,197.75;154,112.25;250,308.75
7855;48.75,56.5;107,111.5;150,126.25;317,115.25;31,229.75;112.25,197.75;154,112.25;250,308.75
21996;51.75,65;106.75,121.25;160,116.25;317,115.25;75.5,202.25;116.25,195.25;156.25,165.75;250,308.75
4558;51.75,65;59,128.5;160,116.25;363,91.75;81.75,234.75;85.25,190;152.25,225.5;299.75,303.25
11157;4.75,96;59,128.5;175.5,49.75;332,50;44,177.25;102.5,228.25;173.25,196.5;299.75,303.25
24864;39.5,85.5;65,83.5;212.5,21.5;369.25,22.25;48.25,137.5;102.5,228.25;173.25,196.5;298.25,307
25025;7.75,142.25;107.75,125.5;144.75,21.75;317.75,55;80.5,141;95,171;173.25,196.5;298.25,307
915;6,173.75;107.75,125.5;202.25,53.75;317.75,55;142.25,169.5;150.5,202.75;170.25,224;316,257.75
6231;17.5,170.5;70.75,70;246.75,27.75;327.5,41.5;142.25,169.5;158,221.5;206,270.25;316,257.75
31378;17.5,170.5;64,75.75;226.75,56;322.75,58.75;142.25,169.5;186.25,226.75;242.5,275.5;310,254.5
2257;22,177.25;82.25,39;210.25,64.25;284.5,72;142.25,169.5;186.25,226.75;224.5,272.5;283,220.5
39946;8,177;51.25,45.75;154.75,87.75;260.5,19.5;151.75,146.25;186.25,226.75;224.5,272.5;303,195.25
27203;4.25,178.5;56,5.75;175.25,112;216.75,22;151.75,146.25;186.25,226.75;247.75,248.75;288.5,138.25
38220;18.75,140.75;56,5.75;175.25,112;209,44.5;140.5,145.25;175.75,165.5;317.25,271.25;340.25,100.25
4881;18.75,140.75;119.75,22.5;242.25,120.5;270.25,70.5;114,92;175.75,165.5;331,218.25;352.75,151
34358;6.25,92.5;157.75,30.75;216.75,67.5;306,94.75;114,92;187.25,162;331,218.25;352.75,151
13917;6.25,92.5;145.5,20;216.75,67.5;337.25,66.5;57.25,91.5;219.5,202.5;336,160.25;338.75,131.5
27080;3,141;124,32.75;266.25,65.5;311.25,53.75;40.5,68.5;219.5,202.5;312,162.75;338.75,131.5
50607;3.25,92.5;105.25,17.75;238,67.25;329.25,18.75;40.5,68.5;184.25,182.25;274.25,168.75;338.75,131.5
26602;48.75,51.75;77.75,21.5;277.25,45.5;351.5,24.5;40.5,68.5;184.25,182.25;274.25,168.75;347,78.5
22833;9,26;77.75,21.5;277,32;341,5.75;37.5,111.5;185.5,176.75;245,196.5;347,78.5
1069;10,4.75;77.75,21.5;285.5,26;323,6;37.5,111.5;202.5,156.25;230.25,184;329.25,58.5
6246;3,6.25;10.25,8.25;213,3.75;323,5.5;82.5,169.5;194.25,174.5;230.25,184;329.25,58.5
11146;3,6.25;10.25,8.25;245.75,69.75;308.5,55;107.5,162.5;209,163.25;233.75,183.5;356.25,1.5
15867;3,6.25;4.25,27.25;276,54.5;319.5,113.5;104.5,171;186,100.25;233.75,183.5;307.25,13.75
6771;4.25,27.25;11.25,6.25;249.25,117.25;278.25,103.25;153,178.25;202.25,86;273.75,143.25;307.25,13.75
27550;4.75,76;63.75,33.25;249.25,117.25;336.75,106.25;132.75,130.25;230.25,70;273.75,143.25;294.25,51.25
35095;45,98.25;63.75,33.25;249.25,117.25;336.75,106.25;140.25,98.5;193,84.5;327.25,158.5;338.25,82.75
11869;45,98.25;63.75,33.25;249.25,117.25;363,83.25;179,104;209.5,96;288,115.5;335.5,123.25
48011;44.75,97.25;47.25,30.75;249.25,117.25;363,83.25;183,103;192,104;296.5,130.75;339,163.5
14076;15.5,80.25;53.75,69.5;290.75,111.25;357,89.5;130.25,125.75;192,104;296.5,130.75;356,174.75
2134;16,43.25;25.5,63.25;290.75,111.25;333.75,104.25;90,132.25;144.5,105.75;243.5,91.5;356,174.75
2945;50,74.25;75.5,9.25;297.75,94.75;311,36.75;90,132.25;122.75,45.25;208,98;356,174.75
21040;4,104.25;79.75,20.25;280.25,101.5;292.25,56.5;104.25,151.75;109.75,23.25;208,98;356,174.75
42264;55.5,154.25;76.5,12;266.5,179.75;293,14.5;81.25,163.25;109.75,23.25;166,113.75;356,174.75
5864;28.75,121.75;76.5,12;269,179.5;293,14.5;122.75,199.25;132.25,72.75;144.5,172.25;329,194.5
33827;28.75,121.75;106.25,19.75;271.75,167.75;293,14.5;153,148.25;161.75,29.75;197.75,218;330.5,191.5
44324;51.25,139.5;131,30.75;284,142.75;293,14.5;118.25,113.25;161.75,29.75;162,223.25;305.25,151
9200;82,175.25;131,30.75;227,145.5;293,14.5;63,108.25;122.25,16.75;137,170.25;341.5,180
3136;124.25,202.75;131,30.75;234.5,127;316.75,54;8.75,94.75;122.25,16.75;173.75,183.75;358.75,148.25
36844;75,223.25;98.25,8.5;271.25,129;317.75,63.5;8.75,94.75;162.75,53.5;173.75,183.75;340.75,137.25
33771;75,223.25;96.25,10.25;271.25,129;361,112.25;22.5,155.5;126,38.5;166,164.5;354,199
29784;61,250;81.5,25.5;271.25,129;316.75,67.5;64.25,178;123.25,99;166,164.5;356.75,146
31460;42.75,296.25;60.5,4.25;298.75,169.25;368.5,52.5;77.25,215.5;105.25,111.75;166,164.5;356.75,146
36416;74,249.25;92.75,64.25;305,235.75;312,17.75;77.25,215.5;105.25,111.75;194,182.5;358.5,162.5
27038;114.25,222.5;118.25,83.5;308,241.75;329.25,16;14.25,217.5;105.25,111.75;194,182.5;358.5,162.5
9868;119.25,202.25;175.75,113.75;306.25,194.5;337.25,32;14.25,217.5;105.25,111.75;161.25,230.5;323.25,113.5
40103;135.5,191.75;222.25,92;273,168.5;337.25,32;14.25,217.5;115.5,113.25;176.25,240;334,147.5
31227;101.75,206.5;239,50.5;274,134;371,34.25;14.25,217.5;116.25,114;176.25,240;325,205.25
19273;101.75,206.5;270.25,24.5;273,68;331.75,41.25;14.25,217.5;116.25,114;184.25,302.25;318.75,243.25
20109;131.25,173.25;248.25,31.5;270.25,105.25;279.75,61;58.5,208.75;163.25,116.75;184.25,302.25;318.75,243.25
33494;95.75,175;209.5,30.25;228,129.5;332.75,31.5;81.5,168;163.25,116.75;185.5,305.75;318.75,243.25
3436;51,181.5;184.25,21.25;284,144.75;369.25,32.75;81.5,168;161.5,116.5;185.5,305.75;339.75,276.75
12141;51,181.5;211.75,17.25;268.5,178;369.25,32.75;120.25,158;191.75,95;212.75,284.75;356.25,290.25
10569;51,181.5;226.5,75.5;322,214.5;354.75,16.25;117.25,158;248,88.25;261.5,321.25;356.25,290.25
25540;47.5,226.5;244.5,20.75;322,214.5;354.75,16.25;145.25,183.5;214.5,120.5;266.25,258.75;345.75,223.25
4006;5.25,265;244.5,20.75;298.5,229.5;364.25,53.75;146,185;167.75,91.75;222,279.75;345.75,223.25
12355;5.25,265;228.25,21.5;285,261.5;301.75,57;143.25,223.75;171,104;222,279.75;343,229.25
9557;5.25,265;179.75,1.5;307.5,310;317.5,59;143.25,223.75;208.5,99;241.5,243.75;343.25,230.5
14840;49.5,239.75;187,3;306.75,301.25;317.5,59;114,230.5;230.25,114.75;241.5,243.75;344,184.25
27430;51.5,190;187,3;280,256.75;296,36.25;114,230.5;207.75,86.25;260.25,260.75;346.75,207.5
16016;51.5,190;137.75,21.75;334,267;343.5,6.5;72.75,255.5;158.75,90.75;214,272;346.75,207.5
8806;63.75,188.5;79.5,12;334,267;343.5,6.5;109.25,227.75;139.25,71.75;217.75,247.5;310.75,158.75
6181;31.5,156.75;36,55.5;315.5,223.5;364.5,5.25;110.5,230.5;168.25,115.5;217.75,247.5;310.75,158.75
9503;0.5,218.75;32.75,105;262.5,212.5;364.5,5.25;71.5,263.5;168.25,115.5;184,307.75;358,149.25
15930;0.5,218.75;65,159.75;262.5,212.5;357.25,37.5;111,295;177.75,152.25;182.5,233;337.25,130
42674;0.5,218.75;88.5,190.25;262.5,212.5;357.25,37.5;146.5,238.5;153,187;172.75,169.5;311,112.25
49446;0.5,218.75;155.25,228;262.5,212.5;369.25,36.75;103,253.75;113.75,195.5;229,158;337,82
46848;49.25,239.5;155.25,228;271.5,243.5;369.25,36.75;59.5,247;110.25,242.5;193.5,175.25;329,138.25
44641;43.75,273.25;213.75,229.75;310.25,227.75;319.25,37.75;59.5,247;144.25,224.5;165,223.5;329,138.25
10743;83.75,270.75;213.75,229.75;280.25,166;319.25,37.75;24.75,231.25;142.75,203.25;217.75,209;326,197
24627;71.25,280.5;238.25,257.25;257.75,134.75;283.25,10.25;24.75,231.25;117.75,240;217.75,209;326,197
7023;43.25,307.25;255.75,281.25;274.5,130.25;303.5,53.75;53.25,224;117.75,240;217.75,209;278.75,172.75
3130;10.75,298;255.75,281.25;283.5,103;353.5,13.75;52,170.75;117.75,240;176,214.25;278.75,194.75
12530;10.25,306.5;230.5,246.25;287.5,73.75;369,31.25;52,170.75;117.75,240;197,249.5;252.5,199.5
8613;66.75,305.5;230.5,246.25;286.25,52.25;326.5,33;29,212;82.75,189;217.75,248.5;252.5,199.5
33296;29.25,284.75;258,309.25;270.25,97;279.75,75;29,212;36.75,137.25;217.75,248.5;252.5,199
29778;29.25,284.75;216.25,252.5;264.25,28;271,23.25;32.25,252;38.75,89.5;217.75,248.5;265.25,157.75
17050;33.5,224.5;168.5,262.5;264.25,28;279.75,15.75;32.25,252;95.25,65.5;259,231.75;293.75,195
45257;66,280.25;168.5,262.5;238,44;303.5,20.25;3.5,289.25;90.5,20.5;259,231.75;324.5,229.75
42979;9.25,306;116.25,309;278,71;364.5,40;3.5,289.25;90.5,20.5;239.25,258;271.25,212.75
19296;50.75,307.75;161.25,320;308.25,52.25;325.25,51;13.25,268.5;146.25,48;239.25,258;271.25,212.75
38599;25,312.25;178.5,310;276,39.5;367.25,70.75;10,296.25;148.25,45.5;239.25,258;271.25,212.75
47444;15.5,262;178.5,310;278,18.5;357.25,80.75;42.5,251.5;188.25,66.75;197,213.75;271.25,212.75
6122;15.5,262;208.5,261;220,9;310.5,112.5;96.75,284.25;162,91.75;197,213.75;284.25,176
26595;15.5,262;201.25,232.5;270,36.5;279.25,135.25;48.25,293.5;162,91.75;225.75,190.75;289.25,175.75
22712;40.25,242.75;201.25,232.5;295.5,56.5;295.75,119.5;67.5,248;137.25,71.25;225.75,190.75;287.5,216.75
19165;35.25,190.5;236,257.25;284.5,102.25;308.5,139.75;66.25,249.25;137.25,71.25;225.75,190.75;288.75,216.75
1720;12,175.75;236,257.25;284.5,102.25;327.75,120.5;89,300;139,65.75;230.25,204.25;296,194.25
32023;37.5,182.75;244.5,218.75;252.25,122.75;327.75,120.5;28.25,301.25;174,90;230.25,204.25;331.25,163.25
43383;95.25,189.75;285,232.5;308.75,120;352.25,157.75;28.25,301.25;121.75,115.25;255.25,174.5;331.25,163.25
17348;79.25,229.75;294,246.75;305,98.25;356.75,170.75;15,309.5;121.75,115.25;255.25,174.5;355.5,157.5
17138;75.5,233.25;243.5,215.25;281.75,143.75;356.75,170.75;15,309.5;95.75,90;304.25,196.75;322,163.5
14088;76,233.75;259.25,244.75;309,114.25;356.75,170.75;15,309.5;47.75,77.25;257,176;355.75,149.75
50258;29.75,202.25;275.5,229.75;295.75,103.75;323.25,205.5;74,278.25;91,107;257,176;355.75,149.75
1232;40.25,241.5;265,255.75;295.5,53.25;327,224.5;36.75,293.5;65.75,151.5;257,176;355.75,149.75
13691;40.25,241.5;265,255.75;267.25,101.25;327,224.5;35.75,262;38.75,191.25;287,233;318,198.75
3133;52,217;254.5,203.5;283.75,54.5;300.75,209.5;35.75,262;38.75,191.25;314.75,211.25;334,207.5
7875;44.5,157.5;226.75,203.5;311.25,53.75;357.25,231;37.75,262.25;87.5,171.5;314.75,211.25;334,207.5
15753;44.5,157.5;226.75,203.5;256.25,28;357.25,231;75.25,284.5;111.25,224.5;279.25,192;297.25,208
2150;44.5,158.25;221.5,185.5;276,32.5;317.25,227.5;38,308.25;72,263.5;279.25,192;297.25,208
24716;62,98.75;216.5,132;227,37.25;317.25,227.5;11,294;72,263.5;281.25,132.25;308,235
1405;62,98.75;161.75,128.25;267.25,61;313.5,223.25;61.75,289.75;106,276.5;262,86.25;308,235
47041;62.5,95.75;161.75,128.25;267.25,61;365.75,208.5;28.25,241.75;116.25,274.5;270.25,144.25;363.25,226.25
8724;54.25,96.75;132.5,151.75;230.75,22.25;330.5,199.75;17,227.5;102.5,228.25;270.25,144.25;363.25,226.25
25039;115.25,106.5;137,127.25;251.5,59.25;325.75,150.25;17,227.5;89,221;270.25,144.25;363,267.25
34396;112.75,55;135.25,128.25;210.75,80.75;317.5,113;10.5,202.75;96.5,221.75;270.25,144.25;363,267.25
7222;64.5,23;109.75,126.5;210.75,80.75;336.75,150.5;4.5,240.75;38.5,205.75;270.25,144.25;359.75,213.25
27366;35.25,65.25;106.25,62.5;223,61.75;341.75,217;6.75,190;52.75,223.5;270.25,144.25;359.75,213.25
5317;75.25,86;103.25,20;243.5,74;338.75,270;7.5,188.75;52.75,223.5;270.25,144.25;338,171
10591;111.75,112.5;112.25,20.5;226.75,40.75;365.75,315.75;7.5,188.75;52.75,223.5;260,84.75;338,171
955;145,124.5;149,1.5;226.75,40;359.25,294.25;8,203.75;42.25,163.75;260,84.75;338,171
5412;105.5,139.25;213.25,22.5;270.25,66.75;333.5,274.75;8,203.75;82.25,131.5;263.5,50.25;338,171
21349;105.5,139.25;230,53;245,78;333.5,274.75;16.5,249.75;91.75,109.75;235.5,48.25;298,143.25
29611;85,116.25;186.5,10;245,78;325.25,270.25;16.5,249.75;133.5,122.75;236.25,76.5;309.5,138.25
19975;48.25,100.75;135,20;243.25,23;325.25,270.25;16.5,249.75;118.75,107;212.5,87;316.25,189.5
14130;34.75,59;135,20;222.5,1;333,315;16.5,249.75;152.5,105.75;184.75,40;315.25,136.25
15385;52,46.75;120.25,74.5;202.25,22;333,315;16.5,249.75;151.5,51.5;229.5,26;304.25,93.25
33089;111.75,20;130,92;209.25,62.75;297.5,304.5;16.5,249.75;151.5,51.5;229.5,26;248.75,114.25
16386;111.75,20;130,92;209.25,62.75;351,274.25;8.5,191.75;179,44.25;208.5,72.5;210,99.5
21111;54.5,46.25;105,139.25;185.25,58.5;356.75,294.75;11.5,232.25;179,44.25;208.5,72.5;210,99.5
4937;63.25,76;105,139.25;185.25,58.5;358.25,296;49.25,270;161.25,91;171.25,89.75;177.5,115.25
7286;63.25,76;105,139.25;182.5,59;317.75,306.25;66,265.25;126,60.25;151.5,91.75;186.25,152
23212;63.25,76;105,139.25;137.25,90;317.75,306.25;52.5,311.75;155.75,48;193.5,66.5;214.5,156.5
43562;25.25,110;105,139.25;189,48.25;310.5,241.25;52.5,311.75;97,51.25;161.25,120.75;171.75,173.75
40771;20.75,62.75;161.5,129.25;192.5,88.5;360.5,267.25;46.25,297;101.5,109.5;161.25,120.75;171.75,173.75
5772;20.75,62.75;171.25,161.75;194.75,94.25;361.25,289;26.5,246.75;103.5,152;161.25,120.75;175.25,237
26051;44,46.75;148.25,208.25;159.75,76.75;357.25,308;26.5,246.75;43.75,163.75;161,120.25;175.25,237
46998;91.25,91.5;113.5,164.25;119.75,20.75;353,241.25;29.5,310.75;30.25,104.75;161,120.25;175.25,237
18358;47,33;113.5,164.25;174.25,61;353,241.25;9.25,295.5;32.5,80.75;87.25,109.25;167.5,254.5
48353;18,30.75;84.75,206;128.25,47;351.5,241.5;9.25,295.5;39.5,75.25;82.5,79.75;167.5,254.5
26321;18,30.75;105.25,196.5;128.25,47;363,198.25;2.25,307.75;37.75,112.25;82.25,109.75;223.5,253.75
41342;2,6.25;105.25,196.5;115.5,34.75;355.25,197.25;18,294.25;63.25,62;109.5,144.75;223.5,253.75
36618;2,6.25;137.5,224;150,96.5;332.5,214.5;89,281.75;99.25,35.25;129.75,217.75;223.5,253.75
3779;2,6.25;84.75,240.75;184.75,139.75;291.75,238.75;66.25,222.25;99.25,35.25;101,267.75;225.25,185.5
30662;2,6.25;47.5,226.25;184.75,139.75;324.25,205.5;28.25,190.25;38.5,43.25;142.25,303.75;240.25,137.5
34629;16.25,62.75;20.5,258.25;121,138.5;313,252.25;5,190.75;38.5,43.25;144,301.25;240.25,137.5
20597;16.25,62.75;41.25,308;121,138.5;286.75,232.25;16.75,207.25;26.5,41.5;83,285.75;225.5,115
28186;3.5,5.75;110,310;183.75,112.75;257.25,281;16.75,207.25;26.5,41.5;138.5,264.5;204.75,93.75
44080;3.25,9.75;110,310;225.75,92;281,287.25;6.25,136.75;83.25,21.5;161.25,301.25;204.75,93.75
46988;3.25,9.75;92.5,261;162.75,127.25;273.75,322;13.75,92.75;29,56.5;106.5,305;204.75,93.75
15828;3.5,50;58,218.75;144.75,89.25;243.75,277.5;29,56.5;40,88;118,295;204.75,93.75
2447;6,32.5;34,242.75;160,117.5;244.5,277.75;4.75,20.75;40,88;170,298.25;204.75,93.75
27205;6,32.5;7.25,287;152.75,50.25;280.5,287.25;0.5,85.75;23.75,124.5;170,298.25;209,99.5
27263;2.75,7.25;28.5,260.25;152.25,49.25;280.5,287.25;10.5,127;66,101.75;186.5,321.5;209,99.5
23297;15.25,63.25;56,242.25;174.25,61.5;320.75,241.75;14,128.75;66,101.75;186.5,321.5;237.5,149
39666;12,3.75;60.5,231;122.5,59.5;338,217.75;14,128.75;66,101.75;144.75,302.75;287,144.25
17380;8.75,40.75;118.75,234;122.5,59.5;312.25,199.5;11.75,55.25;102.75,120.75;144.75,302.75;278.5,102.5
48976;63.75,40.75;115.25,252.75;122.5,59.5;357.25,172.75;9,44.75;140.75,72.5;144.75,302.75;309.25,88.25
13457;80.5,65.5;115.75,314.5;122.5,59.5;357.25,172.75;34,51;87,73.25;161,301.25;261.25,78.75
6408;73.5,82.5;115.75,314.5;122.5,59.5;357.25,172.75;24.25,14.25;57,105.75;167,318.5;230.25,95
48329;121.25,79.5;121.5,242;129.75,24.25;341.25,225;24.25,14.25;51.75,148.75;168,319;230.25,95
28716;121.25,79.5;160,266.75;174.25,59;280.75,255.75;5,39.75;25,119.75;168,319;229.75,16.5
12254;107.75,16.75;162.25,235.25;218.5,36.5;278,309.75;5,39.75;11,141.75;200.75,305.75;229.75,16.5
37575;115,6;130.25,172.25;171,20.25;278,309.75;5,39.75;23.25,203.25;153,279.25;204.75,6
17351;139.25,56.5;146.5,227.75;152.25,53.5;256,250.25;5,39.75;58.75,203.75;153,279.25;204.25,5.75
2369;139.25,56.5;146.5,227.75;202,46.75;273.25,256.25;55.75,4;97.75,182.5;109.5,291;258,19.25
39041;109.25,122.25;128.75,200.5;190.5,37;284.75,230.25;55.75,4;78.5,191;123.75,234.5;258,19.25
14586;109.25,122.25;128.75,200.5;172.75,90.25;284.75,230.25;65.25,12.75;93.5,190;94,283.5;261,63.75
33030;109.25,122.25;131.25,182.75;147.75,78.75;266.5,273;21,0.5;74.75,141;94,283.5;210.25,68.25
32114;74.5,166.25;82.25,165.5;159.75,145;305.75,322.5;21,0.5;74.75,141;151,303;187.75,37.5
41070;72.5,142.75;109.75,169.25;145.75,190.5;298.5,317.25;21,0.5;74.75,146.75;158.75,299.75;187.75,37.5
32872;57.5,176.75;91.5,165.75;92.5,174.75;298.5,317.25;21,0.5;110,136.75;164.25,237.5;196,66.75
29688;40,225;89.25,177.75;91.5,165.75;353.5,319.75;21,0.5;75.75,190.5;220,254.5;220.5,50.25
42673;42,191.25;81.25,175.5;105.75,123.75;321.75,264.5;21,0.5;25.5,191.5;187.5,230.25;220.5,50.25
13924;18.5,144.75;60.5,133.25;104,62.5;362,278.25;21,0.5;25.5,191.5;193,228;220.25,40.5
43793;68,145.75;80,172.5;104,62.5;363.75,210.25;21,0.5;83.25,215.5;172.5,170.5;175,10.25
17531;68,145.75;98,165;147.25,78;354.5,184.75;49,1.75;89.25,183.5;103.5,153;175,10.25
35734;69.75,183.5;146.25,125.25;146.5,21;335,215.75;49,1.75;82.5,120.5;136.5,169.75;175,10.25
44735;69.75,183.5;146.25,125.25;200.5,7;345.5,239;8.5,31;67.5,152.25;124.75,227.75;175,10.25
17011;73,117.25;136,61.75;200.5,7;342.25,197.25;8.5,31;76,100.25;119,275.75;120.25,21
3991;52.75,55.5;137.75,127;200.5,7;340.5,199;1.75,17.5;111.75,127.75;119,275.75;146,48.25
32403;49,46.75;126.5,59.5;271.75,18;279.5,229;65.75,11.25;111.75,127.75;119,275.75;146,48.25
1215;6.5,63.25;174.5,34;223.25,42.75;279,255.75;35.5,47;111.75,127.75;119,275.75;121.5,74
46939;7.75,32.75;156.5,34;230.5,68.25;279,255.75;1.75,53.5;46.75,138.5;104.5,274.75;121.5,74
11284;23.5,62.75;156.5,34;264.75,92;310.75,216.25;1.75,53.5;26.5,182.5;53.5,252.75;154.25,90.75
26052;23.5,62.75;156.5,34;203.75,100.25;310.75,216.25;15.25,18.25;29.75,206.25;43.75,300;149.5,30.5
7891;48.25,105.75;170.75,89.75;178.75,112.25;343.25,229.5;4.75,21.25;22.5,154.5;43.75,300;149.5,30.5
10774;38.25,57.25;220.5,105;231.5,98.75;334.75,215.75;4.75,21.25;16,112.25;43.75,300;127.25,50
27335;57.75,75.25;220.5,105;230.5,98.75;339.5,254.75;4.75,21.25;21.5,128;51.75,308.25;69,41.5
40502;21,64.25;257.25,114.5;269.5,90.75;278.25,240.5;19.5,35.5;21.5,128;51.75,308.25;69,41.5
1696;74.5,70;266.75,163.75;310.75,53.5;342.5,248.25;19.5,35.5;21.5,128;35.25,265.5;62.25,35.75
37059;73.25,126.25;250.75,166;259.25,17.5;362.5,231.25;8.25,52;21.5,128;41.75,263.25;62.25,35.75
31662;60,172.25;273.25,111.5;299.25,52.25;299.75,251.75;9,9.75;21.5,128;41.75,263.25;98.25,67.5
8663;46,108.25;267.25,59;271.5,26.25;351.75,265.75;16,17.5;20,99.25;41.75,263.25;98.25,67.5
12046;5.5,70.25;255.25,59.75;271.25,71.75;351.75,265.75;16,17.5;78.5,151.25;105,267.75;122,39
7845;3.5,70.5;255.25,59.75;317.5,82.25;351.75,265.75;12.75,22.75;105.25,126.5;110,260.75;116.5,74
49666;3.5,70.5;297.75,6.5;333.5,121;343,217;12.75,22.75;52.25,177.25;79.25,318.25;116.5,74
20392;3.5,70.5;258.25,17.5;286,70.25;287.75,186.25;12.75,22.75;70,183.75;82.25,315;112.75,113.25
19332;46,44.75;239.25,81;255.75,46;262.5,180;14,57.25;62.5,221.5;82.25,315;112.75,113.25
28364;80.75,44.5;182.5,90;200.5,94;291.75,153.75;3.5,127;62.5,221.5;82.25,315;102.25,66
29;125,39.25;192,38.5;241.75,126;352,164.5;1,129.25;69.5,263.75;82.25,315;102.25,66
19303;104.75,11.5;159,7.75;241.75,126;352,164.5;7,137.75;39,220.5;81.75,285.25;115.25,92.75
28444;62.25,40.5;145.25,21;194.5,136.5;352,164.5;7,137.75;10.75,273;31.75,283;142,81.25
21788;42.25,66.25;117.75,5.75;213.5,106.25;371.75,142.5;7,137.75;37.5,307.75;52.25,322.75;142,81.25
24139;6.75,63.25;90.25,9;251,135.5;363.75,148.75;7,137.75;8,296.5;52.25,322.75;147.5,49.5
8850;40,11.25;144.75,20.75;255,117.25;339,143.5;7.25,146;8,296.5;52.25,322.75;96,24.75
169;34.75,64.25;158.75,109.75;255,117.25;359,179.25;3,128.75;8,296.5;121,273.75;130.5,98.75
40457;34.75,64.25;158.75,109.75;270,74.25;356,158.25;14,106.75;15,249.25;159.75,318.5;162.25,80.25
43113;41.75,113;155,129.25;291.25,105.25;365,192.75;14,106.75;15,249.25;170.75,315;214.75,105.5
20897;29.75,123.75;90,119;324,143.25;347.25,209.25;14,106.75;48.75,251;170.75,315;197.5,85.5
22382;29.25,91.75;107.25,160.25;297.5,166.5;316.5,223.25;19.25,124;48.75,251;170.75,315;197.5,85.5
9829;57,139.75;61.25,178.25;314.25,224;340.25,217;19.25,124;19.25,309.25;170.75,315;195.5,98.5
3849;25,80.75;48.25,126;327.75,242.25;364.5,260.5;19.25,124;21.25,272;170.75,315;178.75,162.25
38788;47.5,95;48.25,126;303.5,263.75;340.5,218.5;33.25,76.75;56.25,309.5;170.75,315;188.5,174.75
41175;21.25,63.75;116,150;315.25,263.5;357.5,157.25;33.25,76.75;70.25,270.75;170.75,315;176.5,113.25
13109;21.25,63.75;137.25,212.5;278.5,283.75;316,115.25;47.75,23;79.75,318.75;170.75,315;217.75,106.25
24493;55,76;110.25,243;273.5,256.75;326,119.75;47.75,23;79.75,318.75;172.75,296.5;215.75,72.75
45956;55,76;110.25,243;281.5,216.5;326,119.75;29.75,47;52,286.25;170.5,273.5;263.75,47.5
31480;68,36.25;114.5,199.75;310.5,263.75;333,97;6.25,59.25;11,306.75;170.5,273.5;263.75,47.5
37082;16.5,59;103.25,203.75;347.25,308;349.5,156.25;6.25,59.25;11,306.75;170.5,273.5;243.75,31.75
16568;16.5,59;57.5,228.75;315.75,315;333,135;6.25,59.25;21.5,229;170.25,274;227.5,49.75
50130;29.5,137.5;57.5,228.75;269.5,250.25;273.25,165.75;26.75,107.25;27.75,300.5;191.5,242.75;227.5,49.75
42451;41,94.25;96,163.5;272,180.75;279,238.75;24.75,33.5;27.75,300.5;191.5,242.75;262.5,40
22199;41,94.25;96,163.5;285.5,165.75;350.25,228.75;15.75,47;64.5,263.5;153.5,221;194.25,68.5
17856;2.5,110;134.25,124.75;318,152.25;352,188;4.75,22;84.25,283;153.5,221;194.25,68.5
27315;10.75,46.25;101.5,114.5;303,150.5;315.75,132.75;19.25,57;84.25,283;112.25,194.75;194.25,68.5
33592;10.75,46.25;71,170.75;349.75,165.25;356.5,129.5;26,58.5;84.25,283;145.25,221;236.75,118.5
25593;11.25,43.25;71,170.75;334,225.5;365.25,70.25;64,3.75;84.25,283;158.25,277.75;244.5,110.75
18416;10.75,83.25;15.5,176.5;294,207.5;356.75,32.75;67.25,10.75;84.25,283;158.25,277.75;295.75,88.5
32850;36.5,50.25;55,202.25;294,207.5;356.75,32.75;37,36.5;71,306.5;103,308;333.5,51.75
2592;12.5,32.75;53,272;327,267;351.5,9.25;2,3;78,297.75;103,308;333.5,51.75
34031;12.5,32.75;53,272;280,286;351.5,9.25;70.75,10.5;133.75,264.75;171.75,287.5;281.75,51
302;55.25,4.25;76.5,222.5;274.75,255.75;367,28.25;118.5,38.25;131.25,285.75;171.75,287.5;281.75,51
22066;19.5,30.75;138.75,227;287.25,229.75;342,6;118.5,38.25;131.25,285.75;229,266;281.75,51
19282;19.5,30.75;165.5,211.75;268.75,242.5;367.75,69.75;117,61.25;131.25,285.75;248,225.25;354.25,79.75
36010;54.25,74.75;185.75,219.5;268.75,242.5;370.75,30.25;117,61.25;141.75,272.5;276.75,191.75;304.5,109.75
15341;37.5,138.75;213.5,230.75;272.5,230.5;370.75,30.25;73.5,44.75;141.75,272.5;217.25,210;355,69.25
12399;37.5,138.75;232.25,206.75;253,279.25;324.75,58.5;14.75,69.25;141.75,272.5;202.5,176;356.75,56.75
35011;36,206.5;232.25,206.75;252.75,244;324.75,58.5;16,5;87.5,283.75;180,151.75;357.25,81
2916;36,206.5;240.75,210.75;248.5,218;269.5,36;24.25,0.75;85,275.5;180,151.75;327.75,60.25
1149;4.5,154.25;214.25,260;283,159.25;295.75,54;24.25,0.75;126.5,229.5;180,151.75;356.5,77.5
33604;48,189.5;249,220;283.25,105.75;342.5,6.25;24.25,0.75;126.5,229.5;202.75,97;308.25,84
1244;44.75,226;187.75,219.5;304.5,99.75;352,15.25;26.75,0.75;77.25,276.5;202.75,97;308.25,84
24077;44.75,226;187.75,219.5;304.5,99.75;311.5,32;40.25,33;109.25,319.25;158.25,92.75;280.25,127
13710;10.5,230.75;153.5,259;335,46;364.5,42.5;39.25,38.25;109.25,319.25;158.25,92.75;335.5,168.5
22372;10.5,230.75;124,302.75;291.25,2.5;355.25,24;47.5,76.75;109.25,284.25;180.75,105.5;335.5,168.5
13757;10.5,230.75;93,297.5;315.25,16.25;352.75,42;47.5,76.75;114.75,223.5;145.75,152.25;318.25,163.5
17591;47.75,262.5;64.75,318.5;293.75,71;330.75,63;47.5,76.75;114.75,223.5;182,135;281.5,116.25
49085;39.25,310;47.75,262.5;247.5,36.25;330.75,63;68,41.5;100.25,229.75;163.25,166;308,128
8031;53.5,309.75;76.5,273;249.75,40.25;364.75,68.75;99.25,12.5;100.25,229.75;163.25,166;278.75,143.25
16999;15.75,311;73,257;223.5,63.75;364.75,68.75;130.25,20;140.25,256.5;163.25,166;233.25,154.5
3580;57.5,293.25;137.25,282.75;258.75,18.5;364.75,68.75;130.25,20;140.75,257.75;162,188.75;179.75,106.5
28374;83.25,298.75;123.75,250.25;244.25,7.5;327.75,23.5;130.25,20;140.75,257.25;166.25,223.25;179.75,106.5
32451;125.5,280;181.75,235.75;220,63;337,48.25;129.75,19;140.75,257.25;166.25,223.25;206.75,105.5
2233;111,223.25;196.25,259;200.75,62;337,48.25;155,50.25;156.25,272.5;166.25,223.25;220,115.75
15905;55.5,231;123.75,244;130.25,28.25;355.75,30.75;135.75,20.25;156.25,272.5;166.25,223.25;243.5,41.5
39011;55.5,231;123.75,243.5;130.25,28.25;364,58;94.75,65.75;100.25,263.75;156.5,255.75;175,41.5
40929;102.5,249;156.25,227.75;173,19;352,12.25;94.75,65.75;124,252.5;154.5,298.5;175,41.5
37160;94,231.75;115,235.5;193.25,84;282.5,53.5;94.75,65.75;154.5,298.5;172.25,240;195,100.5
21246;59.5,175.75;86,197.5;228,102.75;277,58.5;139.75,29.75;171.75,287;172.25,240;195,100.5
22082;83.5,184.25;121,141.5;202,132.25;228,56.5;145.75,31.75;167.75,223.5;171.75,287;195,100.5
2388;83.5,184.25;111.75,113;215.75,161;217.25,8.75;133,98.75;158.75,224.5;171.75,287;225.5,82.5
21250;51.25,241.75;111.75,113;250.5,201.5;256.75,38.25;114.75,162.25;158.75,224.5;163,317.5;201.75,106.75
48285;81.75,267.5;111.75,113;241,216.75;258.5,17.5;105.25,125.5;125.5,194.5;163,317.5;220.25,105.5
17279;83.75,319.25;147,124.25;278.5,230.75;281.25,75.25;105.25,125.5;152,176.5;163,317.5;240.5,41
2263;22.25,296.5;86,121;270,180.25;334,32.5;120.5,157.25;152,176.5;163,317.5;186,43.75
35034;22.25,296.5;86,121;301.25,137.25;334,32.5;78.75,161.25;90.75,156.75;129.5,281;175.25,2
47751;35.5,317.75;93.25,139.5;300.75,174;321.25,36.75;78.75,161.25;90.75,156.75;96,240;171.25,37.5
33642;34,318.25;93.25,139.5;294.25,209;321.25,36.75;109.75,135.75;113.25,216.5;116.75,241;186.25,95.75
15340;34,318.25;105,73.5;347.25,235.25;363.25,20.5;80.5,133.75;112.25,198.25;116.75,241;234,120.5
13493;34,318.25;62.25,31.25;347.25,235.25;363.25,20.5;98.75,137.25;101.5,200.5;148.25,202.25;199,90.25
245;48.25,306.5;49.5,33;342,311.25;364,22.5;24.25,123.75;79.25,118.25;148.25,202.25;199,90.25
17310;26.25,322.75;49.5,33;331.25,318.5;364,22.5;60.5,104.5;97.25,64.5;116,197.75;167.25,90.25
2164;27,319.25;100,27.25;361.75,289.5;370.75,50.75;60.5,104.5;110.5,7.75;116,197.75;208.75,93.25
39578;27,319.25;61.75,98.5;325,266.25;327.25,113.5;60.5,104.5;99.25,35.75;120,273.5;248,85.25
21177;8.75,298;31.5,49.25;294.5,303.25;310.5,162.5;60.5,104.5;99.25,35.75;144.5,262;296.25,47.25
9706;13,302.25;47.5,95;275.25,322.25;310.5,162.5;50.75,84.75;99.25,35.75;105.5,273.75;288.75,92.75
26674;40.25,242;46.25,44.75;207,311.75;282,127;37.25,137;99.25,35.75;146.5,302.75;288.75,92.75
21606;40.25,242;46.25,44.75;243.75,308;282,127;9.25,148.5;88.25,30.5;153,286.75;298.25,85.5
8140;11,232.75;90.5,26.5;233,313.25;282,127;16.5,120.25;88.25,30.5;96.25,265;338,64.25
35232;11,232.75;90.5,26.5;235.25,315.75;267,129.5;20.25,187;44.5,46.25;50.25,222.25;282.75,42.5
31887;2.25,172;103.25,5;235.25,315.75;302.25,148.25;26.25,120.25;44.5,46.25;91.25,179.5;318.25,34.25
24973;2.25,172;110.5,48.5;235.25,315.75;302.25,148.25;9,68.75;72.75,55.75;129,199.5;355,17.5
40920;2.25,172;131.25,21;235.25,315.75;302.25,148.25;12.25,48.25;49.5,5.25;140.5,159.5;352.75,67.75
32405;59.5,193.25;86.5,64.25;204.5,260;300.5,114.25;9.75,18.5;49.5,5.25;140.5,159.5;349.5,83
2559;38.75,204.25;94,69;161.25,257.5;290.75,115.75;9.75,18.5;50,56.25;103.75,113.25;349.5,83
5192;32.25,239.25;94,69;146.75,262;230.5,77.75;9.75,18.5;55,101.75;125,115.25;342,31.5
3066;90.25,243.5;116,33;162.5,278.25;248.75,11;9.75,18.5;34.75,89;138.25,121.75;342,31.5
22551;82.25,184.25;87.75,69;128.25,290.25;213,32.75;9.75,18.5;34.75,89;138.5,121.5;357,39.25
20914;56,241.75;92,19;161.75,286;278.75,52.25;7.75,48.25;34.75,89;153.5,49.25;357,39.25
33217;55.75,295.5;116.25,23;187.5,248.75;337,59.75;7.75,48.25;70.5,50.5;121.25,105.25;357,39.25
39378;107,281.75;116.25,23;207.5,299.25;287,102.25;7.75,48.25;118.25,21.25;126,111.75;336,49
11748;113.75,214;116.25,23;207.5,299.25;287,102.25;9.25,2.75;126.75,21;171.75,89.75;349.5,82.75
48859;48.75,241.5;75.5,52.75;207.5,299.25;254.5,92.5;60.75,35.5;120.75,45;142.25,91.5;349.5,82.75
12260;16.5,264.25;63,75.75;207.5,299.25;297.5,115;69.25,31.75;89.75,71.5;148.25,42.5;349.5,82.75
36854;16.5,264.25;20.5,120.75;207.5,299.25;251.5,81.5;80.75,56;88.75,131.5;129,78;324,81.5
29262;48,231.25;56.75,66;221,302.25;298.5,37.5;80.25,24;88.75,131.5;129,78;306.75,151.75
46337;48,231.25;56.75,66;221,302.25;264.25,13.25;17.25,3.25;71,191.75;131.5,74.5;304.75,196.25
19135;32.75,238.75;82.75,75.25;225.25,230.75;264.25,13.25;11.75,52.5;76.5,203.25;131.5,74.5;358.25,191
1169;91.5,274.25;103,137.25;243.75,171.25;257.5,18;24.75,68.5;76.5,203.25;161.75,31.25;358.25,191
10596;52.5,219;155.25,157.75;226.25,145.5;272,25.75;22.75,54;76.5,203.25;161.75,31.25;312.5,160.25
18833;99.75,250.5;118.5,141.5;222,86.25;329.5,13.75;22.75,54;76.5,203.25;208.25,75.5;329,198
17164;70.25,248.25;163,147.5;214.25,44.5;329.75,32;6,71;76.5,203.25;208.25,75.5;300.75,199
38399;40,275.25;163,147.5;249,11.5;329.25,7;23.5,28;69,152.5;262,53.75;300.75,199
3949;42.25,240.25;195.5,141;249,11.5;305.25,37.75;49.5,6;69,152.5;229.75,7.5;281.5,224.5
19486;1.25,298.75;133.25,128.25;249.25,10.75;358.25,82.75;50,53;69,152.5;173,28;281.5,224.5
22842;1.25,298.75;120.5,73.5;293.25,37.75;312.5,80.75;2.75,105;32.75,188;202,98.25;281.5,224.5
44721;1.25,298.75;131.5,49.25;284.75,15.75;312.5,80.75;4.25,150.5;11,150;243.5,72.75;318.5,199.25
4547;1.25,298.75;131.5,49.25;254,31;257.75,55.75;3.5,92;4.5,110.25;242.25,71;285.5,150.5
31290;52.75,276;152.25,91.25;257.75,55.75;265,30.75;24.25,124.75;31.75,78.75;209.75,65.5;285.5,150.5
5791;43.75,297.25;135.75,127.75;231,21.25;272.75,56;12.5,68.75;24.25,124.75;146,49;285.5,150.5
7003;104.5,322.5;156.75,140;273.25,48.5;278.5,29;12.5,68.75;24.25,124.75;146,49;258.25,132.75
30874;104.5,294.5;107.25,162.75;273.25,48.5;325.25,33.5;13,13.25;24.25,124.75;155,79.25;210,98.5
48130;47.5,294.5;107.25,162.75;273.25,48.5;325.25,33.5;38,36.5;54.5,84.75;101.25,47.5;222.75,93.25
8261;35.75,284.75;107.25,162.75;273.25,48.5;357.75,14.75;33.25,29;66.75,30.75;106.5,113.25;222.25,92.25
19210;43.25,242.5;71.75,97.5;235.75,48.75;365.75,39.25;33.25,29;95.25,49.25;106.5,113.25;221.75,91.25
30206;43.25,242.5;71.75,97.5;186.75,19;295.25,52.5;17.25,14;22.25,46.5;88.25,136.75;161.25,48.25
43219;111.5,209.25;130,62.75;172.75,16.5;318.25,22.75;17.25,14;22.25,46.5;88.25,136.75;189.25,41.75
28127;111.5,208.75;148,4.25;155,83.75;318.25,22.75;23.5,28;26.75,70;38.25,88;189.25,41.75
18743;55.25,159.25;152.5,27.5;156.25,41.5;326,88.25;1.75,43.5;7.75,146;26.75,70;189.25,41.75
26316;111.75,126;147.5,75.75;216.75,63.75;356.25,122.5;1.75,43.5;7.75,146;24.75,107.25;119.25,23.25
50098;67,171.75;124.5,11.25;216.75,63.75;292.5,137;1.75,43.5;8.75,196.25;60.5,101;142.25,99
43977;45.5,199.5;124.5,11.25;223.25,127;292.5,137;9,31;11.25,172.75;96.75,66.25;189,106
48711;45.5,199.5;102.5,13.5;256.5,92.25;275.75,94.75;11.25,10;11.25,172.75;136.75,57.25;146.5,68.75
7966;45.5,199.5;102.5,13.5;264,129;330.5,152.25;50.75,76.25;59,150.75;93.5,34.5;142.25,49
19646;60.5,234.5;160.5,10.5;242.5,130.5;326.5,160.75;29.75,78.5;59,150.75;88.5,34.25;142.25,49
46708;89.5,243.5;198.25,60.75;263.5,180.5;299.25,212;3.75,105;59,150.75;109.5,40.5;142.25,49
27353;89.5,243.5;176.75,13.75;253.5,172.75;299.25,212;4.25,105;64.75,97.5;86.75,12.25;173,32.5
2161;89.5,243.5;176.75,13.75;274,165.5;342,257.5;43.25,109.5;69.75,153;93.75,15.25;125.5,74.75
15151;41.5,267;188,38;298.75,113;368,194.75;15.75,140.75;52.75,134;93.75,15.25;125.5,74.75
10381;11.25,231.5;155.75,50.25;324,159.25;344,224.5;35.25,147.25;64.5,81;93.75,15.25;125.5,74.75
49066;11.25,231.5;107.5,74;287.25,169;344,224.5;35.25,147.25;71,20.5;130.75,21;135.75,20.25
36630;11.25,231.5;39.25,75;264.5,180.5;301.75,282.25;34,89.5;71,20.5;147,4.75;160.25,51.75
18301;36.25,212.5;48,126;226.25,208.25;298.25,256;92.75,121.25;112.25,38.5;147,4.75;160.25,51.75
43048;41,242.25;67.25,83.5;183.75,260.75;360.5,237.25;65,99.75;94.5,21.5;147,4.75;160.25,51.75
27451;36.5,268.25;67.25,83.5;203.25,259.75;310.5,226.5;65,99.75;144.5,39;146,77;161,51.75
36106;27.5,323.5;106.25,88.5;199.5,308;310.5,226.5;37.5,112;118.5,24;161,51.75;203.25,96.5
3556;17.5,307;106.25,88.5;224.75,302.25;363.5,235.5;37.5,112;80,16;174.75,10;258.5,93
411;86.25,323;106.25,88.5;166.25,310.25;337.5,210;23.75,178.5;69,50.75;176,9.5;258.5,93
8707;46.75,277;91,116.25;208.75,265.5;332,152.5;11.75,146;75.25,11.25;176,9.5;258.5,93
44188;81,255.5;89.75,90.25;199,308.75;332,152.5;7.75,136;8.75,31.75;176,9.5;308,114.5
42939;81,255.5;142.75,78;148.75,298.25;269,167.5;7.75,136;8.75,31.75;251.25,11;320,147.25
31681;58.5,294.5;94.25,62.75;184.25,318;251.75,153.5;7.75,136;10,32.75;251.25,11;270.75,172.75
41062;27,268;33.25,30.75;184.25,318;225.5,105.25;7.75,136;8.25,5.25;206.5,45.25;319.5,126.75
22692;27,268;65.25,103.5;184.25,318;275.25,128.25;27.5,70.5;38.25,59.25;170.5,48.75;305,196.75
24842;27,267.5;65.25,103.5;234.75,314.25;275.25,128.25;63.5,102;81,80.25;185,56.5;333.5,219
49735;27,267.5;91.5,70.75;263.75,323;275.25,128.25;22.5,119.25;65.5,55.75;196.75,96.5;293.5,218.75
12283;57,317.75;151,86.25;218.75,303;277.25,75;22.5,119.25;65.5,55.75;167.25,57.75;315.75,206.5
36970;57,317.75;200.25,61.25;206,259;329.25,36.75;6,127.25;65.5,55.75;121.75,17.5;261.75,176.75
12321;57,317.75;194.25,59.25;219,201.5;329.25,36.75;22.75,119.25;84.25,13;165.25,37.5;246.5,199.75
27163;57,317.75;232.75,47;286.25,173;329.5,8.5;25,119.75;96.75,67.5;162,92.75;246.5,199.75
33235;16.25,284;261.25,32;286.75,122.75;292.25,8;29.5,89;96.75,67.5;162,92.75;304,199.5
24370;81.75,281;268.75,74.5;278.75,73.25;292.25,8;29.5,89;116.25,113;237,81.25;307.75,148.75
12837;15.75,283.25;256.25,19.5;265,28.25;278.75,73.25;29.5,89;120.75,115.75;240.5,33;252,132.25
5600;63.75,317.5;185,50;278.75,73.25;279,33.5;4.75,143;115,71.25;228.75,79.75;252,132.25
16231;77.75,291.25;218.5,0.25;264.25,19.5;278.75,73.25;4.5,110.5;115,71.25;192,95;221.25,114
30113;42,281;216.75,21.25;216.75,45.25;301.25,139.25;4.5,110.5;122,113.25;192,95;209.5,120.5
18030;70.75,305;214.75,15.25;264.75,85;359.5,130.25;62.75,93.75;83.75,147;192,95;209.5,120.5
20085;70.75,305;199.75,15.5;277.75,131.25;329.5,154.75;62.75,93.75;109.75,115.25;135.75,91.5;146,141.75
36284;70.75,305;167,5;266.25,59;347.5,216.75;24.5,127.5;57.5,91.25;135.75,91.5;159.5,202.25
13530;70.75,305;167,5;284,52.75;358.25,216.5;66.5,94;79,118.25;164.75,41;210.75,175
27218;91,271.25;109.25,34.75;329,60.5;330,244.75;66.5,94;131.25,107;183.25,95;210.75,175
27302;30,230.5;109.25,34.75;329,60.5;360.5,208;64,81;143.25,31.25;205.25,108;207.5,181.75
38371;55.75,170.75;158,86.25;329,60.5;329.5,151.5;95,132.25;173.5,37;205.25,108;272.25,214.25
38879;55.75,170.75;195.25,92.75;268.25,70.75;335.25,177;128.25,104.5;173.5,37;213,147.75;292,195.5
34392;33,130.25;201.75,62;263.25,88;319.5,149.75;128.25,104.5;230.75,48.75;231,155.5;292,195.5
8800;83,171;162.25,51.5;261.75,147.5;272.75,196.25;128.25,104.5;246.5,47.5;249.25,164.25;292,195.5
16948;30,208.5;162.25,51.5;264.5,122.5;288.5,166.5;128.25,104.5;197.75,20.5;270.75,162;295.5,152.5
25196;3.25,209.75;158,34.75;265.5,179.25;330.25,202;128.25,104.5;197.75,20.5;218.25,172.5;302,112.25
35507;0.5,218.25;136,90.25;265.5,179.25;341.25,133.75;144.5,147.5;168.75,15.25;218.25,172.5;317.25,88.25
33957;32.25,168.5;110,106;271,149;333.25,88.75;144.5,147.5;171.25,10;218.25,172.5;347.5,77.75
44134;6.5,175.5;160.25,125.75;220.25,132.25;346,85.5;148,182.25;171.25,10;202.5,173.25;347.5,77.75
18561;31,242.25;144.5,128.75;186.25,81.75;279.25,120;148,182.25;171.25,10;183,134.5;331.25,9.75
14961;46.75,311;176.5,86.25;187,19.25;297.5,113;138.5,198;171.25,10;182.5,131.5;331.25,9.75
38159;23.25,315.25;115.25,73;187,19.25;297.5,113;145.5,224.5;188.25,84.5;225.25,128.75;329.5,35
15681;22.75,308.75;97.5,27.25;215.25,15.75;297.5,113;148,203.75;162.75,87.5;182,141.75;329.5,35
4515;47,294;60,74.25;215.25,15.75;275.5,101.75;85,170;162.75,87.5;240,175.25;341.75,53.5
17842;54.5,323;107,106;215.25,13.75;275.5,101.75;95.25,198;133,98.75;240,175.25;337,4.25
13718;3.75,284.5;47,74.75;215.25,13.75;314,150.5;95.25,198;137.75,73.75;213.75,177.75;298.75,12.75
15166;3.75,284.5;6.5,35.5;269.25,34;314,150.5;139.25,250.75;162,50;162.75,189;238.25,15.75
15888;25.25,216.5;41.75,45.75;269.25,34;269.5,167;106,318.75;162,50;223,226.75;312.75,41.25
17218;25.25,216.5;78,64.75;220.5,22.75;303.75,139.25;81.5,249.25;223.25,20;238.5,268.25;312.75,41.25
29319;28,181.25;65,9.25;262.5,15;343.5,178.25;36.75,253.25;223.25,20;238.5,268.25;313.25,41
24264;28,181.25;123.75,33.5;262.5,15;343.5,178.25;10,238.75;168.75,14.75;177,275;355,78
17431;28,181.25;123.5,31.75;259.25,36.25;343.5,178.25;11,308.25;121.75,7.25;147.25,277.75;355.25,56.5
25036;2.25,180.5;176,48.75;216,33;343.5,178.25;15.25,314.5;99.75,65.75;116.5,246.75;355.25,56.5
26195;2.75,198.5;153.75,51.25;175.5,47.5;367.5,122.5;15.25,314.5;114.5,36.25;118.25,246.5;355.25,56.5
36533;6.75,212.5;184.75,61.5;194,50.25;367.5,122.5;83.25,286.75;114.5,36.25;170,298.5;290.25,34.75
39474;6.75,212.5;176.75,111.25;194,50.25;355.75,162.75;88.5,267.5;165,38.5;185.5,315;321.75,37
42300;6.75,212.5;152.25,159.5;255.25,57.75;355.75,162.75;107.75,301.25;126.5,73.75;184.5,305.25;355,15.5
29070;6.75,212.5;131.25,183.25;255.25,57.75;355.75,162.75;83.25,318.75;140.75,12.5;141.75,302;343.75,49
26134;32.5,284.25;88,229;309.25,98.25;336,113.5;106,318.25;140.75,12.5;141.75,302;343.75,47.25
6686;32.5,284.25;80.75,177;324.75,38;365.25,74.25;48.5,292.5;121.5,5.75;147.25,318;343.75,47.25
21830;15.5,240.5;80.25,103.5;319,57.5;366.5,33.5;48.5,292.5;121.5,5.75;142.25,301.5;327.25,51.5
3920;2.5,171.25;80.25,103.5;270.75,73;309,22.5;15,307;121,6;167,302.25;327.25,51.5
22497;2.5,171.25;80.25,103.5;249.25,34;277.25,71.5;23.25,300.75;55.25,8;153,278.25;354,59.5
12691;2.5,171.25;80.25,103.5;214.5,42;277.25,71.5;10.5,284.75;15.25,15;145,248;318,82.5
7713;2.5,171.25;77.5,147.25;239.75,39.25;283.75,52.75;34.5,222;69.75,40.5;112.75,245;318,82.5
35362;2.5,171.25;77.5,147.25;218,34.25;283.75,105;20.25,214.75;67.75,9.5;131.5,252;343.75,46.5
1067;43.5,156.75;113.25,127;195.5,62.25;250.75,109.25;20.25,214.75;116.25,6.75;144.75,221.25;343.75,46.5
41269;95,157.25;173.25,149.5;186.5,41.5;278,164;20.25,214.75;78.5,41;144.75,221.25;343.75,47.25
2883;95,157.25;197.75,151.75;214,11.25;241.25,201.25;4,171.25;90.5,53.25;117.5,216.25;343.75,47.25
32542;126.5,124;195.5,129.25;210.75,8.5;252.5,154.25;8,134.75;90.5,53.25;117.5,216.25;343.75,47.25
5343;126.5,124;195.5,129.25;249.25,6;287.25,143.5;42.25,78.5;49.5,66;80,222.25;304,50.75
34161;146.25,137;233.25,135.25;276.5,19.5;282.75,164.5;14.5,135.5;58.25,131;80,222.25;304,50.75
11862;161,124.75;200,167.75;276.5,19.5;294.75,155;53.75,176.25;89.75,132;143.75,235.25;304,50.75
29654;152,126;205.5,200.5;330.25,7.25;332,119.75;18.5,155;38.75,109.25;143.75,235.25;304,50.75
2635;174.25,163;228.5,151.25;330.25,7.25;350.25,100.25;32.75,188.25;44.25,144.5;116.75,267.75;304,50.75
44756;171,118;205.25,132;339.5,15.25;366,148.75;32.75,188.25;44.25,144.5;100.5,315.75;336.75,97.25
45674;136,90.75;164.5,150;339.5,15.25;366,148.75;37.5,193;44.25,144.5;122,246.75;359.5,150.5
20053;136,90.75;164.5,150;337.5,25.5;366,148.75;14,201.75;39.25,75.75;66.75,221.5;350.5,151
1597;74,64.5;90.5,155.25;317.5,54.25;366,148.75;14,201.75;100.75,119.5;139.25,194.25;355.75,146
33804;117.25,35.25;146.25,156.5;279.75,101.75;355,137.25;11.75,173.5;100.75,119.5;139.25,194.25;355.75,146
17093;84.5,33.5;131.5,201.25;260.75,138.25;356.25,112.75;11.75,173.5;108.5,78.5;138,192;355.75,146
12054;44.25,62.25;167,210.75;259,180.75;332,133.5;11.75,173.5;123.25,105.25;191.75,190;355.75,146
48852;38.5,31;167,210.75;312.5,227.75;332,133.5;73,199.5;126.25,107;174.25,161.5;360.5,158.5
595;21.75,85;230.5,236.25;289.75,208;332,133.5;12,173.25;107.75,116.25;185.5,176;360.5,158.5
21647;25.5,80.75;230.5,236.25;289.75,208;332,133.5;13.75,136.75;82,170;184.75,199.5;303.25,197.5
44679;49.5,21.25;167.5,231.5;255,156.75;357.75,122.75;13.75,136.75;95.25,181;164.75,203.75;303.25,197.5
2271;28,25;161.5,216.75;255,156.75;357.75,122.75;43.75,111.25;85.25,211.5;211.75,174.25;358.25,170
11877;60,6.75;157.5,170.75;200,158.5;310.25,160.75;43.75,111.25;129.25,195.75;167,160.75;358.25,170
35505;65.25,33.25;161.25,206.75;180.75,146.25;360.5,136.5;43.75,111.25;141.25,181.5;184,154.5;358.25,170
96;65.25,33.25;159.5,255;180.75,146.25;333,141.75;83.5,98.75;87.75,189.5;183.75,108.5;342.75,173.5
4001;108.75,72.75;136.5,225;177.75,110.75;326,141.25;83.5,98.75;87.75,189.5;139.25,73.75;313.25,210.75
44267;80,68;81.5,193.25;144.5,160.25;326,141.25;102.25,66.25;102.75,183.75;139.25,73.75;308.75,210.75
7084;76.5,86;90.5,181.5;96,163.5;337.25,107;102.25,66.25;102.75,183.75;139.75,66.25;251.5,205.25
27754;20,107.5;62.25,176.25;96,163.5;337.25,107;74,114;78.75,166.5;144.5,49.75;250.25,251
14233;12,142.75;53,230.25;69.25,165.5;286.5,72.25;74,114;121.25,162;134.5,78.5;250.25,251
17173;42.25,122;48.25,170.75;53,230.25;307,37.75;49,169.75;98,137.5;134.5,78.5;253.5,203.75
25224;9.25,124.5;86.5,140.75;109.25,231.25;292.75,54.5;49,169.75;54.75,113.75;123.25,18.75;253.5,203.75
11696;9.25,124.5;69,140.5;119,212.5;237.5,42;29.5,211.5;47,157.5;123.25,18.75;211,177.25
46034;9.25,124.5;82.5,207;82.5,223;236.75,14.25;16,250;103,113.75;163.25,49.75;211,177.25
11590;24.5,170;82.5,223;84.25,187;236.75,14.25;31.75,266;104.5,112.75;166,37;242.5,177
39530;37.25,222.25;71.75,184.5;117,146.5;252.25,41.25;31.75,266;150.5,88;166,37;182,165.5
17547;4.25,180.5;45.5,124.5;165.5,146;223.25,32.75;31.75,266;159.25,96;166,37;178.25,230.25
19538;4.25,180.5;48.75,65.25;165.5,146;223.75,33.75;5,244.5;130.25,127.25;139,7.5;153.5,176.25
45742;51.5,215.75;95.25,103.5;157.25,195.25;244.75,2.5;33.75,252.5;82.5,126.5;139,7.5;153.5,176.25
19133;45.5,277.25;95.25,103.5;198.5,170;207,42.5;65.25,260;82.5,126.5;167,49;186.75,175.5
46211;43.25,266.5;108,112;198.5,170;207,42.5;111.5,222.75;111.75,94.25;115,73;205.75,173.75
22601;43.25,266.5;124.5,147.5;205.75,139.75;238.75,82.5;111.5,222.75;114,111.75;119.25,106.5;224,231.25
30165;75,274.5;124.5,147.5;208,175.5;238.75,82.5;138.25,252.75;158.75,148.25;167.75,90.25;268.25,198.25
7443;61.75,317.5;72.75,109.75;178,144.25;272.5,73.25;116.5,195.5;158.75,148.25;159.5,50;268.25,198.25
3074;22.25,312.75;43.25,138;154.5,128;255.75,46.5;112,241.75;158.75,148.25;159.5,50;255.5,176.75
50506;30.75,309;32.75,97.75;164.25,163.25;255.75,46.5;112,241.75;143.5,118.25;158.5,30.25;206.5,189.5
20678;1,278;23,100.75;215.75,105.5;271.5,72.25;108.5,315.75;143.5,118.25;158.5,30.25;207,189.25
44124;39.5,299.75;65.25,58.5;255.5,92.5;295.25,54;108.5,315.75;136.5,147;158.5,30.25;185.75,197.5
16364;117.25,303;119.25,57.75;244.25,129.75;365.25,69.25;77.5,245.25;136.5,147;158.5,30.25;204.25,144.5
39652;84.5,243.5;119.25,57.75;280.75,165;365.25,69.25;53.75,257.75;118.25,137;142.25,48.25;225,105.25
31217;99,206.25;120,57;280.75,165;341.75,46;82,283;89,168.75;100.5,14.75;225,105.25
756;92.25,176.25;161,103.75;270.5,133.75;281.25,44.75;18,284.5;73.25,141;100.5,14.75;225,105.25
42650;132.75,168.75;171,90;224,126.5;324.75,30;18,284.5;43.75,159.5;91.75,24.25;225,105.25
3031;132.75,168.75;160.25,127.25;181.25,114;356.75,8.25;18,284.5;39.25,120.25;40.5,28;246.25,75.5
35632;154.75,228.25;166.25,204.25;176.5,192;325.5,10.5;18,284.5;37.25,120.5;40.5,28;297,139.75
5370;146.25,183.75;154.75,228.25;176.5,192;325.5,10.5;44.25,307.75;50.25,180.5;91.25,24;336.5,129
38376;126.75,234.75;151.25,183.75;154,159;325.5,10.5;47,270.25;50.25,180.5;108.5,10.75;310.75,181.75
37069;58,209.75;151.25,183.75;154,159;360.75,24.75;20.75,309;29.75,173;46.25,45.5;279.25,223.75
28101;0.5,222.5;154,159;178.25,232.75;351,15.75;20.75,309;25,198.25;29.25,75.75;284.5,224.5
32393;1.75,294.75;136,90.75;144.75,183;340.75,12;20.75,309;25,198.25;29.25,75.75;242.5,275.5
991;7,287;119.5,50.25;133.25,201.5;367.25,69.25;20.25,310.5;25,198.25;29.25,75.75;219,291
5908;7,287;129.75,39.75;159.75,260.75;367.25,69.25;30.5,293;67.5,206.75;107.25,51;236.75,315.5
7644;7,287;112.5,76.5;159.75,260.75;370,50.5;5.25,311;56,255.75;141.75,34.75;220,284.25
37286;21.5,295;112.5,76.5;116,227.5;367.25,39.25;5.25,311;78.5,285.5;164.75,95;220,321
46714;21.75,296;90,12.25;91,256.5;326.5,28.5;5.25,311;141.75,318.5;147.75,49;220,321
35103;51.25,241;65,43;90.25,283.5;264.25,67;7.25,307.5;118,253.5;147.75,49;220,321
32567;26.25,241.5;65.75,33;137.75,319.25;262,96.75;7.25,307.5;133.25,283;147.75,49;220,321
49688;39.75,160.75;76,10.25;81.25,300.25;213.25,81.25;31.75,252.25;133.25,283;215.5,6.5;220,321
26126;20.5,107.5;37,8.75;126.75,284.5;282,52;31.75,252.25;207.25,276;215.5,6.5;278,269.75
41482;27.5,99.5;29,15;167.5,309;284.75,105.75;56.75,211.5;207.25,276;215.5,6.5;323,241
19256;27.5,99.5;97.25,20.5;168,270.5;298.75,120.5;56.75,211.5;225,207.75;260.75,38;313.25,244
958;45.75,68.25;79.5,11.25;125.75,271.75;345,86.25;23.75,205.75;232.25,183;260.75,38;313.25,244
48029;2,100.75;29.25,16.75;65,295;291,112.75;16.75,212.25;232.25,183;264.75,82.75;313.25,244
47802;18.5,42.25;55.25,74.75;65,295;252.75,119;55.75,221.25;232.25,183;300.75,47.25;354,288.75
46250;14.25,7.75;80,64.5;95,299.5;252.75,119;55.75,221.25;191.5,162.5;258.5,26;318.25,311.5
15701;64.75,1.5;65.75,63;95,299.5;229.75,171.25;10.25,268;233.25,149.5;258.75,26.5;318.25,311.5
36724;5.25,32.5;65,87;95,299.5;174.5,189;54,248;205.75,143;258.75,26.5;318.25,311.5
24912;41.75,20.25;77,10;87,263;204,260.5;9.25,297.75;220.75,171.5;258.75,26.5;318.25,311.5
25926;0.5,85.75;49.75,53.75;102.5,238.25;248.5,288.25;13.75,220.25;220.75,171.5;258.75,26.5;318.25,311.5
46781;17.5,144.25;53.25,44.25;65.75,187.5;248.5,288.25;18.5,155;220.75,171.5;258.75,26.5;271.25,306.25
34512;7,175.75;52.75,8;65.75,187.5;284,283.5;14.5,94.25;179.5,163.5;237.5,75.5;271.25,306.25
36842;10.5,141.25;69.25,78.75;75.25,187.5;250.25,259;52,43;123.25,199.25;237.5,75.5;271.25,306.25
23191;11,163;69.25,78.75;69.75,145.75;257.25,231.25;5,1;150.75,202.25;231.75,116;271.25,306.25
36782;36.5,110.75;102.25,75.5;106.25,120.75;272.75,223;5,1;155.75,202.25;231.75,116;323.5,310.25
27189;34.75,99.5;87.75,84;144.75,160.25;272.75,223;23,0.75;150.75,174.75;224.25,132.25;323.5,310.25
2184;49,30;76.5,146.75;145,207.75;227.25,203.5;23,0.75;139.75,166;292.25,121.25;323.5,310.25
8194;9.75,26.75;113,199.25;135.75,159.75;235,193.25;1.5,47;139.75,166;250.75,76;323.5,310.25
19808;9.75,26.75;59.5,176.75;135.75,159.75;282.75,164.75;20.25,52.75;95.5,120.75;242.75,16.75;292.5,260.5
48295;15.5,58;81.75,176.25;136.75,188.5;264.75,133.75;52.25,6.25;71.75,163.75;242.75,16.75;292.5,260.5
21904;66,74;92.75,234.5;137.5,126.5;245.25,167.5;47.5,4;88.25,104.25;242.75,16.75;292.5,260.5
28858;66,74;92.75,234.5;124.75,79;273.5,150;48,3.25;91.5,153.25;251.25,12.75;263.25,257.25
19396;43,103;129.25,291;149.75,44.5;288.75,142.75;48,3.25;76.5,207.75;251.25,12.75;288,316
15280;81.75,121.75;161.5,304.5;175.5,46.5;286.25,88.75;17.25,4.25;97.75,156.25;251.25,12.75;288,316
19814;27.75,85;163.25,302;226.5,55.75;270.75,73.75;17.25,4.25;77,134;251.25,12.75;288,316
22365;27.75,85;149,271.5;244,75.75;283,54.25;72.25,12.25;77,80.25;257.75,47.5;288,316
31739;63.25,57.25;148.75,271.75;277.75,122.75;311.75,57.25;69.75,11.75;77,80.25;229.25,69;288,316
19820;21.75,62.75;183,255.75;265.5,138.5;294.75,55.25;69.75,11.75;77,80.25;205.75,36;306.25,305.25
12971;21.75,62.75;171.75,223.5;289.5,167;297.75,110.5;74,58.25;121.75,77.75;250,41;306.25,305.25
10964;86.5,43.75;163.5,148.5;289.5,167;290.5,132.5;141.25,29.25;185.25,36.75;216,82;306.25,305.25
26757;29,79;118.75,149;289.5,167;355,136;91.75,25.25;221.25,13.5;256.75,66.25;306.25,305.25
22901;29,79;85.25,173.25;290,113.5;302,97.75;129.75,38.5;191,1.75;256.75,66.25;314,311.5
3308;48.75,75.75;85.25,173.25;285.5,56;290,113.5;82.75,19.5;173.5,7.75;268.75,33.5;358,285
44465;48.75,75.75;95.25,176;285.5,56;350.75,98.25;19.25,16.75;140.75,30.5;269.5,33.75;359.75,229
33063;48.75,75.75;53.75,152.75;315,22.25;363.75,35.5;3,71.25;121.25,34.25;269.5,33.75;365.25,277.5
18196;85.5,139.75;87.75,148.25;315,22.25;343.25,80.25;3,71.25;156.25,32;302.25,13;305.25,243
7072;54.5,148.5;55,179.25;270.5,63.5;326.5,136.25;52.75,84.75;150.75,88.5;302.25,13;305.25,243
2223;75,178.25;90,190.25;270.5,63.5;355.25,164.75;76.75,77;103.75,67.25;282,12.25;305.25,243
47571;74.75,124.5;143,190.75;291.5,103.75;362,190.75;77.25,20.5;92,102.75;282,12.25;305.25,243
22378;31.75,94.75;116.75,208.25;292,56.5;356.25,161.75;77.25,20.5;79,81.25;282,12.25;331.25,282.25
3154;68,141.25;135,265.25;292,56.5;304.25,142.25;70.5,21.5;79,81.25;340.75,51.25;357.25,288.25
31305;58.75,170.75;155.25,295.25;222.5,62;339.25,145.75;91.25,20.5;138.25,72.5;340.75,51.25;357.25,288.25
43757;8,167;202.5,268.75;233.5,83;324.25,150.5;84.75,12.5;126.75,18.75;340.75,51.25;357.25,288.25
38104;8,167;202.5,268.75;225,100.25;261,177;109.5,40.75;168.75,57.5;297,51.5;307.5,284.75
34723;61.75,178;159.5,230.75;215,93.5;274.25,223;109.5,40.75;168.75,57.5;275,106;294,266.5
2514;100.25,160.75;124.75,183.75;183.5,36.75;269.75,164.5;92.75,35.5;142.75,48;275,106;294,266.5
801;93,155.25;143,127.5;178,1.5;232.5,129.5;92.75,35.5;142.75,48;271,46.75;326,241
20289;113,204.25;139,118.25;178,1.5;232.5,129.5;80.5,24.75;131.25,99;223,83.5;313.25,194.75
39558;74.25,189.5;152,128.75;217.5,6.25;242.5,166.75;80.5,24.75;125.75,104.75;193.75,96.25;313.25,194.75
32018;103,221;152,128.75;214.5,3.25;261.25,154;132.25,21;133,72.75;193.75,96.25;301.75,199
33193;152.25,205.25;179.25,109.5;191,38.25;220.5,106;132.25,21;133,72.75;226.75,133.5;301.75,199
35731;117.75,208.25;179.25,109.5;198.25,21.5;204.25,56;108,81.75;132.25,21;239,131.75;353.25,184.75
33254;108.75,161.25;174.5,161;214.75,63;226,29.25;108,81.75;161.75,28.75;282.25,173.25;353.25,184.75
4444;93,150;110.25,165.25;182.25,111.25;284,26;61.25,96.75;161.75,28.75;219.5,163.25;353.25,184.75
19724;62.75,147.25;62.75,182.5;179.5,61;318,74;113,116.25;161.75,28.75;187.25,173.75;353.25,184.75
38494;33,138.75;89.25,174.75;175,49.25;314.75,40.75;113.75,86.75;156.75,30.75;187.25,173.75;353.25,184.75
27011;35.25,191;112,165.75;175,49.25;341.5,29.75;67.25,94.25;120.5,77.5;191.25,197.5;353.25,184.75
22932;69,183;149.75,128.75;175,49.25;344,16.5;27.75,91.75;163.75,100.5;198.5,223.75;353.25,184.75
50458;51.25,144;154.75,83.25;183.5,47;310,16;27.75,91.75;162.5,100.25;232.5,274.25;353.25,184.75
31713;80.25,172.25;154.75,83.25;183.5,47;310.5,16;17.5,39.5;172,53.25;266.75,254.25;315.5,188.25
13527;92.75,177.25;154.75,83.25;156,10.5;310.5,16;13,52.5;129.25,21;260.75,271.25;336.5,148.25
32530;47.5,215.5;81,85;156,10.5;311,23.75;68.25,41.25;81.75,13;277.75,239.5;336.5,148.25
43376;65.75,280.5;78,65.5;203,40.5;311,23.75;44.5,39.75;81.75,13;339.25,272.5;350.5,173.75
26298;36.5,228.25;66,47.5;203,40.5;268.25,61;15.25,18.75;49,6.5;311.5,314.5;350.5,173.75
6114;83,174.75;117.75,43.25;260.75,27.5;284,52;15.25,18.75;62,10.5;311.5,314.5;350.5,173.75
49541;93,102.75;119.75,6.25;268.5,90.75;311.5,20;14.25,51;100.25,55.25;311.5,314.5;350.5,173.75
12663;143.25,108.75;165.5,17;252,58.25;303,37;14.25,51;100.25,55.25;302,316;328.5,199
5831;175.75,124.75;204.25,61;284.25,120.5;336.25,30;13.5,51;154.75,89.25;302,316;328.5,199
517;208.75,131.25;222,45;323,151.75;336.25,30;21.5,41.75;112.75,56.5;302,316;358.75,186.5
14237;219.25,88.25;245.5,19.5;328,116.25;339.25,10.5;21.75,42.75;112.75,56.5;302,316;335.5,219
47914;185.5,38.5;287,10.5;301.5,52;340,33.75;21.75,42.75;156.25,83;302,316;335.5,219
5790;185.5,38.5;287,10.5;317.25,25;333,41;66,86.25;206.5,68;236.75,315.5;291.5,197.75
6273;173.25,20.75;268.75,72.5;276.5,18.5;344.25,86.25;50.75,132;206.5,68;290.25,300;291.5,197.75
30506;106.25,14.75;325.75,30;341.75,17;351.5,13.75;50.75,132;206.5,68;290.25,300;331.25,164
39635;54,44.75;325.75,30;342,17.5;351.5,13.75;126,112.25;161.5,66;246.75,288.25;336.25,229.25
7851;39.25,47.25;265,65.75;323.25,36.75;332,13;126,112.25;161.5,66;210,276;336.25,229.25
1314;91.75,84.75;268,111.5;323.25,36.75;332,13;193,99.5;219.25,37;236,308.25;355,277.25
20116;143,125.75;289.5,113.25;296,37;319.5,60.25;219.25,37;234.25,117.75;236,308.25;355,277.25
44387;97.75,168.75;270,101.25;319.5,60.25;323,19;219.25,37;274.25,121.5;288,310.5;319.5,309.5
35084;92.5,186.5;253,78;293,102.25;293.25,70.25;214,46.5;274.25,121.5;288,310.5;327.5,321.25
20124;92.5,186.5;227.5,89;303,114.75;312,102.25;203.75,105.75;274.25,121.5;315,256.25;335.75,269
38306;33,189.25;227.5,89;319,158.75;345,112.25;209,85;274.25,121.5;329.25,277.5;353,265.25
18187;1.25,220.25;227.5,89;343.5,141.75;356,137.25;209,85;273.5,121.5;319,312.75;347.75,276
48803;52.5,228;241.25,96.75;301.75,139.75;351.75,102.25;214.5,45.75;229.5,101.75;319,312.75;347.75,276
24277;50.25,243.25;248.25,40.5;298,111.5;364.75,51.25;214.5,45.75;229.5,101.75;310.25,273.25;319,312.75
31746;14.75,300.5;192.75,16.5;278.5,72.25;364.75,51.25;169,53.25;229.25,71;275,242.5;319,312.75
39017;46.25,303;174.5,19.25;271,66;364.75,51.25;193.25,3.5;229.25,71;255.5,292.75;262.25,304.25
39257;28.25,276.75;181.75,22;291.75,112.75;364.75,51.25;238.25,23.25;242,23.75;255.5,292.75;281.75,306.5
17579;65.5,217.5;181.75,20.75;287,165;288.25,75.5;196.25,98.75;242,23.75;255.5,292.75;299,267.75
26409;71.5,166.25;126,20;256.75,190.75;294.75,110.5;201.5,120.5;242,23.75;255.5,292.75;302.5,267.25
28151;63.25,158.75;156.5,33.5;224.75,218;265.75,81.5;219.75,93.75;242,23.75;255.5,292.75;332,288.25
47331;58.75,176.25;143.25,45.75;224.75,218;257.25,27.5;216.25,144.25;242,23.75;260.75,254.25;302.25,242.5
32973;21.75,226.25;75.25,48.75;244.5,216.5;333.75,29.5;193,182.75;239.5,77;260.75,254.25;302.25,242.5
19767;7.25,276.75;77.5,8;198,226;333.75,29.5;175.5,165.75;239.5,77;277.5,192.75;304,196.5
2490;7.25,276.75;56.75,61.5;234.75,253;312.5,14.5;175.5,165.75;250,92;306,150.25;313.5,219.5
21755;7.25,276.75;70,47;241.75,246;312.5,14.5;226.25,184.5;251.75,98.75;307.25,170.5;359.75,232.25
17864;7.25,276.75;108,105;288,244;370.75,20;230.25,200.25;251.75,98.75;308.25,198.75;318.25,224.5
25570;7.25,276.75;58.25,56.5;280.75,284.5;370.75,20;188.75,250.5;194.5,99.75;308.75,169.5;310.25,160.75
43753;14,261.5;32,35.5;266.75,256.75;370.75,20;215,275;233.75,156;308.75,169.5;335.25,161.5
13115;57,302.75;65.5,86.5;222.25,245.25;370.75,20;220,313.25;233.75,156;357.5,157.75;358.25,153.5
46417;9.25,309.5;64.25,85;213,180.75;352.75,21.25;220,313.25;233.75,156;340.25,78.5;357.5,157.75
39123;9.25,309.5;64.25,85;269.5,180;348,9.75;174,268;286,194.25;311.5,79.75;314.25,139.75
33527;9.25,309.5;75.25,86.5;269.5,180;310.25,53.75;174.25,266.75;313.25,194.75;350.25,77.5;350.75,169.75
38530;61.25,274.25;66.25,132.75;269.5,180;293.75,98.75;128,294;350.75,169.75;356,78;356.75,230.25
6004;67.5,209.75;109.75,75;269.5,180;303.25,55.25;109,294.5;270.25,188;356,78;366.5,234
37307;119.75,233;128,59;261.25,133.25;272.25,33;109,294.5;309.25,201.75;341.75,61;366.5,234
49403;64,219;146.5,77.25;261.25,133.25;287,13.25;169.75,266;309.25,201.75;339.25,35;341,293.25
31096;1.5,220.25;184.25,77.25;295.25,165;298,74.75;110,275.75;305.5,171.75;339.25,35;341,293.25
41519;1.5,220.25;184.75,77.25;241,217.75;357.25,32.5;169,303;305.5,171.75;356.5,1.5;367.25,234.25
15017;16.25,241;118,34.5;282,231.25;308.5,91.75;169,303;283.25,184.5;356.5,1.5;363,231.5
49095;16.25,241;96.75,12;252.75,297.25;297.5,74.75;151.5,236.25;301.75,129;353.25,60.75;363,231.5
21394;58.75,276.5;96.75,12;261.75,323.5;290.5,114.5;112.75,194.75;301.75,129;326.25,56.25;336,207.5
22394;82,248.75;86.5,62.75;261.75,323.5;269,168.25;123.75,174.5;318,159;326.75,60.75;336,207.5
12222;48.75,294;55.75,58.5;281.25,256.25;314,110.75;123.75,174.5;286.25,142.75;326.75,60.75;336,269.5
21925;48.75,294;55.75,58.5;284.25,319.5;326,94.5;124.25,173.75;283.25,187;298,25.5;298.5,261
9349;68,281;94.75,85;267.25,323.75;326,94.5;172,197.25;238.25,157.75;289.25,84;298.5,261
32913;68,281;94.75,85;274.25,262.75;293.25,74;140.75,164.75;215.75,195;232,50.75;319.5,309.25
32083;67.75,281.5;94.75,85;274.25,262.75;331.5,17.5;117.75,215.5;240,213.5;255.75,25.5;280,311.25
23481;91.75,234;106,18.5;208.75,267.75;285.25,24.25;111.5,238.5;220,275;255.75,25.5;280,311.25
16803;93.5,283.25;106,18.5;162.75,266.25;334.25,76;111.5,238.5;247.5,310.25;271,89;331.5,310.75
29562;125.5,239.25;147,77.5;156,208;277.25,73.75;111.5,238.5;245.5,320.5;271,89;289.25,286.25
42070;136,212.5;148.75,81.5;168.5,221;244.75,82.75;111.5,238.5;214,296.25;228.75,52.5;289.25,286.25
27525;136,212.5;148.75,81.5;214,195.5;244.75,82.75;125,196;205.25,232.5;248.75,76.25;282.25,306.25
28936;82,229.25;148.75,81.5;252,190;267.25,134.25;125,196;162.5,230.25;267.5,58;337.25,313.5
43642;43.5,182.25;101,84;224.5,148;313,152.75;102.25,183.75;162.5,230.25;261.75,49.5;337.25,313.5
20293;50.5,229.25;101,84;193.25,168.5;367.25,120.75;102.25,183.75;141.75,239.5;301,85.25;311.5,323.5
22693;87.25,181.5;94.5,85.25;173.5,236.25;326.5,160;166.5,186.25;175,303.75;301,85.25;311.5,323.5
9451;96.75,212.5;112.25,121.25;220.25,253;286.25,168.5;150.75,245.25;175,303.75;267.75,117.75;311.5,323.5
26408;44.5,225.5;152.75,126;279.5,262;318,125.25;150.75,245.25;175,303.75;312.25,98.5;328.75,310.5
31166;19.5,222;158.25,110.25;329.5,237.5;331,133;150.75,245.25;220.5,278.75;312.25,98.5;328.75,310.5
45287;43,239.5;114.75,108;313.75,211.5;331.75,198;150.75,245.25;220.5,278.75;312.25,98.5;341.75,320.5
18748;71,178;71.5,139.5;337.25,225;354,260.75;150.75,245.25;220.5,278.75;339.5,150.25;341.75,320.5
39753;3.25,183.75;95,85.5;276.5,218.25;318.25,304.75;158,222.75;220.5,278.75;309.75,93.5;341.75,320.5
6461;3.75,149;96.5,26.5;255.5,257;273.5,295;158,222.75;220.5,278.75;309.75,93.5;342.25,277.75
46283;3.75,149;77.5,6.5;250.5,311.5;256.25,248;158,222.75;220.5,278.75;311,42.75;317.25,299.25
45014;56.25,139;77.5,6.5;250.5,311.5;260,182.75;187,288.5;280.75,286.25;302.5,8.75;329.75,313.75
27217;38.5,110;77.5,6.5;250.5,311.5;257,219.5;228.5,273.25;242.5,293;303.5,8.5;317.5,319.25
48503;38.5,110;117.5,32.75;229,316.25;257,219.5;199.5,316.75;240.75,231.25;248,15.25;317.5,319.25
28354;36.75,109;68.75,20.75;222.75,313.25;250.5,272.25;199.5,316.75;233,251.75;237.5,62;317.5,319.25
11508;74.25,84;79.5,13.25;222.5,313.75;281,319.5;199.5,316.75;204.75,275;237.5,62;312.5,301.5
28696;74.25,84;84.75,44.5;168,324.25;296,264.25;159.5,317.25;187,287;254,11;312.5,301.5
46086;74.25,84;136.5,19.75;203.5,311.5;261.5,244.75;109.5,275.25;142.75,319;254,11;268.25,320.75
37248;79.25,118.25;163.5,96.75;203.5,311.5;261.5,244.75;46.25,312.25;109,258.75;179.5,37.75;226,320
18324;75.25,165.5;173.25,136.75;251,252.75;290.5,210;46.25,312.25;82,269;179.5,37.75;190.5,310.75
5676;82,134.25;135,124.5;240.5,215.75;343.25,229.5;46.25,312.25;51.25,223.5;179.5,37.75;224,283.75
11663;145.75,156.5;162.75,128.75;275,238.25;369,186.25;4.25,307.75;51.25,223.5;187,5.75;224,283.75
49769;147.75,118.75;176,86.25;239.5,257.75;317.25,165.25;2.75,311;75.25,268.75;187,5.75;224,283.75
13526;171.5,89.5;178.5,41.75;249,218.25;315.75,162.25;5.25,316;68.5,297.75;187,5.75;224,283.75
21299;124.5,124.75;133.75,78.75;249,218.25;273.25,113.75;4.75,307.75;116,258;145.75,51.25;224,283.75
43973;133.25,127;144.75,126.5;259.5,239.75;307.25,115;3,315.5;116,258;147.75,50;224,283.75
33621;104.75,87.5;186.5,119.25;224.75,271.25;264.25,110.25;3,315.5;115,323.25;147.75,50;184.25,263.75
28770;76.5,39;196.25,70.5;273.5,237;277.5,167;53,297.5;115,323.25;132,97.75;184.25,263.75
49778;76.5,39;197.5,6.5;273.5,237;277.5,167;14,309.5;88.25,270.25;88.75,64.25;161.25,226
40376;106.5,40;184.5,18.25;290.25,210;323.25,125.25;45.25,291;83.75,221.75;88.75,64.25;161.25,226
43882;106.5,40;192.75,10.25;278,230.5;291.5,112.25;22.75,287;32.25,188.75;88.75,64.25;129.5,194.75
20858;117.5,75.75;139,55.25;223.25,235.5;328,116.25;22.75,287;32.25,142;62,100.25;129.5,194.75
5075;57.5,75.75;165.75,51;184.5,250.25;320,57.25;22.75,287;32.25,142;44.75,87.5;153.5,158.75
31047;21.25,99.25;134.5,19.75;173.75,230.25;363,55;27.5,292.5;32.25,142;44.75,87.5;139,97.75
20507;21.25,99.25;148.5,33.5;157,243.75;363,55;25.25,280;57.75,91.75;89,123.75;90.25,72.25
18769;21.25,99.25;113.75,42.75;115.75,260.75;357.75,16.75;25.25,280;72.25,131;75.5,125.25;152.25,52.5
25490;1,108.75;49.5,75;119.25,208.75;357.75,16.75;25.25,232.25;30.5,100.5;67,81;152.25,52.5
29679;6,106.25;49.5,75;119.25,208.75;304.75,14.75;35.75,190.75;58.25,141;68.25,104.5;184,99.25
9295;6,106.25;106.75,86.75;117.75,232.75;304.75,14.75;6.75,202.25;22,150.75;44.75,141;132.25,130.75
42298;15.75,81.5;106.75,86.75;120.75,286.5;280.25,73.25;6.75,202.25;89,137.75;97.25,152.25;142.25,91.25
46282;7,144.25;85.75,63.5;125.5,269.75;254.25,70.5;6.75,202.25;52,175.75;89,137.75;136,91
27482;7,144.25;80.25,65.75;109,315;208.5,62;6.75,202.25;22.5,125;88.25,101.25;90.5,100.75
30717;7,144.25;104.75,10;109,315;210.5,33.25;13.25,172.25;32.75,141.5;92.5,53.25;113.25,91.75
11531;3.75,145;51.25,57.25;137.25,316.5;214,6.25;9,156.25;66,208;92.5,53.25;113.25,91.75
7200;3.75,145;51.25,57.25;162,261.75;176.5,37.75;8.25,171.5;37.75,162.5;51,33.5;99.25,137.75
49294;3.75,145;127.5,42.5;129.75,240;180.5,0.75;7.5,155;19.75,215.25;51,33.5;99.25,137.75
45150;53.75,97.75;75.5,13;142.75,239.5;180.5,0.75;22,203.75;31.25,265.75;82,20.5;99.25,137.75
34825;74,139.25;95.5,89.75;142.75,239.5;153.5,27.5;22.25,197.75;44.75,319;82,20.5;118.25,171
42312;31.25,147;53.75,96.75;94.75,201;119.75,70.5;22.25,197.75;44.75,319;100.75,66.75;120.75,104.25
20146;52.25,189.75;76.75,135;79.5,243.5;86,62.75;13.25,202.75;44.75,319;100.75,66.75;120.75,104.25
40778;2.75,170;25,77;88,176.75;113.25,118.25;25,232;37.25,310.25;100.75,66.75;120.75,104.25
47196;19.25,154.25;31,35.75;52.5,171.75;93.75,85.5;25,232;37.25,310.25;100.75,66.75;113.75,105.25
9980;19.25,154.25;44.5,30;52.5,171.75;102.75,34;16,206.75;79.75,283;101.75,39.75;161.5,67.75
31458;2.25,216.75;49.5,14;76,228.25;102.75,34;34.5,231.25;45,320.5;101.75,39.75;161.75,48.75
21973;7.25,273.75;50.75,54.5;82.25,175.5;97.5,102.75;34.5,231.25;40.25,323.5;101.75,39.75;158.25,101.75
16722;7.25,273.75;64.25,75.25;100.5,188;170.75,102;25.25,279.5;57.5,297.5;101.75,39.75;159.5,105.5
28935;36.25,278.75;81,129.75;123.75,183.5;171.75,137.75;36.5,293;57.5,297.5;101.75,39.75;202.5,117.5
22834;10.5,307;57,66.5;83.5,158.5;173,162.5;35.25,301.25;57.5,297.5;84.75,81.5;202.5,117.5
36445;68,280.25;84.75,96.5;85,121.5;145.5,187.75;35.25,301.25;56.75,249;85.25,57.5;202.5,117.5
40494;68,280.25;84.75,96.5;85,121.5;144.75,187;8,241.75;16.75,215.75;146,12.25;193.5,95.25
5996;42.75,240.75;120.25,20;121.5,90.25;121.75,226;8,241.75;16.75,215.75;174.25,31.25;252.5,143.5
14691;64,294;91.75,44.5;92.75,19.25;136.5,216;8,241.75;16.75,215.75;174.25,31.25;221.75,195
5409;101,295;123.25,4.75;135,55.25;138.25,214;8,241.75;16.75,215.75;125.25,18.5;229.5,275.5
36820;36,238;175.75,17.25;201.5,46.25;208.25,169.25;8,241.75;16.75,215.75;102.75,34.25;233.75,234.75
40752;1.25,227.25;146,78;172.75,85.75;177.5,149.25;11,246.5;16.75,215.75;102.75,34.25;247,218.5
42257;13.5,178.25;146,78;185.75,152.25;227.5,185.5;11,246.5;26.5,188.75;162.5,48.25;197.25,176
40818;25.5,210;149,88.25;211.25,126.75;266.75,227;22.5,287.25;89,189;162.5,48.25;197.25,176
2238;45.25,264.75;129.5,123.75;174,138.5;250,217;23.5,227.25;139.75,194.75;162.5,48.25;197.25,176
9335;83.5,272;148.5,113;174,138.5;224,266.5;23.5,227.25;163.5,162.5;210.25,84.75;220,117.25
10326;51.25,321.75;184.25,144.25;201.5,142.5;224,266.5;23.5,227.25;173.5,162;191,89;256.75,94.5
21678;61.25,249.5;184.25,144.25;209.25,91.75;233,316.25;13.5,295.75;125,207;191.75,89.75;256.75,94.5
5589;34.75,300.75;181.75,83.25;194.5,92.5;283.5,321;56.75,308.5;125,207;191.75,89.75;255.5,131.75
1862;34.75,300.75;153.25,126.25;158.5,124.75;221,301.5;28.25,245.75;158.5,245.25;191.75,89.75;206.5,155
47351;34.75,300.75;143.5,192.5;158.5,124.75;207,261;28.25,245.75;174,303.75;187.75,36.75;207.75,107.25
48184;75.75,318.5;162.25,161.5;183.25,111.5;194,323;12.25,196.5;152.25,319.5;187.75,36.75;207.75,107.25
40703;98.25,318;152,126.75;162.25,161.5;212.5,260.5;70.5,242.5;142.25,301;187.75,36.75;274.5,88.25
47400;98.25,318;152,126.75;162.25,161.5;237,225.25;11,228.25;134.5,266.25;240,5.5;268,145.25
26895;67.25,313;136.75,127.5;162.25,161.5;300.25,221;11,228.25;116,319.5;183.5,29.5;239.75,146
10336;11,261.25;136,97.25;191,118.75;279,243.25;11,228.25;109,273.25;148.5,34.5;239.75,146
6400;69.5,230.5;107,34.75;191,118.75;342.5,271;68.75,214.75;117.25,289.5;119,41.5;239.75,146
38859;69.5,230.5;131.25,32.5;168,69.75;317.75,318.5;27,216.5;117.25,289.5;143.25,52;201.75,95
47183;56.5,190.75;167.75,21.75;181.25,59.25;317.75,318.5;27,217.5;107.5,292.5;112,105.5;201.75,95
31526;77.25,135;192.25,6.25;201.25,91.75;317.75,318.5;31.5,188.5;107.5,292.5;122.25,103.5;151.25,90.25
23718;88,59.25;189.5,38.25;190.5,48.75;293.5,249.25;47.25,180.5;107.5,292.5;122.25,103.5;164.5,31
19788;79.25,35;184.5,75;189.5,38.25;296.5,250.25;72,141;76.75,301.25;86,170.25;164.5,31
31175;86.25,27;170.25,141.5;208,56.25;292.25,319.25;38,191.25;76.75,301.25;77.75,120.5;164.5,31
28075;5.75,20.75;175.5,197.5;177.5,37.5;292.25,319.25;32.75,143;76.75,301.25;99.5,171;112.75,29.75
9231;7.75,85;218.5,259;235.5,26.5;351.75,263.25;23.5,158.5;58,239;99.5,171;112.75,29.75
12369;31.5,124.25;172.75,280.75;272.25,25.5;335,265.75;24.5,203.25;41.75,300;99.5,171;112.75,29.75
15852;26.25,154.25;150,296.75;242.75,23;315.25,299;24.5,203.25;39.5,319.75;99.5,171;139.25,4.75
32612;64,158.75;150,296.75;265.25,15.25;360.25,263;14.5,129;41.75,319.75;99.5,171;142.25,52.5
43139;64,158.75;149,297.5;313.5,13.5;360.25,263;23,125.25;31.25,265;88,135.75;177.75,70.25
27676;15.5,164.5;175.25,317.5;337,23.5;360.25,263;23,125.25;45.5,312.25;130,133.25;145,53
7513;43.25,200.5;166.25,310.25;332.25,37.25;340.25,240.5;23,125.25;45.5,312.25;83.75,143.75;121.5,74.5
31288;47.5,234.5;137.5,287.5;286.5,72.75;353.75,289.5;23,125.25;45.5,312.25;83,131.75;179.75,96.5
3192;31.75,199.25;137.5,287.5;254.25,28;303,302.5;11.75,94.75;45.5,312.25;88.5,163;187,138.75
38728;35.75,239.75;131.75,241.25;252.25,7.25;280.75,292;41.25,111.75;45.5,312.25;88.75,163.25;187,138.75
39046;71,256.5;90,221.25;252.25,7.25;314.25,299.5;47.75,174.25;73.5,305.25;101,170.5;187,138.75
7909;71,256.5;126.75,246.5;243,42.25;329.5,282;16.25,215.75;80.25,286.75;101,170.5;237,121
2561;71,256.5;163.5,227.5;259.75,39.5;356,258;12,228.75;80.25,286.75;83.25,119;268.25,158
4542;40.5,305.5;122.25,227;294.25,37.75;363.25,261.75;20.5,222.5;37,312.75;83.25,119;268.25,158
27105;45,258.5;130.25,168;310,14;341.75,317.5;20.5,222.5;37,312.75;94.75,65.75;276.75,101.5
23475;45.25,215.5;160.5,225.25;266.5,10;321.25,293.25;20.5,222.5;37,312.75;84,24.75;311.5,149
38506;3.25,208.25;188.75,181.25;271.75,25.5;321.25,293.25;20.5,222.5;64.5,311.75;127.75,72;312.75,194.75
11277;3.25,208.25;206.5,174.75;222.25,35.75;355.75,260.75;60.5,191.75;74,252.25;127.75,72;261,160.5
47420;56,217;138,159.75;239.25,34.75;322.5,196;16.5,171.25;23,206.75;127.75,72;261,160.5
25122;47.75,249.75;133.75,187.5;266.75,17.5;322.5,196;19.25,142.25;59.75,221.5;127.75,72;295.75,121.5
4626;7.5,240.5;105.5,241.25;266.75,17.5;322.5,196;81.5,163;81.5,211.5;133.5,40.75;284.25,92.5
20578;13.25,291.5;89.5,284.5;266.75,17.5;354.75,187;55.5,170.75;89.5,169.5;186.25,41.75;284.25,92.5
459;13.25,291.5;89.5,284.5;315.75,41.25;356,259;35.75,233.25;88.25,109.75;213.5,6.75;289.5,35.5
22841;39,230.25;102,248;275,38.75;370.25,320.5;35.75,233.25;128.5,133.25;213.5,6.75;310.75,22.25
4932;57.5,218.25;75.25,299.75;316.75,16.5;345.25,313;101.5,262.5;140.75,196.25;213.5,6.75;310.75,22.25
21707;43,253;108.75,237;316.75,16.5;344,313.25;143.75,245.25;146,203.5;227.25,55.25;310.75,22.25
20477;40.5,241.25;95,203.5;269.75,34.5;338.5,311.5;174,243.5;187.25,173;227.25,55.25;310.75,22.25
3201;56,242.25;72.5,176.75;264.75,32.5;338.5,311.5;174,243.5;206.75,183;230.25,41.75;302.25,47.25
27138;85,230.25;130.75,168.5;241.5,29.75;338.5,311.5;174,243.5;214.5,120.5;243,102.25;273.5,20.75
39551;67.75,291.5;130.75,168.5;242.5,83;318.25,279.75;136.75,198.75;210.25,184.5;238,114.5;273.5,20.75
9453;68,286;109.5,109.5;256.75,116.5;357.25,289.5;169.75,226.5;194.75,181.25;238,114.5;273.5,20.75
45122;85.75,261;137,90.75;246.75,130.25;333.5,270.75;169.75,226.5;190.5,188.75;238,114.5;252.5,60.75
16052;85.75,261;137,90.75;284.75,142;333.5,270.75;159.25,201.75;174.75,230.25;275,89;288.5,91.5
22168;115.25,314.5;123.5,141.5;284.75,142;341,321.25;144.5,187;152.75,287.75;218.25,107.25;288.5,91.5
13799;74,306.5;168,161.75;271,106.5;341,321.25;151.5,237;166,239.5;175.5,152;288.5,91.5
37188;141,302.75;168,161.75;292.5,112;321.75,264;129.5,294.5;166,239.5;235.25,151;336.75,130
17103;141,302.75;150,208;296.25,106.25;321.75,264;143,302.75;145.75,281.75;188.5,176.25;347.75,173.75
30703;109.5,315;185.75,151.75;264.25,120.25;313.25,224.5;81.25,313.5;145.75,281.75;188.5,176.25;340.5,187.25
492;96.75,312.25;153,96.5;279.75,102.25;342,257.25;72.25,298;145.75,281.75;203.5,183.75;340.5,187.25
11841;118.5,299.75;168.25,102.75;264,61.25;345.5,315;72.25,298;185.25,307.25;203.5,183.75;340.5,187.25
20192;118.5,299.75;124.25,144;259.25,92.75;322.5,279.75;72.25,298;226,274.75;235.75,233.5;338,159.5
15066;118.5,299.75;124.25,144;278.25,63;337.5,254.75;97.5,284.25;245,321;290.25,249.25;327.5,205.75
47160;119,285;124.25,144;322,88.75;337.5,254.75;90.25,236.25;228.5,273;310,254.5;311.5,196.5
24817;156.25,319;172,164;335.75,50;363.75,266.75;90.25,236.25;185.25,287.5;310,254.5;311.5,196.5
19312;156.25,319;172,164;305,13.5;363.75,266.75;93.5,284;151.25,249.5;354.25,299.25;354.75,202.5
43015;156.25,319;181,202.75;305,13.5;363.75,266.75;43,307.75;185.5,176.25;338.25,314.25;359,173.25
17968;168,234.25;183.5,270;365.5,24.75;367,190.75;30.5,310.75;185.5,176.25;275.5,272;359,173.25
33245;168,234.25;183.5,271.25;336.5,5.75;343.25,199.5;28,308.5;153.25,147.75;339.75,279.5;359,173.25
9597;231.75,206.25;235,278;325.25,25.5;330.25,160.25;26.25,301.25;153.25,147.75;280,294.25;359,173.25
39387;242.5,216.5;243,218.5;270.75,17.5;359.5,217.75;26.25,293;153,146.5;280,294.25;359,173.25
9912;207.75,167;227,185.5;268.5,64.5;359.5,217.75;22,307.75;139.75,164.25;280,294.25;320,210.75
26830;207.75,167;227,185.5;272.25,75.5;301.25,220.5;52.25,275.75;168.5,225;239.5,284.75;330.25,179
388;222,109.5;270,165.75;276,89.25;356.75,213.25;52.25,275.75;214.25,189.25;239.5,284.75;314.5,162.5
4960;266.5,106.25;270,165.75;285.5,52.25;351.75,224;52.25,275.75;182.5,165;227.5,319.5;360,165.75
42297;263.25,30.5;281.5,144.25;298,112;356.75,298.25;91.5,221.25;182.5,165;227.5,319.5;360,165.75
31632;263.25,30.5;331,99.25;343.25,76.25;356.75,298.25;125.25,239.5;217.75,209;278.25,288.25;330,149.25
9069;223.25,55.5;299,53.75;326.25,57.5;347.5,318.75;125.25,239.5;217.75,209;278.25,288.25;286.5,144.25
22632;223.25,55.5;299,53.75;326.25,57.5;364.25,316.5;124.75,195.25;183.25,198;268.5,237;299,201.75
34217;188,50.5;278.75,74;280.5,31.5;320.5,294.75;124.75,195.25;187,162.75;236.75,199;299,201.75
44229;188,50.5;235.25,126;316.75,77.25;355.25,321.25;175.75,164;210.25,158.25;216,163.25;299,201.75
45769;223.5,21.75;250,99.5;283.75,103.25;355.25,272.25;164.5,201.75;210.25,158.25;214.75,191.5;299,201.75
41893;223.5,21.75;229,80.5;291.75,115.75;303,308;178.25,232.25;190,163;214.75,191.5;265.75,251.75
50518;206.5,47.75;213.25,16.25;240.75,101.75;289.5,270.5;178.25,232.25;190,163;254.5,215.25;315,217.75
21831;258.75,18;259.75,17.5;291,132.75;332.75,218.5;178.25,232.25;201.75,107.75;260.75,169.5;315,217.75
30594;259,30.25;259.75,17.5;289.75,75.75;348.5,274.75;185.75,196.75;235.5,71.5;250.5,131.75;315,217.75
39163;204.5,48.25;212.5,56.75;259.75,33.25;327.25,239;185.75,196.75;249.25,10.5;250.5,131.75;281.5,252.75
47850;204.5,48.25;208,79;259.75,33.25;327.25,239;129.25,196.5;225.25,50.5;247.75,106.25;297.25,303.25
48923;204.5,48.25;239.75,126;271.5,33.5;329.75,238.75;182,187;204.75,86.25;225,124;297.25,303.25
24622;161.5,57.75;239.75,126;328,31.5;364.5,208.25;137.5,198.5;156.25,117.25;197.25,177;297.25,303.25
25479;161.5,57.75;239.75,126;303,56.75;356.5,228.75;129.25,259;148.25,56.25;170.5,164.5;315.5,309.75
29973;112.25,32.5;239.75,126;288.5,75.5;336.5,199.25;108.5,315.75;127,39;135,184.5;315.5,309.75
10660;112.25,32.5;260.75,167.25;286.25,103.5;302.5,154.75;43.5,311.25;129.75,92;130,140;315.5,309.75
27985;112.25,32.5;260.75,167.25;302.25,132.75;309.5,112;30.75,291.5;139,146.75;145.75,149.5;355.5,263.25
42754;154.5,27.5;221.5,181;327,156.75;340.75,80.25;44.25,304;102.25,102.5;145.75,149.5;355.5,263.25
30729;154.5,27.5;239.25,166.5;300.75,175.5;307.75,54;20.5,323.75;102.25,102.5;102.25,203;319.25,301
12039;209.25,61;239,167;305.5,98.25;328.5,41;75.25,319.5;102.25,102.5;102.5,228.25;319.25,301
18354;159.75,76.25;239,167;314,41.5;355.75,10.75;91.5,318.25;102.25,102.5;109.25,282;319.25,301
34089;143.75,77.5;192,142.5;281.5,70.5;341.75,74.75;91.5,318.25;103.75,119.25;109.25,282;255,292.75
2119;154.5,31.25;190.75,113.75;246.25,69.5;287,72.75;102.75,260.75;103.75,119.25;127.75,310;255,292.75
49096;154.5,31.25;190.75,113.75;257,138;278.25,130.5;59,201.5;70.75,134;127.75,310;241.75,317.75
11637;103.5,19;190.75,113.75;268,179.25;286.5,103.75;59,201.5;79.25,111.25;182.75,287.75;202.75,277
19493;103.5,19;151.75,128.75;229.5,187.75;288,103.25;73,222.25;79.25,111.25;216,246;238.75,318.25
48236;131.25,39.25;137.5,125;229.75,252.5;234.5,127.5;48,272.75;79.25,111.25;216,246;238.5,317
42211;75.5,8;134.25,150.5;183.5,270.5;217.75,72;49,319.5;79.25,111.25;213,285.25;238.5,317
31834;132.5,22;134.5,129;183.5,270.5;184.75,112.75;16.25,272;79.25,111.25;160.25,298.25;309,316
4477;132.5,22;134.5,129;204.75,261;207.5,63;23.75,311;122.75,162.5;198.5,322.25;319.75,313.25
39529;130,59;146.75,126.75;205,308.25;275.75,34;84.75,319.75;142.5,90.5;198.5,322.25;319.75,313.25
26455;134.25,25.75;152.25,129;195.25,246;210.25,39.75;84.75,319.75;186.25,99.5;244.25,315;319.75,313.25
40740;143,33.25;152.25,129;175,320.75;210.25,39.75;28.5,306.75;133.25,126.75;319.75,312.25;356,290.25
21259;89.5,27;203.5,174.5;219.25,279;226.75,14.25;28.5,306.75;63.5,121.75;319.75,312.25;356,290.25
25171;14,34.25;203.5,174.5;222.5,279.75;278,58.5;11.5,284.5;132.5,97.75;304.5,278.75;356,290.25
7276;14,34.25;162,226.25;165.5,309;296.75,103.75;11.5,284.5;92.25,137.75;352.5,276;354.25,290.75
42249;7,70.75;162,226.25;202.5,307;357.25,83.75;21,289.25;94.75,64.75;291.5,278.5;354.25,290.75
12501;1.25,86;162,226.25;171,297.25;357.25,83.75;30.5,310;98.75,40.75;293,224.5;331.25,314
19115;1.25,86;139.5,281.75;212.5,318.5;368.25,120.75;30.5,310;124.5,116.25;276.25,212.75;312.75,309.75
2409;1.25,86;128.5,207;227.75,316.25;299.75,148.25;51.75,309;124.5,116.25;261.5,241.5;354.25,262.75
25569;36.5,119.25;141,157.75;227.75,316.25;328.75,198;110.75,280.75;124.5,116.25;266.25,224.25;327.5,289
35897;4.25,73.5;115,144.5;273.75,288;335.75,258.75;110.75,280.75;144.25,92;241.5,213.5;327.5,289
29685;26.75,86;85.75,110.25;290.25,318.5;335.5,312;110.75,280.75;166.75,89.5;241.5,213.5;327.5,289
16644;8.75,62.75;43,103;282.75,321;340.25,315;48,284.5;155.25,49.5;241.5,213.5;327.5,289
31204;55.25,5.25;73.5,165.25;260.75,323.5;340.25,315;55,275;151.5,4.75;219.5,161.75;327.5,289
48522;76.5,11.25;100.25,212.25;276.75,274.25;308.5,288;55,275;156.75,30;219.5,161.75;327.5,289
46486;38,31;158.25,193.75;266.25,297.5;289.5,321.25;55,275;156.75,30;205.75,175.25;327.5,289
13127;70.75,32.25;127,244.75;218.25,251.5;344.5,312.25;31,265.75;156.75,30;183.25,230.5;327.5,289
43025;118,34.5;152.25,223;163.75,224.25;345.25,311.5;31,265.75;156.75,30;183.25,230.5;341.75,229
29577;89.5,58.5;138.75,224;167.5,177.75;345.25,311.5;12.5,292;156.75,30;226.25,210.5;347.75,174.75
31743;81.5,33.75;102,255.5;222.5,187.75;356.5,289;56.75,289.25;156.75,30;231,158.5;347.75,174.75
15719;60.5,75.5;64.75,291.25;166.25,218.25;345.5,252.25;81,258.25;156.75,30;231,158.5;336.25,149
34002;5.75,89.5;64.75,291.25;222.5,260.25;363.5,297.5;81,258.25;166.5,41;187.25,175.75;352.5,205
14601;5.75,89.5;64.75,291.25;222.5,260.25;361.75,323.25;104.5,308;133.5,77.5;143.25,177.75;359.5,157.25
14590;65.25,84;71.5,317.75;214,310.75;361.25,277;104.5,308;141.5,68.75;143.5,178.25;359.5,157.25
46578;65.25,84;144.5,302.25;183.5,270.25;361.25,277;58.5,248.5;99.75,50;154.75,180;297.25,143.75
22427;0.75,74.75;145.75,241.25;212,276.75;363.75,323.25;80.75,190.25;99.75,50;124.5,199.25;297.25,143.75
27639;17.25,25.25;212.25,241.25;221.75,278.25;363.75,323.25;67.75,203;99.75,50;127.75,216.75;297.25,113
20527;2.75,6.25;212.25,241.25;221.75,278.25;363.75,323.25;75,277;97.75,36.25;99,153.75;310.75,139.25
19202;6.25,93.5;212.25,241.25;252,277.25;363.75,242.25;75,276.5;77.25,33.5;106.25,152.5;310.75,139.25
3288;12.5,34.75;184.75,277.25;205,227.5;306.75,254.25;75,276.5;77.25,33.5;162.75,163.75;319.75,153.25
20276;12.5,34.75;229.25,301.5;240.25,284.75;312.25,198.5;85.75,221.25;140.5,7.75;162.75,163.75;329.25,162
851;12.5,34.75;229.25,301.5;248,219.25;309.25,208.5;33.75,215.5;73.25,12.5;151.25,175.75;284.25,137.5
50132;12.5,34.75;286,320.25;292.25,231.5;355.5,255.25;50,281.25;73.25,12.5;172.5,177.25;273.5,101.75
49211;5.25,85;286,320.25;345.5,254.25;363.25,260.25;35,265.75;73.25,12.5;175.5,165;311.5,132.5
44662;5.25,85;282.75,277.5;316.25,293.5;353.5,213.5;34.75,265.25;125.25,17.75;187.75,176.75;311.5,132.5
28;19.25,144.25;270.25,323.25;309.75,319.75;321.75,263.5;93.5,283.5;147.75,53.25;187.75,176.75;311.5,132.5
26799;19.25,144.25;249.75,313;300.5,302.75;348,290;83.75,283;109.25,9.5;187.75,176.75;345.25,78.75
28441;39.5,93;240,273.5;242.25,286.25;290.75,319.75;83.75,283;109.75,9.25;234.25,154.5;345.25,78.75
28329;1.75,139.5;207.25,259;264.25,304.5;307,307.5;33.25,301.75;109.75,9.25;234.25,154.5;337,150.25
11;1.75,139.5;207.25,259;262.5,304.5;292,310.5;47,248.5;163.25,2.25;282.5,107.5;347,184.25
7686;1.75,139.5;250.25,271.5;285.5,321.75;299.5,318.75;47,248.5;221.5,20.5;246.75,142;349.75,119
10918;1.75,139.5;250.25,271.5;285.5,321.75;360.25,295.75;15.5,202.25;223.75,17;236.75,81.75;342.25,66.5
35289;27,137.5;240.5,259.25;312.25,252;357.75,230;15.5,202.25;223.75,17;300,135.25;354.5,8.5
43404;27,137.5;240.5,300.5;307.25,317.25;357.75,230;15.5,202.25;248.25,41.25;326.25,162;366.75,79
24827;26.5,127;240.5,300.5;307.25,317.25;313.75,231.25;34.75,206.25;254,40;310.5,211.75;337.25,95.25
34817;36.75,91;239.5,299.5;285.5,322.25;357.5,175.25;34.75,206.25;185.75,18.5;248.25,227.75;337.25,95.25
29524;36,91.5;250.25,281.5;316.75,275.75;356.75,123.25;34.75,206.25;185.75,18.5;238.75,258.25;323.75,59.75
33674;11.25,42.75;239.75,281;351,307.5;356.75,123.25;34.75,206.25;154,35;245,308;284.5,60.75
35117;73,47.75;274.25,256;283.75,318.25;364,168.25;34.75,206.25;154,35;253.5,281;281.5,59.75
29681;73.75,47;316.75,257;332,301;334.75,155;34.75,206.25;84.5,16.5;253.5,281;257.25,16.75
28857;135.25,92;263,242.5;264.75,316;367.25,91.75;116.75,194.25;129.75,19;253.5,281;257.25,16.75
2403;155.25,27.75;185,246.75;227,285;367.25,91.75;76.75,254.5;90.25,26.25;253.5,281;322.75,56.5
3019;133.25,27.75;185.5,247.75;227,285;351.75,30.25;78.5,304;90.25,26.25;228,318.25;274,16
29014;126,20;165.75,281.25;227,285;315.5,76.75;30.25,320.25;90.25,26.25;227.5,313.25;238.25,55.75
44978;160,37;167.5,226.5;227,285;370,73.75;11.5,308;134.25,41.5;227.5,313.25;284.25,89.25
49633;160,37;192.25,230.5;206,269.5;364.25,74.25;11.5,308;138.75,11.5;189.25,303.5;305.25,121.25
42899;82.75,31.75;153.25,295.25;176.5,280.75;361,90.5;11.5,308;165.75,40;189.25,303.5;305.75,122
14501;94.25,90.25;138.5,226.25;219.25,301.75;326.75,39;11.5,308;128.75,105.25;226.5,321.5;305.75,122
43807;94.25,90.25;113.75,213.5;263.5,312.75;350,31.75;11.5,308;169.75,90.25;192.75,319.75;311.5,184.75
11210;65,103.25;133.75,184.5;304.25,303.5;310.75,24.25;47,283;169.75,90.25;192.75,319.75;295.75,153.75
6482;65,103.25;130.75,124;308.5,243.25;310.75,24.25;72.5,271;128,91.25;218,315.25;352.75,173.25
39235;27.5,55.25;162.5,100.75;274,255.25;316.25,27.5;72.5,271;79,86.5;246,287.75;352.75,173.25
47531;11.25,4.75;194.25,113;313.25,262.5;329.25,4.5;19.5,280.25;79,86.5;246,287.75;322.25,163.5
30922;28.5,68;204.5,132.25;262.25,293.75;294,57;19.5,280.25;47.25,79.5;245.5,288.75;322.25,163.5
26988;3.25,9.25;204.5,132.25;307.5,310;309.25,113;19.5,280.25;38.25,89.75;184,306.75;342.75,206
14411;3.25,9.25;235.75,127.5;307.5,310;309.25,113;20.5,271;47.25,111.25;171,268;296.75,195.5
40567;34.5,61.75;235.75,127.5;289.75,319.25;311.75,98.75;18.75,214.75;47.25,111.25;191.5,266.75;235,231.25
11072;18.25,101.75;229,72.25;291.75,320.5;359,135;12,268.5;47.25,111.25;150.25,303.75;235,231.25
26991;1.5,104.25;224.25,55.25;254.5,316.5;327.75,136.75;12,268.5;47,130.5;150.25,303.75;256,214.5
3444;6.25,35.25;222.25,51.5;239,277.25;351.75,99.75;12,268.5;47,130.5;150.25,303.75;199.5,243.75
5938;69.5,40.75;192,49;291.5,317.75;330.75,143;23.25,217;47.75,164.75;150.25,303.75;199.5,243.75
25896;69.5,40.75;166.5,91.5;251.5,289;301.5,114.5;33.25,246.75;47.75,164.75;166,277.75;186.75,240.25
1752;73,96.75;166.5,91.5;251.5,289;289.25,85;18.75,201.75;59.5,224.5;109.5,275;140.75,223.75
29521;53.5,62;110,106.5;286,286;298.25,70.25;18.75,201.75;100.25,221.25;109.5,275;166.75,224.25
23092;53.5,62;163.5,150;298.5,319.75;335,80.5;9.25,270;37.75,207.25;97,265;166.75,224.25
6233;27.5,67.5;199.75,93.25;317.25,305.75;325,33;4.25,279.5;30.5,211.5;97,265;166.75,224.25
45267;72.25,32.25;235.75,126.5;317.25,305.75;318.5,54.75;4.25,279.5;99.75,221.75;125.25,273.25;143.25,202.25
48226;72.25,32.25;265.5,155.25;292.25,248.25;324,11;23.5,319.75;80,160.25;125.25,273.25;211.75,210
32246;119.25,68.75;230.5,169.75;294.5,210;338.25,9.75;23.5,319.75;80.25,156.25;125.25,273.25;252,251
16984;157.5,28;277.75,149.5;290.75,208.5;338.25,9.75;45.25,308.75;80.25,156.25;109,295.5;262.5,244.25
464;165.25,38.75;258.5,78.5;315.75,224;356,38.25;45.25,308.75;69.5,168.75;125,288;262.5,244.25
4039;165.25,38.75;287.5,53.75;356,201.5;365,36.5;43.75,307.75;98,221.25;125,288;198,223.75
12786;180.25,87.75;269.25,71.25;302.25,220.75;335,2.75;43.75,307.75;98,221.25;125,288;197.75,175.25
42224;136.5,89.25;290.75,114.75;291.75,248.5;371.5,69.75;5,244.5;77.25,148;125,288;197.75,175.25
28666;119.75,141;306,75.5;318.5,253;355.25,43.75;5,244.5;77.25,148;125,288;170.25,172.25
46880;78.75,139.25;281.75,89.25;318.5,253;366.75,69.25;5,244.5;48.25,131;83,304.75;210.25,173.25
41346;58,146;247.75,46.5;318.5,253;364.5,90.25;23,202.25;81.5,81.75;83,304.75;223.25,220
16933;49,126;200.25,63;329.5,237;362.5,83.25;23,202.25;46,75.25;47.25,271;223.25,220
45270;107.75,83;163.5,96.25;342,225.5;356.5,128.5;23,202.25;24.5,98.75;47.25,271;223.25,220
28370;174,38.25;188,131.75;298.25,180;323.75,69;23,202.25;24.5,98.75;47.25,271;231.75,248
34602;109.5,72.25;158.5,159.75;362,216.75;370.5,26.75;23.5,176;24.5,98.75;107.5,308.75;231.75,248
40123;74.25,84.5;207,167.75;313,253.75;314.75,4.25;23.5,176;28.5,105.5;107.5,308.75;256.5,293.75
37038;58.75,58.25;236.5,170.25;307.25,239;314.75,4.25;14.75,219.5;41.75,58;95,315.75;256.5,293.75
4764;14,60;196,170;292.75,189;314.75,4.25;14.75,219.5;36,24.5;82.75,268.25;216.25,284.25
19769;4.5,5.75;249.25,134.75;268,256.25;314.75,4.25;20.5,253.75;41.5,40;43,310.25;216.25,284.25
4809;6.75,8.75;260.25,134.5;291.25,212;354.75,33;2.75,248.5;41.5,40;43,310.25;216.25,284.25
11655;6.75,8.75;200.25,168.5;260.25,254.75;332.5,29.5;2.75,248.5;51.25,75.25;119.75,308.5;154.25,271.25
242;6.75,8.75;214,198.5;260.25,254.75;357.75,81.75;37,312.75;78.75,10.75;97.25,315.75;105.5,273.75
42124;74.25,42.75;242.25,247.5;307.75,294.75;344.5,11.25;37,312.75;78.75,10.75;93.5,315.75;104.25,270.25
40511;113.75,17.75;272,285.75;298,314.25;344.25,10.25;37,312.75;78.75,10.75;125.5,275.75;132.25,228.75
46647;110.25,18.25;243.5,283.5;310.5,225.5;335.5,49.75;48.5,291;104.75,67.75;125.5,275.75;132.25,228.75
27357;146,12.5;241.5,216;312.25,220.5;335.5,49.75;47.5,290;104.75,67.75;127.25,229.25;130.75,194.25
27378;147.25,11.75;244,158.5;248.5,272;270.75,0.75;47.5,290;104.75,67.75;176.5,230.5;185.25,196
20982;201.25,7.25;244,158.5;257.75,238;322.75,41.25;60.75,221.5;98.75,20.5;138.25,194.5;176.5,230.5
24658;236,34;244,158.5;273,272.75;281.25,10.25;72.75,168.75;98.75,20.5;172.25,173.75;185.5,176
2407;236,34;317.75,140.75;332.25,282.5;338,22.5;62.75,149;64.75,9.75;172.25,173.75;184.25,164.5
32524;229.75,38.5;317.75,140.75;332.25,282.5;358.25,30.75;110.25,171;132.75,20.75;166.5,222.5;223.25,166.75
37109;175.5,36.75;294.75,90;306,303.5;356,36.75;85.5,170.5;134.75,20.5;166.5,222.5;223.25,166.75
42733;175.5,36.75;271.25,25;306.75,304.5;356,36.75;85.5,170.5;173.5,7.75;195.25,228.75;214.25,173.25
11254;140,66.75;282.5,52.75;288,259.5;301.25,63.75;85.5,170.5;117.5,35.75;203,296.75;214.25,173.25
4761;140,66.75;268,75.5;284.25,310.75;294.25,115.5;69.75,127.25;117.5,35.75;146.5,300.75;171.5,162.75
33143;153,126.5;232.5,42.75;284.25,310.75;332.75,141.25;18.25,108.25;117.5,35.75;120.25,283.75;139.25,195
38871;181.5,75;243.75,82.75;303,322.5;360.5,123;45.5,140;70.75,13;120.25,283.75;139.25,195
2042;150.25,83.25;249.5,102.25;303,322.5;360,79.75;45.5,140;96.75,34.25;113.75,309;115.5,197.5
42930;133.25,125.25;263.75,65.5;345.75,314.75;360,79.75;15.5,156.5;34.5,42;113.75,309;117.5,194.5
18173;73.5,84.5;212.5,41.5;290,317.75;360,79.75;20.75,205.75;34.5,42;53,323.25;191.5,181.25
2596;25.5,85.25;210.5,6.25;303,307.5;306.75,115.25;20.75,205.75;34.5,42.5;53,323.25;118.25,158
7254;25.5,85.25;246,21.5;264.25,308;286.75,55.25;14.5,155;34.5,42.5;68,289.75;122.25,104
24113;44.5,45.75;246,21.5;264.25,308;286.75,55.25;19.75,99.5;30.5,88.75;33.5,246.25;140.25,74.25
21907;73.25,97;246,21.5;269,256.25;286.75,55.25;4,156.25;20.5,103;37.75,307.25;117.25,11
47899;62.75,145.75;219.75,22;350,230;353.25,100.25;4,156.25;20.5,103;37.75,307.25;173.75,31.25
11994;86.5,165.25;219.75,22;321.25,303.75;362.25,42.5;4,156.25;50,86.5;62.75,284;209.25,53
31594;48.25,109;261.75,13.25;267.25,323.75;362.25,42.5;4,156.25;12,38.75;87.5,267.5;266.75,36.75
20783;7.5,160.5;261,29.25;289.75,311;316.75,59.5;4,156.25;12,39.25;34.5,245.25;266.75,36.75
14821;7.5,160.5;270.5,105.25;284,284.5;297.5,113.5;4,156.25;7,31;82.75,253.75;271.5,118.5
12010;42.25,190;270.5,105.25;301,285.5;302.5,55;4,156.25;32.25,75.25;115,215.75;307.75,133
6254;8,177.5;270.5,105.25;273.5,290.5;333,22.25;23.5,156;31.75,77.5;115,215.75;271,137
10108;2.75,186;250.5,157.25;273.5,290.5;333,22.25;10.25,95.75;81.25,133.75;162.25,247.5;274.75,209
11034;2.75,186;255,156.25;295.25,221;312.25,52.5;35.25,75.25;81.25,133.75;222.25,203.5;255.75,146.75
34823;5.25,184.25;255,156.25;295.25,221;335.75,19.25;16.75,135.75;30.5,98.5;252,226.75;315.5,116
49547;14.5,177.75;255,156.25;295.25,221;335.75,19.25;17.25,120.25;45,76.75;252.25,164.25;305.75,151.5
30431;7,173.25;255,156.25;277,249.75;338.75,37.5;17.25,120.25;92.75,33.5;241.75,120.75;309.25,150.5
24651;7,173.25;272.25,220;276.75,208.5;338.75,37.5;26.75,123.25;98,47.5;187,95.25;357.75,147.25
27064;61,210.25;222.5,232.5;244.25,161;338.75,37.5;82.75,135.5;150.5,49.75;238.5,81.25;357.75,147.25
41016;49,248;241.75,190.5;279,180.75;300,55.25;104.25,144;143.75,52.5;238.5,81.25;357.75,147.25
21186;37.25,296.75;269.5,180.75;337.5,199.25;361,89.75;104.25,144;115.5,92.5;226.5,41;357.75,147.25
28331;15.75,306.5;292.25,232.5;334.75,177;361,89.75;39,139;115.5,92.5;266.75,61.75;300.25,135
365;69,309.75;309.75,248.5;323.25,213;365.75,69.25;80.5,133.75;92.75,137.25;266.75,61.75;300.25,135
11149;17.5,309;268.25,214.25;323.25,213;352.75,102.75;80.5,133.75;102.75,152.75;241.5,46.25;264.5,118.25
19499;17.5,309;268.25,214.25;323.25,213;357,112.25;117.25,185.25;161.5,141.5;183.75,99.5;221.5,85
10409;17.5,309;247,169;323.25,213;357,112.25;61.75,201.75;153,201.75;174,163;196.75,40
34593;16.75,306.5;241,218.25;323.25,213;332.5,119.75;6.75,194.5;166.5,166;170.5,173.25;196.75,40
2080;42.25,226;220.75,267.75;293.5,239.75;345,198.75;6.75,194.5;128.5,199.25;166.5,166;195.75,3
42860;88.25,188;243.5,225.75;278.75,254.75;357,160.25;13.25,203.25;89.25,255.25;166.5,166;195.75,3
12900;79.25,165;238.75,208;301.5,317.5;350.25,162.5;13.25,203.25;102.25,316.5;182,141.25;195.75,3
12459;48.25,171.25;209.75,232.5;293,322;358.25,214;47,259.75;74.5,302;182,141.25;195.75,3
6043;16.5,146.75;209.75,232.5;344,314.5;369,144;11.25,309.75;74.5,302;184,141.25;189.75,37
2717;45.5,94.5;156.5,227.25;294,318.5;369,144;37.25,304;74.5,302;190,69.25;259,21.25
43602;39,114.75;156.5,227.25;340.5,266.75;361.5,197;2.75,280;84,235.75;190,69.25;275.75,23.5
43547;12.5,84.25;152.25,225.75;324.75,319;361.5,197;2.75,280;123.5,240;128.25,77.75;295.25,3
15119;52,47.25;131.75,241.25;251.25,299.25;345.25,273;2.75,280;102.25,196;128.25,77.75;324.25,39.25
44142;10.75,9.75;178.25,228.5;252.25,299.5;344.5,242.75;57.25,290.25;81.5,174.25;128.25,77.75;324.25,39.25
2987;5,68.75;178.25,228.5;246.25,297.5;279,230;57.25,290.25;128.25,152.25;144.25,83.5;299,18.5
17827;4,20.5;208.5,197.5;246.25,297.5;330.75,246;61.25,224;160.25,133.5;161.5,85.5;299,18.5
17430;31,17.75;169.25,232;261.25,241.5;330.75,246;118,252.5;130.25,197.25;170,51;299,18.5
5302;79.5,71;126.5,213;202.75,280.25;335.75,266.75;118,252.5;130.25,197.25;213.25,92.25;245.75,33
10421;39.25,30.75;98.25,160.75;160.75,312.75;283,284.5;118,252.5;173,160.75;239,128.75;245.75,33
2810;41.5,23;98.25,160.75;160.75,312.75;238.25,288;164.5,239;193,184.25;230,134.5;230.25,70
15489;41.5,23;141.5,188.5;210,310;299.75,319;146.5,202.75;163.75,259.25;230,134.5;298,23
17588;41.5,23;126.5,239.25;141.5,313.25;317,319.25;146.5,202.75;172.25,312;189.5,165.25;353.25,3.25
35493;76,11.25;88.5,188.75;141.5,313.25;261.25,294.5;161.75,134.5;172.25,312;216.25,195;352.75,17.25
45968;76,11.25;88.5,188.75;141.5,313.25;260,254.75;143.75,145.75;155.25,257.75;217.25,204.25;342,31.5
32432;76,11.25;94.25,176.75;172.75,266;279,230.75;143.75,145.75;156.75,224.5;222.5,231.75;362.75,78.5
5873;76,11.25;158.75,159.25;228,237.25;252,218.25;143.75,145.75;164.75,224.5;231.25,210.5;360.75,48
18742;51,7;196,175.5;208.5,196.5;252,218.25;145.75,90.75;211,188.5;232.5,265.5;360.75,48
5918;4.5,5.25;165.75,163;189.25,152.25;258.5,241.25;139.25,55.75;184.25,173;232.5,265.5;360.75,48
28660;4.5,5.25;146.5,226.5;150.5,97.5;258.5,241.25;130.75,123.25;209,144.5;227.5,207.5;345.5,62.5
46442;15,6.25;97.25,213.75;140.25,149.25;258.5,241.25;132.75,132.25;209,144.5;219,271.75;284.25,61
21180;15,6.25;53.75,171.75;114.25,123.25;228.25,193.25;118.25,126;194,100.25;219,271.75;269.25,86.25
22979;6,33;19,154.25;114.25,123.25;228.25,193.25;134.75,107.25;161.75,80.25;236.5,236;309.5,84.75
15738;6,33;49.5,161;158.5,110;177.25,206.75;141.5,91;142.75,31.75;236.25,236.75;309.5,84.75
49514;6,33;50.75,163;158.5,110;206.5,175.5;119,111.5;188.5,69;244.5,291.75;348.75,80.5
23734;5.5,3.75;50.75,163;161,108.5;206.5,175.5;119,111.5;133.5,34.5;175.5,301.25;286.75,83.5
22618;28.25,22.75;50.75,163;116.25,87.75;248.25,130.75;102.75,108.5;133.5,34.5;143,302.5;332.5,98.75
46210;44.25,35.75;63,102.75;86.75,149.25;270.75,166;102.75,108.5;133.5,34.5;143,302.5;297,58.25
14891;3.25,62.25;38,116.25;45.75,206.5;278.75,169.5;121.5,73.75;133.5,38.5;143,302.5;297,58.25
42415;3.25,62.25;35,118.25;49,217.25;280,229.5;87.75,25.75;116.5,71.5;143,302.5;340.25,97.25
26611;42.5,62.75;44.5,144.75;114,201.25;312.5,268.25;84.25,32.5;116.5,71.5;143,302.5;279.25,113.75
34815;45.5,122;64,170.75;151.25,183.75;285.25,230.25;84.25,32.5;104.75,98.25;163.5,318.5;279.25,113.75
21664;48.25,124;79.75,116.25;151.25,183.75;280.5,231.25;81.5,24.25;149,76.5;163.5,318.5;239.25,70
23438;88.75,109.75;129.25,137;153.5,127.75;236.5,258;81.5,24.25;146.5,81.5;146.75,283;239.25,70
22817;104.75,53.25;134.5,125.75;183.25,79.75;236.5,258;120.5,6;146.5,81.5;174.75,272.5;218.25,106.5
3365;75.5,39;112.25,70.5;183.25,79.75;201,309;143.25,53.5;143.75,29.5;175.25,272.25;218.25,106.5
37404;75.5,39;106.75,128.5;158.25,141.5;189,323;129.75,94;143.75,29.5;158.75,272.5;232.75,49.75
20232;14.5,59.75;108.75,74;157.5,215.75;189,323;100,56;146.5,80;158.75,272.5;221.5,18.5
587;11,8.25;108.75,74;222,218.75;226.5,270;100,56;109.75,137.25;175.25,301.25;186.25,26.25
17992;11,8.25;142,125.25;273,262.75;279.75,282.5;61.75,58.25;167.75,95;175.25,301.25;176,7.25
7344;16.25,58.75;126,200.5;273,262.75;320.25,260.25;72.5,33;135.75,106.75;175.25,301.25;209,46.5
27431;9.75,90;126,200.5;259.25,308.75;319,265.25;106.25,52.25;122.5,115;175.25,301.25;201.5,96.75
33394;48.75,56.75;146.75,259.5;316.75,304.25;319.25,314.5;81,25.75;87.5,152.25;175.25,301.25;201.5,96.75
30767;65.5,4.5;88,263.25;307.75,262.75;312,289.5;88.25,66;97.25,108.5;175.25,301.25;201.5,96.75
24522;2.5,6.75;46.5,267;290.5,319;307.25,319;81,42.5;97.25,108.5;149.5,278.75;201.5,96.75
8909;2.5,6.75;57.5,239.5;287.25,277.5;341.5,288;83,32.25;97.25,108.5;149.5,298.5;231.75,134.75
49224;2.5,6.75;32.5,284.25;227.75,236;299.25,229.25;83,32.25;122.5,144.5;123.5,266;203.25,105.5
185;2.5,6.75;19,306.5;256.75,206.75;277,219.25;85.25,12.75;90.75,156.25;140.25,273;203.25,105.5
44565;2.5,6.75;24.75,280.5;200.75,245;249.5,260;115.25,41;124.5,113.25;145.5,262;203.25,105.5
38135;9.75,62.25;24.75,280.5;172.25,268;249.5,260;120.75,103;143.75,52;159.25,202.75;180.5,113.25
9107;9.75,62.25;24.75,280.5;195,248.75;210.75,202;84.75,128.25;122,98.75;168.25,222.5;209.5,149.5
31757;9.75,62.25;24.75,280.5;200.25,273;208.5,202.5;61.5,79;131.75,151.75;193,182.25;242,121.5
6873;2,106.25;49,242.25;167.5,279.75;246.5,177.5;61.5,79;150.25,124.25;193,182.25;305.25,112
31920;17.5,146.25;49,242.25;179.75,318.75;303.25,189.75;22.75,59.75;150.25,124.25;231.25,186;286.5,98.75
31167;17.5,146.25;80.75,297.75;165.25,322;303.25,189.75;5,34;105.25,162.25;179.25,147.75;265.75,121.5
1060;6.5,124.5;80.75,297.75;202.75,286.25;290,263.75;5,34;147.25,153.25;247.5,141.5;323.25,124.5
26450;6.5,124.5;114.75,311.5;185.25,255.5;292.5,230.25;5,34;171.25,162.5;280.75,111.5;356.5,166.75
32265;17,116.75;112.5,310;186,212.5;287,261.75;9,4;171.25,162.5;280,111.75;356.5,166.75
22178;36,50.25;79.5,255.75;138.75,216;249,218.25;9,4;166.25,222.75;280,111.75;345.5,106
50108;3.5,47;98.25,247;110.75,165.75;197.75,245;3.5,8.25;166.25,222.75;279.5,111.5;345.5,106
45849;45.5,46.75;87.75,300.75;131.75,204.5;164,305.5;3.5,8.25;187.25,249;279.5,111.5;345.5,106
33267;36.25,24.25;112,308;166.75,241.75;168.5,281.25;3.5,8.25;158.25,301.25;280,111.75;345.5,106
2813;36.25,24.25;64.25,294.5;166.75,241.75;201.5,284.25;52.75,4.5;134,229.5;271.75,103;351.75,182.25
25751;34,31;64.25,294.5;216.25,251.5;259.75,293.75;52.75,4.5;195.25,249.5;239,129.75;358.75,182.75
28940;75.5,58.5;76.75,298.25;177.5,266.5;281.25,319;52.75,4.5;166.25,224;239,129.75;313.75,172.25
26951;65.75,89;117.25,250.25;224,270.5;313.25,293.5;52.75,4.5;221,195;239,129.75;328,131.5
27442;65.25,87.5;117.25,250.25;244,306.25;302,302.5;52.75,4.5;189.25,160.5;209.5,144.5;355.5,109
24188;33,106.25;146.75,266.75;250.75,249.75;363.5,298;33.25,49.25;189.25,160.5;191.5,96.5;355.5,109
13754;71.5,84.5;146.75,266.75;250.75,249.75;341.5,247.5;70,33;141.75,120;191,44;352,62.5
39993;26.75,43.25;142.75,260.25;251.75,315;335.5,276.5;40.5,79.75;157.25,125.5;191,44;352,62.5
14097;6.75,92;147.75,195;319.25,318.5;363.5,288.5;42,80.5;179.25,191;191,44;352,62.5
18759;6.75,92;146.5,224;283.25,263;363.5,288.5;118.5,71.5;212.5,155.75;251,46.25;291.75,84.5
4923;32,35.75;141,158.25;218.25,279;363.5,288.5;118.5,71.5;177.75,177.5;232.75,8;323.75,139.75
49256;32,35.75;141,158.25;181.25,255.5;363.5,288.5;163.75,58.5;165.5,237.5;257.5,15.25;322.5,78.5
7756;67.25,87;168.25,105.25;181.25,255.5;363.5,288.5;120,98.75;141.75,185.5;245.75,46;346.25,79
11247;21.5,76.5;117.25,111.25;179.75,229.5;342.5,247.5;98.25,39.25;188,175.25;245.75,46;346.25,79
3854;20,77;142.5,76.5;171,292.75;282.5,282.75;98.25,39.25;188,175.25;286.5,8.75;325.25,94
18951;29,31;159.75,125.25;171.5,265.75;253.25,301;98.25,39.25;227.5,117.5;286.5,8.75;306.25,133
50576;29,31;142.75,127.25;144,297;253.25,301;147,51;192.75,95.5;302.5,35;339.75,82
37491;29,31;74.5,112.5;122,238;293,321.5;147,51;171.5,104.5;297.75,47.25;339,22
12925;31,58;39.25,124.75;122,238;269.25,256.75;118,112.25;223.25,122;268.25,93.5;339,22
45129;2.25,80;36.25,64.25;122,238;269.25,256.75;155.25,167.75;210.5,155.25;299.5,37;322.75,56.75
48095;2.25,80;14,4.75;113.75,234;323.5,254.75;190.75,162;204,216.25;299.5,37;355.5,17.5
35691;2.25,80;16.5,29.5;164.5,223;291.75,189.25;187.5,164;204,216.25;250.5,14.25;358.25,78.5
48701;1.25,90;16.5,29.5;111.5,230.25;309.75,201;193.25,99.5;204,216.25;284.75,42.5;332.75,149.5
4276;1.25,90;13,47.25;49.5,230.5;306,140.25;193.25,99.5;194.25,176;250.75,86.75;290.5,171.5
6828;12.75,58.75;16.75,103;38,284;291.75,113.75;141.75,90;194.25,176;250.75,86.75;324.25,136.5
20041;10.5,9.25;22.25,100;43.25,240.75;291.75,113.75;141.75,90;220,134.5;266.25,38;324.5,136.75
47177;0.75,70.5;17.5,142.75;67.25,205.5;337.25,134;141.75,90;220,134.5;265.75,37.75;339.75,81.5
31627;0.75,70.5;40,145.5;79.75,243.5;364.5,167.75;150.5,43.25;175.25,160.5;290.5,42.5;339.75,81.5
23218;6.25,50;20.75,190.5;73.75,181.5;364.5,167.75;183.75,32;189.75,191;245.25,47.25;339.75,81.5
29039;6.25,50;33.5,119.25;48,229.25;365,231.25;183.75,32;215.5,189.25;310,30.75;336.25,134.5
20687;4.75,124.5;6.25,50;89.25,187;365,231.25;138.5,56.5;175.25,152.5;260,46.25;277.75,114.25
5909;33.25,158.75;65.5,5;92.75,261;351,231.25;119.25,20;175.25,152.5;260,46.25;277.75,114.25
33751;33.25,158.75;65.5,5;92.75,261;310.25,227.25;84.75,25.75;194.75,177;290.5,115;308.75,87.5
38577;73.75,146.5;76.5,6;92.75,261;304.25,195.25;84.75,25.75;178.75,231.5;260.75,163.75;340,124
41559;73.75,84.5;90.5,11.25;102,206;355.25,213.75;118.75,39.5;178.75,231.5;260.75,163.75;338.5,124.75
36654;4.75,62.25;90.5,11.25;102,206;359.5,138.75;50.25,69;176,164.25;318.75,163;358,149
38252;31.25,35.5;59.5,5;96,197.25;334.75,120.25;87.5,100.75;176,164.25;291.25,133;358,149
4486;45,65.75;58,74.75;95.25,214.25;361,122.25;87.5,100.75;176,164.25;340.75,143.25;356.5,148.25
3707;41.5,59.75;59,123.75;140.75,227.75;352.75,104.25;87.5,100.75;228,156;328.5,132;356.5,148.25
20042;53.75,66.25;112.75,110;140.75,227.75;302.25,134.75;87.5,100.75;233.5,193.25;319,111.25;355,153.5
12430;40,96.25;68,103.25;148.5,209.5;263.25,111.75;87.5,100.75;233.5,193.25;332.75,131.5;355,153.5
6730;11,58;23.5,120.25;145.75,239.75;278.5,70.5;87.5,100.75;233.5,193.25;332.75,131.5;351.5,167.5
24375;11,58;11,108;145.75,239.75;278.5,70.5;135.25,129.5;202.25,178;338.75,148.5;366.5,211.25
38378;2.75,9.25;11,108;136.25,191;309.75,73;135.25,129.5;267.75,170.25;303,196.5;304.5,203.5
18810;2.75,9.25;45,124;192.25,231.5;321.25,63.5;125.25,197.75;260.75,174.75;281.75,174.75;304.5,203.5
27904;2.75,9.25;86.5,177.25;222.25,271.25;321.25,63.5;113.5,194.75;262.25,221.5;296.5,194.25;320.75,223.25
39538;2.75,9.25;86.5,177.25;223.25,316.25;283,52.75;121.25,196;249.75,175.75;265.25,248.5;269,241.75
193;2.75,9.25;86.5,177.25;161,297.5;269,103;144,223.25;208.25,185.5;224.25,251.75;243.75,260.5
25632;2.75,9.25;89.75,130.25;123.5,256.25;269,103;160,285.25;184,175.25;186.75,272.75;235.75,284.75
40333;10.5,54.25;68,139.25;76,317.25;285,52;160,285.25;183.5,164.5;186.75,272.75;241.5,316.5
43538;34.5,89.5;68,139.25;88.5,267.5;293,71.75;124.75,315.75;162,82.5;183.5,198;241.5,316.5
17318;34.5,89.5;90.5,142.25;115.25,301.75;328.25,60;162.25,300;166,34.5;180.75,152;241.5,316.5
34055;43.5,32.75;74.5,205.5;164.5,252.25;273.5,70.75;162.25,300;169.25,92.5;180.5,150.75;241.5,316.5
45996;56,6.5;85,193.25;164.5,252.25;232.75,73;162.25,300;186.25,97.75;218.75,173;263.25,265
14778;65.25,74.25;99.75,239.75;143.5,224;297.25,88;162.25,300;186.25,97.75;187.25,160.5;316.25,235
20771;47,33.75;110.25,240.5;161.75,217.25;340.25,102.75;162.25,300;218.75,155.25;230.25,134.25;316.25,235
44543;108.75,51.5;120.5,303.25;157.25,215.25;358.75,90.75;132,289.75;218.75,155.25;230.25,134.25;316.25,235
48593;105,63;120.5,303.25;168.75,230.5;292.25,98.75;151,240.75;182.25,196.5;268.25,82;316.25,235
9835;105,63;170.75,266;216.25,214.75;299.5,54.5;114.25,216.5;182.25,196.5;310.5,37.25;341.75,233
48161;123.5,71.25;202.5,286.75;241.75,170.25;299.5,54.5;157.5,226.25;222.75,170.5;311,36;341.75,233
39780;90.75,85.25;213.25,245.25;266.75,128.25;272.5,31;157.5,226.25;222.75,170.5;254.5,38.5;336.75,271
12871;75.5,64.5;160,226.5;261.75,84;283.25,52.75;157.5,226.25;223.25,194;298.75,13;336.75,271
12863;64.75,103;152.75,228;307.75,56.75;333.75,76.25;113.25,199.25;223.25,194;298.75,13;312,313.25
24494;63.5,147.25;208.5,198.5;327.5,29;351.5,17.25;113.25,185.25;242.75,240.5;298.75,13;312,313.25
5654;93.25,195;246.5,256.25;332,74;351.5,17.25;83.5,210.5;272.25,287.75;298.75,13;353.25,301.75
7351;93.25,195;257.25,209.25;318.25,70.75;335.5,72;64.5,260.25;242,309.25;316,24.25;353.25,301.75
43410;93.25,195;310,225.75;324.75,63;327,34.5;80.5,234.25;242,309.25;316,24.25;352.5,292.25
3340;120.25,225.25;249.5,250.25;314.75,110.5;327.5,41.5;21.5,203.75;242,309.25;254.25,22.5;352.5,292.25
35773;153.25,223.75;223.75,231;266.25,133.75;329.25,9.25;21.5,203.75;185.5,303.75;195.25,39.75;352.5,292.25
26194;105.25,283.75;272,273;283,180.5;292.5,55.5;22,204;185.5,303.75;195.25,39.75;323.75,311.25
28536;82.75,271.75;226,302.5;283,180.5;363,40.5;87,169.75;185.5,303.75;202,26.75;320,230.5
32662;51,307;226,302.5;288,106.5;341.75,46.75;73,131.25;153.5,255.75;161,88.75;320,230.5
29583;89.75,316.75;184.75,319.5;288,106.5;342,49.25;73,131.25;125.25,236;144.25,53.25;355.75,244
12874;89.75,316.75;161.75,265.75;343.5,133.75;367,25.75;47.5,105;125.25,236;177.5,32.5;352.5,312.75
10746;93.75,300.25;108.25,296;306.25,122.75;367,25.75;48.5,105;72.25,249.75;208.5,6.25;352.5,312.75
24196;49,242.25;133.5,245.75;337.75,150.5;365.75,39.25;48.5,105;105.75,320;208.5,6.25;356,289.75
32320;35,270.25;173.75,222.75;286.25,167;365.75,39.25;48.5,105;157.75,303.25;262,16.25;321.75,310.5
22543;35,270.25;191.75,232.75;342.5,161.5;360,100;25.25,108;194.25,322.25;262,16.25;352.75,277
19962;35,270.25;143.5,227.5;341,145.5;366.75,121;25.25,108;196.5,248;256.25,10;275.25,294.25
9352;15.25,309;137.25,264.75;352.5,128.25;358.5,138.75;25.25,108;185.5,231.75;256.25,10;281,226.25
10713;34.5,299.5;62.25,259.25;323.25,151.5;354,164.5;64.5,101.5;185.5,231.75;256.25,10;281,226.25
7083;6.75,284;20.25,241.5;327,115.75;353.5,158.5;64.5,101.5;188.25,188.75;256.25,10;323.75,178.75
803;24.25,240.5;58,250.25;342.75,112.5;353.5,158.5;100,35.25;146.75,184;256.25,10;334.75,149.5
13635;11.75,261.25;70.5,177.75;286,71.25;288.5,136;100,35.25;164.75,203.25;256.25,10;360.5,167
8198;11.75,261.25;73.5,131.5;286,71.25;304.75,161;60.25,14.75;171,239;281.25,25;334.5,133
14643;41.5,206;68.75,124;274.25,130.25;277.25,120.5;90.25,65.75;171,239;281.25,25;338.75,80.25
8575;33,240;40.25,121.75;271.25,72.25;294,169.5;88.25,101.25;171,239;280.5,25.5;338.75,80.25
15056;33,240;36.75,61.25;236.75,11.75;254,138;128.25,49;171,239;245.75,11.5;305.25,112.5
25983;33,240;49,1.75;183,47.25;254,138;153.25,90.75;189.25,273.25;202.25,40.75;314.25,159.75
3997;15.25,262;49,1.75;183,47.25;252.75,117.5;154,121.5;172.75,240.5;199.5,65;358.5,163.25
518;11.5,307;49,1.75;183,47.25;277.25,72.75;180,130;207,190;231.75,34.25;349.75,163.75
33890;11.5,307;57.75,33.75;185.25,92;287.5,71;234.25,117.75;235.75,228.5;257,77.5;349.75,163.75
41422;7,307;94.75,12;185.25,60;339.75,50.75;234.25,117.75;235.75,228.5;254.5,5.75;312.75,210.25
134;7,307;127.25,30.5;183.5,50.5;301.25,111.75;187.75,174.25;222.75,252;254.5,5.75;319.25,146.5
34336;25.75,322.75;69.5,48;168.25,115.75;259,135.25;152,222.25;222.75,252;244.75,16.25;319.25,146.5
31924;25.75,322.75;52,49.25;167.75,101.75;259,135.25;165.75,163.75;188,247;239.75,16.5;303.75,153.5
12120;25.75,322.75;46,92.25;176.25,111.5;259,135.25;154.25,178;216.5,283.75;244.25,39.25;286.5,202.75
30097;25.75,322.75;44.5,66.75;176.25,111.5;256.5,200;183.75,180.25;215.75,219.75;216.25,24.25;311.25,194.75
18175;25.75,322.75;118.5,47.5;176.25,111.5;256.5,200;166.5,164.5;195.5,275;240.25,55.75;252,146.25
24380;25.75,322.75;174.75,61;226.5,55.75;275.75,133.25;166.5,164.5;197.5,319.25;284.25,42.5;302,100.5
2822;65.25,268.5;219.75,49.5;272.25,73.25;304.25,141.25;166.5,164.5;197.5,319.25;256.75,20;328.5,163.25
34165;55,219.75;182.5,59;242.75,116.5;284.25,142.25;130,199.5;197.5,319.25;222.5,6;328.5,163.25
39187;55,219.75;220.5,39;255.75,135.25;290,183.5;139,184.25;197.5,319.25;205.25,5.25;336.75,132
42552;36,167.5;248.75,6.25;298.5,168;301.75,141.75;118.25,237;197.5,319.25;205.25,5.25;336.75,132
31624;72,223.25;272.5,24.75;301.75,141.75;348.5,164;120,251.5;197.5,319.25;221.25,50.25;314,160.75
15931;92.75,213;272.5,24.75;299,119.75;316,150.5;164.25,257;169.25,302.75;243.25,32.25;314,160.75
29042;148.75,225;271,18.5;299,119.75;349.75,198;100.5,267.75;224.5,274.25;243.25,32.25;308.75,195.25
12457;135.5,284;270.5,64.5;306,99.25;364.25,253.25;143.25,303.75;227.5,315.75;243.25,32.25;308.75,195.25
1443;135.5,284;277,24.5;296,161;360,279.5;96.75,281.5;221.5,247.5;243.25,32.25;328.5,180.25
15552;161.75,279;277,24.5;296,161;360,279.5;30.25,302.25;246.75,310.25;252,40;316.75,130
17095;205,310;272.25,19.5;297.5,135;348.75,320;30.25,302.25;246.75,310.25;316.25,41.75;342,80.25
36288;172.75,322.75;272.25,19.5;297.5,135;348.75,320;15.5,282.75;293.5,284.25;298,23.5;317.25,34.75
32946;254.75,297.5;288,71.75;289,128.75;348.75,320;15.5,282.75;257.5,218;269.25,88.75;356,10
31060;254.75,297.5;285,74.25;293.25,184.5;348.75,320;48.75,278.25;214.25,185.75;236,131.75;357.25,54.25
29000;255.25,297;260.75,54.75;293.25,184.5;348.75,320;19,273;231.75,185.5;282,99.5;329.75,69
48685;208.75,267.25;210,7;293.75,184;347.5,320;52,255.75;173.5,162.25;282,99.5;329.75,69
31908;208.75,267.25;210,7;312.75,120;347.5,320;86.75,268.25;156.75,203.25;298.75,153.5;310.75,12.5
14281;160.5,218.75;211,62.5;258.25,88;274.25,321.75;34.75,254;149.25,223;298.75,153.5;310.75,12.5
44980;194.75,166.25;210,63;269,25.25;274.25,321.75;34.75,254;142.25,270;276,126.75;345.75,62.75
21863;194.75,166.25;236.75,50;269,25.25;300.5,321;72,263.5;172.75,268.25;224.25,167.25;298.25,86.5
38757;244,175.5;269.5,19.5;279.25,74.5;325.25,293.75;72,263.5;175.25,267.5;224.25,167.25;298.25,86.5
47079;267,163;269.5,19.5;271,104;356,266.5;109.25,251.75;175.25,267.5;219,218.5;288.25,38
9911;256.5,155;278.75,74;315.75,136.75;360,251.25;77,278.5;175.25,267.5;224.25,246.25;288.25,38
9404;223.25,202.5;278.75,74;315.75,136.75;360,251.25;125.5,251.5;168,284.5;235.5,256.25;283.5,21
28522;223.25,202.5;278.75,74;295.5,161.5;360,251.25;138.75,190.5;165.75,223.5;243.5,321;301.25,35
36405;245.75,190.5;267.25,126.5;326,208.75;361.75,290;146,136;176.25,231;243.5,321;301.25,35
29285;252,155.75;261,178.75;286.25,164.5;353,320.5;119.25,103.25;166.75,189;243.5,321;301.25,35
17150;261.75,111.5;278,168.5;297.75,209.5;334.5,274.5;145.5,53.25;166.75,189;243.5,321;282.5,36.25
39640;280.25,120;295.25,153.75;297.75,209.5;299.5,289.25;107.5,53.75;167.75,187.75;251.25,293;282.5,36.25
3018;242.75,116;274,134.75;276,142.75;293.25,322.75;99.75,38;167.75,187.75;257,291.75;282.5,36.25
29866;225,72.25;315.5,115.5;320.75,195.25;339.75,312.25;99.75,38;190.5,237.75;257,291.75;282.5,36.25
12408;272.5,71.75;277,71.25;319.25,239.75;339.75,312.25;126.75,23.75;157.25,224.75;221.5,313.25;282.5,36.25
526;269.75,19;272.5,71.75;278.75,238.25;344.5,321.25;85.5,15.25;157.25,224.75;218,313.25;300.5,58.25
32285;285.75,52;292,114.5;313,244.5;344.5,321.25;69,33;157.25,224.75;240.5,275.25;347,53.75
14911;285.75,52;292,114.5;313,244.5;357.75,288;118,69.25;162.5,299.75;185.5,290;313.25,31.75
22357;275.75,17.5;287.75,142.75;350.25,272.25;353.25,320.5;118,69.25;175,318.75;185.5,290;335.75,9.75
11519;278.25,23.25;337.25,172.5;358.25,306.25;362.25,314.5;118,69.25;129.5,251.5;158.75,249;335.75,9.75
10577;213.25,16.75;260.5,178.25;300,254.5;362.25,314.5;117.25,91.25;141.5,225.5;154.25,296.25;335.75,9.75
19049;214.75,16.75;260.5,178.25;300,254.5;362.25,314.5;142.5,88;180.5,160.5;192.5,275.5;356.75,82.5
4479;229,40.25;279.5,164;300,254.5;352.25,288.5;155.25,49.75;180.5,160.5;234.75,221.75;301,50.5
7196;229,40.25;247.75,169.75;258.5,280.25;317.5,319.75;187.25,8.5;233.25,150;234.75,221.75;349.5,79.25
37814;181.25,73.25;252.5,178.25;275.75,245.25;317.5,319.75;145.25,53.5;211.5,153.5;312.75,241.25;349.5,79.25
33229;181.25,73.25;202.25,184.5;257,191.5;317.5,319.75;158.75,53;211,153.5;303.75,282;318,99
15860;167.5,17;184.75,215.5;225.25,201;317.5,319.75;171.25,89.25;274.25,170.25;286.25,322.75;318,99
1142;167.5,17;188.75,278.75;249.25,169.75;256,288;219.25,107.5;274.25,170.25;312.75,314.5;355.75,165.25
39911;164.25,23.25;168.25,220.75;249.25,169.75;313,251.25;257.5,85.5;295.25,123.25;309,253.5;355.75,165.25
3400;125,56.25;202.75,193.75;229,183.5;313,251.25;253,45.75;293.75,84;309,253.5;319,162.25
44551;112.75,43.25;202.75,193.75;230,190.25;294.25,220.5;292.5,23;293.75,84;345.5,224.5;352.5,179.75
25268;131.75,10;160.75,149;161.75,219.25;337.75,214.75;291.25,23.75;297,142.75;345.5,224.5;352.5,179.75
35599;82.75,44.5;133.25,126.75;192.25,146.25;325,159;284.25,45.5;307.5,152.5;345.5,224.5;352.5,179.75
895;49.75,12.75;108.25,127;221.5,136.5;325,159;297.5,85.25;315.25,160.25;335.5,169.5;345.5,224.5
4012;38.25,64.25;81.25,139.75;223.75,70.75;334,225;227.25,115;316.75,114.75;335.5,169.5;345.5,224.5
34613;41,102.5;81.25,139.75;225.5,84;352,164.5;226.5,124;279.25,133;296,197.25;345.5,224.5
2551;4,102.75;28,144.25;201,93.5;366.5,121.5;226.5,124;279.25,133;324,180.25;344.25,226.75
41058;4,102.75;6.5,177;201,93.5;366.5,121.5;215,160.5;285.25,88.75;312.75,136.25;337.25,198
4606;28,144.25;37.5,188.75;201,93.5;319,113;167,164.75;285.25,88.75;309,114.5;318.25,242
33463;1,173.75;39.75,138.5;201,93.5;309.25,115.5;164.5,164.75;243,94.25;309,114.5;317,199.25
11681;0.25,141;93.5,149;148.75,90.25;316.25,53.5;164.5,164.75;192.25,99.5;309,114.5;310.5,161.75
18130;52.5,177.75;101.5,202.25;148.75,90.25;356.25,82.25;131.75,195;192.25,99.5;324.25,91.75;355.25,174
15;83,196.5;138.75,224;144.75,143.25;306.25,72;148.5,179.25;172,49.75;324.25,91.75;355.25,174
29684;39.5,242.5;167.25,291;201.75,166.25;341,74;209.5,202.5;212.25,93.25;324.25,91.75;355.25,174
38360;76.5,209.25;169.5,275.25;246.75,186.5;366,33.25;143.75,224.5;212.25,93.25;324.25,91.75;352.75,156.5
24232;76.5,209.25;129.75,243;257,241.75;331.5,31;97,200.5;260.75,86.25;324.25,91.75;355.5,140.5
8881;56,228.5;172.75,219.5;222.25,202;286.5,52.5;97,200.5;260.75,86.25;354.5,81;355.5,140.5
20503;56,228.5;172.75,219.5;224.25,205.75;286.5,52.5;148.75,223;313,87;328.5,28.75;336.75,196.5
31113;17,177;216,231.25;244.5,218.5;286.25,75.25;112,195.5;304.5,83.75;328.5,28.75;336.75,196.5
4433;70.25,147;161.25,243.75;272.5,166.75;286.25,75.25;156.25,153.75;297.5,61.75;314.75,37.5;336.75,196.5
1567;54.5,176.5;161.25,243.75;250.25,109.25;298.75,83.5;156.25,153.75;284.75,92.5;324.25,4.75;329,180.25
39612;84.5,165.25;92.5,234.25;289.5,164.75;298.75,83.5;156.25,153.75;253.75,48.25;295.5,57.75;298.75,123.5
6356;84.5,165.25;92.5,234.25;251.25,134.75;289.75,115.5;121,158.25;291.25,13.25;305.75,85.25;311.75,100
15292;36.75,115.75;92.5,234.25;202,174.5;324.75,158.75;91.75,220.25;291.25,13.25;298.25,85.5;338.5,118
35735;49.75,138.5;62,171.25;232.75,208;358.5,137.25;85.25,251.25;291.25,13.25;298.25,85.5;328.75,181.25
21021;41.75,85.5;49.25,175.75;232.75,208;323.75,140.75;116,196.75;290.25,35.5;307.25,84;328.75,181.25
21582;3.75,79.25;25.5,183.75;232.75,208;273,97;95.5,248.75;238.75,16.75;307.25,84;348.75,216.25
48621;14.5,32;25.5,183.75;235,197.5;273,97;52,255.75;191,19.75;327.75,42;333,211.75
46815;2,93.25;25.5,183.75;235,198;248.5,77;52,255.75;253.5,48;330.75,2.75;358.25,184.75
27896;10.5,57.5;83,229.5;216.5,259.5;290,87.75;14.25,210.25;253.5,48;330.75,2.75;351.25,145.25
7791;5.25,43.25;83,229.5;166.75,276;294,87.5;15,251.75;243.25,17.25;265.75,5.25;351.25,145.25
45710;30,33;152.25,227.5;166,302.75;294,87.5;15,251.75;242.75,10.75;318.5,16.75;351.25,145.25
39787;30,33;150,209.25;168,242.5;330,103.5;15.25,251;303,17.25;303.75,15.5;351.25,145.25
25788;77.5,58;137,227.25;148.75,225.75;315.25,69.75;9.75,295.5;303,17.25;303.75,15.5;308,197.5
25409;77.5,58;137.25,216;148.75,225.75;315.5,70.25;40.5,321;301.5,25.5;305.25,46.75;333.5,132.5
26393;28.25,14.5;147.25,223.75;205,199.5;315.5,70.25;40.5,321;239.5,41.5;245.5,75.5;333.5,132.5
24405;28.25,14.5;159,265.75;205,199.5;311.5,52;89,297.5;179.5,37;259.75,110;346.75,82.5
15412;28.25,14.5;173,204.25;224,148.25;311.5,52;44.25,306.25;149.25,57.25;279.75,101;342.5,81.5
7705;57,4.25;156.75,226.5;167.5,149.75;311.5,52;9.75,270;149.25,57.25;222.75,122.5;310.25,75.5
5585;70.25,21.5;165.75,216.25;167.5,149.75;335.5,14.25;8.75,317;144.25,49.25;257.5,164.25;310.25,75.5
18548;31.5,85.25;119.25,235.25;189,151.25;332.75,75.5;8.75,317;192.25,3;228.75,127;310.25,75.5
29761;51.25,76.25;66,221.25;197.25,177.75;333.5,33;25,262.5;150.5,50;228.75,127;310.25,75.5
14141;23.25,79.5;86.25,187;159.25,183.5;339,18;25,262.5;108.75,41.5;189.5,173.75;310.25,75.5
34068;27.5,99;34.75,213.5;159.25,183.5;292.75,71.75;14,308;112.5,7.5;173,239.5;310.25,75.5
12194;4,103.75;33.5,241.75;141.75,126.5;281.5,72.75;14,308;67,42.5;173,239.5;310.75,77.5
434;9.75,141.25;54,229.5;96.25,130.25;281.5,72.75;14,308;60.25,42.75;173.75,272;360.5,58.75
27133;21.5,178;46.5,270.25;139.25,102;232.25,56.75;14,308;113.5,58;126,278.5;360.5,58.75
5807;59,202.75;61.75,293.5;141,33.75;196.5,92.5;14,308;162.5,103;184.5,315;360.5,58.75
30133;59,202.75;61.75,293.5;141,33.75;189.5,117.5;42.25,251.25;90,137.75;225.5,306.25;285.75,95.25
16416;89,248.75;124.25,284.5;179.75,42.75;186.5,49.75;15,310.5;68,89.25;225.5,306.25;285.75,95.25
42387;47.25,240.75;164.75,246;211.5,6;214.5,79;15,310.5;127.5,73.75;225.5,306.25;300,135.25
43421;107.25,229;152.25,290.75;186.25,60;273.25,72;79.75,319.25;87.25,97.25;225.5,306.25;300,135.25
16451;55.75,248.75;99.5,240.25;219.75,88;309.75,112;79.75,319.25;89.5,116;176.25,315.5;300,135.25
13294;0.5,270.5;66,222.25;264.25,84;360,99.5;79.75,319.25;120.25,106.75;176.25,315.5;305.5,84.25
32856;0.5,270.5;66,222.25;269.5,69;369.75,42.25;29.5,293;90,99.75;118.5,293;362.75,82.75
33262;48,273;48.5,181.5;269.5,69;323.25,15.75;13.75,295.25;64.5,153.5;160.5,285.25;362.75,82.75
28701;92.5,297.25;93.25,132.75;242.75,118;303.75,67;13.75,295.25;64.5,153.5;161.5,285;357.5,10
45075;92.5,297.25;143.25,136.75;267,129;292,57.25;40.25,261.75;54.75,171.25;203.5,284.5;357.5,10
33029;107,309.5;160,78.5;267,129;280.5,31.5;15.5,246.25;32,198.5;181.75,286.5;357.5,10
6302;152.5,260;167,136;235.25,192;280.5,31.5;20,294.5;67.5,210.5;181.75,286.5;352.25,14.25
2456;197.75,246.5;206.25,168;272.5,143.75;277.25,69;20,294.5;67.25,176.25;167,222;352.25,14.25
20401;247,193.5;248.5,196.5;275.25,103.25;282.25,89.25;53.5,249;67.25,176.25;189.25,176.75;352.25,14.25
22947;225,183.5;259.5,240.75;265.25,109;277,30;53.5,249;67.25,176.25;227.75,189.75;358.25,80.5
32245;260.25,147.5;260.5,239.5;304,100.75;314.5,4;53.5,249;88.5,169;194.25,181.75;358.25,80.5
13516;233.25,136;292.25,211;304,100.75;323.25,25;53.5,249;164.75,185.5;174.25,156.5;330.25,59
41449;230.5,101.25;292.25,211;327.75,104.75;336.75,62.75;41.25,291;245.5,199.75;254,133.5;330.25,59
3263;264.75,28;292.25,211;303,113;342,25.5;73.25,283.25;248.5,201.75;310.25,161;330.25,59
26370;245.75,7.25;292.25,211;303,113;341.75,26.25;5,307.75;310.75,161.25;336.75,186.5;357.5,12
27054;245.75,7.25;274.25,249;303,113;341.75,26.25;73.5,305.25;295.75,198.75;310.5,202.25;351.75,21.25
3665;194.25,18;222,184.5;231,126.5;312.75,16.25;149.25,259.25;295.75,198.75;304.25,203.75;351.75,21.25
7847;194.25,18;231,126.5;268,111.5;298.5,14;149.25,259.25;294,186.5;304.75,233.25;318,44.5
23219;173,50.25;278,142.75;288.25,75.5;309.75,57.5;149.25,259.25;288.75,218.75;294,186.5;354.25,9.5
5842;206,45.75;249.25,161;266.75,105.5;318.75,113.5;149.25,259.25;294,186.5;313.5,222.25;333.75,53.25
29078;206,45.75;269,148;287,166.25;292.5,114.25;170.5,273.5;294,186.5;294.5,233.5;315,41.5
45498;179.25,113.25;269,148;287,166.25;292.5,114.25;193,308.25;310.75,121.5;312.25,199.5;345.25,79.5
21656;192.5,154.5;292.5,211;293,103.75;323.25,105.75;228,322.75;310.75,121.5;312.25,199.5;345.25,79.5
15858;179.25,142.75;270,180;330.75,127.75;354.5,29.25;154.25,299;311.75,123.5;312.25,199.5;345.25,79.5
25960;154.75,183.5;301.5,243.75;306.75,193.75;321.75,6.25;218,315.75;311.75,123.5;312.25,199.5;345.25,79.5
11624;154.75,183.5;301.5,243.75;306.75,193.75;307.75,13.75;263.75,290.5;316.25,132;317.5,120.75;329.25,93.25
48548;164,178.5;301.5,243.75;306.75,193.75;369,51.5;263.75,290.5;317.75,38.5;323.25,55.25;352.25,60.75
46582;164,178.5;301.5,243.75;317.25,120.5;369,51.5;224,227.25;279.5,10.75;308.25,84;348.75,31.5
13852;141.5,125.25;274.25,245.5;290.5,56.75;326.25,14.75;224,227.25;253.5,69.75;298.25,12.75;348.75,31.5
38431;186.75,112;216.75,223.5;243.25,118;351,13.75;247,216.5;251.25,12.25;253.5,69.75;348.75,31.5
15672;186.75,112;196.25,277.5;243.25,118;345.75,14;244.75,213;273.25,30.25;313.25,47;333.25,18.25
3067;186.75,112;196.25,277.5;243.25,118;303,52.25;259.75,243.5;299.75,92.5;337,115;348.5,82.25
34770;163.25,49.75;246.75,249.75;277.25,149.25;303,52.25;277.75,286.75;330.75,115;331.75,161.75;348.5,82.25
29776;162.5,50.5;241,309.5;277.25,149.25;357,94.75;257.5,292.75;330.75,115;340.75,138.25;342.5,78.25
5618;131.5,20.5;241,309.5;293.5,106.75;357,94.75;232.5,273.75;307.75,122;308.75,115.75;358.5,164
5012;131.5,20.5;254.5,302;293.5,106.75;358,94.75;172.25,237;295,50.75;336,41.75;337.25,131.5
7280;88.75,73.5;294.75,318;298.5,164;362.5,38;103.75,225.75;295,50.75;336.75,41.25;337.25,131.5
37524;32.5,107.75;284.25,309.75;291.25,115.5;362.5,38;103.75,225.75;307.5,45;328.25,0.75;352.5,173.75
13796;32.5,107.75;284.25,309.75;319,151.5;362.5,38;24.5,248.75;235.25,76.5;329.25,59.5;348.25,178.75
47404;16.25,143.75;297.5,246.75;358,136;370.75,54.25;8.25,286.75;248,132.25;329.25,59.5;348.25,178.75
16480;44,221.25;264.75,305;338,107;367.5,21.25;8.25,286.75;248,132.25;298,18.25;355,155
22232;89.5,187;285.75,319.25;328,93.25;354.75,9.25;8.25,286.75;248,132.25;284.5,9.25;318.5,159.25
10867;89.5,187;285,317.75;360,40.25;365,25.25;56.25,247.5;248,132.25;285.5,9.75;319.75,156.25
28825;17.5,176.5;285,317.75;329.5,5;352.5,8.25;56.25,247.5;243.25,85.75;297,57.75;319.75,156.25
12365;50.75,239.5;248.25,299;329.5,5;355.75,8.75;114.75,223.5;168.25,104.75;229.5,62.5;319.75,156.25
7042;31.75,191;289.5,318.5;310.75,56.5;352.5,28.5;114.75,223.5;154,161;174.5,70.25;319.75,156.25
26036;31.75,191;292.25,285.75;311.75,53;352.5,28.5;147.5,203.75;148.75,155.5;154,53.25;318.25,128.5
42310;31.75,191;244,305;325,11.25;336.5,100.75;100.25,233.75;148.75,155.5;160.25,48.25;318.25,128.5
9312;31.75,191;292.25,304.5;325,11.25;336.5,100.75;87.25,190.5;122.5,195.75;236.75,39;352.75,67
27940;37.25,119.75;247,258.5;325,11.25;336.5,100.75;89.5,246.75;111.75,222.5;208,48.5;355.25,54.5
4782;95.5,90.75;210.75,278.5;277.75,1.75;336.5,100.75;49.75,195.75;124.5,251.5;208,48.5;341,33
49068;107.5,73.5;189.25,259.5;287.5,54;313.25,154.5;49.75,195.75;141,222;155,89.5;341,33
20997;137.5,124.5;198,307.5;286.25,53.25;317.75,165.75;15.25,202.25;141,222;155,89.5;338.25,23.5
44008;157.5,157.25;198.75,269.25;291.5,102.25;337.75,209;15.25,202.25;87,211.5;113.75,57.5;338.25,23.5
38062;152.75,110.5;164.5,223.25;252.25,112.75;360,213.25;15.25,202.25;103.75,201;113.75,57.5;357.5,8
40993;95.5,103.25;108.5,230.5;242.25,95.5;360,213.25;81,203.5;130,196.25;145.5,121.5;357.5,8
28320;77.25,148;135.25,225.75;208,64;338.25,150.75;75,212;130,196.25;178.5,108;357.5,8
10432;77.25,148;118,209.25;208,64;338.25,150.75;25.75,198;156.75,202.25;187.25,56.75;331.25,38.25
37353;66,87;118,209.25;253.25,55.75;355,96.75;25.75,198;141,184.25;231.5,49;299.5,85.25
20250;31,84.5;145.5,225;307.25,52.25;340.5,146;21.75,210.25;152.25,225;231.5,49;299.5,85.25
33900;44.75,45.75;192.25,234.25;271.5,96.25;288.5,133.5;50.75,222.75;152.25,225;206.75,55.75;299.5,85.25
40072;44.75,45.75;183.25,204;252.5,132;271.5,96.25;68.5,211.5;103,235.25;239.25,15.75;299.75,85.75
4212;83,27.5;139.25,183.75;291.25,101.5;315.5,113.75;68.5,211.5;168,226.5;239.25,15.75;268.25,133.5
203;81.5,84.75;139.25,183.75;313,149.25;363.25,91.75;34,197.25;168,226.5;249.5,32;290,172
46793;81.5,84.75;161,126;273.75,155.25;319.75,55.5;27.75,180.25;168,226.5;310.75,54.5;314.25,158.75
7659;104,138.75;115.75,149;227.25,201.5;337,41;3,238.25;168,226.5;310.75,54.5;311.5,131.25
18195;104,138.75;165,146.5;200.75,152.25;311.25,18.75;11.75,232;169.25,186.5;307.25,3.5;311.5,131.25
1271;141.25,183.25;150.75,129.5;220,94.5;263.5,66.75;22,286.75;169.25,186.5;307.25,3.5;328,164
9983;103,143.5;149.75,60.5;228.5,39.25;239.75,126;82.75,316;192.75,254.75;307.25,3.5;328,164
39030;118.75,207.75;149.75,60.5;238.5,70.25;288,106.25;82.75,316;245.25,287.5;330.25,59;355.25,174
23785;118.75,207.75;149.75,60.5;233.25,87.25;293.25,71.75;102.5,267.5;228,322.75;317.5,15.25;327.75,130.5
50449;152.5,227.75;187.75,7;219.25,82.25;235.5,71.75;157.5,278.25;182.75,303.75;317.5,15.25;327.75,130.5
28107;132.75,170.25;201.25,6.25;219.25,82.25;289.25,112;157.5,278.25;237.75,256.75;264.25,34.75;334.75,59.25
47272;186.75,209.25;203.5,43;278,73.75;314.75,136.75;157.5,278.25;237.75,256.75;254.75,35.25;312.25,85.5
31850;171.5,234.25;211.75,43.75;265.75,0.5;314.75,136.75;113,275.25;237.75,256.75;257,75.5;313.5,148.25
37435;109.25,235.75;179.5,70;290.25,55.25;314.75,136.75;141.5,300;237.75,256.75;285,45;353.5,191
37240;157.75,208;179.5,70;337.25,98.5;359.75,181.5;176.75,306.25;231.25,200.25;336,7.25;353.5,191
13864;118.75,147;229.5,69.5;284,54;347.25,214.5;125.25,324.5;249.5,133.75;336,7.25;353.5,191
28167;75.5,122;249.5,22.25;275.75,69;285,230;100.25,302.25;230.25,116;336,7.25;353.5,191
4334;75.5,122;253.75,18;275.75,69;282,168.25;130.25,289.75;268.25,74.5;305.5,26.5;314,239.25
18481;81.5,174.75;253.75,18;275.5,134.25;278.25,197;130.25,289.75;249,71.25;288.75,35.75;296.75,199.5
28205;43.75,124;253.75,18;275.5,134.25;278.25,197;151.25,319.25;231.25,38.5;253,69.5;334.25,197.5
17948;113.25,113.5;221.5,37.25;275.5,134.25;278.25,197;108.5,275.75;189.25,41.25;282.5,48.25;326.5,129.5
13203;151.75,140.75;199.25,61.75;243.5,99.75;278.25,197;140,226.25;189.25,41.25;265.5,32.25;338.5,77.75
24272;144.75,140.25;184,49.25;193.25,113.5;278.25,197;192.75,248.5;220,61.5;248.25,58;338.5,77.75
15573;144.75,140.25;153,44;201.5,94;213.75,200;198.5,320.25;220,61.5;303.75,15.75;354,67.75
20306;81.25,141.25;152.25,41.5;201.5,94;224.25,154.5;171.5,295.25;193.75,98.25;354,67.75;356.75,2.5
735;49.25,170;165.5,34;167,67.5;249.25,134.25;171.5,295.25;183.5,69.25;354,67.75;355,14.5
1124;63.25,127;116.25,35.5;149.75,57;270.5,138;178.5,295.25;184.75,70.5;354,67.75;355,14.5
12601;69,141;77.5,7.25;114.75,15.25;272.5,168;183.5,293.25;191,92.75;354,67.75;355,14.5
47060;31.75,116.75;72,64.5;114.75,15.25;272.5,168;124.25,297.25;229.5,152;317,66.25;355.5,81.25
28446;71.25,97;90.75,3.75;105.5,86.5;257,134.75;124.25,297.25;232,113.75;318.75,62;355.5,81.25
14647;71.25,97;97.75,20;105.5,87;257,134.75;149.75,299.5;209.75,53.5;254.5,72.5;353,47
25069;16.25,81.75;40.5,57.5;147.5,51.25;257,134.75;149.75,299.5;240,41;319.75,63.75;341,108
47266;16.25,81.75;95,91.5;147.5,51.25;324.75,159.25;150.25,225.75;212.5,87;333,64.5;361.75,49.25
43402;41,108;42.75,99;146.5,110;325.25,165.25;144.5,246;268.5,70.75;333,64.5;361.75,49.25
36090;69.75,145.25;72.75,87;163,144.5;266.75,163.25;144.5,246;268.5,70.75;329.75,57.5;361.75,49.25
24750;10.25,141.75;14,64.25;124.5,145.5;262,219.75;177.75,197;268.5,70.75;329.75,57.5;354.75,8
26532;14.75,143.75;60.5,75.25;95.75,178;262,219.75;129.25,196;308,128;325.5,124.25;354.75,8
41693;32.25,196.75;51.75,66.5;95.75,178;282.5,221.25;156,202.75;308,128;317.5,101.5;359,78.5
28345;51.5,231;51.75,66.5;103,144.75;226.75,202;206.5,188.5;301.5,198;317.5,101.5;321.5,21.25
12962;74,255;112.75,77.5;155.25,183.25;228.75,203.5;206,188.5;301.5,198;317.5,101.5;356.25,14
16323;74,255;105.5,137.5;212,199.5;253,193.25;184,175.25;301.5,198;339.5,140.75;363.5,45.75
12639;5.25,265;116.25,139;267.25,228.5;271.5,217.75;232.25,206;339.5,140.75;342.5,187.25;363.5,45.75
7941;25.75,204.5;85.25,139.75;207.5,180.25;344.75,224;178.25,239.25;309,87.25;342.5,187.25;363.5,45.75
934;32,190.75;38.5,182.75;174.25,134.5;331,198.25;220.5,223.25;263.25,119.75;342.5,187.25;363.5,45.75
48252;33,239.25;90.75,156.5;144.75,142.25;294.25,256;179,233;258.75,169;342.5,187.25;363.5,45.75
8370;0.25,273.75;89,157.5;144.75,142.25;325.75,275.75;164.5,239.5;258.75,169;322.25,163;340.5,81.75
44876;47.75,243;141.75,187.25;164.25,110.5;325.75,275.75;182.25,305.25;210.75,175;322.25,163;337.25,78.5
5639;56,228.25;119.5,145.5;164.25,110.5;272,267.5;149.75,302.5;210.75,175;276.25,191.75;296,102.75
18289;56,228.25;119.5,145.5;161.25,128.25;212.5,244.75;200.5,276.5;216,207.75;232.25,191.25;278.5,89.25
33778;34,181.25;161.25,163.5;184.5,83.75;224.75,209.25;154.25,303.25;216,207.75;232.25,191.25;309,139.25
13744;67.25,184.5;157,217.75;162.75,129.75;205,197.5;162.5,302;194.5,226.75;232.25,191.25;309,139.25
41788;67.25,184.5;128.5,255;147.5,75.75;148.25,183.25;117.5,295;179,191;248.5,196.5;309,139.25
14119;61.25,208.75;129.75,245.5;147.5,75.75;165,240.75;138.25,264.75;173.5,164.75;195.75,249;309,139.25
43660;118.75,230.75;119.75,243.25;169.25,38;223.25,208.75;138.25,264.75;171,165;195.75,249;268.25,121.5
24786;118.75,230.75;119.25,242.75;169.25,38;276.25,203.75;80.25,231;189,174;210,284.25;218.75,122.5
39323;68.5,247.75;81,280.5;167,85.25;299.5,245.5;77.75,251.5;189,174;210,284.25;218.75,122.5
17184;9.25,273.75;39,315.25;113.25,108;299.5,245.5;65.75,201.75;139.75,165.5;210,284.25;238.75,77.5
36934;9.25,273.75;72.25,297.25;91.25,148.25;350.75,228.25;68.75,210.5;139.75,165.5;211.75,277;221.25,73
47104;44.25,265.25;72.25,297.25;143.75,112;356.25,175.75;119.5,230;159.75,226.25;211.75,277;232.25,55.75
40810;29.5,228.5;44,242.75;143.75,112;311.75,154.5;119.5,230;176.75,197.5;197,311.5;253,21.25
11017;44,242.75;56.25,210.25;134.5,49.25;274.25,130.75;90.75,220.75;122.5,240;187.5,246.5;253,21.25
27552;43,284;85.5,191.75;168,22.5;248.5,169.75;36.75,253.5;122.5,240;187.5,246.5;264.5,51.25
6653;43,284;92.75,178;117,59.75;249,117.5;34.25,300.25;128.5,284.75;187.5,246.5;224.5,83.5
28479;43,284;102.75,162.25;109.5,80.75;287,85;34.25,300.25;175.5,306.25;208.5,291;213.75,71.5
40319;50,307.75;56,171.75;109.5,80.75;285.25,42.25;32,286.75;145.25,299.5;208.5,291;211,98.75
30418;50,307.75;53.5,209.25;163.75,46;328.75,32;19.75,311;145.25,299.5;173,241;224.25,48
48463;38.5,303.5;95,158.25;194.25,101;334.75,31.5;19.75,311;144.25,272;173,241;255,32.5
15120;69.5,255.25;70.75,148.25;140.25,112;343.5,86.25;19.75,311;182.75,287.75;190,184.75;255,32.5
16464;48.75,190.75;70.5,116;103.25,162.75;329.25,57;19.75,311;148.5,262.5;238.5,238;255,32.5
20324;14.5,167;79,161.25;94.75,128.75;334.25,75.5;19.75,311;148.5,262.5;232,258.25;254.75,15.5
41738;27.5,190;82.75,135.25;126.5,148.75;351.75,133.75;19.75,311;150,259.25;213.25,295.75;254.75,15.5
38836;68,140;78.75,110;82.75,202;351.75,133.75;47.5,294.5;163.25,318.5;230.25,247.75;254.75,15.5
31233;15,154.25;27.5,121.25;41,146.75;315,123;47.5,294.5;163.25,318.5;243.5,300.25;258.75,4.75
29767;2.5,193.75;8.75,152.75;40.5,206.25;286.25,101.25;47.5,294.5;163.25,318.5;243.5,300.25;314.75,29.5
29928;9.75,123.5;44.5,161.5;49.25,138.5;286.25,101.25;106.75,235.75;163.25,318.5;280.5,287.75;357,9.5
17176;72.5,95.75;80.5,175;90.75,156;284,102;48,192;163.25,318.5;280.5,287.75;357,9.5
42357;53.25,55.5;88,120.5;99.5,208.25;283.75,85.25;48,192;158,317.5;280.5,287.75;305.5,25.5
12119;6.5,109;84,78.5;119.75,200.75;314.75,110.5;81,167.75;141,286.75;280.5,287.75;305.5,25.5
20019;6.5,109;109.5,108;119.75,200.75;308.25,115.75;94.5,135.75;152,225;320.5,265.25;351.75,54
16547;48.25,57.75;109.5,108;119.75,201.25;356.5,130;45,100;137.75,199.25;288.75,278.75;351.75,54
13793;90.5,113.75;95.75,175.75;141.5,129.75;325.5,123;52,100.75;74.5,223.25;288.75,278.75;351.75,54
31719;90.5,113.75;95.75,175.75;160.25,141;279.25,168.25;31,125.75;57.75,267.75;267.75,282.5;315.5,19.5
27562;90.5,113.75;113.75,228.75;206.75,134.5;318.5,112;4,135.5;21.5,282.5;247.75,293.5;315.5,19.5
16295;42.5,137.25;168,276.25;210,179;336,103.75;4,135.5;21.5,282.5;181.5,304.25;338.5,82
14287;34.25,163.25;168,276.25;246.5,127.5;277.5,70.25;4,135.5;29.5,215;188.75,248.5;340.75,39.75
23427;2,214.5;196.5,281.25;242,162.5;246.75,107;4,135.5;35.5,265.25;193.25,248.5;340.75,39.75
20813;2,214.5;199.5,307.75;205.5,200.5;236.75,122.5;4,135.5;34.75,265.25;238.5,242.75;342,91.75
44546;58.5,218.25;198.75,268.25;247,191.75;266.25,92.5;20,192.25;58,246.75;238.5,242.75;342,91.75
16533;85.75,240.5;209.5,284.5;267,164;274,56.5;21.25,217.5;24,228.25;238.5,242.75;342,91.75
2401;92.5,299.5;221,310.75;267,164;280.5,72.5;21.25,217.5;64.25,215;220.5,187.75;346,138.75
4064;52.75,307.25;266.25,255.25;276,102;287,56.5;21.25,217.5;89.5,169;220.5,187.75;349.5,150.5
825;77.5,280.75;266.25,255.25;270,105;332.25,48;19.75,217;89.5,169;174.25,165.25;355.25,212.5
46287;13.25,283.25;250,219.75;276.25,120;361,32.75;19.75,217;114,215.25;126.25,157.25;355.25,212.5
1253;73.5,256.25;250,219.75;283.5,53.25;361,32.75;67.25,221.25;127.75,161.75;142.25,199.25;290.5,218.5
32288;47.25,211.25;279.75,256.75;330.75,81.25;338.75,12.5;67.25,221.25;123.25,197.25;127.75,161.75;320,217.75
29475;11.75,242;283,262.5;284.75,101.75;354,91.25;65.25,164.5;123.25,197.25;127.75,161.75;308,196.25
1867;48.5,273.5;239,216.5;279.75,73.75;309.75,111;72.25,132;81,201.75;127.75,161.75;308,196.25
13102;16.5,264.25;234.75,199.75;255.75,116.5;323.5,118.75;72.25,132;100.75,151.75;181,188.75;308,196.25
15662;27.25,317.75;173.5,210;252,107.5;289,72.5;72.25,132;128,132.25;163,161;308,196.25
42024;13.25,267.25;148.75,260.5;252,107.5;286.5,54.75;76.75,154.25;128,132.25;138.25,158;280.25,236.75
27022;13.25,267.25;124.75,278.5;194.75,93.75;281,70.5;76.75,154.25;155.75,162.75;174.25,163.75;275.75,240
46598;13.25,267.25;88,238;143.75,126;281,70.5;83.5,190.75;140.25,163.75;164.75,222.5;235.5,275.25
49206;13.25,267.25;79.5,223.5;169,155;273.25,33;76,138.25;140.25,163.75;210.25,207.75;215.75,247.5
32493;13.25,267.25;139.75,239.25;207.75,186.25;294.25,33.5;72.75,131.5;140.25,163.75;190.5,181.25;226.25,215.25
38696;52,250.25;139.75,280.25;190.5,228.5;326,7.25;33.75,174.75;140.25,163.75;190.5,181.25;260.25,269.75
28911;88.75,299.75;185.25,245.75;228.5,184;310,14.5;17.25,233.75;140.25,163.75;209.25,157.75;260.25,269.75
43208;140,265.5;147.75,224.5;280,180.75;358.25,22;17.25,233.75;140.25,163.75;209.25,157.75;243,310.25
22514;138.25,254.5;142.25,177.75;251.5,208.5;344.25,4.25;62.75,248.5;140.25,163.75;209.25,157.75;231.25,246.75
13;91.75,233.5;152.5,145.25;205,200.5;277,17.5;78,285;157.25,222.5;209.25,157.75;231.25,246.75
36907;91.75,233.5;141.75,129;258,187;301,14.5;39,223;166.75,236.5;209.25,157.75;289.25,286.75
20725;91.75,233.5;141.75,129;258,187;341.75,9;13,268.5;206.75,262.5;256,133.25;267.75,321.75
19961;91.75,233.5;141.75,129;298.75,180;341,73.25;29.5,293;156,252.5;244,87.25;293,261.25
27371;144.75,223;184.75,110.5;259.25,173.75;371,68.25;29.5,293;156,252.5;227.5,45.75;274.5,272.5
4596;148.75,183;168,59;259.25,173.75;331.5,134.5;51.5,277.75;223.75,296.75;227.5,45.75;339.75,313
39948;93.25,139.5;207.25,15.5;263.5,224.25;280,86.5;59,271;177.75,307.25;227.5,45.75;339.75,313
3408;61.5,98.75;207.25,15.5;216.5,218.5;297.5,112;59,271;182.5,271.75;262,20.5;288.5,286.75
6280;46.25,65.25;168.25,6.75;211.5,260.25;316.75,139.75;59.25,271.75;182.5,271.75;233.25,65.5;288.5,286.75
21123;31.25,85.5;128,5;255,225.75;316.75,139.75;102,315.75;159,225.5;233.25,65.5;271,287.25
13036;31.25,85.5;126,54.5;305.75,214;336.25,151.25;75,283;159,225.5;213.5,105;220,313.25
34503;12.25,79;126,54.5;239.25,202.75;278.25,132;114,308.75;159,225.5;221,147.5;260.75,263.5
43823;35,130.75;150.5,31.25;239.25,202.75;278.25,132;89.5,269;93.5,242.5;201.75,139;221.5,271.5
9631;91,150;206.5,43.5;229,188.75;278.25,132;89.5,269;113.5,216.75;163.5,162.5;193.5,276.5
35352;91,150;206.5,43.5;229,188.75;274.25,169.25;76.25,263.5;92,253;143.75,114.75;153.75,222.75
7604;58,209.25;152.75,29.5;173.5,138.5;274.25,169.25;109.5,245.25;111.5,316;143.75,114.75;164.25,258.75
30782;33,239.5;152.75,29.5;183,206.25;274.25,169.25;116.25,274.25;144.5,301.5;159.5,88;195.75,320.75
28523;68.5,275.5;109,71.75;164.75,226.75;295.75,243;129.5,324.25;145,299;159.5,88;195.75,320.75
31716;55,250;109,71.75;141,282.25;294.5,300.75;129.5,324.25;144.75,225;171.25,95;226.5,321
13033;103.75,282.75;107,33.5;107.25,228.25;301.5,318.25;129.5,324.25;138.5,250;224.75,82.25;226.5,321
11379;49.25,293.25;57,33;134.25,159.75;301.5,318.25;129.5,324.25;161.5,185.75;203,98.5;227.5,274.25
20690;29.5,260.75;57,33;76.5,147.25;359.5,294.5;129.5,324.25;151.75,173;228,150.5;269,267.25
7887;29.5,260.75;58.25,9;124.75,183.25;320.25,304.25;168.25,320;187.75,176.5;228,150.5;319.75,242.25
13975;52,295;103.5,19.75;138,213.5;320.25,304.25;168.25,320;187.25,139;215.75,155.5;277.25,286.25
20249;56.5,228.75;119.5,3.25;195,226;360.25,267.5;168.25,320;187.25,139;216.25,155.75;268.75,235.5
29114;101.5,253;172.75,44.75;195,226;360.25,267.5;132,318.25;155.5,190.5;236.25,200.25;292.75,199.75
50423;92,286.5;174,87.5;176.75,268;342.75,228;132,318.25;155.5,190.5;223.5,160.5;237.75,193.25
47768;43.75,243;152.75,108.5;160.75,260.25;361.75,231.25;132,318.25;144.75,161.75;193.25,174.5;237.75,193.25
25303;45,182.25;168.75,163.25;217.25,228.25;359.75,294.25;106,318.25;107.75,116.75;193.25,174.5;237.75,193.25
10425;36.25,196.5;135.25,126.5;274.25,261.25;333.25,279.5;71,298.25;80.25,160.5;193.25,174.5;237.75,193.25
17709;36.5,197.5;135.25,126.5;316.25,305.25;362.75,297.75;75.25,318.25;98,156.75;193.25,174.5;260.75,175
29415;20.25,242;134.25,137;268.25,323.25;294.75,320.25;71.5,317.75;89,225.5;193.25,174.5;260.75,175
21753;24.75,194.75;119.75,203.75;246.25,286.25;356.25,313.25;71.5,317.75;141.25,225;193.25,174.5;247.5,199.75
8540;8.5,265;145.25,209.5;275.75,284;306.25,318.25;88.75,314.25;158.5,236.5;193.25,174.5;247.5,199.75
35476;9.25,302;177,206.25;301.25,318.75;368.75,314.25;44.75,321;118.25,235.75;193.25,174.5;247.5,199.75
43985;70.5,255.25;224.25,152.5;229.5,301.75;333.75,283.25;44.75,321;118.25,235.75;128.5,124.75;214.25,174.75
6028;55,252.5;221.25,135.5;256,277.25;353.25,290;58.75,317;118.25,235.75;185.75,98.25;214.25,174.75
18278;116.25,272.25;221.25,135.5;221.5,260;341.5,312.5;9,286.5;118.25,235.75;140.25,73.25;223.75,155.25
17883;122,224.75;221.25,135.5;235.5,229.75;323.25,315.5;9,238.25;145.25,272.5;158.5,55.75;223.75,155.25
5596;115.5,165.75;164.5,143.5;225.25,268.25;356.75,289;9,238.25;134.25,309;158.5,55.75;212,120.5
18764;107.75,126.5;164.5,143.5;277.25,284.5;316,264.75;9,238.25;132,314.75;203.25,47.75;236,98.75
41511;49.25,148;183.5,138.25;304.5,309.5;316,264.75;8,286.5;128.5,251.5;203.25,47.75;206.25,108.25
13123;81.75,126.25;145.25,160.25;286,311;340.25,240;24.75,302;102.25,304.75;203.25,47.75;206.25,108.25
34256;81.75,126.25;197.75,174.5;328,294.75;330,198.75;9.75,294;102.25,304.75;142.5,87.5;228.5,151.5
32355;55.5,74.25;197.75,174.5;263.75,296.5;330,198.75;11.5,243.25;99.5,318.5;150.75,115.75;170.5,164.5
48325;25.75,95.5;262,177.5;284.5,322.5;292,239.25;11.5,243.25;99.5,318.5;170.5,164.5;194,98.5
25089;79.5,58;289,133.25;345.75,311.75;353.25,235.5;11.5,243.25;99.5,318.5;105.75,152.75;185.25,57.75
36991;63.25,86.5;242.5,94.5;345.75,311.75;365,171.5;11.5,243.25;54.25,304;143.5,187.75;173.25,107.75
29089;12.25,62.75;232.25,155.25;291.75,322.5;358.5,129.5;11.5,243.25;54.25,304;94.5,153.25;206,92.5
27237;11.75,10.75;174.25,161.5;363.25,318.5;370,120.5;11.5,243.25;54.25,304;57.75,131;145,68.75
50263;11.75,10.75;179.25,109.25;363.25,318.5;370,120.5;4.75,309.25;5.25,315;63,209;117.5,73.75
32438;54.75,57;223.25,67.25;353.75,288.5;370,120.5;5.25,315;19.75,306;68.5,260.25;81.5,58.5
34699;93.5,53.5;156.5,51;291.25,322;317.75,136.75;5.25,315;19.75,306;77,267.75;84.5,87.25
27666;114.75,16.25;187,49.5;298.25,317.5;317.75,136.75;13.75,296.5;30,309.5;78.25,269.5;84.5,87.25
17633;143,39.75;233,43.25;295.25,263.5;317.75,136.75;2,308.75;30,309.5;61.25,222.5;101.25,137.25
2569;167.25,51.5;226,54.25;245.75,277.25;267,178.5;8.75,293;30,309.5;61.25,222.5;95.25,107.25
19564;167.25,51.5;214,54;245.75,277.25;267,178.5;49.25,319.75;55.5,296.5;100.5,170.5;168,104.5
23855;167.25,51.5;244.25,10.5;245.75,277.25;270.5,179.75;18.5,297;85.5,267.75;124,194.5;187.75,135
12206;203.25,57;218.5,54;224.5,291.25;270.5,179.75;13.5,287.5;85.5,267.75;175,165.75;179,165
5798;187,86;206,48.75;224.5,291.25;225.25,215.25;44,286.25;146.25,269.75;172.25,180;179,165
6838;180,83;183,83;185.75,278.25;263,155.25;44,286.25;100.25,224;178.25,241.25;179,165
18567;174.75,59.5;183,83;218,265.5;290.5,138.5;44,286.25;103,183.5;170.75,165.75;179.75,156
37347;174.75,59.5;230.75,81.25;283,286;332.75,106.5;32.75,250.75;103,183.5;188.5,95;211.25,209.5
8671;139.75,114.5;260.25,109;283,286;307.25,114.25;11,245;96,191;188.5,95;201.5,214.75
24495;85,107.25;241.75,68.5;322.25,300.5;327.5,88.25;11,245;92,131.25;188.5,95;196.75,176.25
19748;139.5,93.25;178.5,46;311.25,235.25;338.25,38.25;20,310.5;92,131.25;190.25,93;196.75,176.25
30939;135.5,128.5;181.5,3.5;294,240.25;295,52;20,310.5;102.5,108.5;190.25,93;196.75,176.25
43963;133.75,184.5;164.25,51;272,273;295,52;20,310.5;77.25,125;129.75,93;172.25,180
24437;159.75,194.25;187.75,82;239.75,259.5;333.5,80.25;20,310.5;40,142.75;90,100.75;172.25,180
2612;140.75,228.25;190,133.5;253,198.75;362,80.25;20,310.5;39.25,142.5;92.75,36;172.25,180
13456;162.25,200.25;165.75,161;240.5,206.5;340,75.5;20,310.5;39.25,142.5;87.75,79.25;189,161.5
47528;118.25,239.5;165.75,161;241,163;351.5,7.25;20,310.5;51.5,173.75;155,92.25;179.75,163
40510;74.75,298.25;194.75,93.75;214.25,218.75;337.25,66;47.75,292;51.5,173.75;155,92.25;212.25,200.75
41838;29.5,285;194.75,93.75;199.75,215.5;363.75,51.25;19.75,309.5;74.25,163.75;155,92.25;237,240.75
18238;17,300.75;216,31.25;217.5,201.5;370.5,54.5;19.75,309.5;121.5,194;155,92.25;235.25,242
28378;17,300.75;216,31.25;281,154.75;294.25,75;11.75,291.5;84.75,126.25;162,50;240.5,181.5
27989;30.5,286;217,61;281,154.75;294.25,75;19.75,311;127.25,107.25;186.25,106.5;221.75,176.75
24453;52.25,237.75;183.75,13.5;224.25,129.5;267,102.25;19.75,311;107.25,143.25;124,115.25;221.75,176.75
8168;59.75,175.25;190,38.25;224,185;279.25,71.5;19.75,311;107.25,143.25;121.75,77;244.75,130
34937;3.25,179;232.25,30.75;279.5,185.75;336,30.5;7,311.5;56.5,172.75;121.75,77;244.75,130
36508;11.5,175;232.25,30.75;272,167.75;335.5,62;7,311.5;54,242;86,31.25;180.75,103.5
21566;57.5,216.5;232.25,30.75;259.5,176.75;342.25,26;37.75,306.75;72.75,275.5;86,31.25;145,76.5
30574;41.5,238.25;234.75,73;279.25,131.75;342.25,26;5.25,307.75;49.25,317;86,31.25;90.25,115.5
36491;8,173.5;234.75,72.5;279.25,131.75;335.75,31;21.75,286.75;48,270.25;86,31.25;88,169
14346;8,173.5;265.75,7.25;279.25,131.75;335.75,31;18.5,292;25,203.25;88.75,24.25;129,173.75
29112;40,168.25;217.5,6.25;247.5,168.5;319.75,41.25;18.5,292;25.25,197.75;88.75,24.25;107,236.25
37645;99.75,131.25;217.5,6.25;289,129.25;319.75,103.75;18.5,292;60,224.5;71.75,86.25;84.5,199.5
7243;138,128.25;211.25,80.75;289,129.25;349.75,83.5;3.25,311;30.5,243.75;71.75,86.25;79.25,210.5
40674;148,159;211.25,80.75;291.5,138.5;295,54;9.5,302.5;11.25,306.75;71.75,86.25;108.25,241.5
50445;148,159;235.5,136.25;262.5,97.75;332.75,114.75;5.25,315.5;9.5,302.5;26.5,29.75;137.5,192
11642;163.5,187.25;223.75,202;259,154;325.5,124;5.25,315.5;9.5,302.5;26.5,29.75;186.75,178.25
307;163.5,187.25;203,189.5;257.5,155;273.75,142.25;5.25,315.5;37.5,308.25;101.25,35.75;174.25,242
6358;136.75,129.75;157.25,193.25;239.5,150.75;304.75,140.25;8.75,292.5;93,297.5;101.25,35.75;174.25,242
16559;136,202;136.75,129.75;278,130;286.75,144.25;8.75,292.5;146.25,282.25;152.75,11.5;165.25,221.25
44335;118.25,260.75;136.75,129.75;281,72.75;295.25,103.75;8.75,292.5;91,314;112.25,40.25;217.75,185.75
34979;71.5,219;136.75,129.75;276.25,120;339.25,141.25;8.75,292.5;144.75,298.5;149.5,31;186.25,177.5
49965;12.25,228.75;141,189.75;276.5,127;302.75,140.25;9,244.5;144.75,298.5;149.5,31;151.75,225
31245;2.5,202.25;84,196;278.75,88.5;307,98.75;46,310.25;144.75,298.5;149.5,31;182,165.5
37147;2.5,202.25;119,264.75;267.25,85.5;310.75,110.5;75,279;76.5,263.5;149.5,31;223.25,151.25
21340;17.5,191;155,265.25;294.25,52.25;332.5,94.5;58.75,307.5;76.5,263.5;94.25,66;223.25,151.25
10678;17.5,191;162,305.25;294.25,52.25;332.5,94.5;18.75,309.75;60.5,223.75;88.75,66.25;238.75,147
6372;44.75,139.5;156,319.25;259.75,85.5;332.5,94.5;27.75,272.5;75.25,270.25;75.5,52;238.75,147
37875;39,111;165,253;261.75,122.25;296.75,105.75;27.75,272.5;63,309;70.25,122;238.75,147
24329;34.75,131.25;117.25,237.5;293.75,110.5;315,86.25;59.75,221.5;63,309;100.75,153.75;238.75,147
9010;73,90;122.5,252.75;281,168;331.75,31.5;27,203.75;43.25,300.25;100.75,153.75;238.75,147
11109;17,99.25;160,223.75;248.5,218.25;329.75,58.75;32.75,212;43.25,300.25;60,191.75;238.75,147
16760;39,77.5;88,229;269,179;302.5,80.5;32.75,212;43.25,300.25;122.5,197.25;292,194.5
24426;68,141.25;89.5,284.5;264.75,137.75;303,151.5;2.5,194.5;43.25,300.25;100.5,258;292,194.5
18508;33.25,97.5;37.5,295;261.75,135.25;277.75,194.25;2.5,194.5;4,308.75;113.5,245.25;292,194.5
7051;39.5,38.75;62,250.5;268.25,105.75;304.75,141.25;2.5,194.5;51.75,309;120.25,197.75;292,194.5
25961;67.5,16.25;110.25,295.5;273,57.5;350.25,128.25;2.5,194.5;36.75,251.75;95.75,225.25;292,194.5
32137;46.25,17.75;109.5,239;245,13.5;341.75,89;2.5,194.5;36.75,251.75;133.25,215.25;292,194.5
3684;54.25,75.75;111.75,236.25;278,60.5;302.25,53;27,211.5;68,207;133.25,215.25;292,194.5
29547;15,84.5;111.75,236.25;268,104.75;287.75,72.25;27,211.5;81,230.75;124.25,198;347.75,179.25
40839;15,84.5;65.75,210.25;268,104.75;303,34.5;16,171.5;97,237.25;107.25,137.25;348.5,140.75
27369;5.75,97;42.75,239.25;268,104.75;358.25,41.75;16,171.5;29.5,242.75;57.25,92.5;341,206.5
10843;5.75,97;10.75,309;260.75,28.5;357.5,123.25;14,136;32,277.5;57.25,92.5;294.5,225
42113;38.75,75.5;84.5,303.5;251,5;357.5,159.25;14,136;18,295.75;57.25,92.5;262.25,176
6669;38.75,75.5;125,292.5;229,69.25;301.75,148.25;5.25,196.75;19.25,267.5;114.25,86.75;262.25,176
1846;46,59.75;74.75,281;242.5,63.75;255.5,107.75;5.25,196.75;45.75,260.5;154,122;262.25,176
43546;35.5,22.75;95.75,315;218,11.75;228.75,124.5;5.5,195.75;45.75,260.5;172.75,140;262.25,176
35003;35.5,64.75;100.25,284;171.75,36.5;228.75,124.5;15.25,207.25;45.75,260.5;166.25,161.75;230,120.5
13972;17,99.25;86,322.5;150,34.75;172.25,137.75;15.25,207.25;44.25,317.5;166.25,161.75;195.5,95.5
5160;65.75,83.5;81.25,300.25;150,34.75;172.25,137.75;31,265.25;52.5,284.25;163.5,202.75;201.5,95.5
45734;22.5,63.75;81.25,300.25;132.5,39;201.25,180.75;52.5,284.25;56.75,249;153.75,224;251.25,102.25
26477;4.75,38.25;35.25,268.25;163.75,46.5;184.75,242.25;27,231.75;51,249;153.75,224;251.25,102.25
33515;14.5,64.25;58.25,282;236.75,29.75;244.5,199.25;27,231.75;60.5,249;139.75,176.5;251.25,102.25
4745;14.5,64.25;16,263;203.75,62.5;250.5,175.25;38.5,222.5;44.5,309.25;139.75,176.5;235.75,49
11295;2.75,25.75;10.75,307;149.25,59.5;250.75,176.5;27.25,241.75;44.5,309.25;153.5,187;235.75,49
25261;8.25,59.75;10.75,307;163.5,45.5;291.5,126.5;9.25,202.75;44.5,309.25;114.5,229;193.5,67.5
4147;8.25,59.75;49.75,273.5;186.5,60.25;273.5,126.5;9.25,202.75;45.25,305.75;109.25,258;151,92
17605;8.25,59.75;84,318;180,47.25;244.25,136;9.25,202.75;68.75,270.5;72,286.75;169.75,110.25
49482;12.75,85;84,318;179,62.5;236.75,186.75;21.5,202.75;97.5,314;122.25,275.25;169.75,110.25
25999;54.25,57.5;65.75,293.25;179,62.5;230.5,181;7.5,142.25;54.25,289.25;148.5,221.25;169.75,110.25
2159;85,114.25;92.75,241.75;239.75,102;281,157.75;7.5,142.25;54.25,289.25;154.75,186.75;156.5,122.25
43193;107.25,63;112.75,235.75;266.75,105.25;304.25,136.25;7.5,142.25;54.25,289.25;154.75,186.75;200,96.5
1220;125.75,62;159.75,261;270.5,166.25;283.75,103.5;7.5,142.25;54.25,289.25;119.25,164;195.25,95.75
42239;110,45.25;176.5,210.75;298.25,168;332.25,66.25;8.5,92.5;54.25,289.25;119.25,164;150.25,92.25
32635;69,39.75;138.5,240.25;328.25,182.25;357.5,43.75;10,93.75;54.25,289.25;119.25,164;186,109
34131;19,42.75;143.5,301.75;306.5,115.25;357.5,43.75;35.25,53.5;54.25,289.25;118.5,144;130.5,133.25
1471;66.75,47;148.5,300.75;249,116;348.25,40.75;35.25,53.5;94,269.5;96.5,196.5;130.5,133.25
34387;65.25,85;198.75,273.5;302.5,113.75;362.5,33.5;35.25,53.5;98,225.25;124.5,207.5;130.5,133.25
24957;59.25,69.25;204,281;296.25,106;333,28.5;35.25,53.5;98,225.25;120,163.75;179.25,164.5
31890;91.75,86.25;204,279.5;296.25,106;333,28.5;73,54.75;112.75,244;164.75,163.75;169.75,196
11454;78.5,148.25;223.5,270;309.5,115.5;344.25,18.75;61.25,92.75;112,243.25;164.75,163.75;169.75,196
26760;78.5,148.25;223.5,270;266.75,148.5;342.25,19.25;24.25,119.25;74.75,290.25;188,177;192,234.75
6928;65.5,125;211.25,252;260.75,122.75;342.25,19.25;59.25,105;116.5,323.75;179,213.25;188,177
38491;65.5,125;175,211;294,164;342.25,19.25;43.75,160;58,311.75;174.75,238.5;210.25,174.5
24131;65.5,125;201.5,276.25;272.5,122.5;279,32.5;59,121.75;91.75,319.5;143,301.75;210.25,174.5
40858;105,105.5;201.5,276.25;320.25,125.25;325.5,7.25;62,174.75;91.75,319.5;189.75,275.25;233.75,155.5
521;49.75,123;201.5,276.25;255.5,108;325.5,7.25;76.25,163.75;95.75,300.5;243.25,288.75;253.5,139.5
12906;49.75,123;202,276.25;292.75,53.5;310.75,24.25;76.25,163.75;161.25,299.75;229.75,227.75;234.25,186
39506;49.75,123;195.25,246.5;315.5,80.75;327.25,6.25;53.25,111.75;187.5,247.5;192.75,254.75;234.25,186
18994;54.25,146.75;195.25,246.5;291,53.5;370.75,54.25;106,161;136.25,280.25;155.5,318;234.25,186
16807;47.5,105;215.75,294.25;230.25,40.75;362.5,34.25;117.25,194.75;136.25,280.25;172.75,310.75;234.25,186
21503;110.25,54;190,221.5;230.25,40.75;362.5,34.25;99,229.25;107,276.75;140.5,318.5;299,186.75
6265;110.25,54;121.5,240.25;293.75,55.5;334.75,33;145,222;149.25,277.75;158,318;299,186.75
23602;89.5,58.5;121.5,240.25;307.75,57;321.75,22.5;113,292.5;164,202.25;204.25,284.5;299,186.75
40378;93.75,12.5;122.5,240.5;307.75,57;344.5,23.25;113,292.5;193.75,174;230,274.5;247.5,169.25
27303;93.75,12.5;111.5,309;265.5,0.5;369,54.5;64.5,259.25;202.25,172.75;230,274.5;247.25,106.5
15110;47,9.25;94.75,308.5;265.5,0.5;325,116.25;64.5,259.25;206,174.25;221.25,218.25;242.5,29.25
38885;47,9.25;72.25,299.25;223.25,22.5;300.75,52;63,201.5;155.25,199.75;178.25,231.25;242.5,29.25
5597;7.5,45.25;61.5,275.25;206,46.75;280.5,90.75;63,201.5;121.25,240;210,202.75;242.5,29.25
31559;7.5,45.25;83,300.75;197.75,71.5;280.25,92.5;15.25,171;121.25,240;230,212.5;260.75,38
20634;7,8.25;83,300.75;162.5,103.25;280.25,92;2.25,134.75;106.75,200;195.25,181.25;260.75,38
38927;66,28.5;146,320;173,149.75;280.75,74.25;37.75,146.5;106.75,200;195.25,181.25;306.75,15.25
34991;46,44.25;159.25,318;184.75,216;280.75,74.25;76.75,163.25;168.75,221.25;193,238.25;306.75,15.25
253;46,44.25;143.5,305.25;183.25,276.25;231.5,34.75;76.75,163.25;192,180.75;224,254.25;250.25,48.5
36945;10.75,49.5;125,291.5;163,312.25;252.5,11.25;76.75,163.25;192,180.75;269.25,223.25;315.5,17.25
21023;55.25,92.5;146,316;192.75,269.5;278.25,69;41.25,198.25;192,180.75;298,170.25;315.5,17.25
49676;55.25,92.5;146,316;192.75,269.5;271.75,64.75;15.5,145;227.25,209.25;311.75,160.75;352.75,17.5
11466;55.25,92.5;174.25,297.75;199.5,310;285.5,56;11.5,136.25;227.25,210;311.75,160.75;344.75,63.75
17757;55.25,92.5;174.25,297.75;199.5,310;262.25,6.5;27.25,188.75;273,222.25;332,210.75;355.5,13.5
1562;40.75,96.75;199.5,310;202.5,265.25;311.75,3.25;77.25,245.25;273,222.25;340.75,173.5;359,80.5
10873;43.75,33;199.5,310;202.5,265.25;311.75,3.25;109.25,302.25;216.5,215.75;327,206.75;358.25,148
34868;44.25,67.25;146.75,259.5;226.25,201;261.25,25.5;184.75,303.75;216.5,215.75;307.5,202.75;358.25,148
35664;19.75,86.5;143.5,224.75;202,227.5;261.25,25.5;184.75,303.75;196.75,249;251.25,173.75;358.25,184.75
33078;10.5,141.75;157.5,156.5;202,227.5;262.75,27.5;185.75,301.25;196.75,249;240,214;356.75,158.25
36196;61.25,177.25;142.25,126.25;195,245.25;222.5,37.25;185.75,301.25;227.75,280;251.25,261.5;356.75,158.25
46491;86.5,139.5;108.25,125.5;142,259;222.5,37.25;144.25,257;162.25,298.5;311.5,244.25;356.75,158.25
46487;96.25,155.5;130.75,173;142,259;222.5,37.25;108.5,275;162.75,319;303.75,235.5;314.25,159
2375;47.75,153.75;144,208.75;164,223.5;264,65.75;109.25,294.5;125.5,259.25;303.75,235.5;314.25,159
5157;47.75,153.75;159.25,178;164,223.5;242,101;82.75,285;112.75,197.25;299,284.75;312.75,139.75
2387;47.75,153.75;153.75,157.75;159.25,194.75;242,101;66.5,247.5;132.5,229.5;240,290.5;273.25,175
35244;86,140.75;169.5,136;185.5,157;237.5,135.5;66.5,247.5;125.75,195;239,293.75;273.25,175
17626;87.5,177.25;169.75,200.25;201.5,177.5;237.5,135.5;66.5,247.5;161.25,230;233,254.75;313.75,226.75
19484;133.25,159.75;140,156.25;208.25,166.75;237.5,135.5;54.25,269.75;182.5,288.5;223.5,319.5;313.75,226.75
12239;128.5,214;140,156.25;214.5,198.5;216,195.5;5,232.25;182.5,288.5;248.75,290.5;312,297.75
30699;130.25,151.75;158,218.75;216,195.5;240,260;24,244.5;130,315.75;261.25,277;312,297.75
31788;87.25,141.5;158,218.75;216,195.5;219.25,261;57.5,198.75;146.75,256.25;247.75,290.5;333,287.25
10541;87.25,141.5;128.75,204.5;207,170;227.75,302.25;61.25,198.25;179,289.25;221.5,279.75;333,287.25
46274;57.5,92.5;114,162.75;146.5,156.5;227.75,302.25;113.5,196.25;193.25,316.75;221.5,279.75;347.25,276.25
42157;47.25,123.5;87,120;188,119.25;223.5,316.25;113.5,196.25;193.25,316.75;266.25,321.25;340,287.75
10090;57,62.75;88.75,107;168.75,181.25;223.5,316.25;113.5,196.25;207,275;240,291.5;301.25,241.75
14510;107.75,52;110.75,120.25;131.25,201;212.5,310.75;68.5,222.5;207,275;240,291.5;298,246.25
33328;47.5,11.75;65,89.5;155.25,140;256,250.25;61.25,247.5;207,275;240,291.5;291.75,197.5
46513;47.5,11.75;65,89.5;156.5,83.75;256,250.25;56,247.5;192.5,248.5;250.75,291.25;265.5,140
27808;21.75,25.25;48.25,53.5;145.5,21;256,250.25;4.75,228.5;192.5,248.5;221.5,274.5;222,146.25
26293;17.75,63.5;21.75,25.25;174.5,69.5;205.75,261;4.75,228.5;146.25,279.25;208,275;216.5,191
13069;35.5,121.25;49.25,76.25;166,5;203.5,261;4.75,228.5;146.25,279.25;237.5,207;240,214.5
21179;72,96.25;82.25,76.5;91.75,3.75;156.5,201.5;51.25,221.25;146.25,279.25;237,207.75;240,214.5
47222;7.5,59.75;30.25,73;62.25,68.25;85,222.25;57.75,204.75;146.25,279.25;240,214.5;244,196.5
25566;10.75,30.5;30.25,30.25;62.25,68.25;122,259.25;113.5,196.75;155.25,245;240,214.5;285,197.5
44628;10.75,30.5;30.75,18.25;62.25,68.25;122,259.25;65.5,202.75;143,226.5;271.25,210.75;329.25,158.75
24069;30.5,17.25;51.25,46.75;106.5,43.75;107.25,213.25;52.25,145.75;143,226.5;271.25,210.75;352.75,145.25
10583;4,42.75;73.75,41.75;88.75,63;109.75,160.75;81,135.5;143,226.5;271.25,210.75;352.75,145.25
31956;11.5,107.75;76.75,35.5;113.25,43.25;115.75,146;52,176.75;82.75,199.75;271.25,210.75;352.75,145.25
8812;11.5,107.75;15.5,32;89.5,27.25;179.75,111.75;4.25,172.25;30.75,189;271.25,210.75;310,161.75
4740;11.5,107.75;47.5,61.75;66,6.5;252.25,131.25;47.5,180.25;75,202.25;256.25,248.75;310,161.75
42975;74.25,134;76,123;97.75,3.75;317.25,141.75;48,173.75;75,202.25;256.25,248.75;263.75,192.5
46580;29.5,160.5;30.75,117.75;97.75,3.75;361,192.75;21.5,229;30,216;256,249.25;263.75,192.5
44981;29.5,160.5;75.75,110;97.75,3.75;342,210.25;7.5,173.75;39.75,174.75;278.75,185.75;286.5,228.75
29269;72,183;90.75,168.75;141,33.75;343.75,231.25;22.5,123;46,141.75;278.75,185.75;286.5,228.75
32012;8.5,176.75;40.5,159.5;118.25,86.5;344.75,161;22.5,150.5;39.25,205.75;278.75,185.75;286.5,228.75
27;40.5,159.5;55,229.25;56,92.5;272.75,148.25;24.25,212.75;36.5,223;278.75,185.75;280,226.5
9615;40.5,159.5;70.75,291.5;94.5,58.5;227.5,189.75;18.5,173.25;31,243.5;278.75,185.75;347.25,207.25
3818;0.5,215.5;69.75,293.5;86.5,90.25;223.25,252.5;18.5,173.25;31,243.5;301.5,127.5;347.25,207.25
1938;0.5,215.5;69.75,293.5;91.5,70.75;259.5,256.75;11,188;19,275;331,95.75;344.5,222
39304;0.5,215.5;87.25,315.25;91.5,70.75;188.5,268.25;30.5,213.5;50,250.75;284.75,104.75;357,265.25
1373;0.5,215.5;87.5,314;105,104.5;188.5,268.25;23,245.5;35.5,317.25;271,34;365,210.75
31651;0.5,215.5;15,309.5;52.25,55.25;215.25,197;23,245.5;97.75,281.5;227.25,17;357.25,173.5
21686;43.25,198;48.25,310;52.25,55.25;279.25,203.75;20.75,273;83.75,315.5;247.25,42.25;357.25,173.5
22197;0.75,176.75;23,240.5;82,33.75;293.25,180;3.5,241.25;83.75,315.5;168.25,37;357.25,173.5
44640;57,171.75;57.25,189.25;103.5,48.5;293.25,180;3.5,241.25;25.5,320.75;213.25,68;352,174
23693;13,228.25;43.25,243;168,58.75;281,158.75;42.75,265.5;48,268.75;213.25,68;352,174
24337;13,228.25;43.25,243;145.75,126.5;264,177.25;23.5,308.5;111.5,264.5;276.75,103.25;329.5,158.5
46419;27,266.25;110.5,220.25;218.25,135.5;225.5,183;6,306.75;93,284.25;276.75,103.25;329.5,158.5
39226;44.25,312.5;92,284;245.5,127.5;267,128.25;3,315.5;93,284.25;236.25,131.75;329.5,158.5
36004;39.25,238.25;97,310;247,99.5;305,155.25;3,315.5;93,284.25;249.75,127;292.25,196.25
19341;12.75,219;68.5,318.25;247,99.5;278,134.25;14.25,297.75;105,276;249.75,127;296.25,199.5
16305;60.5,218.75;82.75,297.5;250.5,160.75;329.75,149.5;36,246.5;105,276;184,95.5;296.25,199.5
23343;18,284.25;66.75,294.5;203,221.5;329.75,149.5;36,246.5;81,267.5;151.5,50;293.5,231.25
47968;41.5,284;84,318;265.5,251.75;347.75,215.5;6.75,309.25;81,267.5;151.5,50;326.5,242.25
16863;91.5,267.25;141.5,316.75;292,256.25;354.5,242;6.75,309.25;81,267.5;124.5,77.5;324.5,181.25
39621;80,298.75;165.75,323;300.25,209;339.25,235.75;6.75,309.25;66.5,247;138.75,74.75;324.5,181.25
19376;41.5,280.75;165.75,323;333,249.5;364.5,161.25;47,292;66.5,247;191.75,100.25;287.25,184.25
44349;89.25,268.25;165.75,323;355.25,231;368.5,165.75;47,292;66.25,249.25;190.25,40.25;257.5,131.75
2825;104,250;165,257;326.75,187.25;342,243.75;66.25,249.25;80.75,321.25;190.25,40.25;257.5,131.75
15811;104,250;149.5,307;325.75,165;354.5,313;68.75,253.25;80.75,321.25;191,8.5;203.75,175.75
17174;104,250;188,320.75;316.25,165.75;337.75,300.25;55.75,297.75;68.75,253.25;174.5,70.75;241,181.75
29708;62.5,249.75;183,316.5;277.5,180.25;319.5,321.25;55.75,297.75;68.75,253.25;206.25,105.75;222.25,174.25
16136;103.5,243.75;205.75,319.25;267,180;283.5,310.5;55.75,297.75;120.25,259;222.25,174.25;224.25,113.75
23128;173.75,225;180.25,252.25;288.75,142.75;329.75,247.25;39,223;121.5,197.75;222.25,174.25;224.25,113.75
6418;147.25,265.5;173.75,225;245,168;325.5,226;2,244.5;96,240.5;196.75,226.75;224.25,113.75
18733;147,196.25;200.5,273.75;245,168;325.5,226;23.25,306.5;78,175.5;146.25,272;210.5,125.75
7337;118,146.5;209.75,235.5;245,168;360.25,214.5;23.25,306.5;109.25,202;159.5,248.5;185.25,69.25
37111;131.5,97.25;169.25,226;225.5,184;364.75,228.25;49.5,267.75;109.25,202;159.25,300.25;185.25,69.25
22968;113.75,121.25;208.25,200;216.5,252;338.75,210.25;49.5,267.75;109.25,202;116,323.25;252.25,69.75
37083;91,115.75;242,209.25;255,209.25;356,265.75;21.25,310.5;109.25,202;116,323.25;240,128.25
13647;89.75,86.75;212,259;271.5,246.5;362.25,314.5;21.25,310.5;113.5,256.5;116,323.25;187.75,100
39350;88.75,72;212,259;271.5,246.5;362.25,314.5;27.5,307;69,283.75;108,323.75;153.25,119.5
49413;135,20;140.5,284.5;329,198.25;362.25,314.5;22.25,309.75;47,275;108,323.75;153,120.25
34090;118,34.25;138.25,224.25;345.25,288.5;346.5,269.75;22.25,309.75;47,275;138.5,259.25;142.25,52
19960;97.75,9;169,260.75;345,317.5;365.5,263;22.25,309.75;38.75,197.75;127.25,223.25;142.25,52
48470;97,10.25;169,260.75;346.5,321.25;359.75,298.25;22.25,309.75;26.25,176.25;121.25,229.25;174,39.5
4235;62.25,40.5;169,260.75;346.5,321.25;359.75,298.25;4.75,288.75;83.25,158.5;185.5,246.5;232.5,67.25
30060;62.25,40.5;137.25,224.25;346.5,321.25;359.75,298.25;45.25,306.75;59.5,161.5;199,224.75;211.5,96.5
33273;54,69;117.25,204.75;353,262;356,265.5;40.5,254.25;59.5,161.5;199,224.75;231,116.75
20066;54,69;89.5,204;341.25,229;345.25,312.75;31.25,205.75;83.5,199.5;153.75,224.25;231,116.75
10486;1.25,85.5;152.25,177.75;289.75,241;354,250.75;7.5,202.25;82.5,235.5;153.75,224.25;231,116.75
41057;21.5,103.75;157.5,134.25;273.75,249.5;294,251.5;7.5,202.25;78,197.75;104.5,273.75;231,116.75
35749;25.5,85.75;173.5,140.5;239,224.25;334.5,218.5;7.5,202.25;78,197.75;143,318;234.25,153
19791;42,30;174.75,110.75;244.5,218.5;352,180.5;7.5,202.25;92.75,136.75;127.75,265.25;234.25,153
11307;42,30;149.75,58;278.5,218.5;325.75,239.75;13.5,155.5;58.75,128;127.75,265.25;235,210.5
24014;42,30;167.5,49.25;226.5,188.75;278.25,242;13.5,155.5;86.5,190;108.5,319;200.5,152.25
10571;31.25,18;137,101.25;251,219;305.75,303.5;13.5,155.5;86.5,190;97.5,314;208.75,107.5
9954;31.25,18;140,118;281.25,284;295.25,259;9,128.75;90,220.25;97.5,314;246.5,86.25
8431;44,46.25;165,112.75;276,232.25;281.25,284;4.25,172.25;29,222.5;97.5,314;269.25,41.75
42466;55.25,97.75;142,151.75;228,236.75;294.5,322.5;4.25,172.25;38.75,280.75;112.25,302.25;269.25,41.75
33951;76.75,145.25;135.5,129;245.5,218.5;309.25,317.5;4.25,172.25;63.5,290.25;112.25,302.25;302.5,52
5117;85,158.75;135.5,129;275,238.25;325.75,312.75;4.25,172.25;63,286.25;172.75,270.5;355,14.5
45140;85,158.75;135.5,129;225,260.5;325.75,312.75;50.25,224;87,303.5;219,313.25;353.75,56
2896;47.75,210.25;99.25,190.25;223.25,279.5;296.75,263.5;81,190;87,303.5;219,313.25;342.25,82.25
39494;106.75,240;150.25,184.75;223.25,279.5;305.75,318.25;70.5,251.75;117.25,308.5;246.75,256;342.25,82.25
44216;146.75,227;159.5,251;219,261;305.75,318.25;118,289.5;177,307.25;246.75,256;323.5,45
27273;114,283;117.75,260.75;182.75,316.25;332.25,266.75;118,289.5;177,307.25;274,295.5;321.75,45
20821;167.25,294.25;168.5,222;224,313.25;291,319.25;118,289.5;219,274.5;274,295.5;321.75,45
1550;109,309.5;161.5,236.75;284,319.75;329.25,269.75;118,289.5;232,255.25;274,295.5;289.25,4.5
46286;109,309.5;148.25,225;214,311.25;289,286;118,289.5;216.75,248;222.5,278.75;283,7.25
18660;109,309.5;163.25,262;187,316.25;259.25,241;64,318.5;219.75,210;222.5,278.75;263.25,6.25
28488;54,318.25;118.5,303.5;140,265;259,177;66,318.75;191.75,189.25;222.5,278.75;263.25,6.25
13244;31,277;142,261.5;145,304.25;274,135;66,318.75;154.75,150.25;246.25,245;263.25,6.25
35620;30.5,322.5;150.25,297.75;208.5,311;230,183;66,318.75;166,186.75;246.25,245;273.5,20.75
40314;30.5,322.5;150.25,297.75;180,318.5;277.75,148;56,249;178.75,174.25;232.75,186.5;257.75,14.75
35418;19.75,308.5;105.5,315.75;175.5,313.25;277.75,148;56,249;211.25,207.75;231.5,134.75;260.25,20.5
23588;19.75,308.5;143.25,265.75;187,247;258.5,96.5;31.25,254.25;181.75,164.25;217.75,190.5;260.25,20.5
1094;48.25,241.5;149.5,202.5;156.5,208.75;224.25,131.75;69.5,194.5;181.75,164.25;217.25,163;260.25,20.5
7411;44.5,237.75;119.75,180;183.75,232.75;185.75,157.5;69.5,194.5;181.75,164.25;217,161.5;262.25,47.5
35969;56.5,229.5;112.75,123.25;177,266.5;185.75,157.5;71.25,126.75;181.75,164.25;221.25,141;282.75,20.25
41763;82.75,177;119.75,147;145.75,297.25;164,163;71.25,126.75;181.75,164.25;238.5,81.25;250.25,76
43814;24.5,206.5;78.75,141.5;145.75,297.25;164,163;35.75,105.25;181.25,104.5;230,11;248.75,15.25
30895;27.5,215.25;103.25,163.25;154,297.5;164,163;90.5,53.25;149,77;230,11;298.5,13.25
47178;6.75,215.5;103,137;154,297.5;164,163;120.75,104.5;161.5,92.75;200.75,41;329.25,16.5
34318;6.75,215.5;42,147;82,280;162,161.25;146.25,88.75;157,43.5;168.75,82.25;329.25,16.5
31827;20,153.75;34.5,189.25;76.75,299.25;134.25,189;146.25,88.75;158.75,42.5;168.75,82.25;347.25,32
47023;20,153.75;52.75,208.75;80.75,314;87.5,177.25;102.75,122.25;113.5,80.5;158.75,42.5;313.25,17.5
47223;7,85.75;16.5,178;45.5,258.25;50.25,124;102.75,122.25;139.75,20.25;142.25,48.25;313.25,17.5
31538;56,61.25;59.75,160.75;62.75,317.5;68.75,85.5;100.75,125;139.75,20.25;142.25,48.25;239,41.5
30184;45.25,31.25;50.25,201;99.5,284;112.25,21;33.5,87;139.75,20.25;142.25,48.25;238,39.5
38766;2,7.25;50.25,201;72.75,280.5;126.75,24.25;33.5,87;97.75,40.25;185.75,91;188,68
45562;2,7.25;3.25,185.75;34.5,284;162,60.25;33.5,87;70.5,28.5;222,133.75;227.5,72.25
9190;2,7.25;3.25,185.75;85.5,280.5;105,15.75;33.75,76.75;119,62.5;232.25,133.25;264.25,50.5
29525;2,7.25;3.25,185.75;124.75,286.5;151,28;35.25,40.75;102.25,98.5;230.25,95.5;269,38.5
20811;43.25,31.25;52.5,200.5;107,312.5;151.25,50.75;6.5,70;82,154.25;230.25,95.5;269,38.5
28726;71.25,58;78.25,141;150.75,264.5;183.5,3.5;6.5,70;86.5,122.5;220,62;269,38.5
3211;72,34.25;78.25,141;165.5,228.25;183.5,3.5;21.25,70;22.25,107.5;186.5,98.5;227.75,85.25
16009;72,34.25;138.25,137;206.75,178;213.5,7.5;9.25,4.25;14.75,94.75;202.25,142.25;227.75,85.25
13651;42.5,18.75;200,185.25;203.25,168.75;218,11.75;9.25,4.25;14.5,92.25;189,161.5;227.75,85.25
47710;42.5,18.75;148.5,224.75;203.25,168.75;219,12.75;19.25,18.25;101.25,107.75;155,173.75;233.5,9.75
33826;73,49;184.25,259;208,167.25;225.25,67.25;36.75,36.25;126,111.75;155,173.75;233.5,9.75
35367;119.75,52;167.5,280.75;177.75,110.25;185,49.5;21.5,98.75;126,111.75;148.25,148.25;233.5,9.75
45810;79.5,10.5;133.75,288;175,47.25;177.75,110.25;21.5,98.75;108.75,67.75;196.5,174.5;229.25,39.25
47773;82.25,68.5;133.75,288;143.75,28.75;212,126.5;36.5,64.5;73.25,89.25;143.25,170.25;229.25,39.25
22859;76.5,26.75;124,302.75;181,48.5;269,148.5;5.25,23.75;73.25,89.25;147,124;229.25,39.25
14937;71.25,24.5;170,271.5;187.5,49.75;276.25,102.25;5.25,23.75;73.25,89.25;141.25,82.5;221.75,85.25
26751;71.25,24.5;121,291;154.25,61.25;270.5,166;11.25,31.25;73.25,89.25;191,85;238.5,82.25
38325;70.75,24;121,291;146,6.75;275.5,193.5;5.25,48;7,68.75;191,85;292,97.25
20161;58.25,96.25;62,295.5;151,28.5;301.25,258;5.25,48;26.75,80.5;145.75,51.75;292,97.25
37813;27.5,145.25;34.25,239.5;151,28.5;355.75,254.5;5.25,48;85,71.75;152.75,81.5;326.75,131
15723;5.5,90.75;83,228;131.75,34;353.25,214.25;5.25,48;70,29.5;203,97;326.75,131
5544;11.5,50.5;65,295.5;135.75,20.5;364,260;5.25,48;57,8;222.75,84.25;326.75,131
1960;23,63.25;80.25,299.25;97.5,11.25;364,260;5.25,48;98.25,67.75;216.25,72.75;308,115
20254;36,95.25;75,318.25;84.5,66.5;364,260;59.25,14.25;156.5,64.75;217.5,94;308,115
34243;37,95.25;75,318.25;135,21;364,260;28.5,32.25;189,25.75;193.5,97;253,122.5
30283;37,95.25;75,318.25;135,21;330,198.25;18,19.5;137.25,56.75;152,50.25;263.5,58.5
1736;60.25,129;75,318.25;191.75,5.5;331,154.75;18,19.5;134.75,21;150.25,89.5;260.5,100.75
43730;6.5,167;75,318.25;217.25,37.5;324.25,112.75;39,75.75;126.5,77.5;144.25,89.75;260.5,100.75
34968;52,218.5;69.25,305.5;149.75,27.5;292,85;39,75.75;122,98.75;144.25,89.75;207.75,75.5
43321;11.5,241;37.5,276.5;173.25,18;256.75,54.75;39,75.75;93.25,131;165.5,40;207.75,75.5
21343;9,175.5;9.5,304.5;218,6.75;253.25,118.5;39,75.75;93.25,131;224.75,61.75;227,19
13356;9,175.5;53,322.5;218.25,7.25;253.25,118.5;42,38.5;118,73;226,38.25;263,24.25
47835;59.5,160.5;78,287;182.75,13.5;227.25,85.5;18,50.25;118,73;246.75,77;263,24.25
1071;59,133.5;65.25,258;182.25,13.5;227.25,85.5;19.75,6;118,73;226,17;229.5,10
46552;81.5,84.25;92.5,299.75;217,62;279,130;19.75,6;118,73;226,17;262,5.25
34036;81.5,84.25;164,309;174,33.75;350,161;32.75,54.75;110.75,55.75;246.75,90.5;262,5.25
10106;56.5,68.5;146.5,238.75;174,33.75;350,161;69.5,51.75;73.5,26.25;277,37.25;286.5,13.75
35515;103.5,8;130.25,173.5;130.75,29.5;333,108.5;69,53;73.5,26.25;277,37.25;354.5,49
21005;103.5,8;130.25,173.5;139.75,21.25;289.5,112.5;8.25,34.25;51.5,7.5;298.75,10.5;323.5,35.25
3642;103.5,8;143.5,223;162.75,51.5;285.75,40.75;11.25,21.25;66,93.25;298.75,10.5;315.5,50.75
11440;63.5,24;118.5,265.5;162,80.25;311.75,70.5;11.25,21.25;60.25,66;298.75,10.5;329.25,134.5
8034;67,86.5;101,220.75;145.75,50.25;361,26.75;11.25,21.25;60.25,66;297.25,8.5;316.75,151
8775;85,160.25;123.5,186;131.5,77.75;361,26.75;8,56;106.5,20.5;312.5,45;316.75,151
20992;85,160.25;123.5,186;131.25,30.5;293.25,24.75;63.25,11.25;137.25,39.75;288.5,7.5;335,131
34348;73.5,83;85,160.25;204,56.25;302,97.25;123.5,23;143.5,50.25;256.5,10.5;335,131
22659;41.5,77.5;85,160.25;265,92;324.25,41.25;123.5,23;160.5,49.5;283,28.5;283.25,89.25
39577;52.75,58.5;85,160.25;264.5,90.75;324.25,41.25;128.25,18.25;148.25,80.25;228.75,26;244.5,75.5
13593;97,8.25;147,187.75;286.75,23.75;329,60.5;135.75,46.25;160.75,121;228.75,26;244.5,75.5
33150;42.25,31.25;123.25,124;307.5,100.25;316,112.75;135.75,46.25;160.75,121;247,11.5;247.75,69.25
362;28.5,99.25;160.75,140.5;297,36.75;303.25,55;135.75,46.25;153,91;236.25,11.25;247.75,69.25
27549;24.75,169.75;160.75,140.5;297,36.75;335.75,66.5;84.5,71.75;136,94.25;214.5,45.75;250.5,69.25
16962;24.75,169.75;145.75,192.75;279.75,70.75;334.75,56;90,137.75;156.75,161;204,74.5;250.5,69.25
5314;24.75,169.75;134,245.25;274.75,52.5;291.75,55.5;59.75,96.25;165.5,162.5;194,96.75;250.5,69.25
16240;71,140.5;137.75,184.5;274.75,52.5;277.5,86.75;118.75,106.5;192.5,160.75;194,96.75;313.25,82.75
36969;73.25,145.75;99.25,208.5;250.25,8;277.5,86.75;121.75,161;149.75,115.25;163.5,52.5;313.25,82.75
18447;34.5,96;104,251.5;250.25,8;289.75,113.75;107.25,201;149.75,115.25;164.5,36.5;317.25,122.5
30848;34.5,96;128.75,292.5;286.75,56.75;297.5,113.75;129,194.75;137.75,123.5;164.5,36.5;355,82.5
23328;36.75,94;143.75,259.75;222.5,63.75;293.75,106.25;129,194.75;137.75,123.5;143.75,31.25;344.5,31.5
46709;46.25,61.25;94.25,295;248.5,95;335,57.25;129,194.75;129.75,91;149.75,56.25;344.5,31.5
25997;83.5,20.5;123.75,284.5;277,101.75;321.75,18;125.25,198.25;129.75,91;136.75,34.25;344.5,31.5
19920;144.5,33;157.75,217.25;299.25,111.25;337.5,16.25;125.25,198.25;147.25,34.25;156.5,67;344.5,31.5
30924;128.5,32.75;136.75,188;299.25,111.25;336.75,15.5;125.25,198.25;168,17.75;168,95.5;355.25,54.75
49555;77.75,34.25;136.75,188;299.25,111.25;336.75,15.5;90.5,169;92,20.25;156,43.5;346,32.5
26637;109,48.75;146.75,260;279.25,120.5;294.5,55.25;90.5,169;100.75,79.25;156,43.5;302,61.25
28530;109,48.75;153.5,203.5;291.5,115.5;327,30;90.5,169;130,92.75;134.25,77.75;285.75,97.25
36318;41.75,47.75;153.5,203.5;291.5,115.5;327,30;161.5,186.25;180.75,70.25;184.25,96.25;298.75,148.75
29942;54,4.5;153.5,203.5;255.5,108.25;297.75,8.5;116.75,195.75;180.75,70.25;183.25,161.25;311.5,83.75
23265;43.75,64.25;146.25,137;277.5,169.5;342.5,46.5;116.75,195.75;207.25,108.5;248.75,169;311.5,83.75
41171;89.5,62.75;92.25,139.5;267.5,141.5;290,70.25;120.25,194.25;158.75,90.5;248.75,169;311.5,83.75
4845;28,59;81,141.25;270.25,129.75;322.5,53.75;120.25,194.25;146.25,88.75;248.75,169;321.25,128.5
33432;3.75,4.75;81,141.25;278.25,144.25;322.5,53.75;88,221.25;179.25,114.25;246,194;279.75,90.75
11728;14.25,6.75;123.25,184.5;308,114;310.25,37.5;88,221.25;189.5,174.25;203.5,185.5;279.75,90.75
43350;21.25,81.25;84.25,172.25;270.25,65.25;325.5,31.5;88,221.25;203.5,185.5;221.25,132.75;308.75,51.75
30036;21.25,81.25;84.25,172.25;275.25,18;348,15.25;151.5,221;222.75,172;277.75,111;305.75,13
14741;21.25,81.25;120.75,141;326.5,34.5;344,6.5;97.75,189;187.75,197.5;278.5,110;305.75,13
17339;86.75,85;91.25,171.75;280.5,73.75;365.75,72.25;97.75,189;240,175.25;240.75,121.75;305.75,13
48816;86.75,85;161.25,161;264.5,27.75;356.25,7.75;97.75,189;192.25,161.5;302.25,86.25;337,80.25
7497;24.5,75.5;131.75,166.5;326.75,34.5;336.25,2.25;82.5,191;192.25,161.5;302.25,86.25;333,132
16808;2,109;147.75,223;290,70.5;334.75,67.25;15.5,172.75;168.25,91.75;302.25,86.25;333,132
43976;1.5,102.75;147.75,223;284.5,53;358.25,29.75;31.75,132.25;168.25,91.75;322.5,83;332.25,180.75
35045;1.5,102.75;98.75,190.75;250.25,9.25;369.5,20.5;31.75,132.25;165,79;286.5,150.5;298.25,206
4541;2,93.25;98.75,190.75;250.25,9.25;370.5,20.75;96.75,136.75;163.5,49.75;305.25,150.5;310.75,254.25
42195;43.75,104.25;137.5,147.5;261.75,15.5;354,31.25;96.75,136.75;163.5,49.75;305.25,150.5;311.25,313.25
6068;35.25,124.75;77,160.5;261.75,15.5;354,31.25;94.75,181;116,71.75;313,198.75;354,303.75
4801;33.75,199.5;35.25,124.75;276.5,31;289.25,75.5;94.75,181;115.25,78.25;294,247.25;303,262.25
22881;0.5,221.75;35.25,124.75;203.5,43.5;231,33.25;37,144;115.25,78.25;276.75,185.75;354.5,289.25
32502;21,190;37.25,189;219.25,32.5;261.25,31;28.25,207.25;115.25,78.25;244.75,128.75;354.5,289.25
18352;47,123;72.5,177.25;156,50.75;261.25,31;28.25,207.25;94.25,108.75;225.75,115.75;340,287.25
6591;47,123;118.25,212.5;209.5,92.5;264.25,19.5;21.5,202.25;94.25,108.75;281.25,132.25;323,218.25
28491;8.5,140.25;118.25,212.5;191,49.75;308.5,36.25;21.5,202.25;43.25,109;305.75,153.75;328,192.5
17299;27.5,153.75;149.25,259;178.5,50;262.75,27.5;3,188;43.25,109;306.75,152;328,192.5
25795;74.25,88;156.75,223.25;190,49.25;221,63;15,249.25;43.25,109;306.75,152;326.75,191.5
25521;79.5,35.5;156.75,223.25;247.5,48.25;267.25,104.25;37.75,253;43.25,109;337.5,94.75;357,165.25
17342;9.25,42.75;156.75,223.25;247.5,48.25;267.25,104.25;4,238.25;16,51.25;298.25,91;317,124.25
18284;58.25,4.25;99,205.75;205.75,77.25;267.25,104.25;4,238.25;34.25,89;320.5,89.75;348.75,139.25
42237;58.25,4.25;59.5,242.75;248.25,21;301.5,55.5;2.5,194.5;34.25,89;317,121.25;357.5,215.25
38103;36.75,57.25;49.5,215.5;265.75,65;352,7.75;2.5,194.5;19.25,59;317,121.25;355.5,165
35750;31.25,37.5;49.5,215.5;245,132;368,24;2.5,194.5;56.75,84.75;312.5,50.75;324.25,138.25
43010;15.75,28.25;57,190.75;245,132;368,24;21,271;105.25,55.25;280.5,120;334,148.75
23895;38,41.5;54,218.25;245,132;345,86.25;18,232.25;105.25,55.25;224,108;301.75,204.25
27036;20,42.25;99.75,251.5;248,78.5;285.25,73.5;10.5,270;105.25,55.25;225.75,84.75;301.75,204.25
12389;4.75,63.75;73.75,299.25;248,78.5;300.75,56;37.75,280.25;104.25,8.5;225.75,84.75;270,202.5
23139;29,118.25;37.75,261.25;248,78.5;300.75,56;37.5,279.25;156.25,14.75;236.75,55;282.25,247.25
21081;29,118.25;52.25,294.5;227.75,79.25;278.5,75.5;37.5,279.25;197.75,10.5;258.25,26.75;258.5,219
10849;45.25,162.75;57,294.5;213.75,61.75;279.75,33;37.5,279.25;197.75,10.5;226.25,41.75;304.75,195.25
40617;18.25,140.25;67.75,313;205.5,42.5;217.25,63;88.5,253;199.75,13.5;226.25,41.75;304.75,195.25
39682;1.25,72.5;34.75,296.5;224.25,76.25;257,72;88.5,253;226.25,41.75;234.25,5.25;290.25,217.75
8408;46.25,48.75;60,252.5;186.5,79.25;207.75,94.25;74.75,263.5;226.25,41.75;234.25,5.25;286.5,185.25
37155;31,68;116,279;134.5,125.5;182.5,36.5;74.75,263.5;205.25,40.25;234.25,5.25;286.5,185.25
23794;3,89.75;135.25,282.25;136.75,188;143.25,21.75;148.75,270;205.25,40.25;234.25,5.25;286.5,185.25
30088;3,89.75;90,284.5;113.25,260.75;210.25,58.5;168,283;205.25,40.25;253,10.75;260,239.25
34021;28,25;80,318.25;125.75,246.5;227.75,75.5;168,283;205.25,40.25;282,35.5;292.75,199.5
42342;7.5,51;80,318.25;139.75,184.5;261.75,122.25;168,283;233.25,66;256,5.25;322.25,159.75
5081;68.75,74.25;80,318.25;142.5,147.5;207.5,93;131.25,266.25;233.25,66;242.75,12.25;336,91.75
30019;33,130.25;38.25,286.25;142.5,147.5;207.5,93;115.25,196;200,96.75;296.5,36.5;338.25,64
12322;12.5,142.75;32,280.5;157.75,145;207.5,93;73.25,215;200,96.75;256.5,59;352.25,69.25
5428;34.25,168.5;75,234;157.75,145;243.25,117.5;73.25,215;229.75,121.25;313.25,87;346,33.5
3867;50,158.25;87,255;167.75,101.75;280.5,144.75;73.25,215;229.75,121.25;325.25,82;337.25,80.75
5869;65.75,144.25;87,255;140,78;280.5,144.75;95.5,171.25;262.75,125.25;277.5,48.75;327,136.25
14916;4,105.75;50.25,273.5;68.75,74;312.75,120;95.5,171.25;262.75,125.25;321,47;354.75,203
29484;34,122.25;50.25,273.5;91.75,86.25;333,178.25;95.5,171.25;272.25,152.25;325.75,5.75;333.75,267
15532;34,122.25;50.25,273.5;76.5,26.75;333,178.25;106.25,118;203.75,157.75;294.5,13.25;354.75,267.75
7291;39.5,110.5;41.75,304.75;76.5,26.75;297,168.5;84.25,47;226.25,181;294.5,13.25;315.5,309.25
32102;2,62.75;41.75,304.75;146.75,28;259.25,157.75;42.25,76.75;274,176.5;315.5,98;315.5,309.25
40326;69,97.75;88.5,324;146.75,28;241.5,188.5;57.5,94.25;315,163.5;315.5,98;337.75,311
37497;82.75,169;124,281;149.25,55.5;187.75,205.5;24.5,47.5;315,163.5;315.5,98;337.75,311
50066;111.75,120.25;186.75,231;206,69.25;247.25,192.5;24.5,47.5;244.5,161.75;315.5,98;329.25,321
43557;134,96.25;156,211.75;222.5,22.25;229,136.25;22.75,48;240.25,132.25;315.5,98;329.25,321
41380;143,147.5;156,211.75;221,17.5;229,136.25;22.75,48;234.5,102.25;267,75;313.5,312.25
49330;69,153;180.5,231;209.75,35.5;229,136.25;7,54.5;200,95;214.5,35.25;313.5,312.25
43756;78.25,126.25;133,213;183,43;252.75,207.75;13.5,20;125.5,71.25;214.5,35.25;313.5,312.25
14675;54,97;76,175.25;174,35.75;278.5,218.5;13.5,20;163.75,117.25;188.75,96.75;313.5,312.25
577;9.5,93.25;142.75,200.5;218,9.5;278.5,218.5;13.5,20;189.5,173.5;239.75,133.25;322.75,310
4222;27.5,42.75;142.75,200.5;170.5,70;347.25,216.5;43.5,52.25;162.5,201.5;185.25,84.5;322.75,310
24665;3.5,50.5;160.25,140;175.25,21;360,254.25;43.5,52.25;103.5,232.25;145.5,92.75;322.75,310
2502;3.5,50.5;140.5,89.5;217.5,47.25;297.25,258.25;43.5,52.25;97.75,284.25;167.75,96;359,245.5
8753;34.5,15.75;140.5,89.5;244.5,13;260.5,219;43.5,52.25;115.5,324.25;201.75,86.25;312,219.25
374;80.75,53.75;136.75,126;244.5,13;255,200;72.25,31.75;146,303.25;160.75,51.25;312,219.25
807;50.25,125;152.5,145.75;244.5,13;293.75,146.5;72.25,31.75;115,324.25;229.75,57.25;261.5,197
2446;27.75,121.75;142.25,129;244.5,13;294,116;58,10.5;151,319.5;256.25,10;261.5,197
39308;27.75,121.75;142.25,129;215.75,64;335.75,149.25;34,40;129,259.25;302,24.5;309.75,180.25
17982;2,103.25;124.75,83.75;160,37.5;335.75,149.25;90.75,65.75;129,259.25;250.5,32.5;354.75,183.75
4405;45.5,94.5;121.75,71.25;181.5,36.75;281.75,166.5;90.75,65.75;177.5,300.25;250.5,32.5;320.5,210.75
45731;1,85.25;121.75,71.25;177.5,46.25;275.25,171.75;39.25,105.25;189.75,275.25;248.25,10.5;320.5,210.75
347;9.5,104.25;121.75,71.25;177.5,105.25;341.5,209.25;39.25,105.25;145.5,224.5;309.25,13;361,266.25
1703;3.5,103.25;118.75,39.25;164.5,38.75;341.5,209.25;43.5,46.5;148.75,272;309.25,13;322.5,319.5
39761;16.25,32;68,36.25;141.75,11;316,150.25;43.5,46.5;148.75,272;322.5,41;366.5,276.5
35509;16.75,31.25;68,36.25;141.75,11;347.5,89;113.25,41;161.75,298.25;338.5,32.25;346.25,206.5
7224;12.75,10.25;68,36.25;141.75,11;286.75,104.75;151,79.5;154,249.5;289.75,84;340.25,216.75
39943;12.75,10.25;50.5,65;162.25,52;316,138.25;151,79.5;196.5,255.5;319.75,142.25;350.5,157.5
40822;12.25,34;68.25,127.5;104.75,78;328.25,112.25;151,79.5;159.75,299;319.75,142.25;347.25,184.25
1800;12.25,34;44.5,123;55.5,97.5;328.25,112.25;168,52;203,302.5;335.5,149.5;355,162
45755;12.25,34;44.5,123;58.75,51.75;328.25,112.25;155,48.75;241.5,293.75;335.5,205.5;357.25,171.5
48545;6.5,8.75;47.75,123;70,31.25;372.25,142.75;155,48.75;190.75,304.5;327.75,210.25;357.25,171.5
948;61.25,9;77.5,131;80,91;336.75,197.25;122,73.75;190.75,304.5;326.5,159.5;327.75,210.25
1181;61.25,9;77.5,131;143.25,89.25;341.5,224.5;80.5,60;232.75,290.75;267.25,129.5;281.75,222.75
22253;51.25,48.25;67.25,74.25;180.75,141;295,251.5;126.75,40.75;202.25,257.5;267.25,129.5;281.75,222.75
10776;49.5,13.5;67.25,74.25;180.75,141;327.75,205.5;74.5,25.25;225,248;227.25,137.5;325.5,204.5
16801;57.5,34.25;67.25,74.25;170.25,201.75;327.75,205.5;119.5,5.5;184.75,198;223,89.5;314.75,162.5
48423;57.5,34.25;67.25,74.25;197.25,176.75;291.5,229;176,28;189,197.5;224.25,116.75;341.25,174.5
32394;60.75,35;67.25,74.25;197.25,176.75;357,208;173.5,41.5;174.5,196;182.5,166;294.25,121.75
47875;31.25,75.5;56,68.75;148.5,134.75;327,143.25;151.75,49.25;174.5,196;182.5,166;294.25,121.75
47022;5,108.5;66.25,26.25;148.5,134.75;327,143.25;207.25,26.75;212.25,172.75;219.75,108;294.75,95
50587;64.75,123;66,86;148.5,134.75;315.5,136.25;203.25,47.75;219.75,108;220.25,172;294.75,95
35420;64.75,123;72.5,33.75;148.5,134.75;278.5,101.75;144.25,49.75;170.75,92.25;221.5,113.75;308,27
32804;53.5,97.5;129.75,34;154.5,128.75;287,54.75;113.25,14.5;170.75,92.25;232.5,68.75;308,27
34023;42.5,137.5;131.5,11.5;134.25,128;287,54.75;134.75,20.5;169,115.5;275.75,110.75;308,27
39949;1,110.25;140,21.75;148,160;287,54.75;153.25,65.75;182.5,166;275.75,110.75;325.5,4.25
50557;1,110.25;142.25,73.25;143,201;282.25,56.5;114.75,112.75;237.5,132;311.5,160;325.5,4.25
23724;36,113.75;83.25,90.5;143,201;353.5,36.75;83.5,171.25;237.5,132;327.5,211.25;328,26
30847;36,113.75;115.5,88.5;120.5,251.75;333.75,20.75;38.5,197.25;261,80.25;305,207.75;328,26
12818;64.5,159.25;115.5,88.5;147.75,305;333.75,20.75;25.5,191.5;222,50.5;273,166.5;297,2.25
32516;64.5,159.25;115.5,88;147.75,305;336.25,62.75;23.5,228.5;186.75,48.75;216,163.25;352.75,14.75
35834;13.5,122.25;81,59.75;147.75,305;306.75,52;12.5,292.5;186.75,48.75;206.75,117.5;295.5,38
28219;64.75,123.75;107.5,75.5;133,284;262.5,14.25;6,297.75;186.75,48.75;206.75,117.5;295.5,38
6123;45,138.75;70,47;157.5,252.5;268,19;2,240.25;186.75,48.75;196,175.75;295.5,38
45237;59,149;70,47;99.25,283.5;319.25,32;2,240.25;155.75,42.5;205.75,173;302,100
11626;7,102.75;64,6;106,228;249.5,21.5;2,240.25;155.75,42.5;205.75,173;350.25,152.5
23622;37.75,148.25;64,6;118.75,203.25;209.75,61.75;33.75,280.25;195.25,0.75;205.75,173;335,94.75
43130;66.75,171.25;118.5,7.5;118.75,203.25;201.25,61.75;30.25,292.5;183.75,26.25;205.75,173;337,159.5
41899;114.25,122.25;164.5,34;179.75,231;239,39;45.5,317.25;159.75,48.75;205.75,173;337,159.5
34674;65,88;164.5,34;209.25,239.25;283.25,54.75;45.5,317.25;149.5,29.5;214,175.25;292.75,186.5
30824;46,98;218,5;245,196.5;270.5,59.5;45.5,317.25;123.25,34.25;214,175.25;335.25,195.5
6659;46,98;173,19;176.5,174.75;312.75,14.75;114.25,308.5;186,31.5;268.25,148.25;335.25,195.5
28134;53.25,44.25;173,19;176.5,174.75;249.5,19;133,284.25;200.75,8.25;204,162;299.5,260.25
31797;66,70;200.75,63;223.25,209.25;223.5,62.75;133,284.25;200.75,8.25;203.5,162;257.75,287.75
20185;56,66.5;146,19.75;250.75,192.5;286.75,103.25;133,284.25;191,1.25;203.5,162;257.75,287.75
47503;9.25,27.25;109.75,22;250.75,192.5;315,136.25;102.25,221.25;158.25,30.25;203.5,162;312.75,297.5
7381;31.5,20.75;92.5,19.5;250.75,192.5;264.25,132;91.5,191;128.5,24;151,148.25;312.75,297.5
1209;52.5,45.25;84,102.75;280.5,238.25;320.25,158.75;76.5,189;128.5,24;161,96;312.75,297.5
23927;7,50.5;91.75,69.25;281.25,255.75;320.25,158.75;107.25,195;146.25,42.5;157.5,147;312.75,297.5
30393;46,30.5;135.5,97.25;259.5,310.5;334.5,225.5;87.75,137.75;113.25,38.5;157.5,147;312.75,297.5
36821;20.5,81;130.75,102;197,294.25;334.5,225.5;87.75,137.75;142.25,48.25;183.75,97.5;351,294
40893;41.75,23;130.75,102;158,254.25;295.5,251.25;111.75,122.75;142.25,48.25;203.75,152.25;324.75,282.25
44690;33.5,9.25;136.25,125;206.5,261;257.75,209.75;111.75,122.75;142.25,48.25;203.75,152.25;275.75,286.25
6411;18.25,64.25;125.5,123.5;206.5,261;257.75,209.75;80.5,151;127.75,21.25;208.75,96;224,290.5
46865;7.5,42.75;176,90.5;206.5,261;282.75,219.75;79.5,111.25;127.75,21.25;191,43.75;212.25,271.75
38769;7.5,42.75;168.5,69.75;266,268;292.75,173.5;54.75,97.75;89.25,21.5;191,43.75;247.75,219.5
22428;50,9.25;181.5,47.75;266,268;317.75,164.5;15.5,135.5;74.75,20;191,43.75;226.5,272
14399;50,9.25;135.75,77;237.75,289.5;359,129.25;15.5,135.5;88.5,26;150,30;187,232.5
45255;65,70;145.75,31.25;184.25,259;328.5,64.5;20.25,102.75;88.5,26;170,2.25;187,232.5
40339;107,104;160,7.75;161.25,266.25;359.25,104.75;20.25,102.75;73.5,25.25;170.75,1.25;187,232.5
49545;98.5,164.5;160,7.75;222,253;287.5,73.25;43.5,145.25;146,49.75;161.75,61;187,232.5
19517;47.75,155;160,7.75;222.5,187.75;299,110.5;86.5,171.25;111.5,57.25;117.75,112.25;187,232.5
1476;10.75,139.75;163,44.5;222.5,187.75;305.75,132.25;49,180.75;87.75,101.25;110,161.5;187,232.5
428;2.5,174.75;163,44.5;280.25,167.5;359.75,121;23.75,213.75;74.25,126.25;110,161.5;232.25,187.75
27879;32.25,158;224.25,42;293.25,209.5;325.75,150;23.75,213.75;72.5,162.75;110,161.5;204,154.75
36454;25.5,178.25;206,46.25;332.25,193.5;360,122.75;12,270.5;72.5,162.75;110,161.5;230.75,116
48871;51,176.5;175.25,111.75;332.25,193.5;360,122.75;16.5,284.5;28.75,202.75;77.75,120.5;253.25,48.25
15211;93.5,139.25;185,104.75;273,169.5;366,170.5;20,311.5;28.75,202.75;77.75,120.5;302.5,12.5
31363;48.25,143.75;185,104.75;273,169.5;366,170.5;12.25,306.5;19,222.5;31.5,104.5;329.25,5.75
26639;15,128;185,104.75;254.25,197;289.75,185.25;12.25,306.5;39.5,198.5;58.75,35.75;348.25,22.5
33856;68,147.25;185.25,114;257.5,134.75;283,142.75;12.25,306.5;39.5,198.5;116.75,54.25;349.75,82.5
19522;68,147.25;152.5,144.25;247.75,134.75;280.75,183;12.25,306.5;38.75,198.5;114.75,6.5;336,135
4305;68,147.25;163,182.75;222,183;234.75,202.25;12.25,306.5;84.75,181.75;127.75,20.5;359.25,146.75
22089;52.25,159.75;193.75,216.5;245.25,120.5;255.25,134.75;12.25,306.5;81.75,232;127.75,20.5;330,162.5
4107;65.25,208.75;135.5,225.75;290,114;290.5,112;12.25,306.5;121.75,198.75;127.75,20.5;303.25,194.75
7938;65.25,208.75;135.5,225.75;278.75,169.5;290.75,55.25;49,293.5;97.75,220.25;116.5,74.25;310,180.25
41361;92.75,168.5;171.25,236.75;281.5,238.5;286.25,15.75;6.25,306.75;107.75,229.75;116.5,74.25;310,180.25
10748;122.5,142.5;171.25,236.75;281.5,238.5;293.5,56;10.5,292;85.75,212;161.25,92.25;326.75,162
44239;71.25,130.25;171.25,236.75;271.5,219.5;278.25,31.5;44.5,318.25;79,164;206.25,52.5;326.75,162
31415;31,168.5;225.5,270;237.75,171.25;291.5,55;18.25,294.5;94.5,170.25;206.25,52.5;326.75,162
28776;2.5,175;264,301.75;265,179.5;291.5,55;18.25,294.5;91,164;173.5,38;335.75,207.5
12901;26.75,189.75;204.75,317.5;268,180;291.5,55;72,306.25;124.75,107.5;137.5,71.25;335.75,207.5
35203;90.75,189.5;160.25,295;229,211.25;291,56.25;72,306.25;99.75,153.25;102,46.75;335.75,207.5
32575;117.25,231.75;191.25,276;229,211.25;334.25,49.25;21.75,311;65.25,122;137.5,35;335.75,207.5
40082;154,225;167.25,281.25;281.5,223;334.25,49.25;11,307.25;65.25,122;138.5,53.5;289,234
37562;114,206.25;164,217.75;317.5,201.5;334.25,49.25;12.25,309;65.25,122;167.25,87.5;294,185.25
10299;114,206.25;164,217.75;317.5,134.25;362.5,28.75;15.5,311.5;36.75,111.25;159.25,62.75;339,149.75
46589;114,206.25;164,217.75;334.25,136.5;365.25,31;2.5,308.25;41.75,75.75;165.5,26;333.75,93.25
22108;133,213;137.75,223.75;287.25,168.5;349.5,41.75;2.5,308.25;7,135.75;154.25,49.5;333.75,93.25
10175;122.25,260.75;156.5,293.5;254.75,117;300.75,14.25;3.25,310;7,135.75;154.25,49.5;333.75,93.25
42729;80,267.5;156.5,293.5;242.75,50;298.5,14.5;10.25,272.5;59.25,94.25;209,36;333.75,93.25
40814;121.5,252.75;129.75,287.75;280.25,38.75;298.5,53.75;10.25,272.5;59.25,94.25;209,36;321.25,136.25
48217;114.5,202.75;122.5,253.75;245,19;307.5,114;17.75,279.5;59.25,94.25;222.75,20;321.25,136.25
44121;133.75,160.75;160.5,274.5;200.25,7.75;307.5,114;16.5,295;59.25,94.25;254.5,25.5;320.75,136.75
5658;105,195.75;194.75,295.25;219.25,9.75;307.75,115;16.5,295;68.5,116.25;254.5,25.5;330.5,98.75
5505;79.5,247.75;199.5,273.5;248,3.5;280.5,169.25;1.5,318.5;68.5,116.25;254.5,25.5;319.5,127.25
18724;79.5,247.75;195.25,318.25;223.5,61.75;241.5,218.5;43.5,308.75;107.75,125.25;254.75,25;319.5,127.25
32671;53.5,209.25;141,313.25;174.75,90;291,212;39.5,291;107.75,125.25;221.25,58.75;319.5,127.25
48585;52.5,209.25;174.5,278.75;174.75,90;280.25,168.5;1.75,308.75;59,109.25;245.5,93.5;319.5,127.25
15098;52.5,209.25;186,270.25;196,98.25;273.75,165.75;29.25,265;59,109.25;276,134;322.75,123.25
19722;48.25,216;159.25,265.5;181,79.75;299.25,115;13.75,221.75;37.25,93;276,134;322.75,123.25
6126;62,229.5;164,225.75;181,79.75;274.5,138.5;13.75,221.75;15.5,61.5;252.25,91.25;310.75,99.5
42658;69.25,166;165,225.25;167.5,149.25;294,147.25;3.25,289.25;24,61.5;252.25,91.25;310.75,99.5
39619;21,177;165,225.25;181.5,77.25;298.25,111.75;5.5,308.5;17.75,16.5;243.5,29.25;310.75,99.5
45852;39.25,241.25;170.25,242.75;252,83.25;305.75,142.75;5.5,308.5;25.75,69.5;265,37.25;310.75,99.5
2872;26,263.25;177,201.75;254,32;324,156.75;5.5,308.5;25.75,69.5;311.5,50.5;332.25,61
19307;73.75,227.75;111.25,159.25;239,48.75;279,166.5;5.5,308.5;50,48.25;311.5,50.5;335.5,66.5
10689;28.75,263.5;111.25,159.25;242.5,75.5;249.5,218.75;20.5,320.75;50.25,80;311.5,50.5;354.5,55.25
31901;2,200.25;160,128.75;178.5,48;293,231;20.5,320.75;50.25,80;292.75,123;354,17
11986;2.25,209;135,124.5;228.25,43;314.25,263.5;53.75,290.25;85.25,106.25;292.75,123;354,17
31748;2.25,209;114,141.5;276.5,71;290.75,308;75,306.75;85.25,106.25;332.75,99.25;339.5,35.25
19047;64.5,193.75;114,141.5;271.75,106.25;332.5,270;44.5,319.25;85.25,106.25;346.25,50.75;354,82.25
43403;25,178;156.5,160.25;290.25,111.5;365.5,249.5;43.25,307.25;85.25,106.25;341.25,48.5;354,82.25
25582;64,172.25;212.5,131.5;334.25,136.5;364.5,253.5;65.75,249;110.5,152.25;341.25,48.5;354,82.25
13622;45.5,114;192.75,113.25;290,166;341.5,254.5;15,227.25;137.75,168.5;341.25,48.5;354,82.25
36594;45.5,114;161.5,124.5;290,166;337,199.25;66.25,246.75;89.5,116.25;305.25,10;336,8.25
26897;45.5,114;210.5,81;268.5,178.25;299.75,250.25;1,238.25;28.5,118.25;274.75,23.5;336,8.25
41040;63,76.25;198,85.25;249.75,191;299.75,250.25;1,238.25;63,153.5;254.75,17.75;299,7.75
9284;33,99.75;241.75,116.5;249.75,191;299.75,250.25;2.5,306;112.5,199.5;269.75,52.75;302.5,23.5
35888;87.5,114.75;185.25,91;249.75,191;294.75,322.25;41.25,292;112.5,194.5;228,19;302.5,23.5
3947;124.25,142;218.5,54;224,189.75;235,316.25;41.25,292;156.25,152.25;228,19;308,86.25
17534;157.25,150.5;221,54.75;224,189.75;235,316.25;55.75,288.75;181,130;281.75,13.25;354,79.25
39145;106.75,123.25;204.25,63.5;224,189.75;300.75,319.5;55.75,288.75;251.75,132.75;315.25,33.5;340,83
31640;164.5,85.5;190,119;213.5,131.25;321.75,301.5;72,286.75;243.25,128.25;315.25,33.5;340,83
5860;151.5,128.75;153.5,127.5;213.5,131.25;276.75,283.5;72,286.75;263.5,78.25;292.75,99.25;367.25,79.25
47500;90,116.25;138,97.75;139.25,137.25;276.75,283.5;93.5,283;263.5,78.25;293.5,93.75;319.5,40
23936;47.5,137.25;164.5,144.5;193.25,167.5;306.25,319.25;37.25,229.5;263.5,78.25;293.5,93.75;346.75,83
16650;47.5,137.25;161,184.75;185.5,101.75;369.25,312;37.25,229.5;298.75,87.25;312.75,150.25;356.5,110.5
36187;47.5,137.25;161,184.75;177.5,35.5;369.25,312;98,235.25;312.75,51.25;328,177.75;349.75,154
24668;61.75,157.5;152.75,157.75;197,50.25;315,264.75;46.25,277.5;312.75,51.25;321.75,191.75;349.75,154
20786;59.75,157;152.75,157.75;206,93;363.25,289;1.5,315.5;317.25,37.5;333.5,206.5;349.75,154
5886;26.5,210.5;91.5,142.75;241.25,49;364,288;1.5,315.5;256.25,17.5;333.5,206.5;337,147.25
28341;16,127.5;33.25,203.75;220.5,61;317.75,262.75;14.5,291.5;256.25,17.5;270.75,223.25;337,147.25
18176;1.75,90.5;27,209.75;156.25,86.25;317.75,262.75;14.5,291.5;254,35.75;303.25,207.25;318.75,88.5
9592;1.75,90.5;10,249.5;95.5,59;317.75,262.75;48,291.5;240.25,16.75;316.75,211.25;324.25,59
22723;1.75,90.5;51.75,262.5;122.5,60;281.5,229;117.5,308;254,53.75;316.75,211.25;358.75,2
33086;20.75,85;28.5,201.25;91,10.75;281.75,165;53,318.25;254.25,69.25;316.75,211.25;358.75,2
21305;25,81.25;44.5,162;112.5,58;281.75,165;14.25,309.75;238.75,116.75;302.75,198.5;358.75,2
22797;16,74;44.5,162;115.25,16.75;246.25,126;14.25,309.75;290.75,82.25;291,132;321.5,37.5
8012;15,62.5;44.5,162;115.25,16.75;234.5,98.75;36.25,321;227.5,107;255.5,127;313,2.25
32629;15,62.5;86.75,168.75;115.25,16.75;277.5,135.25;4,307.5;181.25,107.5;257.5,77.5;325.75,3.75
28403;64.75,8;72,219.75;90.5,11.25;294.25,114.75;18.25,308.5;181.25,107.5;257,77.75;325.75,3.75
27151;109.75,20.5;133.75,191;160.5,35;232,148.5;35,309.25;181.25,107.5;261.75,21.75;325.75,3.75
30047;53.25,54;159.25,195.25;160.5,35;207.25,178.25;35,309.25;142,46.5;239,60.25;253.75,11.5
14662;76,103.25;137,227.25;149.25,47;245,161.5;84.25,314.5;125,74.75;239,60.25;253.75,11.5
16485;63.75,37.25;148.25,294;159.5,2.5;245,161.5;63.75,288.75;144.75,90;228.75,53.75;253.75,11.5
10699;65.75,4.75;144.5,225.75;182.5,35.75;245,161.5;116.75,241;121,119.5;183,37.5;253.75,11.5
36615;27.25,41.75;79,242.25;123.5,71.25;245,161.5;97.75,179.5;121.25,163;203.75,100.5;253.75,11.5
38858;27.25,41.75;53,219.5;105,112;268.5,133;59,169.75;121.25,163;236.75,118.5;249,71.75
15684;1.75,22.75;58.5,227.75;147.5,91.5;239,136.25;59,169.75;121.25,163;212.75,173.5;287.75,91.75
43891;1.75,22.75;45.5,245.5;106.5,43.75;239.25,178;59,169.75;132.75,228;219.75,172;271,152.75
3389;12,9.25;51,188.5;75,40.5;239.25,178;55.75,222.5;132.75,228;173,162.5;242.5,177
3770;12,9.25;18.25,140.25;75,40.5;237,225.25;88,225;145.5,300.25;172,161.5;279.75,202.5
24174;12,9.25;18.25,140.25;30,70.25;250.75,200;90.25,190.5;161.25,303.75;177.5,213.5;268.5,242
12727;12,9.25;18.25,140.25;18.75,63.25;302.25,256.5;71.75,204;111,265;112.75,216.5;263.5,254.5
27472;12,9.25;31.25,134.5;35.75,72.75;270.75,286.75;71.75,204;102.5,299;128.5,275.25;324,288.75
2956;9.75,24.25;10.25,158.75;10.75,42.75;280.25,286.5;71.75,204;102.5,299;128.5,275.25;360,238.5
47588;9.75,24.25;10,176.25;28.75,70.25;270.75,256.75;87.75,156.25;98,283.75;128.5,275.25;354.25,289.25
29769;9.75,24.25;23.75,240.5;71.5,84;276,232;17.25,212.75;56.75,298.25;128.5,275.25;288.75,233.25
10582;9.75,24.25;23.75,240.5;63,159.75;256,218.25;69.75,251;82.25,319.25;106.5,317.75;317,269.75
43868;35.25,22.5;50.75,241;59.75,157;256,218.25;16.5,294.75;71.5,265.75;106.5,317.75;364.5,266.25
8527;57.25,63.75;57.5,210.25;65.75,183.5;256,218.25;37.25,293.5;78,197;143.75,303.5;364.5,266.25
47755;35.25,122.75;48.5,230.5;65.75,183.5;256,218.25;4.5,244;128.5,225.5;147.75,282;364,264.25
43556;62.25,193;64,171.25;112.5,222.5;256,218.25;51.75,193;116.5,244.25;147.75,282;335.25,195
14747;34,242.75;56.5,217.5;141,158.75;256,218.25;6,171.75;88,281.5;179.75,296.25;335.25,195
39847;14.5,247;43,258.5;83.75,172.25;304.75,262.75;4.75,145.5;88,281.5;226.5,303;335.25,195
29274;27,233.25;37.5,257;47.5,213.5;299.5,320.25;53.5,92.5;68.25,287.75;226.5,303;335.25,195
22943;4,153.25;48.5,228;84.75,201.75;299.5,320.25;24.75,31.25;70,255.25;226.5,303;336.5,123.75
8508;2,174.75;48.5,228;110.25,230.5;313.75,307.25;14.5,17.5;70,255.25;166,301.25;336.25,124
44738;19.5,127;48.5,228;110.25,230.5;313.75,307.25;31,80.25;81,207;144.25,298.5;333.75,58.25
27333;25.5,148;64,230;156.5,236.25;313.75,307.25;59.75,128;74.25,181.75;102.25,300.5;333.75,58.25
737;2.75,182.5;45,252.5;140.75,264.75;313.75,307.25;23.5,171.75;97.25,190.75;108.25,293;333.75,58.25
16929;2.75,182.5;45,252.5;140.75,264.75;283.75,318.75;54.75,174.25;85.5,170;150.75,302;356,3
42765;35.5,212.75;43.5,240.25;107.5,294.5;283.75,318.75;23,151;118.5,112.25;125.25,315.75;356,3
7707;27,145.25;50,252.5;50.25,285.25;244.5,272.75;21.5,152;80,150.25;125.25,315.75;356,3
1179;37,198.75;50,252.5;50.25,285.25;253.75,283.5;21.25,197.25;46.25,104.75;83.75,274;359,3
3179;47.5,272.5;116.75,311;125.75,246.5;178.5,307.5;21.25,197.25;67,93.25;83.75,274;318.75,62.5
10793;47.5,272.5;86.5,322.25;95.25,190;154.5,243;53,187.5;82.25,40.25;83.75,274;355.5,15.5
9443;49.25,309;63.75,280.5;77.5,257.25;138.25,225.25;53,187.25;80.5,111.25;83.75,274;355.5,15.5
38516;61,238.75;68,248.25;78.5,287;182.25,157.5;10.75,229;73.25,131.5;83.75,274;355.5,15.5
41395;52.75,247.5;121.5,213.5;121.75,280.5;182.5,157;11,306;30.75,76.25;83.75,274;355.5,15.5
31846;73.5,306.25;101,242.75;104,253;217.75,104.5;23.5,308.25;30.75,76.25;85.5,273;355.5,15.5
11171;136,292;147.5,239.75;149,226.25;279.75,106.5;23.5,308.25;26.5,128.5;67.5,260.25;355.5,15.5
6956;112.75,241;135.25,223;136,292;281.75,74.25;7.5,292;10.5,135.25;124,202.25;355.5,15.5
9904;40.25,221.75;85.5,191.75;162.25,230.75;208.25,81.75;7.5,292;10.5,135.25;121,276.25;365.25,79
20284;14.5,153.25;85.5,191.75;132.25,200;185.25,91.5;34.75,254.25;42.25,163.75;127.5,252;365.25,79
21645;14.5,153.25;85.5,191.75;138,160.75;159,111;53.75,222.5;105.5,164;152.5,223.5;354.25,62
5171;47.75,122;83.75,196.75;148.5,228.25;159,111;77.75,283;166,163;166.75,242;354.25,62
30014;2.25,174.25;106.75,231.5;130.5,243.25;159,111;70.75,264.75;161,125;208.75,250.75;354.25,62
1649;2.25,174.25;59.5,218;124.75,286.5;159,111;37.75,266;192.5,96.25;261.75,237;335.25,59.25
1496;35.25,133;59.5,218;97.75,247.5;159,111;34.5,231;211.5,100.5;272.25,188;308.75,41.5
18288;35.25,133;56.5,217;138.5,224.5;166,59.75;23.25,232;211.5,100.5;222,214.25;288.5,2.5
22018;8,68.25;92.5,183;170.25,206.75;196.25,113.75;19.25,227;221.25,144.25;222,214.25;288.5,2.5
13188;15,60;131.25,201.5;207.75,175;230.5,169.75;64.25,215.5;221.25,144.25;222,214.25;344.75,32.25
19006;15,60;121.75,202.5;193.75,135.25;230.5,169.75;35.75,280.25;208,86;211,270.75;335.5,100.75
43128;1,85.75;62,219;135.75,127.75;230.5,169.75;13,310.5;239.25,72.25;252.75,309.75;335.5,100.75
31074;58.25,56.25;117.25,258.75;141,158.75;225,236.75;13,310.5;182.25,48.25;242.25,319.75;335.5,100.75
41111;54,48.75;107.25,229;114.5,164.75;181.75,203;13,310.5;145,88.75;248.5,310.25;335.5,100.75
32240;105.75,18.25;116.5,230.25;137.75,222.75;178.25,210.75;27.5,287;99,81;248.5,310.25;335.5,100.75
35775;91.5,11.25;97,231.5;133,242.25;195,170;27.5,287;90.75,34.25;248.5,310.25;335.5,100.75
9384;38.25,30.25;86.75,230;136.25,225.5;159,157.5;27.5,287;123.5,23.5;248.5,310.25;271.5,108.25
47574;26.75,28.25;70,275.5;103.25,212.75;181,105.25;68,265.75;112,19.25;248.5,310.25;271.5,108.25
11989;26.75,28.25;70,275.5;146.5,228.25;233,98.75;99.25,230.75;114.75,6.5;224,256.75;248.75,131.75
1364;68,70;70,275.5;98.5,188;233,98.75;109.25,170.25;154.75,53.25;261.5,288.25;298.5,138.25
21861;19,64.25;110.5,317;132.75,155.25;233,98.75;126,128.75;154.75,53.25;258.75,288.5;267.5,107
30201;19,64.25;77.25,298.25;132.75,204.5;205.5,92.5;109.25,112.25;152.75,51.75;232,283.25;267.5,107
33596;16,32;56.5,293.5;132.75,204.5;226.75,126;52.25,84.75;84.75,81.5;232,283.25;331.75,96.25
21979;31.25,75.5;80.25,243.5;124.75,213;247,167.5;31,119.25;146.75,65.75;232,283.25;331.75,96.25
16410;10.5,110.5;117.25,280.5;119.25,203.25;261.5,134.25;31,119.25;146.25,76.75;232,283.25;329.75,50.25
36672;69,98.25;146,223.25;179.75,229.75;278.25,194.5;31,119.25;155.75,117.75;232,283.25;297.75,112.5
28712;81.75,44.5;95.25,204;139,223.75;282.25,191.25;31,119.25;111.5,81.75;232,283.25;296.75,111.25
2171;53.25,45.25;97.25,256;100.5,191.75;250,183.25;31,119.25;167.25,40.5;232,283.25;267,49.5
20950;39.25,30.25;107,250.75;137.25,224.75;265.5,238.75;31,119.25;163.75,29.25;185.75,249;267,49.5
28059;4.25,8.25;139.75,238.75;157.5,236.25;245.5,219;40.25,78.75;163.75,29.25;185.75,249;264,48.75
16489;8.5,47.75;123.5,264.75;138.75,288;260.5,212.5;78,25.75;163.75,29.25;207.75,275;264,48.75
22663;8.5,47.75;123.5,264.75;138.75,288;244,170.75;74,20.5;108.75,40.5;216.75,248;273,88.25
29937;71.5,47;112.5,316;178.75,263.25;295.75,155;75.75,26.25;108.75,40.5;241.5,291.25;273,88.25
3457;111.5,36.25;115.25,310;135,265.75;290.75,114.75;75.75,26.25;108.75,40.5;195.5,252;205.25,107.75
8648;111.5,36.25;115.25,310;134.75,282.75;277.5,71;86.5,41.5;146.25,42.5;222.5,230.75;227.5,134
3193;65.75,79;143.5,305.75;161,222.75;324,89.75;86.5,41.5;146.25,42.5;174,265;192.5,85
49435;113.75,86.25;143.5,305.75;153,171.25;357.75,85.25;118.5,72.25;146.5,39;174,265;201.5,95.25
25067;114.75,112;118.75,242.5;169.5,224.25;347,128.25;118.5,72.25;146.5,39;198,319.25;230.25,115.75
30682;115.75,126.25;115.75,280.5;169.5,224.25;343,198.25;122,72.5;149.5,32;158.75,302;230.25,115.75
44420;115.75,126.25;116.25,302.75;168,224.25;344.25,228.5;120.75,102.75;126,5.25;133.5,266.25;230.25,115.75
5462;67.25,87;72.75,318.5;168,224.25;327.75,280.5;121,140;126,5.25;149.75,303.5;207.25,86.75
35874;67.25,87;117.25,311;168,224.25;364,236.5;96.75,198;122.75,20.5;188.5,242;264.25,99
6569;75.5,31.75;117.25,311;168,224.25;352.25,179.75;77.5,206.75;158.25,31.75;191,181.75;246.25,132.25
30193;41.25,30.25;112,312;131.25,171.25;335.25,151.75;10.75,202.25;158.25,31.75;191,181.75;230,156.5
9353;24.25,77.25;117.25,252.75;142,126;269.5,164.25;10.75,202.25;153.5,90.5;191.25,223.75;230,156.5
34729;0.75,76.25;54.5,230.5;182.75,155.75;229.75,208.75;10.75,202.25;153.5,90.5;169.5,282;282.25,198.75
2590;0.75,76.25;32,238.25;159.5,96.25;218.75,198;19,201.75;105.25,127.5;166,243.5;282.25,198.75
34143;6.75,24.75;17,231.25;135.75,128.75;168.75,181.25;73.5,207.75;153.5,158.75;166,243.5;282.25,198.75
23859;2.5,90.25;30,163.5;81.5,166.25;102.75,197.5;20.25,227;153.5,158.75;166,243.5;275.5,263.5
9210;36.75,105.25;43.25,138;64,208.75;103.25,204.25;38,188.25;153.5,158.75;166,243.5;273,262.75
8449;22,75.75;43.25,138;97.75,252.5;135.25,182.75;22.5,226.5;143.25,183;166,243.5;269.25,237.25
42215;21,127.5;22,75.75;55.75,285.25;114,165.75;22.5,226.5;117.25,170.25;134.75,266.25;254.5,174.5
43434;7.5,143.25;26.5,137.25;30.25,285.75;135.5,202.5;22.5,226.5;117.25,170.25;134.75,266.25;294.25,122.25
17072;7.5,143.25;26.5,137.25;30.25,285.75;155,259.5;75.75,216.25;105.25,183.25;154.5,199;244,73
23249;24.5,205.5;26.5,137.25;69,317.25;144.5,225.25;75.75,216.25;89,170.25;202,183.5;235.25,118.5
29497;25,232.75;90.5,165.75;95.5,303.25;224.75,203.5;75.75,216.25;150.5,222;165.25,162.5;235.25,118.5
47050;2.25,177.75;42.25,199.75;70.75,291;224.75,203.5;24.75,179.5;103.5,275.5;165.25,162.5;246,160.75
30625;26.25,147.75;54.5,247.75;102,315.25;167.25,215.25;25.25,179;103.5,275.5;163,160.75;246,160.75
38675;26.5,181.25;43.75,305.25;101.5,316.75;167.25,215.25;24,127.25;103.5,275.5;212.75,140.75;295,114.5
32424;43.5,156.75;43.75,305.25;101.5,316.75;194.75,278.75;31.5,79.75;160.75,301.5;161.75,92.25;295,114.5
4;43.5,156.75;43.75,305.25;74.75,311.75;232,230.25;17.75,10.75;136.5,247;144.5,90.5;232.25,116.5
25836;38.5,221.5;51,243.25;74.75,311.75;263.25,254.75;57.25,35.25;143.75,224.5;144.5,90.5;214.5,105.75
841;36,241.5;38.5,221.5;78.75,312;263.25,254.75;115.25,22.75;124.25,196;162.5,104.5;163.25,146.75
43881;16,305;36,241.5;89.5,230;216,252;81.25,3.75;124.25,196;155.5,50.5;212,87
4279;14,261.5;53,229.5;82,178.25;254.5,197.5;81.25,3.75;131.75,266.5;155.5,50.5;225,108
29513;14,261.5;50.5,216.25;94.5,196.25;246.5,178.25;89.75,25.25;131.25,324;155.5,50.5;190,161.25
9036;48,293.5;58.25,273.5;74.5,123.5;212.75,204;89.75,25.25;131.25,324;195.75,95;207.5,203.25
15619;55,317.75;58.25,273.5;64.25,193.5;138,216;121.25,17.25;182,288.5;195.75,95;244,189
23671;55,317.75;56.5,293.5;89.25,238;110.5,226.75;121,71.25;149,287.5;195.75,95;260,163.25
12089;22.5,297.5;32.5,239.75;41.75,212;115.25,285.5;145,48.25;149,287.5;211.75,106;260,163.25
34356;11,308;31.75,170.25;47.75,172.25;115.25,285.5;142.75,92.5;149,287.5;154.25,83.5;327.25,158.75
8519;37,319.25;51.5,217;69,111;147,223.75;142.75,92.5;147.75,271;154.25,83.5;304.5,88.25
4673;37.5,316.25;51.5,217;68.75,74.25;157.25,297;107.75,161.25;150.25,301.5;195.75,40;304.5,88.25
4974;7.25,273.75;50,139.25;64,87.5;157.25,297;36,148;126.75,317.75;195.75,40;341.75,79.25
38035;7.25,273.75;37.5,116.25;64,87.5;174.75,311.25;59.25,202.25;185.75,304.25;254.25,5.75;330.5,148.5
13514;22.25,304.75;27,85.25;55.75,58.75;140.5,314;86,211.5;185.75,304.25;228.5,71;330.5,148.5
38851;0.75,272.25;19.75,43.25;95.75,3.75;146.75,286;67.25,169.25;149,254.75;228.5,71;330.5,148.5
10625;43.5,241.75;63.5,1.25;69.75,44.75;143.75,239;67.25,169.25;166.25,240.5;245.75,84.75;330.5,148.5
40694;58.5,240.75;63.5,1.25;69.75,44.75;162,260.5;21.5,151;185.5,287;265.25,130.25;289,104.5
1434;58.5,240.75;66,2.25;77.5,12.5;218,216.5;39,134.5;185.5,287;293.25,152.5;318.5,158.75
21469;53,229;66,2.25;128.25,32.5;262,183;25.75,202.75;151.5,299.25;293.25,152.5;351.5,179.75
19480;58,242.75;62.75,26.25;128.25,32.5;262,183;5.5,245;90.25,300.5;311.25,196.75;319.75,191.75
32866;44.25,214;47.25,68.25;106,18;226.5,181;16,249.25;90.25,300.5;311.25,196.75;323,159.75
17145;67,230.5;71.75,124.75;106,18;278,138;16,249.25;149.75,278.75;309.5,251;335.75,199.5
13286;28,205.25;34.75,76.25;50.25,57;266.5,102.75;39.75,188.25;149.75,278.75;293,259.25;335.75,199.5
3320;19,241;34.75,76.25;50.25,57;278,72.75;96.25,220.25;115.5,294.5;269.75,231.75;354.5,205
21519;11.75,263;13.5,6.75;92.75,8;241.75,74.25;53.25,276;129,316.25;269.75,231.75;354.5,205
26631;0.25,270.25;43,30.5;117.25,17.75;276,44;53.25,276;129,316.25;281.25,217;353.75,183.75
2065;0.25,271.5;9.25,63.75;104.5,13.75;276,44;14.5,309;199.5,316.75;281.25,217;336.75,161
39403;0.25,271.5;26.25,72.75;134.25,20.75;276,44;40.75,252.75;235.5,300.25;312.25,162.25;318.5,195.25
1306;2.75,271.5;9,47.25;186,1.5;274.25,0.5;49.75,221.75;235.5,300.25;312.25,162.25;334.25,205.75
31848;31.5,242.5;66.5,88;186,1.5;270.25,6.25;52,284.5;170,302;269,106;334.25,205.75
41015;1.25,193;64.75,123.75;186,1.5;328.25,34.5;73.25,271;170,302;286,115;325.5,205
41858;34.75,170.25;64.75,123.75;186,1.5;370.75,22.5;106.25,304.25;155,302.5;286,115;357.25,157.75
9224;3,103.25;34.75,170.25;215.25,16.25;370.75,22.5;123,252.5;166.25,224.25;263.75,116.75;331,132
32732;11.25,53.25;61.5,208.75;212,3.5;370.75,22.5;144,226.25;171.5,239;263.75,116.75;313.75,101
28883;15,36.25;61.5,208.75;212,3.5;370.75,22.5;156.25,172.25;189.75,274.25;223,84.5;268,111
36570;6.25,33.25;46,197.25;245.25,18;357.75,25.5;86.5,168.75;189.75,274.25;223.5,16;268,111
13444;3.5,43.25;55.5,245.5;240.25,39.25;308.25,77;86.5,168.75;189.75,274.25;238,25.75;274.25,181.5
28971;3.5,43.25;38.25,296.75;240.25,39.25;346.75,41;81.5,149.5;241.25,232.75;270.25,62.75;277.5,131.25
2310;46.5,31;87.75,312.25;197,38;308.25,57.5;64.25,166;241.25,232.75;266,89.25;277.5,131.25
7831;46.5,31;83.25,249.25;184.25,113.75;347.75,43.5;29.5,182;233.5,274;266,89.25;355.25,161.75
41589;52.25,91.5;83.25,249.25;184.25,113.75;347.75,43.5;26.5,156.5;223.25,207.75;235.25,151;362.25,211.75
39256;17.5,144.75;100,188.5;163,169.25;361.25,54.75;26.5,156.5;190,223.75;235.25,151;304.5,194.75
48544;19,127.5;131.25,175.25;150.5,203.5;354.75,16.25;27,155.75;190,223.75;235.25,151;326.5,133.5
36208;70,98.25;150.5,203.5;171.5,162.25;350,12.75;27,155.75;229.5,273.75;254.25,145.75;339.75,171.5
34954;115.75,71;160.75,182.75;162,186;353.5,43.25;11.75,172;229.5,273.75;244.25,132.75;339.75,171.5
11460;115.75,71;190.5,248.25;207.5,199.5;325.75,22.75;31,189.5;229.5,273.75;276,121.5;302,184.5
32135;115.75,71;248.25,283.75;259,241.25;271.5,31.5;24.25,211.25;184,294.5;276,121.5;332,148.5
17776;115.75,71;216,276.25;259,241.25;293.25,8.5;26,206.75;165.25,236.5;293.75,101.5;321.5,197.75
22917;118,33;216,276.25;259,241.25;311,23.75;50.25,275;142.5,288.25;293,152.5;346.5,256.25
2765;131.5,78.75;220.25,230.25;288.5,243;364.5,27.75;8.75,272;142.5,288.25;335.5,185.5;346.5,256.25
50502;160.5,129.25;231.25,207.75;242.5,215.75;320.5,21;55.5,251;114.5,265;335.5,185.5;346.5,256.25
41063;180,82.25;231.25,207.75;271,167.5;291.5,56.75;89.75,221.25;141.25,201.75;285.25,216.25;346.5,256.25
39153;162,73.5;250.5,174.5;257.5,199.5;325.75,31;89.75,221.25;141.25,201.75;329.25,180.75;354,182.25
47796;175.5,50.5;252.5,112.5;257.5,199.5;325.75,31;86.5,171.5;100,221.75;267.5,192.25;294,185.5
40293;168.25,6.75;271.25,104.5;275.25,201.25;325.75,31;99,237.25;140.75,224.75;267.5,192.25;294.75,199
7647;218,41.25;271.25,104.5;275.25,201.25;325.75,31;83,211.5;172.25,237.5;240,175;277.5,174
1768;244.5,19.5;306.5,115.75;319,232.75;325.75,31;20.5,190.75;121.5,273.75;240,175;313,142.75
27141;198.75,12.25;311.75,97.75;319,232.75;334.25,37.25;83,168.25;154.5,318;240,175;330.5,97.75
656;268.75,32;309.75,97.75;319,232.75;330,49.5;106.5,151.75;126.5,308.75;280.5,217.75;330.5,97.75
41132;235.5,50.5;245.5,126.5;261.75,244.75;273.75,96.75;83.75,100.25;150.5,303.5;280.5,217.75;330.5,97.75
21739;195,105.75;248,81.5;307,287.25;311,113.5;83.75,100.25;150.5,303.5;242.75,236.75;315.25,160.25
4374;195,105.75;248,81.5;331.5,321.25;343.5,86.25;96.25,52.25;147.75,248.75;271.25,212.75;309.25,135.75
4318;185.75,110.5;299.75,113.5;316,264.75;324.75,120.5;123.75,18;127,308.75;271.25,212.75;309.25,135.75
5369;168,162.75;270,72.25;344.5,239.25;357.75,118.75;109,39.75;127,308.75;262.5,176.5;309.25,135.75
36807;182.25,204.25;236,67.25;313,222.25;345.25,172;109,39.75;127,308.75;268.25,182.25;309.25,135.75
5858;171.5,230.25;203.5,48.25;266,238.75;315.75,165.75;109,39.75;127,308.75;242,177;272.75,121.5
15195;165.75,290.25;218,9.5;279,232.5;321.25,211.75;109,39.75;123,298;206.5,155.5;272.75,121.5
4857;165.5,309.5;176.5,35.25;269.75,169.25;275.25,151.75;57.75,97;123,298;206.5,155.5;294.5,53
43623;165.5,309.5;179.5,58.5;219.25,202;226.75,122;77.25,135.75;122,273.25;230.75,117;294.5,53
1274;142.25,266.25;155.25,90;228.25,268;274.5,94.5;58.5,111.5;122,273.25;230.75,117;303.5,27
27623;112,221.5;187.5,50.5;253.75,210.75;274.5,94.5;100.75,117.25;112.75,275.25;271.75,115;303.5,27
43966;89.5,204;238.75,82;242,188.25;263.75,66;82.25,163.5;115.75,227.75;271.75,115;303.5,27
18870;118.75,252.25;266,133.75;272.5,149;291.75,55;82.25,163.5;115.75,227.75;271.75,115;334.75,32.5
24715;74.75,297.25;278.75,105.25;281.25,143.5;346.75,44;107,140.5;176.75,239;271.75,115;334.75,32.5
35256;109,314.5;256,50.5;281.25,143.5;346.75,44;111,82.25;117.25,202.5;209.5,99.5;289,4.25
8627;49,294.5;285,53.75;323.75,191.5;346.75,44;77.75,20.5;117.25,202.5;231.5,78.25;240.25,14.25
44043;45.5,267.75;300.5,14;313,196;346.75,44;77.75,20.5;151.5,222.75;181.5,102;289.75,36.25
18936;59.5,243;275,58.5;303.25,220.5;346.75,44;18.5,19.75;166.25,241.5;169,38;289.75,36.25
13402;55.5,285;285,87;351.25,227.75;371.75,50.75;16,5;166.25,241.5;211.75,48;289.75,36.25
36465;33.25,285.25;257.5,54.25;365.5,265.5;371.75,50.75;16,5;169.25,301.25;219.75,70.75;249,10.5
49326;33.25,285.25;257.5,54.25;315.5,293.75;371.75,50.75;28.75,55.25;103.5,273.75;177,7.25;234.75,46
47750;16.75,241.5;298.25,75.5;342,270.5;371.75,50.75;28,91.75;83.25,283;162,8.75;234.75,46
41196;16.75,241.5;308.5,37.25;336.75,209.75;341.25,49.25;32,80.75;83.25,283;140.25,55.75;269.25,49.5
4532;33.75,238.75;273.75,15.75;357,159.25;358.25,13.75;2.75,135.25;119.25,251.75;140.25,55.75;269.25,49.5
23654;38.5,183.75;280.25,61;356.5,100.75;363.25,22.75;2.75,135.25;119.25,251.75;163,89.5;305.25,10
49926;38.5,183.75;254,92.5;347.75,43.5;353.5,12.25;37.75,134.25;119.25,251.75;128.5,124.25;304.25,8.5
40452;81.25,118.75;192.25,113.75;277.75,2;327,66.5;56,149.75;119.25,251.75;162.75,71.75;304.25,8.5
28775;39.5,104.75;153.25,126.75;277.75,2;305.5,101.25;76.75,154.25;101.5,264.25;196.25,96.25;304.25,8.5
38839;27.25,145;150,125.25;292.75,13.75;302.75,156.25;76.75,154.25;101.5,264.25;194.5,84;269.25,56.75
42959;1.75,178.75;198.75,166.25;266.5,18;299.75,229.25;86,168.5;101.5,264.25;194.5,84;255.5,15.5
34249;1.75,178.75;146.25,136.75;296,35;309.25,289.25;65,207;101.5,264.25;177.5,32.5;245.75,12.5
20876;0.5,189.25;134.25,177.5;335.5,55.5;342.75,313;65,207;118.75,285.75;139.75,31.75;245.75,12.5
31560;0.5,189.25;138.5,126.75;284.5,53.25;331.25,247.5;65,207;100,282.75;170.5,29;295,61.75
25284;40,241.25;115.25,71.5;226.25,54.75;344.5,224;51.5,268.75;110,276.75;170.5,29;295,61.75
39739;57.5,218.75;131.75,20.25;226.25,54.75;347.5,215.75;18.5,311.5;123.25,251.75;161,52.5;295,61.75
29199;19.5,170.5;106,43.75;275.25,106.25;298.25,169.25;18.75,268.5;123.25,251.75;155.5,51;295,61.75
40412;44.25,225;114.75,22.5;248,119;251.75,136;18.75,268.5;94.25,232.75;156.5,29;295,61.75
30551;44.25,225;73.75,33;251.75,136;292,113.75;1,239.25;61.5,221.75;153,50.25;340.75,51.25
40504;0.75,195.5;74.5,86;239.75,166;292,113.75;48.75,274;54.75,247.5;153,50.25;355.25,13
24074;33.75,240.25;59.5,116.5;289.75,159.5;297.25,120;24,231;48.75,274;184.75,65;355.25,13
43322;33.75,240.25;109.5,113.5;259.75,133.25;290.75,56.5;36.25,231.5;111.25,241;224.25,17;355.25,13
34728;32.75,241.5;74.25,84.5;204.25,132;291.5,113.25;36.25,231.5;111.25,241;228.75,14.5;306,2.25
27117;55,228.25;129.5,124;157.75,143.5;277.75,105.25;36.25,231.5;111.25,241;252.75,71.5;341.25,23.25
40624;53.5,276.75;114,165.75;121,184.25;324.5,89.25;36.25,231.5;93.75,229.75;221,78.25;341.25,23.25
18427;58,237.75;68.25,189.5;121,184.25;324.5,89.25;20.75,203.25;149,225.25;221,58.25;357.5,12.5
32884;35,239;59.25,240.75;130,243.25;324.5,89.25;56.25,163.75;149,225.25;264.25,53.5;355.5,3
16824;2,292;37.75,194.25;127.5,246.75;324.5,89.25;103.75,120.75;164.75,189.5;262.25,25.5;355.5,3
24445;31.25,295.25;99,193.5;137.75,228.25;302,55;47.5,112.5;172.25,165.5;262.25,25.5;355.5,3
14300;31.25,295.25;110,209.25;119.25,250.25;270,73.25;47.5,112.5;172.75,162.75;292.5,8.75;354.5,23.5
42602;79.75,291.25;93.75,213.5;119.25,250.25;270,73.25;94.5,107.5;130,196.25;256.75,66.25;337,82.25
2200;26.25,301;108.75,165.25;153.75,230.5;270.75,101.75;94.5,107.5;167.25,224.25;212,47.75;337,82.25
13371;22.25,313.25;114.25,109.5;153.75,230.5;224.25,56.5;162.25,111.25;167.25,224.25;189,24;307.75,114.75
20856;15.75,309;60.25,131.5;174,303;246,6.25;163.5,113.25;167.25,224.25;222.5,75.75;307.75,114.75
23870;12.25,273.75;28,190.25;222.5,258.75;256.75,19.5;118.75,116.75;167.25,224.25;249.75,71.75;307.75,114.75
36198;11,307;45.5,160.5;242.5,295.25;256.75,19.5;142,88.75;188,174.75;236.5,80.25;307.75,114.75
42612;31.75,308.5;45.5,160.5;242.5,295.25;256.75,19.5;126.5,23.5;171.25,141;205.25,97.25;238.5,121.5
9801;94.5,308.25;121,147.5;242.5,295.25;273.5,38.75;113.5,81;171.25,141;253.5,76.5;287.75,137.5
8703;28.25,312.75;132.25,171.25;242.5,295.25;279,29.5;59.75,92;186.75,196;266.25,84.75;287.75,137.5
10597;28.25,312.75;165.5,218.75;246.25,257.25;259,30.25;33,31.25;151.25,142;231.25,114.5;287.75,137.5
40389;48.25,242.25;162.25,290.75;277.5,283.75;320.5,54.75;81.75,24.75;151.25,142;231.25,114.5;337,115
28357;12.75,263.25;204.5,261;330.25,282.5;356.75,12.25;81.75,24.75;109.5,135.75;231.25,114.5;342.5,117.5
2097;2.5,276;238,275.5;266.25,299;356.25,14.25;81.75,24.75;126,125.75;183.25,87;342.5,117.5
17086;2.5,276;292.5,229.5;332,315;356.25,14.25;115.5,4.75;172,140.25;199,23.5;351,162.5
11139;13.25,262.5;246.5,165.25;350,240.25;371,42.75;44.5,39.75;172,140.25;199,23.5;266,181
30816;44.5,242.5;269.5,166.25;351.25,229.75;365.25,53.75;79.75,40.5;154.25,80;199,23.5;266,181
41109;44.5,242.5;269.5,166.25;317.5,201;340.5,33.75;126.5,48.25;197,23.5;263.5,33.25;327.75,178
15732;20,177.25;278.75,87.5;308,136.25;309.25,6.75;126.5,48.25;197,23.5;263.5,33.25;323,136.75
14560;31.25,242.5;304.25,139.75;322,123.75;337.75,5.25;126.5,48.25;197,23.5;263.5,33.25;340.75,93.25
40261;31.25,242.5;304.25,139.75;326.25,142.75;337.75,5.25;95.5,120.25;216,36.75;261.75,79.5;348.5,81.25
604;60.25,294.25;278.75,71.25;326.25,142.75;337.75,5.25;138.5,162.5;215,108.5;245.75,120.75;360,163.5
32731;60.25,294.25;298.5,115;305.25,220.75;332.25,2;131.5,217.5;213,187.25;230.25,94.5;360,163.5
37953;60.25,294.25;277,142.75;305,303.5;332.25,2;81.75,173.75;171.25,165.5;237.5,131.75;313,162.5
46006;62.25,263.5;289.5,131;306.5,304.25;350.75,35;81.75,173.75;184.5,177.25;237.5,131.75;303.25,198
47703;31.5,238.5;269.5,164;331,291.5;350.75,35;124.75,196.5;179.25,163.5;237.5,131.75;270.25,222.5
40539;14.75,190;264.25,133.75;331,291.5;350.75,35;187.75,176.5;240.75,193.25;276.5,108.75;282.5,287.75
34930;6,174.5;199.5,93.5;339.5,217.5;350.75,35;205.25,173;209,159.5;276.5,108.75;322,309.5
46861;65.75,188.5;153.25,127.25;340.5,254.75;350.75,35;164.75,153.5;205.25,173;283,173.75;338.25,309
15019;82.25,178;212.5,93.5;321,212.75;350,25.75;137.75,199.25;149.75,203.25;283,173.75;338.25,309
2477;138.75,226.5;233,56.25;321,212.75;326.75,32;75,207;149.75,203.25;288,217.5;360.75,263.25
45465;138.75,183.5;276,39.5;351,230.5;361.5,23.75;80.5,191;144,178;288,217.5;360.75,263.25
32213;127.5,144.5;262.5,19.5;278,232.5;361.5,23.75;18.75,210.25;109,136;246,201.25;360.75,263.25
49594;135.75,102;270.25,26;294.5,248;335.75,38;18.75,210.25;134.5,72.5;246,201.25;304.5,236
8105;149.25,140.25;292,54.5;312.25,297.5;334.75,50.75;36.5,276.5;134.5,72.5;239.25,217;304.5,236
9696;149.25,140.25;292,54.5;334,319;365,33;36.25,278;183.5,66;249.75,176.75;293.25,194.5
15820;90.25,156;292,54.5;334,319;365.5,33.25;79,235;243.75,97.5;305.5,152;346.5,218.75
28149;90.25,156;293.25,103.25;333.5,319;365.5,33.25;49,191.75;279.5,88.75;311.25,163.25;325.5,242.5
36817;90.25,156;269.5,148;333.5,319;365.5,33.25;2.5,243.5;307.75,150.5;329.25,132.5;335,204.25
16332;90.25,156;266,110.25;347.5,290;356.25,8.75;2.5,243.5;323,160;348,180.5;355.25,165.75
27692;90.25,156;200.5,131.5;286.25,322.25;306.75,14.75;2.5,243.5;336.5,204.25;355,228.25;360.25,155
15539;29.5,122.25;192.5,156;253.25,306;268.5,30;31.25,206.25;305,207.25;355,228.25;360.25,155
2012;29.5,122.25;192.5,156;218.5,266.5;353.25,21.75;26.75,247.75;269,222.25;298.75,291.5;330.25,192
22558;29.5,122.25;157.75,141;213,204.5;353.25,21.75;23.5,207.25;272.5,266;301.75,241.75;360.25,174
14583;68.75,181.5;125.75,146;204,135.75;367,20.5;23.5,207.25;271.5,269.5;301.75,241.75;327.75,200.5
32013;67.75,119;88.5,189.5;228.75,135.5;367,20.5;6.25,196.5;271.5,269.5;281.75,233.75;316.75,243
16937;67.75,119;88.5,189.5;270.25,110.25;359.75,94.25;89,196.5;256.25,236.25;305.25,307.5;321.5,162.25
35712;18.75,169.75;132.5,238.75;241.5,63.75;330,149.25;160.25,230;256.25,236.25;282,276;321.5,162.25
18174;64.75,209.75;137.25,200.75;207.25,56.25;356.25,154.75;127.25,260;202.25,232.5;282,276;321.5,162.25
6959;9.75,219;137.25,200.75;195.75,113.75;356.25,154.75;153.75,271;189,173;280.25,266;310,199.25
35488;10.5,176;137.25,200.75;183.5,49.5;293.25,151;153.75,299;190.5,109;256,291.5;310,199.25
16318;10.5,176;122.5,181.25;183.5,49.5;273.5,165;150.5,298.25;216.5,66.25;238.75,320.75;300.25,186.75
24338;10.5,176;88,203.5;217,62;238.25,146.75;93.75,268.25;152.25,81.5;238.75,320.75;256.75,198
45626;7.5,178;130.75,216;243.75,35;267.25,88;50,254.25;152.25,81.5;238.75,320.75;324.5,206.25
31370;16,177;130.75,216;230.75,39.75;257.25,154.25;26.75,232;161.75,90.25;238.75,320.75;266.5,217.25
24066;31.5,238.5;125,280;192,13.5;320.5,134.25;44.25,292.5;161.75,90.25;238.75,320.75;269.25,212.75
21607;40,304.75;59.75,294;218.25,41.75;293.75,110.5;44.25,292.5;161.75,90.25;237.25,318.75;335,198.5
19247;29,277.75;62,318.25;169,20.5;308,133.75;44.25,292.5;161.75,90.25;237.25,318.75;266,182
19002;2.5,276;82.25,262.25;124.25,44;308,133.75;6.75,310;181.25,49.75;237.25,318.75;268,147.25
42663;24,312;56.75,286.25;124.25,44;366.25,148;7,294;181.25,49.75;237.25,318.75;305.75,121.5
17062;48.5,249.25;87.75,227.25;124.25,44;335.75,133;7,294;160.5,88.25;241.25,317.25;336.5,184.25
43310;3.5,254.75;139.75,271.75;184.25,83.25;331,149.25;7,294;160.5,88.25;240,318.75;268,198.25
11245;1.5,178.25;102.5,251;240,49.25;363.5,194;7,294;124.75,140.75;240,318.75;299.5,196.25
7382;7,152.75;102.5,251;240,49.25;358.75,181.25;65,307.5;136.75,157.5;253,288;262.5,220.5
22494;7.5,109;135.25,265.25;261,31.75;358.75,181.25;57.75,248;162.5,163.75;238,291.25;262.5,220.5
8975;25.5,128;152.75,225.75;261,31.75;329,149.5;81.25,215;179.25,163.75;238,291.25;281,251.25
42366;25.5,128;193.25,239.25;261,31.75;329,149.5;20.25,203.75;209.25,175.25;221.25,302.75;228,275
14932;34.75,61.25;259.75,242.75;288.75,44.75;351.25,97.25;13,148.75;209.25,175.25;221.25,302.75;294,264.25
3274;34.75,61.25;259.75,242.75;278.25,18.5;349.75,94.75;24.5,207.25;157.25,203.25;177.5,301.75;318.25,310.75
30657;54.5,66.5;259.75,242.75;325,16.75;346.25,160.75;20.75,213.75;166,237.5;177.5,301.75;327.5,283.5
48275;54.5,66.5;259.75,242.75;297.75,71;337.25,107.5;69.25,168.75;132.5,259.25;208.5,297.25;363,225.75
2604;112,71.75;232.5,245.25;287,11.5;300.5,112.75;15,144;132.5,259.25;208.5,297.25;338.5,269.75
43859;112.5,72.25;208,308.5;270,71.75;286.75,103;15,144;126.75,313.75;187.75,272.75;338.5,269.75
31389;112.5,72.25;148.5,287.25;267,112.75;302.5,110.5;30.5,79.25;126.75,313.75;224,273.75;353.25,276.5
18924;61.25,74.25;148.5,287.25;245.5,66.5;277.75,103.75;30.5,79.25;195.75,321.75;247.75,308;352.75,294.25
26721;61.25,74.25;172,293;215.5,10;255,134.75;92.5,52.75;160.25,301.75;269.25,282.5;352.75,294.25
9029;84,26.5;172,293;214.5,0.25;269.5,130.5;92.5,52.75;173.5,241.5;251.5,263.25;352.5,301.25
49843;104.25,15;224.5,302.5;239.5,47.25;269.5,130.5;92.5,52.75;151.25,303.5;270.75,219.5;353.25,265.25
17291;104.25,15;224.5,302.5;227.5,49.5;277.25,63;22.25,55;182.5,275.25;330.5,199.5;352,265.25
17425;59.5,5.25;165.75,293.75;222,81.5;244.5,107;10.25,59.25;161,301.25;330.5,199.5;352,265.25
7100;43.75,32;142.75,301.25;222,81.5;257.5,96.75;37.25,88.5;161,301.25;331.75,210.25;339.25,222
23882;18,85.25;165,298.25;174.5,59.75;189.5,104.75;36.5,89.25;116.5,252.5;331.75,210.25;339.25,222
1187;20.25,41.75;107,313;159,129.75;205,131.5;36.5,89.25;116.5,252.5;286.75,184.25;330,163
23405;3,7.75;107,313;148.25,137;181.25,83.25;35.25,134.75;113,292.5;279.25,187.75;330,163
27181;32.5,30;75,255;138,124.75;181.25,83.25;35.25,134.75;166.5,298.75;279.5,172.75;343.75,210.25
35035;52,46.25;70.5,275.5;147,128.5;181.25,83.25;35.25,134.75;127,259.25;300.75,153.5;339.75,262.5
41477;11.5,10.25;116,233.5;122.75,69.75;147,128.5;13,136.5;79.25,250;246.25,131.75;339.75,262.5
22029;51,47.25;120.5,256.25;129,55.75;137,188.75;62.75,108.5;79.25,250;226.25,185;339.75,262.5
24332;40,55;93.25,201;129,55.75;135.25,240.75;75.25,40.5;79.25,250;153.25,181.75;363,266.75
3539;40,55;74,140.75;128.75,33.5;137.75,283.25;76.75,52;79.25,250;173.75,198;305.75,279
39458;71,66.5;91,201.5;182.5,36.25;184,318.75;76.75,52;92.5,220.25;173.75,198;262.5,243
12342;3.25,62.25;91,201.5;183.5,35.25;197.25,319.25;3.5,55;139.75,238;171.75,164.5;262.5,243
20750;3.25,62.25;91,201.5;194.5,83.25;197.25,319.25;11,49.25;128.25,285.25;187.5,166;205.25,219.25
40354;3.25,62.25;154.75,194.75;181.25,22.25;220.5,251.5;44,75.25;128.25,285.25;235.5,121.5;237,275
12810;67,74.75;159.25,148;184.75,11.75;203.5,246;44,75.25;128.25,285.25;244.5,88.25;259,246.75
32254;65.25,9;126.5,143.5;128.75,20.75;161.5,280.25;44,75.25;128.75,285.25;203.75,98.25;259,246.75
10803;80.5,64;82.75,165;128.75,20.75;136.75,225.5;13.75,136.25;162.25,302.75;203.75,98.25;277.75,184.5
44212;61.75,4.25;94.5,157.75;97,8.75;145.75,184;36,118.75;162.25,302.75;171.25,163.75;277.75,184.5
31236;61.75,4.25;144.75,209;152,15.5;164.25,219.25;102.75,110;162.25,302.75;168.5,223.5;233.75,189.25
43529;61.75,4.25;96.75,212.5;104,61.5;118.75,259.25;145.25,52.25;146.75,246.5;161.25,298.5;233.75,189.25
41691;36.5,64.75;44,224;104,61.5;118.75,259.25;126.25,46;198.75,262.75;206,251.75;261,168.25
27991;40.25,9;44,224;85,92.75;104.5,283.5;170.5,32.5;198.75,262.75;214.25,182.25;243.25,189.75
46770;14.5,43.25;50.75,294.5;143.75,128.75;174.5,289.5;143.75,30;198.75,262.75;214.25,182.25;243.25,189.75
19451;75.5,14;89.5,298.75;143.75,128.75;243,282.5;90.75,21.5;146,262.5;214.25,182.25;252,268.75
38046;90,11.75;125,292.5;131.25,169.75;258,301;130.75,39.5;146,262.5;214.25,182.25;279.75,311.75
14447;79.5,34.25;96.5,295.5;121.5,209.25;300.5,303.25;130.75,39.5;154.25,272.25;214.75,205.75;279.75,311.75
8013;41.5,84;83.25,297.75;122.5,142.5;258.5,256.25;64.75,40.25;154.25,272.25;214.75,205.75;310,272.5
46813;32,37;97.75,319.75;167.25,163;258.5,256.25;29.25,29;154.25,272.25;206.25,147.75;360.25,263.75
18959;31.25,32.75;136.75,292.5;232.75,149.75;299,206.5;29.25,29;108.5,315.75;206.25,147.75;360.25,263.75
45778;67,21.5;136.75,292.5;216.5,129.75;275,179.5;34.5,38.5;174.25,304.25;220.5,144.25;360.25,263.75
31563;114.5,50.25;121.25,264;163,97.75;225.25,208.25;63,79.25;174.25,304.25;220.5,144.25;296.5,278
38060;118,35.75;121.25,264;163,97.75;225.25,208.25;68.5,142.25;186.5,256;226.25,191.25;234.5,275.5
26474;141.5,38.75;146,267;151.5,127.75;235,259.75;114.25,199.25;186.5,256;218.25,176.75;234.5,275.5
26599;141.5,38.75;183.25,275.75;187.75,113.75;226.75,207.75;103.5,236.25;186.5,256;217.25,160.5;236.25,267.25
30159;85.5,77;114,303.25;181.75,111.25;199.25,281;51.25,221.25;108.5,259.75;217.25,160.5;236.25,267.25
17127;36.5,89.5;72.25,298.5;203.25,168.25;219.5,294.25;9,189.5;108.5,259.75;172.5,173.25;236.25,267.25
39228;36.5,89.5;62.75,307;248,168.5;264.25,311.5;1,229.5;70.25,283;110,161.5;236.25,267.25
19606;103.5,55;105,249;229,170.25;292.75,322.25;1,229.5;70.25,283;130,162.25;237,267.75
4193;103.5,55;138.75,309;268,133.75;292.75,322.25;50.25,270;80,249.25;156,202.75;184,249.5
45189;117,33.5;138.75,309;278,103.5;365.25,321;6,309.25;103.75,316.25;152.5,226.5;184,249.5
39674;111.25,35.25;138.75,309;275,38.75;344.5,272.5;6,309.25;177,301.25;206.75,266.25;207.75,257
39341;111.25,35.25;138.75,309;259,34.75;344.5,272.5;43,275;184,275.25;219.25,247;239,190.75
33801;111.25,35.25;179.75,318.75;258,33.25;291.75,321;43,275;134,309.75;167.25,237;263.5,174.5
23060;155.25,53.5;161.25,265.5;258,33.25;363.75,316.25;30,217.5;134,309.75;161,248.25;320.25,211.75
119;189.25,12.5;220,267;295.5,54.5;368.75,318.75;30,217.5;134,309.75;162,248.25;278.75,262.25
9898;184.75,43.25;220,267;306.75,56.5;356.75,289.5;87.5,253.75;130.5,251.5;134,309.75;311.25,312.5
8939;184.75,43.25;220,267;290.25,55.75;357,295;80.75,215.75;128,309.75;183.25,289.25;350,290.5
1543;158.5,99.25;191,249.5;295.75,105.25;310.75,289.25;87.75,163.5;128,309.75;177.5,305.25;350,290.5
1289;158.5,99.25;216.5,241.75;304.75,132.25;364.25,311.5;86.75,106.25;130.5,265.5;177.5,305.25;346.5,320.75
10294;172.75,44.75;273.75,286.75;325.5,113.25;331.75,293.25;113.75,57.5;130.5,265.5;177.5,305.25;305.75,292
44100;229.75,49;260.75,323;279.25,71.75;338.5,298.75;113.75,57.5;130.5,265.5;227.25,290.25;295.5,266.5
9730;229.75,49;260.75,323;279.25,71.75;317.75,315;137.75,106.5;183.5,233;283.25,305.75;312.75,310.25
37614;211.75,80.75;224.25,302.75;289.75,114.5;341.25,266.25;137.75,106.5;180,170.25;283.25,305.75;312.75,310.25
5361;239.5,42;264,299.75;293.75,176;333,271.25;137.75,106.5;160.75,190;285.75,305.5;312.75,310.25
11232;239,41.5;264,299.75;293.75,176;325.25,293.75;79,79.75;195.75,174.25;226,314.75;261.25,264
22851;258,59.25;277.75,240.5;316.75,125.25;351.25,231.25;52.25,84.75;195.75,174.25;226,314.75;271.5,264
12834;258,59.25;279.5,263.5;332,132.5;358.75,214.5;52.25,84.75;230.25,127;289.25,287.25;317,300.5
35363;272.25,32.5;286,311.75;325.25,172;337.75,217.25;71.25,50.75;230.25,127;289.25,287.25;317,300.5
39743;243.25,98;293.75,262.75;351.75,229.75;362.5,198;71.25,50.75;230.25,127;301.25,296.75;317,300.5
14995;250.75,155.5;256,226.5;304.25,262.5;336.25,135.5;79.75,98.25;230.25,127;287,287.25;317,300.5
48093;239.75,201.5;250.75,155.5;285,319;336.25,135.5;69.5,100;227.75,128.75;314.25,314.5;352,265.75
14450;250.5,154.75;292.25,113.25;294.25,262.5;369,68.25;69.5,100;227.75,128.75;313,311;352,265.75
47912;221.25,93.25;283.75,53.25;294.25,262.5;330.5,119.25;69.5,100;227.75,128.75;241.5,316.5;354.25,298.75
12935;221.25,93.25;302,111.75;349.5,231;356,129.75;50.75,122;227.75,128.75;233,274.5;311.75,311.5
40119;180.25,59.25;256,134.75;335.75,267.5;354,162.5;50.75,122;188.5,175.5;243.5,201.75;311.75,311.5
10291;198.25,6.25;277.25,103.25;299.25,317.5;354,162.5;75,115.75;188.5,175.5;231.5,159.5;326,288.25
16291;143.5,57;297.5,164;343,272.5;349.75,100.25;75,115.75;143.5,202.25;231.5,159.5;353.25,303.75
12991;154,82.25;246,167.75;332.75,217.5;349.75,100.25;79.75,84.25;173.75,170;218.75,108.25;353.25,303.75
39892;178.25,85;242.75,109.25;274,201.25;298.5,82.25;79.75,84.25;172.75,172.5;209,100.25;353.25,303.75
36014;168.25,135.25;259.75,133.75;260.5,255.75;359.25,112.75;53.5,112;172.75,172.5;185.25,98.75;353.25,303.75
5306;147.5,77.75;275.25,103.75;284,317.75;336,146;53.5,112;161.25,195.75;240.5,69.25;353.25,303.75
39579;135,55.25;234,82.5;297.75,321.75;336,146;120.75,103;178.25,235.75;240.5,69.25;319.5,311.5
32375;113,51.5;262,135.25;283.75,321.75;358,135;120.75,103;178.25,235.75;224.75,68;263.75,305.5
28972;113,51.5;256,183.25;259.25,271.75;360,99;120.75,103;144.5,256.5;210,126.75;217.25,283.75
48135;115,77.75;231,185.5;259.25,271.75;360,99;43.75,79.5;108.75,320.5;169.75,188;262.5,318.75
8832;86.5,121;240.25,200.25;246.25,249.75;311.25,114.25;2,71.5;72.25,271;169.75,188;262.5,318.75
42320;81.75,64.25;240.25,200.25;246.25,249.75;359.25,112.75;36.25,58.75;114.5,230;188.25,251.5;334.75,314.5
23184;81.75,64.25;174.25,222.75;306.25,288.5;319.75,125;36.25,58.75;62.75,284;119,274.25;340,313
3259;86.5,85.75;144.5,194.5;305.25,301.25;329.5,136.5;31.5,29;62.75,284;128,266;340,313
47580;153.25,109.5;158.5,157.5;263.75,306.5;334.75,67.25;10.75,49.75;18.5,227.5;128,266;340,313
35268;157.25,148.5;160.25,129.75;240.25,312.5;320.75,38.5;4.75,22.75;18.5,227.5;113.5,242.25;340,313
43584;99.25,188.25;193.25,167;226.25,313.25;365.75,71.75;4.75,22.75;18.5,227.5;152.75,287.75;340,313
11855;105,113;161,126.25;179,266;316.5,112;4.75,22.75;28.75,150.25;103.25,315.5;340,313
37225;36.25,96;156.75,84.25;239,312.25;333.75,74.5;4.75,22.75;80.75,189.75;103.25,315.5;292,295.5
33758;45,50.25;95.5,90.75;300.75,302.75;350.25,103.75;4.75,22.75;110,137.75;161.5,317.5;292,295.5
8119;45,50.25;90.75,63.75;300.75,302.75;311.25,115.5;63.25,52.25;102,136.25;183.5,302.25;320.5,300.5
10707;3,7.75;74.5,121.75;268.25,286.5;310,158.5;25.5,71;102,136.25;222,302.75;320.5,300.5
27193;42,9.25;52,75.25;293.5,231;348.5,128.25;27,125;102,136.25;222,302.75;320.5,300.5
20358;8.75,58.25;38,94;242,218;351.5,133.75;59.25,133;102,136.25;223.5,302;320.5,300.5
8100;14,62.75;54.25,74.25;242,218;351.5,133.75;117.25,118.5;130.75,105.5;250.75,242.25;295.75,275.75
33870;12.25,81;39.5,102.5;255,245.5;339.5,143.5;56.25,96.25;164,53.5;250.75,242.25;295.75,275.75
49515;6,90.25;7.5,126.5;214.75,227.75;339.5,143.5;67,35.75;120.5,48;213.25,290.75;295.75,275.75
48712;4.75,41.75;5.5,160.5;214.75,227.75;368,121.25;58.5,10.5;120.5,48;169.5,301.75;295.75,275.75
3463;2,32;65.5,217.75;188.5,151.25;363.75,160.5;58.5,10.5;120.5,48;152.25,272.25;331.5,281.75
42097;2,32;88.5,174.75;134.75,127.75;334.5,224.5;58.5,10.5;164.75,30.75;186.75,241.25;269.5,275.5
24533;69.25,58;88.5,174.75;134.75,127.75;334.5,224.5;77.25,11.75;187.25,30.25;232.5,207.5;272.75,283
32034;29.75,40.25;92.75,231.5;134.75,127.75;298.25,186.25;77.25,11.75;183.75,84.5;257.75,197.5;291.75,268
24980;71.75,85.5;81.5,280.5;105.25,160.25;298.25,186.25;48,68;183.75,84.5;236.25,159;242,292
26933;43.75,100.75;81.5,280.5;168.75,162.75;360.75,175.5;73,29;212.75,46.75;223.5,153;242,292
30992;62.5,122.75;69.75,323.5;167.5,145.25;360.75,175.5;73,29;201.75,84.75;222,195;257.5,244.75
45436;62.5,122.75;69.75,323.5;167.5,145.25;363.5,236;143.5,48.5;253.25,33.75;261,187;292.5,195
40461;48.75,190.25;69.75,323.5;110.75,169.75;363.5,236;71.5,86.25;244.25,86.75;279,142.75;294,247.75
21038;87,150;97.75,319;118.25,226;363.5,236;144.75,90;271.5,22.25;279,142.75;344,255.75
14947;87,150;123.25,260.75;129.5,239.25;322.25,194.25;144.75,90;282,27;282.75,142.75;320,223.75
31115;87,150;96.5,321;163.5,227.5;322.25,194.25;86.5,71.25;257.5,15.5;318.5,195.25;358.25,202.25
16232;36,114.25;154.75,319.5;196.75,290.75;259.5,180;21,94.75;257.5,15.5;318.5,195.25;358.25,202.25
32721;15.75,154.25;154.75,319.5;215.5,242.75;253.5,218;21,94.75;256.5,9.25;337.25,201;360.75,213.75
39945;5.5,160.5;181.25,316.75;209.75,236;214.75,203;24.25,124.75;256.5,9.25;324.5,139.25;360.75,213.75
28405;8.75,113;181.25,316.75;210.75,235.75;214.75,203;22.25,101.25;326,7.25;354.5,80.5;354.75,291.25
12098;2,192.25;115.75,314.5;208,308.25;214.75,203;66,42;247,45.75;288.25,38;354.75,291.25
32264;7,178.25;161.5,278.25;197.25,268;254,183;99.75,39;254.5,5.75;288.25,38;354.75,291.25
49442;25.25,111;175.5,320.75;214,310.75;251.25,181.75;170.25,11.5;238.75,17.25;288.25,38;354.75,291.25
5071;60.25,32;201.5,307.25;264.25,303.5;266.25,128.25;182.25,61.5;238.75,17.25;288.25,38;306.75,233.75
43698;60.25,32;212.25,243.25;284.5,321.75;295.75,101.25;143.5,48.75;252.25,71.5;301,3.75;306.75,233.75
24762;60.25,32;201.5,269.5;277.25,309.75;295.75,101.25;149.5,7.75;312.5,74.5;313.75,26.25;317.5,260
319;76.5,102.75;207,308.5;238.5,258.25;277.5,70.25;143.5,56.25;300.75,46.25;312.5,74.5;317.5,260
25230;76.5,102.75;221.5,278;224,271.75;303,13.5;143.5,56.25;305.25,46.25;329,93.75;354,295.25
26462;135,129.75;167.25,243.75;171.75,311.5;288,71;143.5,56.25;330.75,59.25;335.25,60.75;354,295.25
6801;137,191.25;175.5,280.75;192.75,277.5;297.25,36;120.25,103.75;284,24.25;335.25,60.75;354,295.25
18882;137,191.25;147.75,260;172.5,322;291.75,92.75;125.75,157;279.5,37.25;326.25,6.75;354,295.25
26682;160,224.5;160,226;216.5,301.5;289.25,75;65.75,173.75;216.25,79.5;326.25,6.75;354,295.25
13185;160,224.5;160,226;216.5,301.5;305.75,115.75;51,134.5;206.75,45.5;266.25,4.75;302.5,306.25
20046;90.75,212.5;144.5,186.5;273.75,254.75;335.75,104.25;51,134.5;206.75,45.5;257.75,46;318.25,311
21438;76.75,186.5;107.25,164.25;285.5,287.25;339.25,131.75;51,134.5;196.25,98.75;230.5,80.5;318.25,311
3386;21.5,229.25;107.25,164.25;285.5,286.5;339.25,131.75;48.25,185.75;217.5,63.25;251.25,15.25;254.75,310.25
34463;81.25,271.25;90.75,140.5;261.25,293.75;341.25,50;22.5,123;217.5,63.25;251.25,15.25;263.75,230.5
14205;78.25,249.25;82,80;301.5,317.75;346,3.75;65.25,165.5;217.5,63.25;251.25,15.25;303.25,203.5
36814;54.5,228.5;121,40.5;286.25,320.25;346,3.75;65.25,165.5;236.75,12.25;242.25,46;314.25,229
17570;73.5,286;121,40.5;241,289.5;272.75,18;82.25,132;242.25,46;252.5,10.75;273.25,247.75
21823;118.75,225.75;147.5,33;238,225.75;245.25,74.25;82.25,132;170.5,48.75;252.5,10.75;266.25,288.5
31586;131.75,286.25;179.5,83.25;238,225.75;248,119;47.5,164;157.25,17.75;209.5,36.25;266.25,288.5
36369;89.25,297.5;179.5,83.25;244.5,225.25;276.5,102.25;90,152.25;157.25,17.75;223.5,35.5;232,255.25
44888;16.75,311;200.25,84.75;244.5,225.25;286.5,166.5;69.5,176.25;81,21.5;223.5,35.5;275,241.25
10944;10,284;172,52.75;286.5,166.5;290.25,237;53.25,224;86.25,31.5;223.5,35.5;223.75,248.5
32517;55.25,250;185,87.25;280.25,166.5;286.75,286.25;32.25,186;125.75,12.25;223.5,35.5;223.75,248.5
24743;52.75,295.5;170.25,44.25;269.5,179;351.75,264;32.25,186;146,53.5;215.5,82;223.75,248.5
41626;117.5,281;155.5,43.75;280.75,173;353.5,318.25;1,239.25;119.25,106.25;215.5,82;223.75,248.5
31547;149.5,296.75;186.75,20.5;293.75,112.25;342,284;37.5,193;112.5,162.25;215.5,82;223.75,248.5
40958;149.5,296.75;186.75,20.5;324.5,145.5;365.25,250;69,149.75;91.5,152.25;230.25,53.75;234.5,275
35374;172.75,233.5;213.5,31.25;304.25,141.25;365.25,250;56.5,96;61.5,165;208.5,92.5;234.5,275
40122;122.5,238.25;232.5,56.5;278.5,90.75;365.25,250;64.75,87.5;95.25,183.5;208.5,92.5;211.5,276.5
22794;122.5,238.25;247.75,33.25;270.5,71.75;365.25,250;38.25,107.5;116,198.5;154.25,121;251.75,247.5
49564;58.25,249.75;283.5,57;304.75,35.75;365.25,250;11.25,112.25;116,198.5;200.75,100.5;223,251.75
38015;66.5,294;316.5,112.75;354.5,17.75;365.25,250;25.25,175.25;116,198.5;161.5,103.5;260.25,259.25
35931;68.5,295;289.25,111.5;318.75,41.25;350.25,197.25;52.25,224.5;116,198.5;203.75,96.5;260.25,259.25
662;28.25,278.75;269.75,164.25;297.25,19.75;317.25,165.25;52.25,224.5;118,200.75;234.75,48;260.25,259.25
32091;59.25,242.25;269.75,164.25;334.5,34.5;337,127;52.25,224.5;140.75,272.25;230.5,114;249.5,287.75
21848;120.25,235.25;272.75,130.25;308.5,37.25;325.75,187.75;3.5,239.25;140.75,272.25;212,97.25;249.5,287.75
34656;172,280.75;246,158.75;308.5,37.25;353.75,184.5;2.25,173;163,318;187.25,91;249.5,287.75
42118;158.25,319;230.25,207.75;264.5,59.25;324.5,210.25;11,236.25;160,298.75;187.25,91;249.5,287.75
27909;158.25,319;230.25,207.75;286,74.25;341.25,225;70.25,259.75;184.25,302.75;225,84.5;271,286.25
38255;142.5,267;255.5,257;313.5,127.5;370,196.25;70.25,259.75;207.5,275;223,81.25;271,286.25
43888;91.5,283.75;300.25,229.5;332.25,172;359.25,214;117.5,295.5;207.5,275;223,81.25;271,286.25
12124;115.75,313.5;325,260.5;329.75,247.75;344.25,229;142.5,298.25;207.5,275;223,81.25;313.5,314
23303;50.25,261;344.25,229;354.5,275;362.25,288;99.5,234.25;226.5,273.5;260,85.5;313.5,314
20596;65.5,295.5;338.75,270;342.25,266.25;344.25,229;147.75,188.75;250.25,251.5;260,85.5;276.5,268.5
11430;110,310.5;315.5,269.5;336.75,209;341.25,177.5;105.5,198.5;163.75,280.25;260,85.5;276.5,268.5
43499;110,310.5;322.75,229.75;337,151.25;355.25,197.25;80.75,189.25;164.25,284.5;266.75,95.5;276.5,268.5
1191;78,287;275.25,278.25;289,187.5;290,164;80.75,189.25;88,302.75;266,97.25;276.5,268.5
26115;112.5,316.5;261.25,308.25;290,164;313.5,210.5;82.25,174.25;88,302.75;276.25,174.25;318.5,314.5
47769;112.5,316.5;261.25,308.25;290,164;313,231.25;38,222;108.5,244.75;244.5,194;318,299
38467;47.75,304.25;227.5,270;306.5,135.25;323.25,191;38,222;174,215.25;276.25,233.75;318,299
36166;63.75,291.25;195.75,246.5;292,113.5;344.75,240.5;4,240.75;116.75,242;276.25,233.75;318,299
6899;63.75,291.25;130.5,239.75;298.25,180;364,227.75;4,240.75;116.25,308.5;274,271.25;296.75,294
17710;65.75,242.25;163,293.75;275.75,133.25;365.75,208.5;16.5,172.25;116.25,308.5;264.75,231.75;296.75,294
30318;125.25,279.5;161.25,267.25;270.75,105.75;334.75,151.75;16.5,172.25;116.25,308.5;300,282;335,235.5
2433;70.25,297.25;165,228.25;286.5,75;290.25,110.5;13.75,136.75;116.25,308.5;317.25,299.25;335,235.5
9900;92.5,297.75;190.25,260;262.25,120.25;271,105.5;68.25,108.25;116.25,308.5;317.25,299.25;336.5,235.75
20427;82,315.5;190.25,260;278.75,122.75;303,151.75;81.5,153.75;116.25,308.5;311.75,313;354.5,198.75
38917;82,315.5;239,223.75;252,182.75;297.5,113.5;54.25,128;176.25,315.5;311.75,313;356,245.75
33731;82,315.5;239,223.75;252,182.75;329.25,172.25;90,171.25;106.75,320.5;305.75,294.5;332.75,265.5
46191;110,315;239,223.75;252,182.75;329.25,172.25;77.5,202.25;126.25,273.5;321.75,313.25;338.75,271.75
21076;110,315;214.5,245.75;277,256;307.5,100.75;17,222.5;126.25,273.5;268.25,304.25;311.5,254.5
39683;110,315;195.25,316.75;268.5,229.75;274.5,166;75.5,273.5;131.5,197;200,322.25;311.5,254.5
29366;91.25,317.5;215.5,302;268.5,229.75;294.75,167.25;75.5,273.5;193,198;246.5,276.5;336.75,196
31223;102.25,257;278.75,287.25;290.75,240.75;298.75,111.75;75.5,273.5;186.5,177.75;246.5,276.5;304.5,204
47856;52.5,242.25;308,293.75;332.25,256.5;353,130.75;75.5,273.5;137.25,196.25;246.5,276.5;304.5,204
37975;41.25,239.5;317.75,299.5;348.5,214.25;366.5,172.5;36.75,227;129.5,195.75;246.5,276.5;304.5,204
20491;43,252.5;277,254.5;348.5,214.25;366.5,172.5;40.75,293.5;164.75,226;278.75,287.25;304.5,278.25
27580;4,241.5;218.25,241.25;320.25,263.5;351.75,227.75;40.75,293.5;164.75,226;263.5,320.75;295,316.25
31102;40.5,242;155.5,195.5;334.75,271;351.75,227.75;40.75,293.5;239,234.25;327.25,311.25;332,309.25
43950;22.75,242;86,229.25;263.5,303.75;351.75,227.75;40.75,293.5;172.75,197;331.75,314.25;346,292.5
35997;25,307.5;44.25,285.75;262.75,305;358.25,215.5;24.75,285.25;213,200.75;331.75,314.25;346,292.5
43564;42.25,307;90.5,261.5;228.5,231;358.25,215.5;24.75,285.25;167.75,225.5;332,310.75;340.25,320.5
49761;44.5,239.25;135.25,258.75;211.5,242.75;342.25,266.25;24.75,285.25;170.75,161.75;328.75,313.5;340.25,320.5
1326;65.25,257.5;114.5,213;137.75,228.25;353.25,288.5;94,284.25;139.75,194.75;328.75,313.5;340.25,320.5
39803;35.5,239.5;52.25,239.75;179.25,265.75;307.75,233.25;94,284.25;114.25,199;328.75,313.5;338.25,321.25
15393;23.75,310;68.5,295;147.75,259.5;275.25,256.75;82.5,269;114.25,199;338.25,321.25;360.75,266.25
1318;23.75,310;122.75,273.5;169.75,289.5;290.25,237;143.25,269;163,230.25;321,287.25;360.75,266.25
19028;18.75,308.5;122.75,273.5;169.75,289.5;249.5,280.75;111.5,224.25;180.5,162.5;327,311.5;328,206.5
41779;85.25,281;103.5,205;212.5,299.25;242.5,259.5;165.75,225.5;185.75,220.75;327,311.5;328,206.5
17707;43.75,300;82.75,248.75;234.25,287.5;273.25,222.75;158.75,241;233.75,242.25;327,311.5;328,206.5
8521;43.75,300;114.5,212.5;225.75,316.25;246.25,280.75;148.25,190.5;255.25,226.5;320.5,313.25;328,206.5
19647;50,284;142.5,264.5;225.75,316.25;262,241.25;145,222.75;265.75,173;266.25,305.75;328,206.5
18789;111.5,311.5;168.75,307.75;222.5,260.25;243.5,255.25;145,222.75;242.75,132.75;256.5,293.5;328,206.5
44931;123.5,258.75;130.75,282.25;247.5,216.5;293,237;113.25,275.5;211.25,173.5;256.5,293.5;328,206.5
50138;82,261;139.5,227.75;212.75,259;348,214.25;109.75,284.25;211.25,173.5;256.5,293.5;292.75,194.75
33855;82,261;139.5,227.75;212.75,259;296.25,244;148.5,318.5;158.75,162;276.5,293.75;300,128
43707;26,240.5;89.25,213.25;220.5,302;296.25,244;138.5,265.5;188.75,160.5;276.5,293.75;343.25,116.25
23867;35,239.25;89.25,213.25;188.25,266.5;240.5,258.25;138.5,265.5;165.25,199.75;218.5,272.75;359.5,163.25
21228;55.75,294;89.75,191.5;188.25,266.5;240.5,258.25;100.25,300.5;165.75,237.5;199.5,317.25;328,205.75
20295;89.75,298.75;109.25,162.25;150.75,265;240.5,258.25;106,283.75;165.75,237.5;166,292.5;331.5,217.5
44266;89.75,298.75;116.25,141;187,316.75;240.5,258.25;120.5,230.5;163,165.25;219,271;352,277.25
42326;127,292;138,129.75;144.75,319.25;240.5,258.25;120.5,230.5;182.5,190.25;262.75,290.75;360.75,223.5
49729;129.25,292.5;162.5,127.5;197.25,279.25;306,307.5;74.25,174.75;162.5,139;262.75,290.75;360.75,223.5
28474;129.25,292.5;174.25,142.75;193.5,299.25;350.75,317.5;107,152.75;162.5,139;211,285;290,218.25
10361;143.75,297.5;174.5,211;193.5,299.25;321,320.75;58.5,102;162.5,139;184.25,306.25;282.5,203.25
10552;123.25,243.5;174.5,211;213.25,291.25;356.75,289;50,85.5;162.5,139;199.5,257.5;236.5,255.25
9087;131,215.75;226,187.75;258,255.75;313.25,297;31.75,120;162.5,139;200.75,307;236.5,255.25
16926;131,215.75;226,187.75;277,229.5;313,294.75;52.75,76.25;94.5,137.75;272.75,286.25;277.75,250.5
20834;137.5,158.25;175.5,163;266.75,201.25;291,317.25;52.75,76.25;94.5,137.75;282,287.25;313,202.75
23515;161.75,213.25;202,133.5;245,255.25;291,317.25;52.75,76.25;95.25,138;339.75,309;355.25,157.25
4949;161.75,213.25;270.75,149.25;270.75,231.75;277,277.5;20,99.25;95.25,138;330,310;345.5,224
2980;188.5,263;224.5,153;274.25,287.25;283.25,320.25;20,99.25;95.25,138;314.5,311.5;346,265
41584;128,285;177.25,109.25;279,255.75;306,314.25;20,99.25;95.25,138;277.25,248;314.5,311.5
301;162.25,234.75;202.25,53.75;248.25,249.75;264.75,308.5;57.25,132;87.5,153.75;277.25,248;314.5,311.5
40460;159.25,210.25;176.5,45;243,217.75;301.5,318;57.25,132;87.5,153.75;232.5,257;314.5,311.5
25991;151.75,185;183,72.75;273.5,181;298,320.5;57.25,132;95.25,136.75;232.5,257;314.5,311.5
17490;153.5,222.75;216.25,52.5;283.5,143;298,320.5;9,127.75;123.5,78;232.5,257;353.75,287.25
26560;123.25,269.75;195.5,50;283.5,143;334.75,298.75;8,95;98.25,68;232.5,257;343,228.5
45651;123.25,269.75;230,57;267,94.5;367.75,315.25;33,79.25;54,101.75;232.5,257;317.75,231
7271;184.25,287.25;186,38.75;270.25,73.25;359.25,288;30.5,86.25;54,101.75;232.5,257;318.25,230.5
29491;184.25,287.25;225.25,75.75;261,25.25;355.75,288.5;23.5,118.25;57,87.5;232.5,257;354,190.75
21255;167.5,307;221,38.75;250,38.5;355.75,288.5;67,116.25;81,119.25;232.5,257;318.75,160.5
25174;115.25,313;221,38.75;250,38.5;306.5,309;28,92;88.25,151.75;273.5,265.5;320.25,109.75
10897;104,253.5;253.75,107;254,53.25;306.5,309;28,92;133.25,197.5;345.75,279.5;353.25,143.25
17121;83.25,247.75;267.5,105.25;283.5,56.75;301.5,317.25;52,94.25;196,181.5;345.75,279.5;353.25,143.25
39148;81,197.5;277.5,87.5;317.75,3.25;319.75,303.75;38.75,144;196,181.5;345.75,279.5;357.5,156.5
33339;34.25,194;277.5,87.5;330.5,49.5;345.75,313;60.5,164;210.5,143.5;345.75,279.5;358.25,158.25
11658;7.5,227.25;275.5,104.75;330.5,49.5;337,256.5;60.5,164;151.75,123;271.25,251.75;363,230
18770;7.5,227.25;228,105.25;270.75,30.5;280.75,239.75;75,211.5;151.75,123;294.25,281.5;346.25,207.25
31605;17,284;251,154.75;264.5,31.75;303,245.5;102,170.5;121.5,113.75;294.25,281.5;346.25,207.25
47775;17,284;222.5,136;239.25,36.25;303,245.5;118.75,228;121.75,114;262.25,293;362.5,266.25
27384;35.25,238.25;222.5,136;263.5,30.75;264,302.75;53.25,224.5;121.75,114;269.25,305.25;326.5,206.75
28534;1,185.25;157.25,149;263.5,30.75;264,302.75;76.75,186;161,78.5;263,320.75;352,167
17068;32,124.25;184.25,112.25;211,78.5;307,268.25;33.25,212;161,78.5;263,320.75;317,101.5
5436;69.5,139.25;184.25,112.25;253.75,57.75;279.5,255.25;36.25,233;161,78.5;216.5,302;337.75,81.5
13383;69.5,139.25;148.5,81;253.75,57.75;315.5,259.25;11,272.5;188.5,99.75;214.5,296.5;308.5,88
44205;93.25,142.25;115.75,128.75;253.75,57.75;336.25,270;20.25,214.25;161.5,88.75;195.25,316.75;308.5,88
1731;88,177;91.75,139.25;253.75,57.75;306,215;20.25,214.25;202.5,120;203.25,276;261.5,117.5
5133;88,177;131,91;224,29;282,168.5;68.75,221.5;202.5,120;211,296;237.5,75.5
6455;88,177;174.75,141.25;273.25,32;282,168.5;71.5,289.75;152.75,92;198,317.25;201.25,13.75
20502;60,193.75;187.25,89.25;298.5,2;349.25,172;71.5,289.75;111,77.5;170.75,300.75;201.25,13.75
43297;14.5,154.25;138.75,129.25;298.5,2;360.5,136.75;39,307.75;113,111.75;156,255.25;201.25,13.75
26344;69.75,147.25;98.75,164.75;314.5,20.75;332,133.5;39,307.75;113,111.75;191.25,306.25;205.75,65.25
35160;46,137.25;154.5,194;336.25,29;362,202;68.75,255.5;113,111.75;122,323.75;205.75,65.25
29406;72,177.25;147,225.25;332,11.75;336,179.25;44.75,305.75;113,111.75;144.75,247.5;205.75,65.25
1818;59.5,238.25;100.25,188.25;367.5,35.5;372,142;44.75,305.75;66.5,91.5;143.75,247.25;205.75,65.25
40853;59.5,238.25;108,230.25;302.5,52.5;372,142;21,253.75;23,128.25;107.75,241;195.5,85
33344;58.5,217;95.75,191.75;316.75,59;372,142;36.75,190.75;52,175.75;53,251.75;195.5,85
39467;37.75,285.75;142.25,187.25;316.75,59;372,142;1.75,136.75;25.75,124.25;74,267.5;145,76
50441;37.75,285.75;158,111.5;316,58.75;372,142;49,90.25;63.75,131;75.5,289.25;121.75,16.75
39835;0.5,281;224,85.25;298,113;340.25,103.25;11.25,107.25;63.75,131;103.5,308;121.75,16.75
15038;38,301;171,144.25;280.5,74.5;344,25.75;11.25,107.25;63.75,131;94,282.75;121.75,16.75
26621;38,301;204.75,140.5;302.75,134.25;348.5,7.25;5,69;88,105.75;110,316.5;121.75,16.75
31207;38,301;234.25,201.75;302.75,134.25;348.5,7.25;26,31;108.5,161;144.75,303.5;152.75,48.75
47640;67.5,306.25;210.5,240.75;269.5,167.25;344,25.75;82.25,26.25;112.5,161;144.75,303.5;152.75,48.75
25905;104.5,253.5;219.75,258.75;269.5,167.25;369.75,28.25;36.75,33.75;116.5,112.75;144.75,303.5;146.5,50.5
34338;82,299.5;262.5,219.5;307,100.25;332.25,20.5;36.75,33.75;102.75,65.75;144.75,303.5;206,93
35461;82,299.5;288.5,248;347.75,102.75;369.25,38.75;55,10.5;86.5,43;144.75,303.5;152,52.5
8964;82,299.5;338,217.25;347.75,102.75;369.25,38.75;85.75,40.5;99.5,56;146.5,301.5;155.25,115.75
5498;50.75,241.25;339.25,218;361,81.25;362,83.25;85.75,40.5;99.5,56;189.25,273.75;195.75,173.75
49986;50.75,241.25;275.5,230.75;287.5,85;301.25,111.25;85.75,40.5;109,135.5;109.5,275;124.75,198
4554;102.5,284.75;215.75,252;252.25,130.75;293.75,55.75;90.75,72.75;109,135.5;109.5,275;155.75,162.75
7312;40.75,295.25;190.25,259;252.25,130.75;278.75,72;52.25,78.5;74.25,125.75;109.5,275;172.75,162.75
17119;36,239.25;208.75,200;234,136.25;265,27.25;52.25,78.5;74.25,125.75;101,302.25;176,139
32097;37.5,188.75;147,198.25;252,92.25;265,27.25;67,34.25;69.25,142.75;101,302.25;202,178.25
11169;37.5,188.75;147,198.25;194.5,135.5;265,27.25;9,12.75;11,98.75;175.75,302.75;190.25,181
21304;4.25,193.5;117.25,259.75;224,183;243,6.5;9,12.75;64.75,86.75;175.75,302.75;219.5,181.25
14982;35.5,240;123.25,226.5;227.25,201;243,6.5;45,8;84.75,40.25;147.25,269.5;219.5,181.25
17417;86.75,197.25;146.5,224.75;235.5,259;270.5,19.5;45,8;84.75,40.25;125.75,210;171.25,231.25
22546;86.75,197.25;146.5,224.75;263.5,305.75;270.5,19.5;17.75,45;82.25,21;166.5,161.75;178.5,172.5
11996;50.75,238;106,222.25;262.75,322;263.25,27;17.25,45.25;52.25,28;166.5,161.75;178.5,172.5
30099;50.75,238;106,222.25;239,292.25;263.25,27;70.25,13;74.25,24.75;164.25,152.5;219.25,214.75
269;32.5,265.5;133,285.5;257.25,274;264,61.25;67,29.5;70.25,13;164.25,152.5;234.75,181
20752;5,302.25;145.5,259;257.25,274;263.75,58.75;109.25,49.25;115.25,55.25;164.25,152.5;260.75,173.75
14475;76,286;113.75,291.5;258.25,322.75;315.5,51.5;142.5,87.25;152,89.75;164.25,152.5;260.75,173.75
8042;67,274.25;92,257;258.25,322.75;289.25,89.25;102.5,140.5;134.75,20;152,89.75;322.25,137.25
23552;31.5,276;92,257;258.25,322.75;289.25,89.25;62.5,102;79.75,11.5;100.25,39.75;281.5,110
30469;34.5,297;92,257;258.25,322.75;295.75,106;72,171;124,13.5;133.25,77.75;242,76
9199;39.75,264;52,193.25;258.25,322.75;286.25,52.75;72,171;132,79.5;191,28.25;212,6.25
1850;41.25,241.25;42.75,211;200,309;272.5,54.5;90,168.75;132,79.5;192.75,13.25;212,6.25
12129;4.25,190.5;39,271.25;141,312.75;232.75,30.75;90,168.75;188,99.25;193.75,13.5;212,6.25
16890;2,109;20.25,189.75;141,312.75;232.75,30.75;147.75,152;191.5,180.75;257.5,14.75;285,12.5
38682;2,109;36.75,189;136.5,290;232.75,30.75;155.25,87.75;179.25,164.25;257.75,9;262.25,58.25
15733;1.5,173.75;74.25,156.25;148.5,293;217,3.25;155.25,87.75;179.25,164.25;249.25,71.75;260.75,58
11772;20,126.5;56,228.5;148.5,293;217,2.75;155.25,87.75;227.5,193.25;268.5,86.25;273.25,46.25
168;8.75,85;79.5,243.5;201.25,260.5;217,2.75;200.25,98.5;227.5,193.25;275.25,63;301.5,23
17828;64.75,58.75;79.5,243.5;201.25,260.5;238.5,69.25;174.5,42;249,175.5;312.25,100.5;315.25,52.25
22997;38,61.75;130.25,246;137.5,284;238.5,69.25;174.5,42;240.75,186.5;272.5,93;342.25,82.25
35651;12.25,35;100.75,316;138.25,215.75;200.75,56.25;174.5,42;240.75,186.5;337.25,58.75;353.5,81.5
17438;12.5,42.25;99.75,254;116,286;130.25,89.75;226.25,72.75;240.75,186.5;323.75,34.75;353.5,81.5
43441;16.25,72.75;74,187;116,286;127.5,30.25;207.5,55.5;252.5,132.75;323.75,34.75;353,156
49963;32.25,73.75;33.5,256.75;49.25,293.75;79.5,7;155,56.75;252.5,132.75;323.75,34.75;359.25,194.25
18029;46.75,45.75;55.25,247.5;60.75,272.25;79.5,7;124.75,117;311.25,148.25;323.75,34.75;324,241
3692;46.75,45.75;60.75,272.25;153.75,223.5;161,75;201,53.75;235.25,219.5;275,125.25;282.25,259.5
45195;46.75,45.75;61.75,318.5;126.25,183;145,125.5;201,53.75;304.25,198.25;307.75,90.75;313,210.75
32709;75.5,6.5;98.5,284.5;109.25,160.75;142,76.75;201,53.75;239.25,219.5;307.75,90.75;326,181.75
20031;37.75,65.25;46,311.5;115.5,160.25;127.25,22.5;201.75,52.25;239.25,219.5;307.75,90.75;336.5,262
34264;3.5,36.25;46,311.5;54.25,175.75;127.25,22.5;190.25,22.25;230.75,283.25;339.75,52.25;352.5,202
20384;3.5,36.25;7.25,291.5;17.75,139.75;113,54;174.5,96;272.5,255.75;339.75,52.25;352.25,245
16139;3.5,36.25;51.25,278.25;72.5,166.25;125.75,27.75;209.25,61.5;272.5,255.75;342,141.75;359,158.5
22077;3.5,36.25;51.5,277.75;65,218.75;125.75,27.75;140.75,31;286.75,248.75;310.25,160.75;336.75,134.5
41217;11.75,29.75;40,224.25;53.5,217;125.75,27.75;69.75,11.75;286.75,248.75;310.25,160.75;357.5,80.75
26008;5,90.25;69,185;77,146;142,49;69.75,11.75;251.25,281.75;310.25,160.75;323.25,22
4919;10,146.25;71.75,132.5;107.75,127;146.5,31.25;92.5,26.25;238,294;310.25,160.75;323.25,22
50329;8.5,153.25;89.75,195.75;145.25,184.75;166.75,10.5;73.25,30.25;238,294;263.75,143;323.25,22
45471;8.5,153.25;115.25,257.25;154.25,109.5;189,50;73.25,30.25;235.5,275.25;239,77.5;289,3.25
24632;54.5,181.25;100.5,283.5;154.25,109.5;234.75,73;73.25,30.25;220.5,274.25;240.25,133.5;278,56.25
46707;56.25,249;85.25,316.5;154.25,109.5;275.5,128.75;38.75,77.25;220.5,274.25;261,140;338.75,83
3586;54.5,175.5;142.25,304.25;158.5,106.25;340.5,96.75;38.75,77.25;155.75,272.25;268.25,198.25;338.75,83
7229;84.5,197;124.75,282.5;141.75,58;306.5,111;9,92.5;123.75,264.5;268.25,198.25;338.75,83
37609;140,222.75;148.5,227;202.25,22;356,99.25;55.75,105.5;123.75,264.5;268.25,198.25;338.75,83
36664;140,222.75;192.25,280.25;255.75,18;358,126.75;108.5,144.25;161.5,303;224.25,247.75;338.75,83
10936;88.5,187;165.25,281;272.5,59.5;351.75,168.75;91,131.75;157,246;224.25,247.75;338.75,83
19325;86.5,151.5;165.25,281;272.5,59.5;368.25,123.25;70,125;158,223.5;199.75,275.25;325.75,94.5
35479;124.5,185.5;165.25,281;307,101.75;368.25,123.25;124,97.75;181,164;211.75,297;310.5,132.25
37033;155,210.75;186.75,290.75;307,101.75;368.25,123.25;155.25,92.75;201.25,156.75;231.75,265.25;321.25,181.25
39363;155,210.75;186.75,290.75;286.5,73.5;368.25,123.25;166.25,89;184.5,197.5;289.5,261.5;358.25,191
20614;110.75,220.75;254,280.25;273.5,72.25;302.25,134.75;184.25,32;184.5,197.5;225.5,273.75;358.25,191
6414;167.5,228;190.5,280.5;266.25,60;269.5,169;133.75,77;184.5,197.5;239.25,231.5;358.25,191
16130;136,227.5;190.5,280.5;224,72.25;282.75,166.5;113.5,82.25;122.75,199;191.75,275;358.25,191
46049;136,227.5;149.5,270.5;223.75,71.25;282.75,166.5;111.75,126.25;129.5,251.5;173.75,309.75;316,185.25
25769;120.5,256.75;147,239.5;223.75,71.25;239.75,175;104.75,122.75;113.75,195.5;173.75,309.75;325.25,210.75
34994;104.75,213;162.5,226.75;248.75,48;266,183;104.75,122.75;113.75,195.5;196.25,244;366.25,212.5
39050;104.75,213;156.25,267;278.25,64.5;300.25,207;104.75,122.75;112.5,222.25;251.25,264;349,226
44968;103,194.75;111,317.5;268.5,55.5;273.5,149;104.75,122.75;112.5,222.25;286.75,287.25;349,226
24443;50,170.75;119,323;267.75,57;278.75,103.5;104.75,122.75;112.5,222.25;312.75,254.75;313.75,226.25
20539;71.75,109.75;141.5,299;267.75,57;278.75,103.5;28.75,130.75;185.5,196;274.5,270;294.75,186.25
39774;47.75,96;143.25,312.75;291.25,110.5;318.5,115;49.75,131;184.75,174;274.5,270;294.75,186.25
20460;68,36.25;126.75,292.5;291.25,110.5;318.5,115;83.25,190.5;201.5,173.25;223.75,283.25;262.5,225.5
13520;111.25,20.5;158.75,289.75;271,127;314.25,95.5;83.25,190.5;195.75,174;203.75,275.5;262.5,225.5
2510;147.75,77.25;158.75,289.75;252,108;299.75,148.25;99,191;170.25,186.75;203.75,275.5;217.75,184.75
40635;113.75,112;152.5,261;281,75.5;311.25,97.75;99,191;170.25,186.75;179,241.25;194,175.75
2124;113.75,112;152.5,261;266.75,59;327,136.25;152.75,181.25;166.25,226.25;174.5,264.5;183.5,231.5
8159;113.75,112;136,272;266.75,59;356.25,175.75;96,169.75;141,290.25;194.25,276.25;206.25,201.25
3176;40.5,135.75;164.75,279.25;220.5,64;344.25,181.75;33.25,189.25;101.25,315.75;194.25,276.25;206.25,201.25
8808;16.5,176.5;100.25,254.5;220.5,64;344.25,181.75;13.75,140.75;106,314.75;227.5,267;242.5,194.5
20587;32,127.5;76.75,232;197.75,63.25;310.75,120.5;50.5,130.5;106,314.75;221,314.25;242.5,194.5
34900;32,127.5;145.25,227;154.75,86.25;298,115.75;79.75,191;106,314.75;236.5,258.25;277,253
16550;24,193;120.25,223.5;154.75,86.25;265,180.75;79.75,191;137.75,266;182,277.25;263,319.75
4026;57.25,143.75;61.5,210.25;157.25,27.5;240,127.5;57,153.5;137.75,266;239,264;263,319.75
19153;61.5,210.25;103,162.5;157.25,27.5;240,127.5;9,128.75;181,213.25;199.25,275.5;220.5,273.75
31749;58.5,177.25;103,162.5;106.25,5.5;254.75,116.5;9,128.75;222.75,176.75;236.25,233.75;284,286.75
49959;36,190.25;71.5,183;106.25,5.5;192.5,152;76,126.75;222.75,176.75;302.75,197.25;333.5,272.75
29277;25.25,189.75;49.5,218;97.25,8;159.5,125;21,155.75;222.75,176.75;302.75,197.25;322.75,321
4246;14.75,242;42.5,271.75;94.5,59;148.75,184;77.75,161;225,206.75;302.75,197.25;322.75,321
49945;54.5,229;73.75,310.25;102.5,11;136.5,204.5;101.25,220.75;225,206.75;282.25,186.5;322.75,321
49670;16,176;64.5,317.25;96,59.25;138.5,125;121.5,157.75;224,131.5;282.25,186.5;322.75,321
49339;6.25,126.5;54,318.25;96,59.25;171,85.5;121.5,157.75;224,131.5;318,241;364.5,278.5
27568;28.25,102.75;42.5,258.5;82.25,69.75;104.5,59.5;121.5,157.75;186,177;340.5,259.75;364.5,278.5
40049;28.25,103.25;56.25,293.5;82.25,69.75;104.5,59.5;160.5,96;175.75,106.75;334.5,226;361.5,261.75
45738;28.25,103.25;60,229.75;75,30.5;148.5,50;140.25,31.75;175.75,106.75;293.5,234;311.75,241.5
24169;28.25,103.25;79.5,161.25;102.5,17.75;116.75,36.25;96.25,41.25;153.75,91.25;242.5,237.5;311.75,241.5
28464;28.25,103.25;79.5,161.25;102.5,17.75;112.75,34.5;132.5,72.25;141.25,82.5;209.25,284.25;310.5,312
18506;22.75,78;40.25,227.75;49,30;57,74.25;132.5,72.25;141.25,82.5;188.75,277.25;310.5,312
27521;22.75,78;41.5,298.75;57,74.25;70.25,30;101.25,39.25;130.25,39;151,303.5;311,312.25
23097;41.75,145.25;62.75,305.5;122,123.25;165.75,22.5;101.25,39.25;129.25,39;213,276.5;311,312.25
17287;41.75,145.25;114,292.5;178.25,109.25;200.25,62.5;63,15;101.75,11;266.25,253;311,312.25
22451;81.75,121.75;156.75,319;191,38;196.25,70.5;120.75,19.5;145.25,30.25;266.25,253;311,312.25
37991;49.25,122;104.75,282.25;191,38;271.25,75;66.75,12.25;224.5,55.75;266.25,253;353.75,299.25
18578;49.25,122;136.75,223.75;191,38;322.75,38;104,15;227.5,48.25;250.75,255.5;291,280.5
21710;61.25,129.75;136.75,223.75;187.75,118.75;351,9.75;104,15;203,15;223.25,254.75;242.5,293.75
44775;22,128;136.75,223.75;225,189.25;351,9.75;65.25,12.75;154.5,53;180,214.25;194.75,321.75
908;68.75,128.5;138,227.75;282.25,164.5;308.25,56;74.25,40.5;145.25,7.75;180,214.25;194.75,321.75
10750;107.25,168.25;145,259.5;270.75,169.25;271.5,32.5;54,7;145.25,7.75;180,214.25;261.5,321.25
45894;54,158.75;149,237.25;262.75,134.75;278,101.75;54,7;146.25,30.75;180,214.25;310.75,299.5
4498;52,234.5;149,237.25;242.5,173.75;278,101.75;112.5,8.75;115.75,55.25;226,193.25;354,302.75
10467;52,234.5;138.5,265.25;242.5,173.75;278,101.75;86.5,19.25;101,34.75;217.25,143.75;352,294.75
48567;52,240.75;86,280.5;244,175.5;334.25,67.25;66.75,9;73.5,21.5;217.25,143.75;352,294.75
23857;39.5,270;74.25,297.25;230,189.75;334.25,67.25;18.5,19.25;73.5,21.5;282,115.75;310.5,253.5
14764;39.5,269.25;122,285;230,189.75;334,31;9.25,37.75;16.75,3;282,115.75;305,196
48618;39.5,269.25;160.75,297;186,184.25;334,31;11.75,45.5;13.5,5.5;304,115.5;305,196
4115;87.25,227.25;160.75,297;186,184.25;283.75,55.5;11.5,49.75;16,11;312.5,162;336.75,148.75
44732;69,231;136.5,281.75;202,248.25;333.75,23.75;11.5,49.75;16,11;355.5,150.25;360.25,146
1204;32.5,242;160,318.75;234.75,267;286,75.25;11.5,49.75;16,11;331.5,210.25;338.5,147.25
1059;32.5,242;137.75,291.5;257.5,285.5;332.75,81.25;16,11;19.75,58.75;313,225.75;354.75,214
27220;48.25,293.5;89.5,297.25;216.25,252;330.75,142.5;37.5,40;68,91.25;313,225.75;354.75,214
6762;48.25,293.5;89.5,297.25;243.75,308;330.75,142.5;45.5,62.25;117,73.25;352.5,203;353,230
17913;48.25,293.5;89.5,297.25;239.5,273;261.5,138;93.5,33.5;176,96;305.75,153.25;352.25,276.25
14193;9.25,310;62.75,306;238.5,312.75;278.5,166;93.5,33.5;185.75,131;236.25,152;352.25,276.25
40647;9.25,310;47.75,295;221.5,239.75;294.5,102.75;76,25.25;155,172;301.75,113;352.25,276.25
37323;9.25,310;47.75,295;221.5,239.75;294.25,52.5;45.5,79.25;103,156;323.5,160.25;355.5,210.75
2298;9.25,310;92.75,238;205.25,185.75;294.25,52.5;46.75,39.75;155.75,183.5;256.75,132.25;352.5,205
8016;68.5,274.25;101.75,196.75;168.25,156.25;294.25,52.5;12,9.75;153.25,160.75;283,173.5;352.5,205
33139;92.5,297.25;103,248;137,128.25;294.25,52.5;12,9.75;143.5,224.25;246.75,115.75;355.25,230.5
30496;93,232;95.5,303.25;108,106.5;283,57.5;12,9.75;188,247;246.75,115.75;311.25,284.75
38505;56.75,286.25;65,280.25;182,91.25;283,57.5;12,9.75;226.75,218.75;234.5,41.5;241.75,281.75
12388;68.5,222.5;91.25,229.5;174.25,125.75;330.75,58.5;12,9.75;186.5,176.5;234.5,41.5;237.25,230.25
4095;95,201;122.75,212.5;174.25,125.75;367.5,37.75;12,9.75;197.75,176.75;220.5,90;232.5,284.25
4464;95,201;122.75,212.5;221.5,104.5;363,85.75;21.5,69.5;219,160.25;257,163.75;265.75,257.25
36429;88,148.5;126,204.5;172,135;363,85.75;61.75,111.75;210.25,186.5;257,163.75;286.5,288.25
34529;74.5,200;91,157.25;207,78.5;294.75,72.25;63,108.25;169.25,221.25;257,163.75;286.5,288.25
7695;61,218;82,122.75;163.25,49.75;270.5,25.25;63,108.25;133,171.75;253.5,163.25;286.5,288.25
3865;33,223.5;132.5,101.25;163.25,49.75;309.75,54.25;19,145;194,182.5;270.75,111.75;286.5,288.25
28538;40.25,241;128.25,48;147.75,88;318.75,114.5;19,145;194,182.5;242.75,60.75;326.25,244.5
8496;54.5,250.25;128.25,48;182.25,112.75;310.5,80.75;40,87.5;194,182.5;258.25,6.25;316.25,301.75
47361;32.75,285.75;113.75,36.25;138.75,128;270.75,70.25;40,87.5;194,182.5;290.25,37;347.25,255.75
22289;67.75,312.5;94.75,20;195,129.25;286.5,53.25;40,87.5;221.75,215.5;290.25,37;316.75,242.25
8286;80.5,274.5;102.5,14.75;199.75,93.25;271,31.5;40,87.5;259.75,241.5;290.25,37;351.5,186.75
21655;80.5,274.5;127.5,4.5;147.25,78;295.25,72.25;15.5,127.5;259.75,241.5;318,62;355,199.25
32677;79,228;127.5,4.5;177.5,85;295.25,72.25;34,76.75;275.5,264;348.25,82.5;351.75,189.5
40895;79,228;127.5,4.5;206.25,81.75;311.5,5.5;61.5,79.75;291.75,220.5;312.25,83.5;337.75,130
12290;58.75,177.25;128.75,30;248.75,40.5;295.5,2;61.5,79.75;310.75,229.25;312.25,83.5;337.75,130
247;34.75,205.5;80,64.5;276.25,75.75;297.25,21;34.75,125.25;303.75,196.75;312.25,83.5;337.75,130
49167;34.75,205.5;45,47.25;276.25,75.75;297.25,21;2.5,87.25;301.5,184.5;314.75,38.5;320.75,197.25
42817;33,243.25;39.25,44;304.75,36;342.5,50;2.5,87.25;313.25,162.5;314.75,38.5;347.75,218.25
19446;34.75,196.25;51,65;309.75,57.25;367.25,70.75;2.5,87.25;249.25,147;305,27;347.75,218.25
25113;34.75,196.25;51.5,69.5;267.5,101.25;367.25,70.75;16.5,118.75;283,176.25;337.25,81.75;354.5,258.5
43036;16.5,178.25;78.75,38.75;221,67.75;367.25,70.75;14.5,68.5;313.25,161.5;337.25,81.75;359.25,277.25
966;34.5,171;90.25,12;228.25,129.25;367.25,70.75;14.5,70;318,217.75;356,82.25;359.25,277.25
5973;34.5,171;91.5,64.5;282.25,166;342.5,77.25;10,11;309.75,211.75;318.75,76.75;359.25,277.25
8809;5.25,241.5;91.5,64.5;218.75,157.75;293.25,70.5;44.75,78.75;309.75,211.75;323.75,53.75;359.75,276
11915;5.25,241.5;120,73.25;209.5,132.25;287,24;48,129.5;276.25,216.25;301.5,23.5;359.75,276
17498;5.25,241.5;149.25,52.75;270.25,164.5;326.25,15.25;109,99.25;279.25,185.75;301.5,23.5;324,218.75
15774;51.75,249;149.25,52.75;265.5,177.75;290.25,43.75;120.5,78;247.75,237;253,22;324,218.75
26571;51.75,249;149.25,52.75;265.5,177.75;283,85;146.25,50.25;255.5,293;292.75,3;351.25,218.75
23744;101.25,214.25;118.5,4.5;200.25,178;334.25,120;146.25,50.25;256.5,291;292.75,3;314.75,208.5
14062;101.25,214.25;118.5,4.5;245.75,178.75;273.5,133.75;137,92.5;179.25,302.75;271.25,13.25;363.75,262.25
28675;54,229.75;111.5,83.75;248.75,136;273.25,109;88.25,107.75;179.25,302.75;269.75,14.5;363.75,262.25
32174;74.5,175.25;78,139.5;190.25,151.75;255.25,116.5;88.25,107.75;179.25,302.75;271.25,14.25;328,312.5
13638;48.75,241.25;135.25,129.5;190.25,151.75;228.5,130;88.25,107.75;176,305.25;235,3;319.5,314
44656;42.75,239.25;138.25,127.25;191.5,91.25;204,135;83.75,58;176,305.25;235,3;347.75,277.25
44478;42.75,239.25;120.25,80.5;162,75.5;184.25,131.5;84.75,124.75;176,305.25;233.5,4.25;356.25,231
2781;42.75,239.25;130.5,24.5;155,98;201.75,84.75;93.5,170.75;118.5,324.25;233.5,4.25;318,198.25
200;42.75,239.25;104.5,76.5;198,49.75;271.75,96.75;27.75,144.5;87.25,289;233.5,4.25;337.5,130.5
24502;29.5,284.25;80.25,78.25;152.75,50.25;302,111.25;27.75,144.5;111.5,302.25;272.25,9.25;337.5,130.5
37706;10.25,310.5;66.75,121.75;226.75,45.5;355.5,162.25;27.75,144.5;110,295;258.25,5.75;337.5,130.5
15991;26,296.75;61.25,157.5;292,53.25;314.5,113.75;14.25,134.75;84.25,286;258.25,5.75;337.5,130.5
3277;26,296.75;120.5,123;264.25,67;272.5,57.5;74.5,102;100.25,220.25;258.25,5.75;266.5,145.25
32784;20.25,240.5;97.5,116.5;264.25,67;272.5,57.5;95,131.25;108.25,258;226.5,36.5;271.25,191.75
40790;38,209.5;38.75,78.5;264.25,67;272.5,57.5;62,165;62.25,221.5;236,37;247,194.5
17189;33.5,170;68.75,115;264.25,67;272.5,57.5;13.75,203.75;117,215.75;297.5,9.75;305.5,172.25
31525;33.5,170;57,97;272.5,57.5;276,102.25;53.75,224.25;151.25,163.25;256.5,9.5;312.75,196
32571;10.5,108.5;74.5,139.5;252,108.5;267.25,105.75;15.25,282.75;209.25,178.25;256.5,9.5;312.75,196
47643;10.5,108.5;56.25,98.25;211.25,127.25;292.25,113.75;20,311.5;209.25,178.25;286.5,24;334.5,225.5
24430;0.25,147.5;79.75,113.75;253.25,81.25;272.5,181;20,311.5;139.75,191.5;309.25,44.5;334.5,225.5
6234;19.75,142.25;79.75,113.75;203.75,100.25;250.75,198;13.25,309.25;139.75,191.5;302,100.5;328.5,288
339;19.75,142.25;84.5,43.25;183.25,112.75;201.75,168;6.75,292.5;185.5,181;268.25,162;328.5,288
10115;19.75,142.25;130,25;183.25,112.75;216.75,196;2,287.5;169.25,223.5;319.5,162.5;320.25,314.5
3911;68,170.75;130.75,22.25;139,77.5;207.25,175;22.5,264.75;169.25,223.5;319.5,162.5;320.25,314.5
23437;68,170.75;130.75,22.25;139,77.5;206.25,136.5;70.5,255.25;201.5,277;322,159.75;341,294.75
14466;50.75,176.75;133.75,63;134.25,24.25;254.5,98;70.5,255.25;143.25,303;308.5,135;341,294.75
36237;11.5,144.25;89,62.75;96.5,20.25;218.75,49.5;121,196.5;176.5,264.75;308.5,135;341,294.75
1475;25,178;60.75,6;89,62.75;180,67.5;121,196.5;176,264.25;337.5,170.5;340.5,263.75
26479;25,178;60.75,6;90.75,68;155.75,1.5;105.25,123;157.25,319.5;307.25,152.25;314.75,311
11091;25,178;60.75,6;75.25,131.25;114,34.5;123.25,158.5;170,302.25;316.25,186.5;340.5,287
38579;25,178;30.75,45.25;51,47.75;70.75,97.5;95.75,191;170,302.25;279.5,227;286.25,267
9293;2.5,177.25;7.5,100.75;44.75,44.25;70.75,97.5;94,171.5;170,302.25;284,227.5;353.25,278
18170;30.25,199.5;38.25,182;44.75,44.25;70.75,97.5;181.25,190.5;189.25,303.5;217.25,247.75;290.5,310
31126;38.25,182;46.25,234.75;70.75,97.5;77.75,47;193.75,249.5;276.5,271.5;280.5,286.75;305.5,234
32547;41.25,183.25;46.25,234.75;70.75,97.5;77.75,47;157.75,300.5;260.25,288.5;265.25,225.25;341.75,257.5
35254;20.75,226.25;65,189;70.75,97.5;77.75,47;221,275.5;277.5,286.25;281.75,216.25;355.25,296.25
17928;16,262.25;84.25,213.75;135,89.25;142,89.5;173.25,263.5;277.5,286.25;304.25,196.75;355.25,296.25
10025;32.25,238;65.25,255.5;168.25,97.25;183,47;137.25,265.25;277.5,286.25;311.75,161.25;355.25,296.25
36513;34.75,208;62,294.5;137,125.75;140,20.75;97,280.75;277.5,286.25;336.5,199.5;355.25,296.25
25530;57.5,248.5;60,241.5;140.5,160.75;166.25,22.25;97,280.75;277.5,286.25;349.75,172.75;355.25,296.25
18973;64.75,210.25;69.75,242.5;116.75,205.75;208.25,61.25;159.25,273;277.5,286.25;349.75,172.75;355.25,295.75
26635;57.75,193;58.75,294;158,254.25;173.5,49.5;106.25,282.75;300.75,244.25;349.75,172.75;355.25,295.75
15918;69,255.5;89.25,298.25;158,254.25;173.5,49.5;144.25,226;225.5,278.75;285,203;311,238.75
27234;68.25,305;81.5,320.25;158,254.25;176,35.25;190,214.25;229.75,230.75;271,182;311,238.75
33715;68.25,305;81.5,320.25;158,254.25;196.75,5.75;186.25,154;205,174.5;319,159;349.5,255.75
18616;13.5,263.75;59,248.75;158,254.25;178.25,18;140.25,191.5;205,174.5;283.5,217.5;307,204.5
47720;1,280.25;50.5,306.5;158,254.25;178.25,18;113.75,170.5;156.25,186;324.5,243;337,199
22676;29.75,270;35,224.25;174.5,310.25;192.25,58.25;84.75,144.25;156.25,186;312.5,309.5;337,199
31744;17.5,311.5;31,243.25;174.5,310.25;230.25,120.5;115.5,199.5;127.25,264.5;244.75,317.25;337,199
1231;17.5,311.5;31,243.25;174.75,309.75;190,75.5;180.25,177.25;182,231.75;262.25,306.25;353.25,230.5
30947;17.5,311.5;31,243.25;190,281;198.25,5.75;162,226.5;209.75,178.25;226.5,313.75;353.5,205
8752;17.5,311.5;66,280.25;190,281;225.5,74.25;184.5,276.25;214.5,141;263.75,252.5;278.25,206.25
40256;7.75,242;32.75,312;163.25,226.75;285.5,101.5;150.75,221.75;203,98.5;263.75,252.5;278.25,206.25
48508;7.75,242;66,276;163.25,226.75;311,115;136.75,155;202.25,95;276.25,215.25;335.5,174.5
44611;7.75,242;61.5,218.25;177.5,172.75;311,115;185.75,133.5;230.5,132.25;264.25,243.25;283.75,185.5
47565;25.25,264.5;92.75,174.75;201.5,177;363.5,85.75;193.75,97;230.5,132.25;274.25,222;283.75,185.5
33337;84,274.25;92.75,174.75;227.5,145.5;310.25,52;206.25,105.75;268.25,132.75;274.25,222;277,116.5
20243;33,277.75;78,131.75;250.75,157;367,33.25;203.75,97.5;268.25,132.75;274.25,222;298.25,91
16995;33,277.75;78,131.75;263.25,173.75;319.75,55.5;210.75,159.75;263,79.75;299.75,174.75;356.5,56
30884;33,277.75;61.25,161.25;291.25,210.5;309,102.25;210.75,159.75;268.75,102.75;326.5,136.25;337.25,22.25
12951;33,277.75;70,146.5;224,191.25;240.25,129.25;212.5,108.5;239,175.75;249,133.75;337.25,22.25
38064;33,277.75;138.5,160.75;224,191.25;313.5,140.25;165,164.5;188,165.75;316.75,114.75;364.75,82.25
15617;32.25,277.5;138.5,160.75;177.75,206.5;313.5,140.25;176,213.75;217,134.75;260.75,105.5;302.75,83.5
45422;32.25,277.5;69.75,134.75;143.75,159.5;331.75,143.5;174.5,180;176,196;217.75,91;302.75,83.5
28184;33,213.25;54.25,147.5;110.25,126.5;304,168;174.5,180;176,196;209.25,57.5;316,19
13609;41.25,237.75;53.75,208.75;159,129;294.75,111.5;174.5,180;176,196;208,54.25;251.25,41.75
33860;29,216.5;54.25,208.75;133.5,100.75;301.75,53.5;121.5,161.75;188.5,235;208,54.25;251.25,41.75
18878;53.5,229;63.5,229.5;133.5,100.75;285.25,24.75;142.75,154.5;188.5,235;219.75,99.5;271.25,24
33816;42.5,234.5;90.25,286.75;104.5,153.75;310.75,55.25;142.75,154.5;188.5,235;219.75,99.5;277,31.25
27150;42.5,234.5;142,264.25;153.25,129.5;323.25,19.75;161.75,105.25;246.25,241.5;251.75,77.5;277,31.25
32386;42.75,243.25;142,264.25;148.75,134.5;349.75,35.75;174.25,155.75;246.25,241.5;260.25,53.75;297.25,93.25
32060;37.75,258.75;98.25,255;130.75,201;335.75,32;174.25,155.75;246.25,241.5;319.5,91.25;357.5,79
33444;63,317.25;101.5,255.5;181.25,206;335.75,32;196,95.75;215.5,277;284,57;357.5,79
46660;49.75,276.25;127.5,284;153.75,230.75;291.75,21.5;196,95.75;215.5,277;240.75,55.75;357.5,79
18450;11,227.25;69,280.25;135.75,227.75;291.75,21.5;169.75,90.75;223.5,318;231,102.25;357.5,79
37472;0.25,290.25;56.25,249;159.5,296.75;291.75,21.5;164,30;223,275.25;265.5,106;357.5,79
19138;38.25,299.75;80.75,298.25;125,246.75;244.5,18.25;164,30;223,275.25;292.5,115.5;351.5,142.75
16696;65.75,310.25;117.25,266;161.25,216.25;270.75,70.25;155.5,49.5;271,270.25;292.5,115.5;351.5,142.75
6793;116.25,312;131.25,204.5;163.75,219.25;254.75,85.75;155.5,49.5;235.75,228;292.5,115.5;352.25,184.25
15408;102.25,241.5;165.5,162.75;200.25,176;223.25,21.75;155.5,49.5;235.75,228;291.5,41.75;310.75,169.5
44034;110.5,316.5;148,227.5;149,197.25;223.25,21.75;84.25,40.5;224.75,203;245,25.75;310.75,169.5
14536;115.75,311.5;146.75,223.25;149,197.25;187,48.25;76.25,12;224.75,203;296.25,12.75;299.25,110.5
28846;70.5,309.75;150,264.25;200.5,152;223.25,21.75;76.75,10.75;224,203.5;296.25,12.75;299.25,110.5
26795;26.25,241.5;120,256.25;200.5,152;255.25,44.5;48.5,76.25;224,203.5;297.25,92;355.75,79.25
27373;28,251.5;170.5,298;239.5,94.5;293.75,70.25;48.5,76.25;219.5,274;284,138.25;355.75,79.25
25276;28,251.5;208.75,266;278.25,103.75;302,119.75;57,95.5;193,241.5;284,138.25;351.75,67.75
3561;28,251.5;191.75,239.25;270.5,97;302,119.75;101.75,67;145.5,243.75;301,197.25;309.75,66.25
28006;86.25,248.25;191.75,239.25;224.5,127.5;280.5,71;130.5,34.5;145.5,243.75;308.75,204.25;335.5,18.5
47714;115.75,254.75;156.5,201.25;158.5,110;280.5,71;130.5,34.5;164.5,237;254.5,221.5;273,31.5
2871;107,282.5;163,227.75;184.25,144.25;261.75,112.5;102.25,39.25;164.5,237;254.5,221.5;263,23.25
36447;54.5,304.25;157.5,195.5;157.75,90;221.25,73;91,7;168.25,195.5;254.5,221.5;263,23.25
19142;69,256;117.25,214;182.25,58.75;208.25,92;91,7;222,167.25;254.5,221.5;257.25,15.75
1684;62.25,264.5;144,237.25;182.25,58.75;208.25,92;49.75,52;221.25,107.25;238.25,215.75;258,19.25
7429;43.75,311;112.75,243.75;182.25,58.75;251.5,36;87.25,20.5;188,161.25;238.25,215.75;311.5,36.5
44814;43.75,311;142,265.25;163,97.25;251.5,36;119.75,49.5;132.5,192;274.25,245.25;275.75,91.25
3394;11,306;171.5,304.5;210,106;251.5,36;90.25,71.5;104.5,195.5;230.25,230.75;275.75,91.25
29228;38,262.5;139,287.5;259.25,133.25;275.75,101.75;54.25,35.75;59.75,214.75;230.25,230.75;275.75,91.25
37617;49.75,239.25;139,287.5;259.25,133.25;274.75,58;48.5,1.75;112,217.75;192,248.5;226.75,73.25
43378;37.75,261.25;135.5,222.75;249.5,83.25;301.75,55.75;7.5,49;138.5,229.5;192,248.5;226.75,73.25
32559;76.25,300.25;117.75,255.25;279,118.75;299.25,55.25;7.5,49;125.75,224.75;166.5,282;226.75,73.25
26454;34,311.25;101.25,197.25;278.5,88.25;292,52.5;7.5,49;162.75,186.5;166.5,282;225.5,134.5
2908;51.5,245.5;71.25,243.25;273.75,148.25;304.5,94.75;7.5,49;162.75,186.5;194.25,250.5;268.75,146.75
19926;55.75,240.25;85,248.75;283.25,101.5;285,71.25;1,26.75;162.75,186.5;194.25,250.5;268.75,146.75
5342;55.75,240.25;72.25,287.25;269.5,69;299.25,85;1,26.75;231.75,202.5;242.5,201.75;270.5,169.5
4431;97.75,249.5;104.5,256;288.25,72.5;306.5,114.25;1,26.75;180.25,177.25;185.75,173.75;270.5,169.5
37184;152.25,291.5;165,224.5;288.25,72.5;300.5,115.5;1,26.75;170.5,179.75;235.25,181;266.25,127.25
48970;152.25,291.5;215.25,242.25;239.75,36.5;305.5,98.75;46.75,2.75;170.5,179.75;226.25,183.5;239.75,133.25
2670;103,247.5;156.25,227.25;239.75,36.5;308.75,57.5;46.75,2.75;178.5,233.25;184,175.75;194,99
30799;157.25,218.25;193,178;266.75,103;270.25,70.75;46.5,3.25;178.5,233.25;184,175.75;230.75,133.75
39162;165.25,222.75;171.25,140.75;250.5,129.75;296.25,104.75;46.5,3.25;145,221.75;184,175.75;202.75,72
38710;96.75,254;165.75,98.75;275,179.25;305,99.25;69.25,8.25;145,221.75;184,175.75;249.25,12.75
15233;143.75,225;159,29.75;226.25,170.25;298.5,113.75;69.25,8.25;151,181;162,224.75;249.25,12.75
2331;114.5,163.25;159,29.75;263.25,153.5;341.5,86.25;61.5,15;100.5,153.25;127.5,223.5;249.25,12.75
49577;117.5,138.5;155,33.75;250.25,210.75;341.5,86.25;14.5,70;76.25,125;189.5,249.5;249.25,12.75
24063;109.75,120.25;117.25,16.25;235.75,257.75;288.5,105;14.5,70;76.25,125;242,275.25;271.25,1
13850;85.75,79;129.25,27.75;198,307.25;227,86;7.5,49.5;29.5,105;242,275.25;271.25,1
36255;17.75,74.25;122.5,58.5;206,311.75;239,23;7.5,49.5;29.5,105;267.25,318.75;271.25,1
29343;39.25,33;117.25,105.25;225.75,293.5;276.5,17.5;7.5,49.5;29.5,105;312.5,310;340.25,45
41267;31.75,56.25;115.75,72;238.25,282.75;273,65;29.5,105;78.25,45.25;312.5,310;313.75,99
3827;15.75,102;103,20;246.75,272.75;286.25,25.25;29.5,105;78.75,46.25;284.75,281.75;313.75,99
17141;52.25,138.5;53.5,46.25;273,271.5;332,32.5;29.5,105;98,87.25;284.75,281.75;313.75,99
47695;57.5,175.75;71.5,88;258.75,309.25;340.75,86.25;29.5,105;99,87.25;273.5,284;313.75,99
37426;42.25,222.5;55.5,138.25;291.5,309.5;333.25,32;29.5,105;98,108.5;273.5,284;366.75,80
7436;1.75,176.75;109.5,106.5;299,246.75;333.25,32;29.5,105;145.75,92.75;212.75,296;333,64
40144;1.75,176.75;84.5,165.25;281.5,232;332.75,37;38,56.25;145.75,92.75;245,317;297.25,92.5
41967;34.5,227.5;86,178.25;281.25,262.75;336,56;72.75,109;145.75,92.75;245,317;296,63
15425;31.75,277.5;78.5,140.25;309.25,230.25;358.25,22;77,89.25;91.25,98.25;245,317;296,63
13235;56,219.5;143.5,129.75;334.5,254.75;335.5,49.75;63.25,68.5;91.25,98.25;245,317;259.25,48.25
32081;42.25,190;217,131.25;280,231.5;335.5,49.75;35.75,104.25;82,169.25;242,316.5;259.25,48.25
46488;18.5,170;241.75,171.25;316.75,222.75;335.5,49.75;77.25,131;82,170.5;242,316.5;255.75,9
29999;59.5,123;255.5,134.75;288.75,246.25;319.25,32;17.75,118.75;49.5,145;242,316.5;255.75,9
49976;59.5,123;275,133.25;295,254;319.25,32;35.75,53.5;106.25,111.75;309.25,273.75;316,17.25
33450;86.25,71.5;225.25,135.75;275.5,254.75;335.25,28.5;35.75,53.5;106.25,111.75;309.25,273.75;358.25,41.25
8576;70.5,140.25;278.25,131.75;285.25,320.25;335.25,28.5;15.75,54;106.25,111.75;352.25,266.25;356,1.5
749;27,148.5;278.25,131.75;285.25,320.25;298.5,54.25;42,85;43.5,139;277.5,237.25;294.25,35
4403;27,148.5;216.75,131.75;260,270.25;291.25,116;33.5,133.25;42,85;291.75,217;355.5,18.5
47522;43,202.5;216.75,131.75;260,270.25;273.75,56;36.25,179;68.5,29.5;274.5,246.5;309.5,3.25
49317;52.5,216.25;188.75,81.25;260,270.25;278.5,30;17.25,248;68.5,29.5;239.5,257;289.75,3.5
11127;35.5,240;136.5,129.5;236.25,279.75;338.25,2.5;19.25,201.5;68.5,29.5;239.5,257;250.5,41
30603;48,227.75;179,104.5;187.75,256;359,41.25;19.25,201.5;112.25,39.25;192.25,247.5;250.5,41
9416;96,284.5;179,104.5;187.5,255.5;359,41.25;55,251;183.5,28;241.5,260.5;249.75,16.25
10374;98.5,322.25;194.25,174.5;242.25,205.75;291.5,56.75;55,251;142.25,53;241.5,260.5;243.25,36
40749;63.75,312.5;179,232.75;230,169.75;238.25,34;15,295.75;150,12.25;241.5,260.5;243.25,36
14310;63.75,312.5;203,244.75;222,111.5;227.75,88;15,295.75;160.25,12.5;191,191;328.75,16.5
26085;63.75,312.5;203,244.75;254.25,55.75;257,133.75;48.25,254.25;109.5,52;248.25,147.75;271.25,24
13333;63.75,312.5;244,224.5;254.25,55.75;269.75,150.25;38.75,297;147.5,57;206.25,108.5;230,32.5
22578;63.75,312.5;244,224.5;254.25,55.75;314.5,116;32.5,223;121.25,18.5;222,89;283,15.75
39005;137.75,317.75;224.5,190.75;269.25,32;334,74.5;32.5,223;121.25,18.5;196.75,100;216.75,36.5
29520;83.5,299;292.25,207.5;315.25,2.75;332.5,134.5;30.75,220.5;85.25,30.5;196.75,100;216.75,36.5
28435;132.5,292.5;308.5,239.5;315.25,2.75;349,213.75;30.75,220.5;36.5,89.75;166.25,35.5;257.5,24.5
32728;201.5,277.75;258,240.75;290.75,14.75;300.25,242.25;30.75,220.5;103.5,78.5;166.25,35.5;249.5,71.75
12155;144,260;258,240.75;290.75,14.75;346.75,275.5;9,203.25;120.75,19;146,89.5;195.75,95.25
46219;127,206.5;240,218.25;303,13.5;361.75,317.75;9,203.25;56,8.75;146,89.5;190.25,92.5
26587;127,206.5;261.5,153.25;278.75,29.5;289.75,319.25;51.5,147;56,8.75;153.75,50;192.25,162
25862;127,206.5;207.5,186.5;256.75,46.75;276.75,309.25;51.5,147;108,41.5;138,57;176.25,172.5
25293;139,207;207.5,186.5;293.5,115.5;297,264.25;11,173.75;108,41.5;175.5,1.75;200.5,175.75
27061;83,174.75;202,230;293.5,115.5;351.5,217.75;8.5,112.25;95.75,66;175.5,1.75;214.75,210
14194;92.75,191.25;202,230;293.5,115.5;351.5,217.75;19.25,70;132.25,39.25;144.25,31.25;184.25,173.5
27726;49.25,170.75;202,230;268.5,177.5;358.5,214.75;4.25,104;111,57.75;154.5,91.75;184.25,173.5
4457;29.5,105;202,174.5;289.75,158.5;335.5,218.5;4.25,104;111,57.75;162.75,71.75;188,214.25
3271;31.25,126.5;202,174.5;278.25,197.5;340.25,239.25;4.25,104;121.75,62.5;202.75,57.5;230.25,228.75
21167;31.25,126.5;205.75,178.25;297.75,176;364,185.25;6,156.25;139,7.25;202.75,57.5;203.5,275
35366;96.25,159.5;205.75,178.25;298.25,115;355.75,169.75;6,156.25;146.25,28.75;212.25,105;224,226.25
18151;143.75,124.75;191,151.25;324.5,149.25;328.25,165.75;6,156.25;164,28.75;212.25,105;263,219.25
22684;159,159.25;166,155;274.5,187.5;362.5,229.25;6,156.25;164,28.75;191.75,87.75;265.25,258.75
14725;164,99.75;219.5,131.25;328.25,172;362.5,229.25;6,156.25;216.25,65;221.5,135.25;282.25,295
18661;160.25,109.75;193.25,158.75;328.25,172;362.5,229.25;8,137.25;179.5,96.5;196.25,174.25;318.5,311.25
49853;148.25,114.25;208,175;298.75,229.5;328.25,172;38.5,112.5;135,98.25;196.25,174.25;319.5,309.75
40006;145.25,182.75;159.75,146.5;241,218.5;307.5,136.75;38.5,112.5;126.25,72;226.75,115.5;319.5,309.75
20648;158,128.75;158.25,141;241,218.5;360,104.5;38.5,112.5;97.75,64.75;184.5,105;261,320.25
35284;135.25,155.25;197.25,146.25;199,168.5;360,104.5;19.75,176.25;130.5,77.5;184.5,105;294,279
39830;109.5,104;152.5,141.75;183.5,148.5;312.25,99.25;19.75,176.25;130.5,77.5;170.75,165.5;241.5,248.75
31930;58,66;199.25,166.25;206.5,166.75;254.25,93;26.25,114.25;153.75,49.25;170.75,165.5;241.5,248.75
20787;58,66;174,142.5;225,189.75;234.5,105.25;7.5,109.5;154.5,48;175.75,154;241.5,248.75
29051;58,66;175,201.5;214.25,200;234.5,105.25;40.75,108.75;155.25,53.25;156.75,221.75;201,210
12050;37.75,124.75;152.75,227.25;212.5,261;285,75.5;20.5,36;116.5,72;156.75,221.75;201,210
15261;71,176.5;167,273.75;177.25,240.75;330.25,88.25;40.25,75.75;116.5,72;156.75,221.75;197.5,223.75
3371;65.5,219;125.75,271.75;138.75,224.75;330.25,88.25;24,28;84.5,41;156.75,221.75;228.25,203.5
170;67.5,153.5;87.5,298.5;163,250.75;290,87;24,28;73.25,30.25;156.75,221.75;291.5,218
31860;39,217;104.5,322.5;194.75,244.5;260.75,27;0.75,42.75;73.25,30.25;133,171.75;291.5,218
27003;48,241.5;67.25,286.25;144.25,239.25;213.25,21.75;0.75,42.75;55,7.75;207.75,182.25;291.5,218
35038;1.5,218;13.5,287;179.75,231;277.75,18.5;0.75,42.75;32,29.25;207.75,182.25;301.75,220
32815;5,241;13.5,287;179.75,231;249.75,101;9.25,17.75;46.25,7;223,129;249.75,221.5
163;9.75,226.5;13.5,287;224.25,203;290,70.75;9.25,17.75;65.25,9.75;165,151;196,177
13482;32,242.5;40,273.25;201.25,259;290,70.75;4.25,61.75;55,41.5;123,132.75;196,177
28998;10.75,308;35.25,241.25;138.75,282.75;309.25,23.5;4.25,61.75;78.25,59.75;123,132.75;196,177
28269;71.25,305.5;72,219.5;138.75,282.75;333.75,28;10,61.75;51,7.5;123,132.75;210.5,201.75
41795;71.25,305.5;92.5,181.5;136.5,226;322.75,26.25;10,61.75;44.25,6.5;110.75,112;144.25,223.5
48640;87,256.5;125,200;127.5,285;322.75,26.25;24,54.25;44.25,6.5;70.25,125.25;82,212
26264;80,263;86.25,187;116.5,281;322.75,26.25;3,14;11.75,4.75;26.75,124.75;82,212
17758;26.25,204.25;98.75,191;116.5,281;322.75,26.25;14.75,69.75;17,5;45.75,144.25;124.75,194.5
5432;60.5,238.5;105.25,120.75;186,272.5;334.75,39;14.75,69.75;17,5;68,91.75;166,164.75
38333;93,294.75;151.25,126.25;254.25,283.5;274,0.5;14.75,69.75;47.75,7;68,91.75;100,177.25
30955;145.75,313.5;148.5,113;215.5,279.5;274,0.5;60.5,12.5;68,91.75;72.5,42;122,199.5
14800;201,280.25;208.25,78.75;272,255.25;328,32.5;60.5,12.5;68,91.75;72.5,42;137.75,146.25
11860;197.5,266.25;208.25,78.75;242,217.25;356.25,79.75;60.5,12.5;60.75,113.5;84,102.75;191.5,196
6061;160,247;182.5,35.25;281.75,167.5;356.25,79.75;9,33.5;62,101.75;105.75,125.25;191.5,196
1951;201.5,311.75;203.75,18;247,168.5;325,7.75;9,33.5;62,101.75;159.5,88.75;233,254.75
1446;183.25,320.75;209,58;221,154.75;333,64.5;7.25,32.75;62,101.75;182,104;233,254.75
2847;183.25,320.75;209,58;289.25,152.5;333,64.5;3,41.75;27.5,120.25;219.75,94.25;256,308.5
16762;199.75,287;209,58;289.25,152.5;358.25,30.25;6.75,42.5;26.25,120.5;218,113.75;294,316.25
16253;172.25,224.5;278,55.5;324,94.5;329.25,15.25;6.75,42.5;26.25,120.5;188.75,161.5;307,316.25
15964;206,170;297.5,114.5;330,135.5;352.5,11.25;6.75,42.5;26.25,120.5;206.25,150;307,316.25
36595;179.25,111;297.5,114.5;317.25,120;352.5,11.25;12.75,24;23,154.75;193,182.25;254.25,308.25
897;226.5,94;271.5,92.75;297.75,74;317.25,6.25;12.75,24;28.5,188.75;193,182.25;289.75,301.5
29381;165,106.75;218.75,54.25;227.75,75.5;275.75,52.5;12.75,24;28.5,188.75;152.5,203.75;344.75,255.75
21821;109.5,112.5;218.75,54.25;226,68.25;329,89.25;12.5,10.25;28.5,188.75;145.25,226;306.25,242.75
31654;128.25,147;226,68.25;247,19.5;361.25,112.75;12.5,10.25;29,215;152,203.25;254.75,255.5
33613;146,127.75;281,74.25;283.25,54.25;305.5,98.25;12.5,10.25;90.5,221.25;92.25,222.25;254.75,255.5
28189;141.75,149.25;272.75,74.5;323.25,8.25;369.5,68.25;12.5,10.25;83.75,182.5;91.75,222.5;254.75,255.5
39737;117.5,213;293.25,114.75;303.5,55.5;332.25,37.25;12.5,10.25;83.75,182.5;91.75,222.5;303.25,202.25
47526;141,157.75;270,105;294.75,105.25;332.25,37.25;10.5,30.5;86.25,188.75;91.75,222.5;245,173.75
15568;137.75,227.5;210.75,81.75;245.75,127;303.5,69.75;10.5,30.5;86.25,188.75;103.5,275;311.25,161.75
17259;137.75,227.5;210.75,81.75;245.75,127;285.25,105.75;62.5,11;93.75,137.75;128,295.5;331.75,97.25
15838;126.5,245.75;269.5,101.75;274.75,65.5;282.25,89.25;62.25,12.75;102.25,151.75;128,295.5;331.75,97.25
16267;186.5,249.75;253,116.75;282.25,89.25;292.25,57.25;0.75,42.75;101.5,152.75;128,295.5;360.75,48.5
46390;218,216.5;265.25,64.5;282.75,53.25;289,75;0.75,42.75;51.25,165;173.75,272;360.75,48.5
29886;196.25,284.25;244.5,5.25;261,66.5;324.25,32;20.25,18;51.25,165;179,286.75;360.75,48.5
23607;196.25,284.25;202.5,6.25;309.25,53.5;330.25,47;39,21.5;80.75,160;179,286.75;363.75,81.25
24289;225.5,219.25;226.75,21.5;293.25,56.25;298.5,110.75;39,21.5;133.25,179.75;177.25,281.75;363.75,81.25
3831;212,235.5;254.75,55.75;270.5,15.5;300.5,153.75;39,21.5;121.5,197;178.75,288;363.75,81.25
13896;173,278.25;279.5,15.75;285.75,25.75;312.25,96.75;94.75,65.5;98,229.25;178.75,288;363.75,81.25
42603;215.5,279.5;243.5,45.5;364.25,23;366,148.75;94.75,65.5;97.25,222.5;209.75,275;363.75,81.25
7348;289.5,250.5;300.5,57.5;345.75,21.75;354.75,213.25;94.75,65.5;97.25,222.5;212.25,265.75;335.75,59.5
42028;289.5,250.5;300.5,57.5;345.75,21.75;362.75,254.25;73.25,12.5;130,264.25;283.25,270.5;353,55.75
43324;235.25,274.75;323.75,69;336.5,55.75;362.25,321.5;99.75,38;130,264.25;285.25,270;353,55.75
38803;199.5,294.75;261.75,30.5;315.75,73;359,289.5;28.75,46.75;116.25,323.5;285.25,270;353,55.75
10986;204.75,319.25;246.25,109;309.75,14.25;317.75,313.25;8.25,39;80.75,314.5;285.25,270;353,55.75
9476;290,321.75;307.25,113;309.75,14.25;360.5,263.75;30.5,88.75;79.25,313.5;319.5,199;353,55.75
11540;205,309;275.75,31;279.75,104.75;299.75,322.75;64.25,148.75;72.75,221.5;319.5,199;353,55.75
40141;221,311.75;277,23.25;279.75,104.75;340,312.5;18,186.5;24.75,173.5;290.5,221;353,55.75
36984;221,311.75;254.25,99;333,101.5;360,288.5;29.5,212.5;51.75,193;244.75,229.75;353,55.75
13575;242.25,285.75;278,166;289.75,113.25;356.25,224.5;29.5,212.5;90,170.25;268.75,238.75;353,55.75
2979;230,237.25;234.25,153.25;334.5,143.5;348.75,197;40.25,264.75;97.5,198.5;268.75,238.75;353,55.75
24342;230,237.25;233.5,152.75;353.25,98.75;360.25,210.25;5.25,229;81.75,160;245,255.25;353,55.75
32223;215.5,311.25;257.5,122.5;309.25,110.5;363.25,235.25;5.25,229;75.25,177.5;238,320;353,55.75
32484;278.5,287;287.25,56.25;290.25,166.5;345.25,228.75;3.75,230.5;75.25,177.5;262.5,318.75;353,55.75
20610;278,249.75;289.5,70.5;303.75,140.25;329.75,210.25;3.75,230.5;85.25,156.25;262.5,318.75;353,55.75
34501;308.75,218.25;310.25,114;319.25,114.5;366.5,187.5;3.75,230.5;125,198.75;262.5,318.75;336,19
24396;298.5,168;310.25,114;322,191;352.75,261.75;2.75,310.75;155.75,236.75;262.5,318.75;311.25,12.75
16367;235.25,126.5;241.75,127;272.5,133.25;352.75,261.75;2.75,310.75;151,303;253,308.75;334.75,32.25
19236;173.75,156.25;245.5,102.25;273.5,133.75;334.25,267.25;2.75,310.75;118,323.25;253,308.75;334.75,32.25
5296;207.5,196.5;240.25,32.25;279,134.75;363,230.25;2.75,310.75;76.5,268.5;295.5,267.25;334.75,32.25
5262;207.5,196.5;240.25,32.25;245,108.25;363,230.25;21.5,310.75;25.25,285;270,223.5;347.5,83
23538;256.75,148;260.75,85.5;276.25,134.75;309.5,242.5;32.75,239.5;57.25,249;270,223.5;347.5,83
34523;256.75,148;276.75,148;295.75,98.75;301.75,281;53.75,307.5;89,297.5;297,234;347.5,83
12748;256.75,150;276.75,148;292.25,35.75;301.75,281;30.75,291.5;46,308.25;262.25,227.75;315.75,62
17403;212.75,203;276.75,148;280.75,44.75;328.75,319;44,250.75;69.25,263.5;215.75,247;315.75,62
22137;168.25,136.75;267,183.25;328.25,9.25;345.75,319.75;66.75,185.5;69.25,263.5;215.75,247;315.75,62
5681;168.25,136.75;268,183.25;339.75,48.5;345.75,319.75;85.25,162.75;87.25,269.25;199.75,275.25;319.25,88.5
22413;123.75,185;272,169.25;292.75,85.25;350,288;85.25,162.75;119.75,229.25;212.5,233;319.25,88.5
15224;105.5,138.25;272,169.25;292.75,85.25;332.25,266.75;77.5,182.5;148.25,202.25;151.75,248.5;355,78.25
44209;69.75,145.25;293.25,104.25;308.5,133.75;343.25,288;77.5,182.5;148.25,202.25;169.25,295;330.5,96.75
45985;18,143.75;277,64.75;279,186;282.5,321.75;62.25,175.25;148.25,202.25;169.25,295;345.25,138.25
9002;18,143.75;261,66.5;304,235.25;328,281.25;60.25,170.25;125.5,199.5;165.75,225.5;345.25,138.25
47139;33.75,192.75;252.25,6.75;302.25,166.75;317.75,222.25;60.25,170.25;142.25,250.5;213.25,233;345.25,138.25
29422;94,190.5;186.75,4;288.5,168.75;317.75,222.25;78.75,189;149.75,221.75;213.25,233;311.5,163.75
251;72.75,242.25;176.75,13.5;280.25,164.25;333.75,257.25;87.75,137.75;159.75,255.25;213.25,233;311.5,163.75
4966;60.75,280.75;181,37.75;269.5,148;340.25,228.75;87.75,137.75;159.75,255.25;235.25,182.5;261.75,176
1963;60.75,280.75;190.5,8.25;227,184.5;362.75,288.5;129.25,99;155.75,243.5;180.75,184.25;261.75,176
11608;71.75,297.5;213,3.75;255.75,156.75;362.25,298.25;94.75,153.75;133.75,309.5;180.75,184.25;261.75,176
24367;68,293.5;251.5,20.75;272,150;292.25,321.25;41.5,111.5;131.75,309.75;180.75,184.25;261.75,176
29641;9.75,262;251.5,20.75;336,179.25;336,271.5;71,125.5;131.75,309.75;161.5,141.5;277.25,207.75
40098;9.75,291.5;276,34.5;328.75,195;353,320.75;72,86.25;131.75,309.75;161.5,141.5;262.75,237
40774;87,307.25;334.5,34.5;343.5,141.5;353,320.75;22.25,108.5;131.75,309.75;192.5,197.5;231.25,302.75
20886;9.25,265;270.5,64.5;292.25,114.25;300.5,290.25;22.25,108.5;109.5,241.25;192.5,197.5;227.25,278.25
45708;9.25,265;205.5,47.75;282.25,57;297.5,322;22.25,108.5;103.5,276.75;178.25,174.25;186.75,240.25
47198;47.25,293.5;218.5,36.5;261.75,8.25;297.75,321;22.25,108.5;132,286.5;178.25,174.25;186.75,240.25
17047;73,256.5;246.75,73.75;261.75,8.25;290.75,321.5;37.75,39;132,286.5;222.5,115.25;236,204.25
40184;41.25,228;181.5,49;318,21.25;363.25,321;37.75,39;132,286.5;163.5,96.5;249.25,163.75
919;34.25,237.75;141.5,13.5;317,6.5;363.25,321;97.5,49.75;163.25,300.25;163.5,96.5;231.5,149
724;1,181;179,67.5;285.5,52.25;365.25,250.5;55.25,108;122,248;163.5,96.5;231.5,149
2763;2.75,184;179,67.5;242.75,50;347.25,306;30.25,108;117,216.25;163.5,96.5;237.25,77.5
11759;2.75,184;185,133.5;242.75,49.5;365.75,311.75;21,120.25;117,216.25;223,70;273.25,28.75
7361;2.75,184;185,133.5;242.75,49.5;336,267.5;3.5,141.75;64.25,215;286.75,35.75;302,17.25
40639;41.25,146.25;190.25,114;194.5,69.25;336,267.5;67.5,180.25;107,234.25;286.75,35.75;353.25,43.5
32165;70,134.25;179.25,87.75;253.75,93;296.75,304.5;35.25,146;79.25,234.75;286.75,35.75;353.25,43.5
37313;124.5,144.5;165.75,98.25;279,129;294.5,322;13.5,135;131,252.5;286.75,35.75;353.25,43.5
46721;135,126;139,77.5;314.5,123;319.25,304.25;28.25,118.25;75.5,267.5;286.75,35.75;353.25,43.5
13448;149.25,137.25;161,98.25;310.75,97.25;319.25,304.25;28.25,118.25;109.5,316.5;283.5,104.25;333.75,64.75
33182;149.25,137.25;188.5,37.25;288.75,164.75;364.25,255.75;52.25,76.75;109.5,316.5;339,160.75;342.5,81.25
47546;149.25,137.25;210.25,58;307.5,111;344.5,239.5;77.75,20;109.5,316.5;328.25,131;356.75,55.25
45168;154,91;243.25,30.75;270.75,101.5;365.5,251;68.5,89.25;154.5,303;328.25,131;356.75,55.25
32697;83.75,83.75;271.25,33;294.75,111;340.75,225;66.25,109.25;88,303.5;328.25,131;356.75,55.25
50618;31.75,85.5;222.75,36.5;250.5,98.75;356.5,229;66.25,109.25;88,303.5;355.25,146;356.75,55.25
34888;89,113.25;269,74.25;290,72;356,297;66.25,109.25;88,303.5;351.5,198.25;356.75,55.25
37387;56.5,98;242.75,13;303.5,52;353.25,275.5;66.25,109.25;88,303.5;355.5,164.75;356.75,55.25
37310;19,85.75;215,61.75;259.75,60.75;311.75,218;66.5,108.75;88,303.5;283.25,185.25;356.75,55.25
23911;5.5,19;271.75,73.75;275.25,104.5;355,224.5;28.25,118.75;88,303.5;283.25,185.25;358.5,82.25
1930;51,7;241.25,33.25;248.25,176.75;350.25,239;28.25,118.75;146.25,298.25;231.25,189.25;358.5,82.25
9418;20.25,29.75;201.25,18;209.25,132.5;362.5,288;28.25,118.75;146.25,298.25;273,170.5;358.5,82.25
28305;12.25,9.75;201.25,18;209.25,132.5;362.5,288;83,132.25;143.5,319;294,107.5;301.75,37.75
44826;3,54.25;201.25,18;249.5,158.75;298,319.5;80.5,128.5;143,319.75;283.75,94.25;301.75,37.75
15469;29,90.5;201.25,18;219,161;301.5,322.5;80.5,128.5;112.75,275;237.25,141;279.5,7.5
9488;29,90.5;236.25,43.5;268.75,102.5;301.5,322.5;26.25,72;59.75,222;193.5,96;348,31.5
14876;70.5,102.75;236.25,43.5;252.75,117;301.5,322.5;5.75,42;61,170.75;126.25,105.75;300.25,62.5
37770;12,79;182.5,47;274.25,120;288.5,313.5;41.5,1.75;61,170.75;106.25,40.5;300.25,62.5
16704;11.5,51;182.5,47;255,188.25;304.25,262.75;15.25,69;26,124.5;115.75,29.75;300.25,62.5
19379;5,85.75;168.25,7.5;202.25,193.75;351,230;15.25,69;26,124.5;64.75,12.5;333.25,59.25
9485;56.25,58;168.25,7.5;244.75,175.75;308,260.75;8,139.25;41.75,78.5;64.75,12.5;353.25,22
41248;90.5,92.5;119,5;269.25,101.25;361.75,322.75;3,187.5;35,138.5;64.75,12.5;353.25,22
22525;78.5,139.5;106.75,41.25;259,40.25;303,318.25;3,187.5;25.75,125.25;111.5,11.5;353.25,22
1497;21.5,178.25;79.5,68;278.75,74.25;336.25,258.75;3,187.5;25.75,125.25;92.5,4.75;348.75,80.5
20600;58.75,171.75;79.5,68;302,56.5;363.75,275.5;3,187.5;85.75,144;98,59.25;335.25,50.25
13302;35.25,189;53,4.25;302,56.5;333,225;17.5,201.75;81.5,118.25;98,59.25;336,48.25
43028;2.75,175.5;122,11.75;302,56.5;333.25,172.25;36,221;39.25,112.25;126,9;336,48.25
24699;2.75,175.5;44.5,22;268.25,26.5;269,138;36,221;112,98;135.5,47.25;315.5,100
11975;65.25,210.25;68.75,24.25;227.5,56.25;238.25,74.5;23.25,287.25;112,98;183.5,68;315.5,100
38365;19.25,189.75;89.75,8;183.5,49.5;279.25,74;44.75,293.5;110.75,93.25;183.5,68;315.5,100
9444;53,217.25;123.75,4.75;145.75,27.5;295.75,74.75;18.5,248.5;112.75,102.75;183.5,68;315.5,100
36293;83.75,196.75;84.75,44.5;93,63;313,125.25;19.25,311;87.75,106.25;183.5,68;315.5,100
14427;53.25,188.25;88.75,100;95.5,91.75;257.5,134.5;19.25,311;139,137.25;142.75,89.25;315.5,100
25575;53.25,188.25;149,111.25;149.25,90.5;292.25,188.5;19.25,311;90.5,91;200,97;341.75,66.5
42974;68.25,208.75;149.25,90.5;184.75,112.25;279,230.75;11.75,308.5;81.5,88.25;222.5,131.5;341.75,66.5
47381;65.5,219.5;105.5,145.5;184.75,112.25;326.25,186.5;42.25,293;81.5,88.25;192.5,174.75;364,77.5
37049;31.25,242.5;105.5,145.5;184.75,112.25;260.5,176.75;33.5,234;85.25,146.25;218.75,108;356.25,12
16981;31.25,242.5;157,158;195.25,137.5;217.25,230.25;30.75,278.75;149.5,145.75;218.75,108;300.25,35
38810;52.25,239.75;155,223.25;163.5,148.5;171.5,229.75;21.5,311;149.5,145.75;251.25,176;300.25,35
21397;71.25,184.5;92.75,204.25;123.25,142;171.5,229.75;43,275;171.5,95;283,126.25;300.25,35
37067;2.75,179;43.5,242;153,128;213.75,232.5;43,275;171.5,95;254.5,176.75;336,52
42062;36.5,133.75;43.5,242;172,85.5;277.5,231.75;43,275;165,95;185.75,181.25;351.75,60
5469;34.75,71.75;93.5,204;151.75,124.25;239.5,287;14.25,291.5;161.25,51.25;185.75,181.25;351.75,60
6645;31,101.75;114,165.25;187.75,113.5;202.25,283.25;3,316.5;132.25,23.25;185.75,181.25;351.75,60
3968;15,128;99.5,189;183.5,50;215,277;29.5,285;132.25,23.25;188.5,173.75;351.75,60
16159;6.5,142.75;115.5,180;151.75,91.25;244.5,219.75;29.5,285;114.25,40;133.25,130.75;351.75,60
16203;78.5,161.25;123.25,143;151.75,91.25;280.5,231;101.5,269.5;102.75,107.5;115.75,199;351.75,60
34001;50,219.75;74.25,87.5;115.25,58;296.75,265;34.75,252.5;102.75,107.5;139.5,230;351.75,60
4130;77,256.5;78,25.25;79.5,58.5;302.25,318.75;34.75,252.5;105,105.75;138.25,271;351.75,60
38801;42.5,241.75;51.25,8;104,9.25;302.25,318.75;79.5,285;105.25,104.25;138.25,271;352.75,25
24997;9,306.5;50.25,55;168,30.5;302.25,318.75;74.25,265.75;108,112;130.25,195.5;352.75,25
18850;9,306.5;93.75,92.5;103.75,43.25;305,307;74.25,265.75;81.25,131.5;90.25,164;359.25,56.75
21290;9,306.5;152.5,88.5;183,41.5;305,307;22.75,213.75;90.5,170.5;124.5,197;356.5,9
30863;9,303;157.75,143.5;162,46.75;305,307;2,173.5;98,189.5;116.25,244.5;356.5,9
1319;9,303;123.75,179.5;162,46.75;263.75,291.5;56,151.5;59.25,214.5;70.25,211;342.25,52.25
20327;9.5,307.5;88.5,115.75;162,46.75;332.75,283.5;36.75,88.5;98.25,235.75;112.5,197.75;342.25,52.25
39451;30.5,300.5;89,111.5;111.75,23;310.75,321.75;67.75,108.25;72.25,296;112.5,197.75;342.25,52.25
32298;47.5,304;80.5,86.75;169.5,16.75;348.5,290;61.5,149.75;72.25,296;112.5,197.75;354,9.5
38259;60.5,281.5;158.5,96.75;230.5,57;362.75,247.75;2.25,171;29.75,226.5;112.5,197.75;354,9.5
29109;50.25,277.5;108.25,54.5;172.75,90.75;332.5,210;2.25,171;30.75,223;166,163.75;354,9.5
18205;120.5,265;143.5,19.25;178,85.5;335.75,149.75;2.25,171;85,249.25;132.5,198;354,9.5
27895;112.5,312.5;142.5,89;179.75,112.75;350.5,161;2.25,171;86.75,248.5;104.5,152.25;354,9.5
22862;112.5,312.5;163.5,60.25;187.25,152.75;303.25,136.25;2.25,171;80.25,320.25;129.25,99;346.5,50.5
31691;134.25,291;169,53.25;176,190.25;346,84;23.5,100;48.75,295;129.25,99;346.5,50.5
40070;134.25,291;187,75;226,169.75;309.5,113.75;24.75,108.25;48.75,295;152.5,50.25;300.25,22.75
40586;160,318.75;192.75,16.5;239.75,190;295.75,173.5;26.75,69.75;48.75,295;134.5,97.75;300.25,22.75
12451;140.25,296.5;154,34.25;226,129.25;300.5,230;26.75,69.75;48.75,295;169.5,146.25;300.25,22.75
48693;76.75,299.25;84.5,40.75;201.75,194.25;318,258.25;26.75,69.75;48.75,295;212.75,93.5;252.5,71.5
24480;112,314;118.25,68;148.75,187.25;342.75,228;8.5,70.5;48.75,295;217.5,113.75;252.5,71.5
42197;73,309.75;118.25,68;193,177.25;337.5,254.75;8.5,70.5;17.75,294;237.75,83.75;270.5,93.25
45954;73,309.75;182,41;225.75,128.75;361.5,229.25;8.5,70.5;21.5,222.5;211.5,139.5;331.75,57.5
34507;9.25,294;182,41;272.5,180.75;363.5,273;8.25,15;36.5,229.25;171.5,88.75;331.75,57.5
39904;46.5,267;177.5,37;229.75,170.25;370.25,313;8.25,15;36.5,229.25;154.5,90.25;289,51.5
15163;41.25,315.25;247.25,19.75;257.75,207.25;336.25,271.25;8.25,15;36.5,229.25;185,28;333.75,62.25
24729;109,314;210,25;257.75,207.25;279,274.25;8.25,15;11,243.5;161.25,52;343.75,119.25
10064;115.25,243.25;210,25;257.25,207.5;351.75,265.5;13.5,11;35.5,308.25;161.25,52;283.5,176
44534;115.25,243.25;221.25,79.25;230.5,237;313,233;10.5,43.25;35.5,308.25;168.5,50;251.75,129.5
22129;70.75,248.75;263.25,95.25;282.25,241.75;301.75,263.5;4.75,21.25;35.5,308.25;168.5,50;251.75,129.5
33216;70.75,248.75;275.5,103.5;333.5,225.5;355,225.5;4.75,21.25;19.25,272;115.5,78.5;204.25,177.5
31467;38.5,222;298.5,53.5;326.25,193.75;347.75,265.75;4.75,21.25;5,228.75;115.5,78.5;204.25,177.5
28447;4.5,265;248,34.75;300.75,237;362,216.25;4.75,21.25;12.25,202.75;115.5,78.5;173,162
19510;9,307;198.75,6.25;311.5,256;319.75,165.75;4.75,21.25;12.25,202.75;61.75,58.25;221.5,165.25
24304;65,268.75;255.5,19.5;301.25,321;351.5,214.25;4.75,21.25;12.25,202.75;63.25,58.5;214.75,191.5
18634;56,241;242.25,26.75;301.25,321;310.75,235.75;11.75,9.5;12.25,202.75;21.5,34;220.25,177.25
7336;59.5,219.25;231.75,78.75;244,305.5;322.25,193.25;11.75,9.5;15,252.25;21.5,34;144,187.75
30612;82.25,298.75;159.75,79.75;186.75,272;312.25,195.5;11.75,9.5;15,252.25;40.75,107.75;193.25,251.5
11364;67.75,309;106.25,18.25;137.5,225.75;294,114.5;3.5,43.5;15,252.25;96.75,65.5;193.25,251.5
4884;67.75,309;106.25,18.25;149.25,158;280.75,168.25;7.5,30.5;81,268.5;93.75,20.5;151.75,303
27593;105.25,319.5;106.25,18.25;133.5,126.75;355.75,153.75;7.5,30.5;88.25,248.75;113.25,38.5;145.5,283.75
180;42.5,302.25;131.5,9.5;133.5,126.75;337.25,134;76.75,13;88.25,248.75;108,112.25;129.5,315.25
4828;2,273.25;97.75,8;158.25,81.25;366.5,172;76.75,13;87.5,170.25;115.5,197.25;129.5,315.25
38341;2,273.25;139.75,22.25;158.25,81.25;294,167;21,43.25;121.5,115;131,199;154.5,319
41637;10.25,308.5;173,16.75;176.5,38.75;324.5,123;8,70.25;70.75,153;131,199;154.5,319
34133;10.25,308.5;110,35;176.5,38.75;324.5,123;8.25,146;19.75,125.75;165.25,162.5;181.5,271.75
1114;10.25,308.5;42.25,12.5;210,44;324.5,123;11.25,99.5;60.25,150.5;115.25,195.5;141.5,223.25
17432;10.25,308.5;71,76.25;270.5,35.5;320,197.5;4.75,173.5;71,81;111.25,153.25;141.5,223.25
14514;27,265;74.5,142;273.25,46;330.75,217.75;4.75,173.5;71,81;82.25,221.25;192.5,249.5
1558;27,265;136.75,129.75;275.5,65.75;282.75,164.5;4.75,173.5;28,34.5;76.5,202.75;161,278.75
19186;78,222.25;160.75,71.5;260,19.5;314.5,152;4.75,173.5;28,34.5;137.75,194;152,302.25
25933;117.25,207.25;160.75,71.5;211.5,5.25;309.5,209;4.75,173.5;44.75,24;85,169.25;115.75,310.5
13488;119,148.75;189.5,72.25;211.5,5.25;320.75,196.5;5,142.25;44.75,24;86.25,190;109,319
23836;158.75,194.75;159.75,72.25;260.5,57.25;272.5,164.5;9.5,201.75;44.75,24;86.25,190;109,319
4545;224.75,204;225,55.75;310.25,101.75;323.75,224.25;37.75,198.25;59.5,93.5;86.25,190;109,319
23393;243.25,136;268.75,10.25;308,137.25;308.75,258;20.5,174.5;29.25,43.25;86.25,190;109,319
21241;206.5,175.5;220.25,68.5;338,179.25;366.75,317.75;20.75,213.25;29.25,43.25;96,152.25;109,319
4907;268.25,129.5;285.25,102.25;303.75,190.75;366.75,317.75;12.25,268;66,31;96,152.25;150.75,273
14207;269.25,109;301,54;305.25,132.25;322.25,302;14.5,262.25;66,31;112.5,162.25;150.75,273
41673;270.75,105.75;301,54;306.5,132.75;322.25,302;5.75,310.75;108.75,54;120.75,94.25;170.75,294.25
5427;213.25,53;300,57;306.5,132.75;354.5,273;5.75,310.75;77.25,31;102.5,107.5;189.75,274.75
15165;181.75,111.5;322.5,104.25;324.5,152.75;338.5,245;47,260;77.25,31;102.5,107.5;245.75,245
7386;204.75,168.75;269,71.5;279,165;338.5,245;29.75,243.75;100,56.5;102.5,107.5;186,239.25
12503;173,189;234.25,118;297.25,184.75;352.25,214.25;29.75,243.75;98.25,108.5;100,56.5;228.5,249
23560;167.5,142.25;198,146;240,217;341,267.25;39.75,301;98.25,108.5;100,56.5;170.5,274.5
47629;148,159.25;201.75,166.25;240,217;369.75,311.25;11.75,291.5;113.75,87.5;153,48.75;170.5,274.5
17595;151.25,129.5;220.25,156.25;269,164.5;320.25,301.5;73.75,305;113.75,87.5;158.5,87.5;170.5,274.5
43659;151.25,129.5;278.25,164.25;279,214.75;283.25,276.5;86.5,268.5;99.75,143.25;158.5,87.5;170,274.75
47474;151.25,129.5;278.25,164.25;326.5,274.25;351.5,289.25;34.5,273.5;60.25,149.75;108.75,118.75;229,274.5
15005;196.25,130.5;235.75,207.75;342.25,288.5;363.25,318.5;34.5,273.5;79.75,121.5;144.5,90.25;229,274.5
22362;216,55.25;235.75,207.75;359.25,213.5;363.25,318.5;47.25,281;86.5,107.5;161.75,90.5;247,287.25
8072;224.75,65.75;235.75,207.75;359.25,213.5;363.25,318.5;83.25,258;160,91;170.75,92;227,313.25
13695;192.25,55.5;235.75,207.75;351.5,275.25;364.5,250;37.75,190.75;160,91;213,106.25;255.5,289
33863;192.25,55.5;201.5,259.5;360,214.25;364.25,265.75;42.25,145.75;160,91;215,154;254.25,242.75
38081;192.25,55.5;267.75,256.25;355.75,254.5;365.25,252.5;25.75,182.5;185.75,96.75;215,154;285,202.5
882;155.5,112.75;267.75,256.25;345.5,313.5;350,228.5;52.25,171.25;185.75,96.75;214.25,153.75;275.25,153.25
3379;149,156.5;288.25,245;301.25,304.5;362,230.75;83.75,211.5;185.75,96.75;214,154.75;275.25,153.25
44207;85.5,183.25;285.75,193;304.5,304.25;364.25,246.75;140.25,225.5;185.75,96.75;214,154.75;306.75,149.5
19922;109.5,200.25;285.75,193;316,322;364.25,246.75;90.25,268.25;192.25,97;219.75,177.25;334,199.5
9225;127,235.25;294,165;342.75,311.25;349,289.5;90.25,268.25;191.75,86.25;219.75,177.25;334,199.5
12634;75.5,205.5;291.25,101.75;302.5,322.75;344.5,314.25;91.25,270.25;191.75,86.25;219.75,177.25;295,195
29703;36,238.75;273.25,38.75;309.25,322.75;346.25,311.5;91.25,269.5;215.25,117.5;219.75,177.25;295,195
8046;52,293.25;317.75,3.25;327.25,313.5;366.75,317.75;91.25,270.25;215.25,117.5;219.75,177.25;272.25,196.5
3035;90.5,276;317.75,3.25;327.25,313.5;358.5,228;46.75,310.25;164.5,162.25;206.75,105.5;211.75,201.75
10079;91.75,316.75;317.75,3.25;344.25,288;358.5,228;26,239.75;85.75,196;138.5,71.25;241,242.75
9471;87.5,323;317.75,3.25;344.25,257.25;358.5,228;31.25,276.25;70,183.75;125.75,18.5;187.25,255.75
6728;99.75,282.5;246.75,27.75;285.5,320.25;315,151.25;16.5,251.5;70,183.75;99,82.5;187.25,255.75
5543;86.25,229.5;213.25,16.75;306.5,310.5;307.25,206.75;62.75,247;70,183.75;99,82.5;212.5,232.5
232;116.75,206.25;215.75,17.25;251.5,301;287.75,144.75;52.5,247.5;66.75,185.5;99,82.5;212.5,232.5
29586;61,241;192,38;214,311;226,129.25;52.5,247.5;64.75,163.5;137.5,57;212.5,232.5
9814;61,241;132.5,39;179.5,308.25;186.25,119.5;52.5,247.5;70,163.25;180.75,107.5;257.5,220.25
43171;28.25,269.25;64.25,7;109.25,294.75;132.5,90;14.5,309;70,163.25;167,38;257.5,220.25
6858;31.75,285.75;64.25,7;109.25,294.75;132.5,90;24,323.75;37.25,104.75;139.75,31.5;297.75,268.5
29736;1.5,298.5;64.25,7;123.25,281.5;153,169.75;24,323.75;71,118.25;72,3.25;299.5,265.75
21946;12.25,308;31.25,75.5;66.5,230.75;167.75,200.25;24,323.75;67.5,113.5;72,3.25;332.25,180.75
11236;12.25,308;49.5,126;91.75,189.5;217.75,214.75;45,320;46.75,144.25;133.25,22.75;332.25,180.75
43957;9.75,287;78.5,139.25;105.75,213.5;258.25,170.25;67.25,288.75;79.75,190.5;133.25,22.75;332.25,180.75
11820;65.75,313;96.5,202.25;108.75,231.5;297.75,212;76.25,283.25;80.5,236;133.25,22.75;332.25,180.75
27765;71.25,287.25;74,161.75;108.75,231.5;323.75,259.25;18,267.5;33.25,246.5;71.5,29.5;332.25,180.75
29167;11.75,301;28.25,114.5;57.25,240.75;339.75,209.75;44.25,293.5;63.25,201.75;71.5,29.5;332.25,180.75
33915;11.75,301;60,75.25;66.5,219.5;245.5,203.5;17.25,213.25;27.75,109.25;46.5,33.5;332.25,180.75
18528;1,281.5;11.5,35.5;66.5,219.5;229.75,201.5;13.5,295.75;61,91.75;61,104.5;332.25,180.75
39758;1,281.5;5.25,33.25;110.25,283.75;163,171.75;38.75,295.5;61,91.75;132.75,124.25;355,211.75
47140;1,281.5;39.25,82.5;67,293.5;163,171.75;23,323.75;88.75,67.5;194.75,178;322.75,191
11527;1,281.5;79.5,36.25;143.25,304.25;160.25,200.75;11,295.5;77.75,11.5;222.5,117.5;322.75,191
47201;62.25,268.5;64,7.75;136.25,225;138.5,160.25;70.25,260.5;77.75,11.5;160.5,92.5;322.75,191
36472;35.25,316.25;37,64.75;99,190.75;108.5,107.5;50.5,248.5;77.75,11.5;93.25,120.25;322.75,191
34485;50.25,308;74.5,85;113,168.25;131.5,78.75;50.5,248.5;77.75,11.5;118.5,143.25;273.75,194
4590;5,283.25;51.5,61.25;55,216.5;130.75,120;65.5,207.75;77.75,11.5;78.5,206.75;273.75,194
11919;5,283.25;51.5,61.25;54,216.5;158.25,194.25;50.25,222.5;74.75,21;107.25,227.75;279.25,245
15834;8.75,284;16.75,103.5;62,210.25;176.5,202.75;37.25,250.75;74.75,21;107.25,227.75;319,261
4358;49.25,241.5;51.75,54.75;66.25,171.75;133.25,200;37.25,250.75;94.5,8.75;107.25,227.75;339.5,309
30812;72.25,298.5;84.75,103.5;113.5,161.25;158.25,246.5;82.75,216.25;94.5,8.75;120,276.25;339.5,309
23948;53.5,279.75;96.5,58.5;157.75,156.75;158.25,246.5;82.75,286.25;94.5,8.75;186,303.75;291.25,312.5
14991;86.75,312.25;96.5,58.5;211.75,136.25;238.75,271;15.75,296.5;147.5,50.25;151,319;291.25,312.5
31985;129.75,292;137.5,93.25;230.25,88.5;238.75,271;35.25,253.75;94.75,64.5;151,319;300,239
44223;121.25,291;145.75,128.75;175.75,109.75;292,255.75;35.25,253.75;150.75,48.25;175.75,304.75;300,239
26828;81.75,248.25;145.75,128.75;229.5,85.25;341.5,217;37.25,190.75;157.25,55.75;175.75,304.75;337.5,287
1207;84.5,286;103,141.5;286.5,53.75;331.75,193.25;37.25,190.75;168.5,113.25;175.75,304.75;292,264
32904;84.5,286;103,141.5;286.5,53.75;298,194;10,238.25;104,97.25;226,306.25;338.5,257.5
34846;71,249.25;130.75,167.5;263.25,64.5;298,194;34.75,207.25;76.5,129.25;226,306.25;364.5,277.5
29023;71,249.25;148.25,224.5;291.5,14;294,207.5;9.25,189;91.25,64.5;226,306.25;306.25,303.5
24761;102.5,251.5;146.75,158;244.75,28.5;244.75,170.25;9.25,189;91.25,64.5;228,315.25;268.75,320.25
20642;27.75,259.25;117.25,233;271.25,30.5;319.75,206.75;9.25,189;146.5,55.75;228,315.25;265.5,243
41488;47.5,238.75;169.25,231;245.75,30;353,210.25;9.25,189;208.5,72.5;228,315.25;273,286.75
24918;66.75,193;136,214;270.75,102.75;302,164;59.5,202.5;223,127;228,315.25;273,286.75
2942;50.75,189.25;136,214;287.75,106;306,226.25;87.75,221.75;188,96.25;198.5,319.75;273,286.75
41402;111.5,206.25;126.5,186.25;290,166.25;350.5,242.75;87.75,221.75;126.75,105.75;162.75,302;273,286.75
34924;153.75,203;162,193.25;218.25,158.25;320.25,280.75;87.75,221.75;162.25,50.5;162.75,302;312.25,314.25
25842;154,226.25;163.5,226.25;206.25,201;320.25,280.75;121.75,229.25;161.25,88.25;182,317.5;312.25,314.25
47800;120.25,237.5;167.25,262.5;207,169.75;361.75,321.25;127,251.5;161.25,88.25;182,317.5;312.25,314.25
442;119.5,269.75;121.25,278.5;164.5,223.25;350.5,289.5;127,251.5;140.25,68.75;159.75,302.25;312.25,314.25
43908;106,283.5;117.75,251.75;164.5,223.25;327.5,237.5;127,251.5;143,50.5;153.25,271.75;325,287.25
36819;45.75,263.5;103,201.75;191.75,151.75;309.75,288;86,235;143,50.5;153.25,271.75;282.75,287.5
9681;45.25,264;60.75,157.5;155.25,125.75;340.25,318.5;113.25,224.5;143,50.5;184,275.75;282.75,287.5
32668;44,199.25;87.5,206.5;128,146.5;288,304.75;81,231.75;97,77;184,275.75;282.75,287.5
14520;47.25,190.25;145.25,226;175,161.25;246.75,310;81,231.75;97,77;126.5,295;265.25,260.25
17183;16.5,140.25;86.75,249.25;161.25,125.75;199.5,279.5;68,192.25;73.5,59.25;126.5,295;265.25,260.25
45311;16.5,140.25;28.25,226.5;152.75,129.5;164.75,324.25;72.25,184;73.5,59.25;122.75,266.5;239,275.25
32225;16.5,140.25;33.25,225;110.25,164.75;121,287;30,188.5;63,12;145.5,317.5;239,275.25
17146;7.5,104.75;27.5,208.5;110.25,164.75;155.5,224.75;7.25,194.5;63,12;186.25,287.5;233,273.25
33406;31.25,40.5;46,267.75;96,195.25;139.25,224;13.5,136;63,12;186.25,287.5;277.25,287
15752;75.75,44.5;79,247.75;96,195.25;147,227.25;13.5,136;60.5,3.75;221.25,248.5;259.75,252.25
3509;36,60.75;79,247.75;96,195.25;177.75,174.5;68,182.5;71.25,20;220.75,303;310,236.75
41243;49.25,45.75;86.25,201.75;135,239.75;177.75,174.5;26.75,202.25;46.5,75.25;168.5,313.5;310,236.75
2422;11.75,57.75;73.75,191.75;133,290.25;153,169.25;26.75,202.25;49,137;158.25,319;310,236.75
36926;11.75,57.75;83.25,136.75;122.25,304.5;160,126.75;28.75,172;49,137;172.25,319;303,196.75
3153;46.5,16.25;68,111;122,304;160,126.75;4.25,151;26.25,118.5;172.25,319;308.75,153.75
2235;16.75,32;68,111;169,271.25;198.5,168.5;4.25,151;5.5,54.75;184.5,275.25;328.25,191.25
8802;14.5,85.75;116.25,143;146.5,228.25;161.5,195.25;4.25,151;53.5,84.75;144.5,224.25;328.25,191.25
36995;7.25,52.75;93.25,141.5;148.25,158;213.75,228.25;4.25,151;68.75,8.5;144.5,224.25;320.75,181.75
35218;4.5,43.25;98.25,191.75;124.75,181.5;220.25,259.5;9.5,112.25;17,3;144.5,224.25;320.75,181.75
40728;4.5,43.25;160.25,224.25;161.5,232.75;174.25,311;48,144;67.75,9.25;160,279.25;320.75,181.75
33452;75.25,47.5;113,206.75;161.5,232.75;238.75,286.5;31.75,75.5;104,35;145.5,301;320.75,181.75
758;75.25,47.5;108.75,234.75;161.5,232.75;200.5,311;17.75,118.75;148.5,7.75;154.25,296.25;281.5,203.25
27792;51,7;75.25,186.5;154.75,248.75;227,270;17.75,118.75;148.5,7.75;220,270.5;247.5,196.5
41097;51,7;75.25,186.5;154,292;221,230.75;55.75,112.25;171.5,29.5;215.5,276;240.5,133.75
6916;36,23.25;51.25,182;196.5,294.25;221,230.75;55.75,112.25;122.75,45.5;210.5,277;230.25,73
28270;36,23.25;103,201.75;213.5,310.5;219.5,201.5;81.75,124.75;94.75,67.75;152.5,318;230.25,73
13716;36,23.25;50.5,248.5;146.75,310;271.5,150;12,148.25;58.75,134;177,300.75;230.25,73
7775;36,23.25;91.75,234;140.25,238.5;271.5,150;43.75,158;82,163.25;175.5,300.75;267,6.25
707;2.75,26.75;79.75,174.75;140.5,223.5;250.5,201.5;43.75,158;75,210.5;232.5,283.75;267,6.25
40332;39.5,91.25;44.5,239.75;155,201.5;299.25,167.5;94.5,137.25;108.25,153.25;232.5,283.75;267,6.25
23224;4.75,46.25;81.5,286;115.25,256.75;295.75,101.5;22.25,143.75;145.75,182;232.5,283.75;267,6.25
29983;32.25,87;140.75,299;164.5,215.75;295.75,101.5;22.25,143.75;186.25,196.5;235.5,291;325.25,1.75
9995;78.75,30.5;140.75,299;214,195.5;325,158.5;22.25,143.75;181.5,274.75;247.5,261.5;334.5,25.5
21948;70.75,57.75;112,314;214,195.5;332.25,88.25;42.25,76.75;111.75,280.75;247.5,261.5;284.25,59.5
35061;59.5,8.75;95,322.25;271.5,179.25;332.25,88.25;98.25,118;111.75,280.75;191.25,231.25;347.25,79.25
35659;59.5,8.75;95,322.25;278.25,118.75;332.25,88.25;159.75,96;181.25,289;187.5,173.25;363.5,53.25
10643;40.5,11.75;52.75,308.5;258.25,197.5;309.25,132.25;159.75,96;181.25,289;250.5,117;341.25,79.25
18348;4.75,10.75;52.75,308.5;277.75,168.5;294.75,101.25;158,88.25;223,320.5;250.5,117;314.25,81.5
5900;30.25,20.25;54,308;277.75,168.5;294.75,101.25;205.5,93.5;279,287.75;288.5,98.25;361.75,81.5
20374;3.25,7.75;89.25,300.75;277.75,168.5;315.5,113;205.5,93.5;264.75,269.25;275.5,63.25;350.25,77.5
28277;3.25,7.75;89.25,300.75;280,171.5;350,128.25;221.5,49.25;262.75,292;331.25,59.5;356,8
22898;3.25,7.75;8,307;255.5,96.75;350,128.25;221.25,52;289.5,248.5;316.5,26.25;348.75,80
28089;3.25,7.75;80.5,299;253.5,109.25;350,128.25;234.75,121.75;245,219.5;342.25,82.25;355.75,156.5
33819;3.25,7.75;31.25,314.25;252.25,111.75;350,128.25;205.5,173.5;256.75,168.5;354.25,25.5;356.75,171
24011;3.25,7.75;95,322.25;186.25,155.75;357.5,129;227.75,202.75;275,113.75;279.5,7.5;356.75,171
10790;3.25,7.75;95.75,322.25;183,232.75;357.5,129;244.5,226.75;272.75,59.25;294,51.5;307.75,197.75
31801;3.25,7.75;95.75,322.25;165.75,217.25;306,120.75;226.5,275;234.75,84.75;304.75,84;304.75,235.25
7390;3.25,7.75;89.25,300.25;169,220.25;321.75,54;226.5,275;274,126;341,108;353,198.75
30900;30.75,75.25;89.25,300.25;169,220.25;321.75,54;279.75,266;314.25,150.5;326.25,56.5;328,206.5
4117;30.75,75.25;130.75,291;207,269.5;329.75,58.75;279.75,266;280.5,88.25;299,115;330,129.5
31513;30.75,75.25;130.75,291;226.25,237.5;329.75,58.75;317.5,196.75;321.25,81.5;356.25,148.5;360.25,148.25
20670;56.5,63.25;201.5,308.25;302.25,190;329.75,58.75;286.5,216.75;321.25,81.5;352.75,161;362.75,235.5
21377;56.5,63.25;256.75,256.25;302.25,190;329.75,58.75;231.5,274.75;305.5,113.25;328.75,161;329.25,277.5
28665;68.75,75.25;219.25,302.5;251,172.75;329.75,58.75;231.5,274.75;249.25,118.5;315,161.75;320,196
42240;113.25,44.5;219.25,302.5;273,169.5;337,82;231.5,274.75;265,147.75;279.75,217.75;358,165.25
45623;153.5,28.75;199.5,306.75;273,169.5;337,82;240.75,236.25;264,129.75;287.75,287.25;358,165.25
13251;153.5,28.75;246.25,308.75;268.25,213.75;337,82;227,274.75;265.5,106;313,313.75;321.25,160
19022;168,67.5;297.5,321;301,254.5;329.25,26.25;188,320;265.5,106;313,313.75;348,204
29945;247.75,50.5;290,243.5;297.5,321;345.5,8.75;219.75,248.25;258.25,26.75;292,294.5;348,204
39449;247.75,50.5;290,243.5;297.5,321;336.75,66.75;263.5,219.25;311.25,31.75;338,314.5;360.5,148
35590;264.75,65;267,181;281,318.5;351.25,42;253.5,281;311.25,31.75;338,314.5;355.25,173.5
30497;222.25,56.25;273.5,90.75;281,318.5;350.75,41.75;261.75,245.5;311.25,31.75;343.75,276.75;355.25,163.25
38481;187.25,113;209.5,77.5;239.75,294.25;326.75,32.5;233.25,206.75;310.5,32.5;343.75,276.75;355.25,163.25
29625;187.25,113;201,46.75;240.25,293.5;319,25.5;233.25,206.75;263.75,83.5;284.5,301;319,98
26999;162.25,110.75;171.75,69.75;240.75,293.5;369.5,33.75;192.5,161;233.5,72.75;284.5,301;319,98
4990;147.75,111.25;171.75,69.75;195.5,269.5;366.75,71.25;190.5,161.5;233.5,72.75;325.5,287;344.25,138.25
19234;147.75,111.25;171.75,69.75;201,259.5;366.75,71.25;202.25,120.5;264,32.75;281,323.25;337,95.75
3610;146.25,110.75;171.75,69.75;267.25,255.25;351.75,102.25;202.25,120.5;253,35.5;314.75,312;350.25,83
36320;146.25,110.75;158.25,29;287,309.25;296.75,72;216.75,140.75;234.25,91.5;315,311.75;350.25,83
45263;84.5,86;143.75,76;223,303;266.5,103.5;171.5,87.25;216.75,140.75;315,311.75;353.75,54.25
23941;44,42.75;143.75,76;223,303;279.25,134.25;213,117.5;272.75,127.25;288.25,276.5;323.75,52
2194;61.25,4.25;143.75,76;247,312.75;279.25,134.25;240,102;283.75,95.5;305.25,277;330.25,67.75
46467;61.25,4.25;143.75,76;247,312.75;303.5,163.25;174,108;243.25,133.25;342,321.25;355,12
43106;38.5,46.75;176.5,42;251,275.5;302.5,113;144.5,91;219,92.5;342,321.25;355,12
7101;38.5,46.75;176.5,42;204.25,296.5;294,114.75;124,157.75;256.5,59.5;323.25,312.25;342.75,26
17298;30.5,42;211.25,81.25;245.5,308.5;297.5,137.5;83,189;257,12.25;323.25,312.25;342.75,26
3312;75.5,59;243.25,27.5;294,317.75;297.75,166;134.25,228.75;257,12.25;323.25,312.25;347.5,80.75
49917;10,54.25;264.5,18.5;316.25,294.25;360,129;168.5,221;308.5,33.75;323.25,312.25;347.5,80.75
33187;10,54.25;264.5,18.5;316.25,294.25;339.25,75.25;158,221;333.5,16;352.25,309.25;355.25,13.5
38965;4.25,3.25;219.75,31.25;254.75,261.25;340.75,75.75;179,238.25;321.5,66.25;352.25,309.25;355.25,13.5
32827;4.25,3.25;187,18.75;314.5,260.5;326.75,140.75;179,238.25;338.25,123.5;339.75,310;350.25,79.75
6753;4.25,3.25;148,33.25;324.5,197.75;357,164.25;136,244.75;337.75,124;339.75,310;364,50.5
45638;32.25,34.5;148,33.25;271.5,219.5;272.75,164;184,232.25;297.5,84.75;300.75,241;364,50.5
10196;11.5,41.75;166.25,99.75;259,175.5;271.5,219.5;248.25,255.5;294.5,115;343,287.75;364,50.5
7939;79.75,17.75;178.25,112.75;228,184;271.5,219.5;255.5,308.25;327,159;332,311;364,50.5
36986;114.75,14.75;135.5,149.5;228,184;239.5,260.25;274.25,304.25;300.75,127.25;347.5,319.5;364,50.5
23058;82.5,71.75;105.25,162.25;248,219;266.25,292;274.25,304.25;300.25,127.75;342,319.25;364,50.5
24686;41.25,31.25;51,201.75;242.25,170.25;278,248.75;286.25,260.75;300.25,127.75;336.75,309.5;364,50.5
10051;55.25,7.75;125,182.25;245.5,219.75;312.25,197;294,198.5;335,163.5;336.75,309.5;364,50.5
26978;116.75,19.5;138.75,184.5;206,259.5;360.75,238.5;278,202.25;295,203;336.75,309.5;364,50.5
39276;121.5,4.5;152.25,157.25;172.25,311;360.75,238.5;278,202.25;302.75,244.25;312.5,312.25;336,41
41008;108.75,50.25;152.25,157.25;172.25,311;360.75,238.5;281.25,217;322.25,159.5;342.25,228;353.25,55.5
31858;68.75,44.5;166,210.75;185.25,317;300.25,207.5;245,199.75;320.75,139.25;342.25,228;353.25,55.5
10187;21.75,85;160.25,148.5;185.25,317;263,219.75;244.5,198.25;294.5,194.5;320.5,159.25;353.25,55.5
14980;5,26.5;174.25,148.25;185.25,317;263,219.75;274,269.25;301.75,241.75;309,134.25;334.75,103.5
4233;76.5,43.25;236.5,171.25;242.5,315.25;344.75,224.5;274,269.25;301.75,241.75;309,85.75;309,134.25
10671;4,63.25;236.5,171.25;242.5,315.25;293.5,229.25;237.5,274.5;313.25,181.75;313.5,130.75;336,170
45763;4.75,85.5;236.5,171.25;243.5,315;346.5,272.75;178,316.5;282,220.75;283.25,142.75;336,170
5491;4.5,96.25;246.25,108.75;247.25,275.75;345.75,270.5;122,324.25;282,220.75;283.25,142.75;358.75,184.75
47356;52.5,145;196,72.25;203,307;304,310.5;107.75,245.5;223,275.5;283.25,142.75;358.75,184.75
16865;91,155.25;196,72.25;222.5,271.75;297.75,319.75;107.75,245.5;265.25,320.75;300.25,84.5;335.5,207
17543;55,179.25;170.5,87.75;205,229;307.75,262.5;107.75,245.5;265.25,320.75;291.5,98;310,211.25
552;99.75,208.5;181.5,72.75;205,229;352.5,262;143.5,226.5;256.5,292;291.5,98;350.75,225.25
31249;115.75,175.75;183,48.75;260.5,231.75;342.75,218.5;143.5,226.5;313,298.25;339.5,81.5;350.75,225.25
669;50.25,160.75;168,22;260.5,231.75;364.25,247.25;158.25,298.25;267.5,238.25;318.5,15.25;350.75,225.25
40288;94.25,158.5;116.75,35.75;287.25,229.75;329,293.5;158.25,298.25;231,291;318.5,15.25;353,277.75
2410;151.75,124.75;153.5,27.5;252.25,298;329,293.5;140.75,221.5;268.25,248;296.25,13;353,277.75
23735;91.75,96.5;147.25,76.5;284.75,278.25;309.25,258;174.5,165.75;245.5,316.5;296.25,13;353,277.75
29224;50,44.25;168.5,46;284.75,278.25;324,294.25;174.5,165.75;237,274.75;342.75,60;355.5,290.25
36326;5,62.25;170,18.25;312.25,297.5;324.25,282.25;174.5,165.75;220.75,248.25;342.75,60;355,283.5
21337;41,108;170,18.25;335.25,269.75;343.75,228.75;174.5,165.75;233.5,275.5;265.75,88.75;319.5,224.25
47442;41,108;195.25,7.25;334.5,270.5;343.75,228.75;167.5,160.75;181.5,319;201.75,63.75;294.5,277
8911;8,103.75;148.25,27.5;301.5,302;315.75,245;139.25,107.25;181.5,319;201.75,63.75;314.5,309.75
38954;58.25,143.75;98.5,20.75;348.75,242.75;362.5,228.75;139.25,107.25;181.5,319;256.25,9.5;290.75,312
18983;26.5,89.5;98.5,20.75;337,311.25;341.5,266.75;139.25,107.25;178,321.5;232,39.25;241.5,308.25
6674;2.75,90.5;102.5,19.25;342.75,311.75;356,253.5;150.5,50;178,321.5;232,39.25;241.5,308.25
22649;2.75,90.5;102.5,19.25;352.25,230.75;360.25,288.5;87.25,72.5;132,307.75;266,35.5;287.5,228.25
18024;1.75,23.75;93,78.25;312.25,242.25;346,287.75;68.25,56.25;132,307.75;263,86.25;287.5,228.25
47226;12.5,42.25;49.25,56.5;272.75,215.25;351.25,239;72.5,81;153.5,300.75;263,86.25;287.5,228.25
40643;12.5,42.25;38,94.5;238,276.5;348.25,304.5;12.5,68.5;156,318;263,86.25;276.25,233.25
49707;13.75,79.5;49.5,100.25;273.75,263.5;351.25,319.5;12.5,68.5;148,262;249.75,40;276.25,233.25
34012;10.5,108;95.25,84.75;285.5,318.75;350.5,308.75;12.5,68.5;129.5,217;249.75,40;266.25,282.5
14700;2.5,173.75;99,20.25;281.25,320.5;281.5,320.25;33.75,125.25;129.5,217;249.75,40;266.25,283.25
19056;34.25,157.75;131.5,76.75;212.5,311.75;355.5,313.5;33.75,125.25;129.5,217;227.25,47.75;260.75,255.25
16777;49.5,189;165,141;195.75,245;364.75,260.25;8.75,171.75;133.5,197.75;227.25,47.75;260.75,255.25
22466;76,176;165,141;195.75,245;310.25,290;37.75,118.75;119.25,171;217.75,76;300.75,194.25
34182;105.75,127.5;185.25,111.5;195.75,245;254.25,283.5;66.5,89.25;119.25,171;252.5,70.75;352,190.25
8070;70.5,175.25;167.5,135;179.25,260;254.25,283.5;103.25,76.75;116.25,199.25;252.5,70.75;296.75,194.25
2137;74.5,177.5;195.25,91.75;228.5,230.25;239.75,248;60.25,42.75;127.75,264.25;252.5,70.75;296.75,194.25
45767;72.25,113.25;195.25,91.75;199.75,176.75;239.75,260;43,77.25;115.25,324.5;225.25,90.75;296.75,194.25
30181;117.25,87.25;220,34.5;241,219;249.75,190;21.5,118.25;115.25,324.5;225.25,90.75;271.75,210.5
23604;141.25,101.75;168.25,22.25;221,218.25;240.75,162.5;40.25,89;115.25,324.5;225.25,90.75;301.75,197.25
3937;94.5,114.5;186.5,87.5;193.5,269.5;234.75,170.25;40.25,89;130.25,265.25;253.5,133.25;301.75,197.25
43046;44.5,123;196.75,113.75;214.75,219.5;251.25,154;20,99.75;128.25,217.25;253.5,133.25;301.75,197.25
14064;0.75,142;167.5,136;190.75,250;258,154;19.75,62;128.25,217.25;253.5,133.25;301.75,197.25
16630;28.75,119.75;146,129;190.75,250;202,178.25;20,5.25;128.25,217.25;206.25,86.25;327,205.25
37514;73.25,132.5;120,76.25;154.25,240.75;202,178.25;20,5.25;162.25,163;205.25,147.75;360.5,153.75
43038;55.25,98.75;77.75,109.75;113.25,252.75;176.5,176.25;20.5,29.75;162.25,163;247,194.5;360.5,153.75
2650;56,68.75;80.75,116;117,222.75;168.75,161.25;20.5,29.75;162.25,163;233.75,233.25;358.75,188.25
33825;73.75,83;93.5,57.5;100.75,282;202.25,168.25;8.5,69.5;162.25,163;233.75,233.25;358.75,158.5
6157;73.5,28.25;81.5,21.25;109.25,243.75;192.5,155.5;8.5,69.5;160,118.5;233.75,233.25;358.25,155.25
29504;50.25,56.25;88.25,92.25;92.75,189;186.75,111.75;19.5,29.75;193,98;233.75,233.25;358.25,155.25
14712;31.5,50.25;74.75,166;120,146.5;210.5,60.75;19.5,29.75;146.75,90.75;183.25,197;358.25,155.25
46346;31.5,50.25;42.75,182.5;120,146.5;210.5,60.75;3.75,38.5;80.5,125.5;205.25,145;303.25,198.75
47758;6.75,93.5;42.75,182.5;75,142.75;183.5,58.5;2.5,70.5;25,119.25;205.25,145;328.5,149.25
8920;6.75,93.5;62,125.75;87.25,141.5;130.5,25.5;2.5,70.5;20.5,103;221.75,169.5;353,189.5
6746;29.75,59;67,63;113.75,75.75;125.75,4.25;32.5,39.25;61.25,96.75;221.75,169.5;353,189.5
12101;29.75,59;108.5,109;114.25,21.5;161,34.75;57.25,35.25;61.25,96.75;204.75,144.5;352.5,152.5
43993;29,58.5;91.25,155.5;177,34.75;211.75,17.25;39,35.25;61.25,96.75;194.25,174.25;352.5,152.5
38296;10.5,81.5;113.25,113;176,50;275.5,19.5;39,35.25;102.75,98.5;194.25,174.25;357.75,211.5
26330;48.5,124.5;86.5,58;176,50;283.25,54;14.75,72;88.5,109;168.25,194.25;357.75,211.5
4591;73,88.5;76,86;168.75,99.75;276.25,18;5.25,31.75;86.25,40.25;168.25,194.25;357.75,211.5
36710;42.5,122.5;108.25,122.25;152.25,158.5;267.5,12.75;46.75,7.25;86.25,40.25;116.75,199.5;357.75,211.5
43904;12.5,55.75;70.25,97.5;165,147.5;242.75,27.75;46.75,7.25;105,8.5;157,224.25;357.75,211.5
4652;25.25,76;58,74.75;159.5,129.5;181.5,48.5;46.75,7.25;105,8.5;170.75,175;357.75,211.5
1419;23.25,63.75;36,110.75;115,186.25;197.75,62.75;46.75,7.25;127.5,78.5;170.75,175;346.75,277
501;9.5,7.75;36,110.75;115,186.25;204.5,11.25;81.25,11;90.25,94;123.5,195.5;313.75,230.25
46360;6,9.75;6.5,62.75;59.5,176.25;121.75,20;81.25,11;90.25,94;167,225;313.25,231.5
50505;20,63.25;36.25,39.5;59.5,176.25;121.75,20;28.75,26;79.25,122;210.75,276.25;314,206.25
25175;3.25,52.75;30.25,31.25;72.75,209.25;121.75,20;4.5,31;79.25,122;221.5,302;261.75,174.75
42204;4,106.25;30.25,31.25;35.75,138;176,34.25;4.5,31;9.5,171.25;236.5,274.75;285.75,143.25
36138;39.75,120.75;46.25,44.75;69.5,146.25;229.5,55.75;55.75,10.75;78.75,190.5;236.5,274.75;285.75,143.25
49204;38.75,62.25;51.25,68.25;85.25,149.75;208,63.5;55.75,10.75;86,168.5;182.75,290.25;285.75,143.25
9744;31.75,21.75;97.75,12;144.5,119.25;229.5,10.25;55.75,10.75;86,168.5;149.75,301.75;326.25,82.5
42247;9,47.25;54.25,57;177.25,124.75;221,70.25;55.75,10.75;86,168.5;88,283.5;326.75,82.75
4722;9,47.25;54.25,57;215.75,161.75;239.5,135.75;92.75,35;94.25,225;115.75,214.5;321,138.75
48974;12.75,9.25;51,7.25;215,161.25;268.25,151.75;84.25,13;94.25,225;115.75,214.5;356,164.75
13289;13.25,8.25;79,68;278.5,181;315,151.75;84.25,13;134.5,264.75;175.5,161.75;356,164.75
23447;48.5,61.75;107.75,17.75;287.25,169.5;311.5,145.5;115.5,38.5;153.75,301.75;175.5,161.75;356,164.75
1320;65.5,87.5;119.5,80;287.25,169.5;356.5,152.25;115.5,38.5;145.5,278.75;171.5,143.5;361.25,231
17295;70,131;132.5,46.5;267,183;356.5,152.25;113.75,77;157.75,272.25;165.75,189.5;361.25,231
11205;91.25,100;174.75,61.5;222.5,219.5;356.5,152.25;119.75,16.25;170,221;188.75,177.25;361.25,231
1570;53.5,47.25;114.25,45.25;239.75,258;347.75,98.75;119.75,16.25;157,237;188.75,177.25;328.5,191.75
24975;110,51.5;116.25,7.5;233.5,230.25;334.75,64.75;119.75,16.25;172.25,253;172.75,166;328.5,191.75
26876;57.75,4.25;59.75,57.5;280.25,219.75;350.25,26.25;119.75,16.25;151.75,225.75;222.5,160.25;328.5,191.75
25501;59.75,57.5;62.25,20.75;302.75,290.25;320.5,24.25;119.75,16.25;185,177.5;203.25,106.5;359.5,157
30229;10.25,62.25;79.25,85.25;300.25,259.5;348,36.5;119.75,12.25;185,109;185,177.5;359.5,157
43393;78,58.75;134.75,129;255.5,257;335.25,71.5;119.75,17.25;149.5,148.75;185,109;359.5,157
40611;105.25,12.25;136.75,189;211.75,224.75;355.75,91.75;119.75,17.25;132.25,99;178.75,126.75;359.5,157
570;89.75,12;197.5,167;223.75,260.5;319.25,56;119.75,17.25;189.5,58.25;234.25,117.25;359.5,157
37857;75.5,14.25;193.25,170;223.75,260.5;247.75,42.5;119.75,17.25;149.75,46.75;286.25,121.75;339.5,137.75
28788;75.5,14.25;193.25,170;212,259.5;253.5,19.5;49.5,2.5;152.75,34.75;301.25,186.75;318,87.75
46710;75.5,14.25;145,224;172.75,280.75;250,12.25;78.75,51.75;152.75,34.75;313.25,147.75;355.75,150.5
14912;52.75,75.25;145,224;172.75,280.75;250,12.25;121.5,23.5;161.5,30;335.5,206.5;358.75,164.25
48289;73.25,38;142,238.75;172.75,280.75;250,12.25;51.5,5;223,82.25;336,162.5;355,204.5
5366;73.75,23;112.5,202.25;185,318.25;250,12.25;45.5,76.25;223,82.25;273.25,196.25;354.25,247.75
9012;73,87.5;112.5,202.25;134.25,282.25;310.75,25.75;14,71.5;240.25,42.25;273.25,196.25;331,313.75
30251;53.25,46.75;74.5,177.5;115.25,309;277.5,71.5;14,71.5;182.75,32;263.25,241.75;331,313.75
19298;34,38.5;34.25,157.75;53.5,284.25;219.5,41;14,71.5;182.75,32;316.25,224.5;335.75,260
36903;78.5,43;89.25,195.75;89.5,298.25;165.25,23.25;48.75,3.25;182.75,32;316,226;335.75,260
43158;41.25,23;66.5,172.25;108.5,307.5;192.5,56;81.75,20.5;266.25,58.75;316,226;335.75,260
33166;16.75,30.5;18.25,190.25;108.5,307.5;210.75,42;104.75,76.75;266.25,58.75;296.25,197.75;319.25,311.25
12600;51.75,47.25;103.75,213.5;126.75,287.5;210.75,42;119.25,20;211.5,120.5;296.25,197.75;323,312.25
8669;48,99.75;58.5,247.5;95.75,295.75;210.75,42;119.25,20;200.25,148.75;291.75,170.25;314,310
38093;11,62.25;11.25,294;118,209.25;210.75,42;72.75,24.75;231.25,114.25;291.75,170.25;338.75,313.5
32661;69,75.75;74.75,298;176.5,192;202.25,62.5;90.5,32.25;231.25,114.25;323.5,163;338.75,313.5
31509;48.25,94.75;67.5,306.25;136.25,191.5;202.25,62.5;90.5,32.25;229,110.75;317.5,101.5;367.5,276.5
47719;48.25,94.75;74,304.5;133.25,160.25;218.75,0.75;134.25,71.25;229,110.75;332.75,59.75;338.75,314
19155;26.5,148.5;101,235.5;199.25,178.25;272.5,23.75;134.25,71.25;206.75,60.25;313.5,4.25;338.75,314
49874;34.5,170;146.25,240.5;168.5,161.5;304.25,32;134.25,71.25;246.5,70.75;313.5,4.25;353.75,288.25
16886;7.5,140.25;146.25,240.5;161.25,187;301.25,63.75;163,90.5;246.5,70.75;330.75,6.75;344.25,290.5
41314;7.5,140.25;146.25,240.5;160,188;294.75,8;226,106.5;268.5,126.25;289.25,51.25;354,299.25
28164;7.5,140.25;153.75,222.75;214.25,216.5;274.25,18.75;187.75,134.5;288.25,122.75;289.25,51.25;293.25,301.5
42372;66,148.25;133,188.25;190.75,259;341.5,3.5;164,96;288.25,122.75;289.25,51.25;293.25,301.5
29506;66,148.25;119.5,146.5;210.5,311;355.5,28.75;162,53;285,92.75;289.25,51.25;299.75,258
37983;32.5,209.25;72.5,88.5;167.5,307;355.5,28.75;210,100.25;235.25,156.5;289.25,51.25;314.25,314
46755;32.25,285.75;138.5,126;167.5,307;360.25,9;192.5,165.5;262.75,119.75;273.5,59.5;314.25,314
24835;40.5,301.5;155.5,108.25;172.25,299.25;360.25,9;219.25,176.75;270.5,181.5;285.75,26.25;314.25,314
15884;40.5,301.5;155.5,108.25;172.25,299.25;371.25,53.75;208.5,93.5;281.25,250.5;330.25,60.75;352.75,300.75
43174;15.75,295.5;174,141.75;174.75,296.75;330.5,80.75;241.5,48;281.25,250.5;330.25,60.75;346.25,278.5
9991;8.5,306;160.25,147;165,254.75;336.5,57.75;251.75,6.25;281.25,250.5;330.25,60.75;346.25,278.5
14809;9,300.5;142,127.5;169.5,308.5;354.75,14.75;197.5,13.75;256,230;330.25,60.75;346.25,278.5
3388;80.25,286.25;113.5,207.75;168.25,322;354.75,14.75;148.75,7.75;264.25,257.25;311,8.25;346.25,278.5
13746;83.5,255.25;170.25,222.75;204.75,319;317.75,71.25;100,6;240.25,194.75;311,8.25;346.25,278.5
29044;98.75,257;115.5,223;232.5,277;303,54.5;100,6;277.75,186.75;311,8.25;323,313.75
25902;125,200.5;155,203;186.25,239.75;365.25,38.5;67,29.5;276.25,207.75;311,8.25;323,313.75
9655;38.25,222.5;98.75,164.75;186.25,239.75;365.25,38.5;65.25,8.75;225.75,256.75;251.75,5.75;263.75,265.5
17069;17.25,248.5;94.5,149;156,297.5;357.5,89.75;50.75,75.25;225.75,256.75;251.75,5.75;262.25,290.5
38210;40.75,199.75;84,142.5;156,297.5;302.75,135.25;8.25,43.75;229.75,220.25;251.75,5.75;301.25,283.25
3951;33.75,190;84,142.5;98.5,296;231.75,150.25;77,60;221.5,278.75;251.75,5.75;352.75,289.75
20565;1.5,231.5;145.75,183;150.5,298.75;268.75,104.5;58.75,68.5;221.5,278.75;277.5,26.75;352.75,289.75
9502;15.5,264.5;143.75,240;150.5,298.75;236.75,119.5;46.75,111.25;221.5,278.75;287,34.5;342,319.25
30538;15.5,264.5;143.75,240;150.5,298.75;250.25,96.25;95.75,136.75;271,287.25;273,102.25;300.5,281.75
49474;71,318.25;126,246.25;171.5,229.75;228.25,32.5;19.25,149.75;271,287.25;273,102.25;356.75,290.25
9472;50,307.75;136.25,192;208,168.5;228.25,32.5;38.5,175.25;271,287.25;279,174;329,253.75
34771;51.75,295;139.25,149.75;208,168.5;215.75,56.25;59.5,202;264.25,252.5;326.75,163;329,253.75
35578;51.75,295;124.25,183;153.25,125.75;185.25,63;55.25,142.25;280.25,203;326.75,163;356.75,245
34039;55,219;77.75,146.75;153.25,125.75;257.5,19;12,203.25;255.75,133.75;332.75,147;356.75,245
31765;28,265.25;55,166.5;153.25,125.75;216.25,3.75;48,161.75;279.5,88.5;292.75,195.25;356.75,245
4994;2.25,302.75;77,177.75;80,141.25;244.5,64.5;63.25,91.5;288.25,17.75;292.75,195.25;356.75,245
28640;73.25,305.5;77,177.75;88,149;293.75,54.5;12,33;291,30.25;292.75,195.25;327,225.5
11086;73.25,305.5;115.25,214;162,146.5;350.25,94.75;3.25,21.25;263.75,24.5;292.75,195.25;349.75,187.25
26271;95,299.5;146.75,224;149.5,202.25;335,141.25;69.75,52;194,8.75;292.75,195.25;349.75,187.25
13568;95,299.5;211.5,252;224,211.25;358.5,135;70,53.25;235,9.25;274.5,264;349.75,187.25
893;95,299.5;224,211.25;243,275.5;295,161;115.5,91.5;275.25,31.5;289.75,299.25;339.25,150.25
8958;95,299.5;224,211.25;263.75,300.5;291,115;137.5,59;256.25,17.75;323.75,312.5;329.5,181.75
28582;90.75,283.5;256.25,155.25;312.75,301;325.5,146;118.75,101.75;261,38.5;323.75,312.5;329.5,181.75
23549;55.75,243.25;315.5,152.5;330,307.5;340.5,75.5;56.5,90.25;262.5,38.5;323.75,312.5;329.5,181.75
27413;55.75,243.25;287,167;330,307.5;358,112.25;23.75,100.5;239.5,12;300.75,242.75;340.25,184.25
7360;9.75,261.75;295,103.75;333.5,283.75;357.5,161.25;19.5,156.5;240.5,75.75;300.75,242.75;340.25,184.25
31110;69.25,293.5;241.25,93.75;333.5,283.75;341,131;19.5,156.5;237,64.75;286.25,228;320.5,197.75
37577;79.5,240.75;279,56.5;357,297;359,131;50.5,198.75;235.25,64.25;286.25,228;320.5,197.75
38738;100.5,284.75;300.25,55.5;357,297;359,131;30.5,213.5;219.25,19.5;248.75,215.75;355.75,149
4805;139.5,264.75;308,33.5;357,297;364,187.25;30.5,213.5;235.25,76.5;320.5,196;341.75,100.25
12035;212,276.75;239,22.5;329.75,320.25;357.5,138.75;30.5,213.5;248,16;320.5,196;341.75,100.25
17539;212,276.75;239,22.5;329.75,320.25;340.5,100.5;26.75,207.25;176.25,7.5;336.5,204.25;360,157.75
9377;155.5,227.5;175,20.5;329.75,320.25;340.25,80.5;96.75,190.5;163.5,48.75;314.75,276.75;360,157.75
4677;122.5,285;163.5,5;329.75,320.25;339,25;161.25,195.25;163.5,48.75;316.25,276.5;360.5,222.5
37903;182,317;240.5,29.75;295,250.75;356.75,32.75;103.75,225.75;247,5.75;316.25,276.5;360.5,222.5
21211;160.5,278.25;230.5,54.25;334.25,244.5;366.5,31;63.75,285;251,75.5;316.25,276.5;360.5,222.5
43975;160.5,278.25;203.25,56.25;351,229.5;357.5,36.5;42.5,263.25;251,75.5;310.5,233;359.75,192.25
17227;89.25,286.25;256.25,39.75;356.25,228.75;356.5,99.75;2.25,311;251,75.5;276.25,283;359.75,192.25
32407;82.5,207.5;256.25,39.75;287.75,183;356,127;2.25,311;183.75,30.25;314,310.25;359.75,145.5
10653;52,219.75;192.5,50.5;222,218.75;329.75,49.5;33.25,253.25;183.75,30.25;327.5,289;359.75,145.5
44770;47,259;195,83.75;235,248.75;329.75,49.5;33.25,253.25;219.25,37;273.75,306;328.75,136.5
28657;42,273.5;131.25,88.75;179.5,260.25;318.25,2.25;33.25,253.25;219.25,37;331.75,314.5;334.5,162.25
39247;42.5,304;110.75,60.75;179.5,260.25;271.25,64.75;49.75,198.75;225,82.5;331.75,314.5;340.5,97.75
35114;42.5,304;138.5,41;153.25,227.5;266.75,101.75;54,254.25;206.75,120.5;331.75,314.5;356.25,157.75
11248;42.5,304;135.25,56.25;214.5,259;266.75,101.75;22,202.5;179,165;281.25,293.25;323,221.5
44538;87.75,300.75;109.5,40.75;172.5,260.75;297.75,72.75;4.5,246.5;179,165;241.25,320.75;323,221.5
29136;82.25,305.5;147.25,41.75;153.25,228.25;313.25,127.25;4.5,246.5;172,164.75;241.25,320.75;314.25,163
26480;24.75,311.25;90.5,85;125.5,293.75;295.5,151;4.5,246.5;137.25,199;241.25,320.75;286.5,218.75
4226;24.75,311.25;41.5,47.25;162,261.25;232.5,170.75;4.5,246.5;181.5,236.25;253.25,268.75;321.5,160.25
20951;24.75,311.25;98.25,12;162,261.25;232.5,170.75;44.75,295.5;114.75,229.25;271,313;289,101.75
1372;24.75,311.25;128,40;148.5,222.75;269,168.75;44.75,295.5;143,223;303,282.5;319.25,159.5
13470;58,272.25;61.5,66.5;102,248.5;297.5,114;106,274.25;109.25,241;303,282.5;319.25,159.5
23199;46,285.5;60.5,5.5;141,283.25;296,125.75;55.5,295.5;154.25,188.75;303,282.5;319.25,159.5
15194;47.75,286;60.5,5.5;141,283.25;287.5,167.75;71.75,288.75;213.75,178;248.75,293.75;267,180.5
1123;7.25,291.5;65.5,25.25;168.75,279;342.75,217.75;71.75,288.75;213.75,178;276.5,286.25;285.25,196
47490;7.25,291.5;106.25,11;156.75,228.25;309.5,242;15,306.5;213.75,178;264,317.25;354,204.25
15698;13.5,317.25;117.75,48.5;156.75,228.25;308,309.5;23.5,309.5;215.5,119.5;221.5,272.5;354,204.25
48386;8,307.5;117.75,48.5;156.75,228.25;308,309.5;4.5,308.5;276.5,134.5;280.5,286.75;316.75,242.5
14595;8,307.5;79.75,110;80.75,201.75;362.25,314;4.5,308.5;221.75,73;238.25,255.5;352.25,288.25
10387;2,292;10.5,106.25;80.25,202.5;322.5,258.25;4.5,308.5;238,114.25;238.25,255.5;320.5,250.5
39504;2,292;18.25,42.75;54.5,201.25;310.25,258.25;30,306.5;210.75,173.5;238.25,255.5;339,223.75
48697;2,292;12.75,7.25;54.5,201.25;344,311.5;30,306.5;220.5,166.25;237,309.25;337.5,174.5
6158;2,292;16,42.25;47,122;319.5,321.25;30,306.5;154.5,111.25;265.75,317.25;354.75,205
11408;0.25,291.5;16,42.25;80.25,139.25;356.5,304.5;13,307.5;154.5,111.25;218.75,264.25;366.75,141
25443;14.75,309;43,107.25;158.25,140.5;281.25,322.75;13,307.5;154.5,111.25;183.5,214;348.5,139.75
34509;14.75,309;30.5,72.5;149,97.5;283.5,319.5;8,284.75;176.75,48.75;183,132;348.5,139.75
41396;32,314.5;64,19.75;123.5,85;301.25,320.25;8,284.75;116,9.5;139.75,68.25;348.5,139.75
12136;32,314.5;63.25,20.5;164.5,96.25;301.25,320.25;78.5,277.25;79.25,10.75;94,14;296.75,197.5
8490;1.75,276.75;38.75,57.25;241.75,135.75;301.25,320.25;78.5,277.25;140.25,68.75;155,48;274.75,251.75
3787;1.75,276.75;92.75,103;207.75,175.5;282.5,319.75;108,265;151.5,89.25;155,48;296.75,234.25
10796;16.25,309.5;115.25,72.5;141,158.75;230,313.25;124.5,199.25;130.75,20.5;151.5,89.25;296.75,234.25
49897;33.5,312.75;127.75,30.5;164,226;170.5,324;124.5,199.25;159.75,53.5;160.5,78.5;296.75,234.25
35171;67.75,293.5;116,35.5;125.5,279;185.5,316.75;124.5,199.25;132.75,21.25;158.5,30.25;296.75,234.25
5473;91.5,286;116,35.5;117.25,204.25;185.5,316.75;133.5,122.75;158.25,68.25;191.5,98.25;270,202.5
29864;59,252.75;97.75,3.75;145,128.5;185.5,316.75;133.5,122.75;186.5,29.5;250,141.25;304.25,194.25
31511;39,240;50.25,9;161,99.25;185.5,316.75;141.75,92.75;186.5,29.5;240.5,76.75;357.75,238.5
8309;39,240;52.25,45.25;181.5,139.25;185.5,316.75;158,14.75;166.5,38;254.5,45.75;294.75,194.5
35791;37,263.75;62.25,57;139.5,90.75;159,274.75;78,19.5;166.5,38;291,41.25;294.75,194.5
31567;37,263.75;62.25,57;144.75,125.25;227,316.25;86.5,71.75;114.25,12.75;317,32.25;339.75,168.5
48331;36.25,196.5;75,88;144.75,125.25;223,291.25;137.5,58.5;152.5,51.5;309.5,2.25;339.75,168.5
39532;36.25,196.5;108.75,122.75;208.75,131.25;209,311.5;115.75,22.75;220.75,41.75;309.5,2.25;346.75,207.25
40735;49.25,175.25;108.75,122.75;162,98.75;223.5,302.75;53.75,8.5;147.25,52.5;284.25,41.5;346.75,207.25
3643;27.25,154.25;108.75,122.75;204.75,63;223.5,302.75;9.5,13.25;121.25,18.75;323.25,41.5;334,196.5
17621;100.75,191.5;135.25,200.75;161,128;164.5,324.25;9.5,13.25;121.25,18.75;301,14.5;334,196.5
21539;176.5,193.5;186.75,253.5;195.75,170;206.75,290.75;21.5,24.5;108.5,12;301,14.5;334,196.5
31598;152.5,228;155.25,289.75;162.5,193.25;174,295.25;21.5,24.5;108.5,12;262.25,36.5;334,196.5
35055;86,280.5;88,270.75;116,222.5;255.75,267.25;21.5,24.5;125.25,19.5;236.25,73;334,196.5
25087;80.25,321.5;103,231;163.75,210.25;287.75,261.5;42.5,49;147.25,65.75;236.25,73;334,196.5
6934;80.25,321.5;103,231;203.75,168.25;287.75,261.5;19.25,57;135.75,91.5;245,28.25;350.5,138.75
19338;80.5,318.25;91.75,188;243,162.5;247.75,279.75;12,68.75;111.25,77;245,28.25;350.5,138.75
11896;100,283;107,222.25;238.25,147.25;280,287;14,20;61.75,66;245,28.25;350.5,138.75
37902;100,283;115.5,161.25;271,165.25;280,287;18.75,61.25;51,33.5;301,27;318.75,163.75
42846;100,283;106,195.75;275.5,179.5;280,287;48,90.25;84.5,72.75;227.5,16;359.25,192.25
20274;82.25,270.5;143.5,239.5;242.5,132;277,278.25;48,90.25;114,106;227.5,16;301.75,197.5
41992;82.25,270.5;145.25,224;279.5,166.5;291.25,306.75;53,129.5;156,96;187.25,26.75;301.75,197.5
24730;116.25,270.25;126.75,200.75;254,225.25;291.25,306.75;58.25,127;156,96;212.5,46.5;276.25,195
46323;116.25,270.25;128.5,213.5;215.5,251.5;291.25,306.75;56.75,177.25;199,85;219.25,18.5;241,219.5
44578;120.5,281;134.25,214;251.25,302.25;297.5,264.25;56.75,177.25;201.5,100.25;219.25,18.5;241,219.5
27370;51.75,306.25;134.25,214;192.75,278.75;289.25,322.25;4.75,145;201.5,100.25;246.5,58;263,244
33020;114.75,316.5;124.5,201;228.75,235.5;251.25,302.75;4.75,145;179.5,162.5;212.75,99;263,244
48985;114.75,316.5;136,202;231,242.25;290.5,252.5;10.75,92.25;179.5,162.5;208,47.75;236.5,257.75
18097;122.75,260.75;136,202;244.25,298.75;341,224.5;32,100.5;179.5,162.5;186.75,99.75;248.25,251
14018;122.75,260.75;135.5,200.5;306.5,321.25;355,289.5;91.25,65;179.5,162.5;215,106;215.75,255.75
35499;93,281.5;134.5,203.5;314,313.5;364.75,311.25;91.25,65;179.5,162.5;246.5,81.25;260.75,294
34198;41.5,313.5;76.75,227.75;278.75,241.25;290,319.5;58.25,111.75;179.5,162.5;222,50;260.75,294
26500;16,265;81.25,299.75;260,273;290,319.5;104.75,150.25;179.5,162.5;225,108.5;241.5,309.25
11719;54,252.5;54.5,248.25;225,291.75;290,319.5;58.5,101;125.75,196.5;225,108.5;227,284.25
33490;18.25,311;72,219.5;225,291.75;270.5,285.75;56.25,171.25;125.75,196.5;164,96.5;187.5,251
16679;18.25,311;75.25,187.5;225,291.75;263.75,304;56.5,172.75;168.25,224.5;168.75,89;173.75,196.5
6553;9,304.5;136.25,158.25;225,291.75;262.75,305;88.25,189;109,245.25;168.75,89;195.25,176.75
21705;9,304.5;167.5,110.25;208.5,311.25;263.25,322.25;76,132.25;109,245.25;166,17.75;196.5,221
30354;9.75,295.5;141.5,90;146,305.75;239.25,259.75;19,150;107.75,243.25;166,17.75;196.5,221
28586;67.25,295;134.25,24.75;146,305.75;185.75,254.75;34,123.5;119.25,283.5;166,17.75;223.75,215.25
21573;15.75,305;105.75,36.25;123,253.25;226,280;34,123.5;151.75,298.5;166,17.75;246.75,237.25
38215;52.75,308.25;71.75,32;116.75,252.75;226,280;84,135.5;150.5,302.5;166.75,41.5;246.75,237.25
31301;74,255;102.75,32.5;110,318;264.75,294;84,135.5;150.5,302.5;166.75,41.5;299,261.75
16498;90.75,213.5;112,42.25;140.5,264.25;256.5,276.75;42.75,137.75;127.5,289.25;166.75,41.5;299,261.75
4493;90.75,213.5;177.5,35;199,246.75;221.5,238.75;56.5,92.25;127.5,289.25;186.25,6.5;265.75,317.25
20497;130.25,213.5;141.5,21.75;164.75,223.75;277,248;69.5,51.5;127.5,289.25;186.25,6.5;243.5,291.5
16912;102.75,281.5;105,14.75;204.5,179.5;281.75,320.75;69.5,51.5;127,289.5;160.5,53.5;243.5,291.5
33799;88.75,312;151,28;163.75,161.5;235,302.5;69.5,51.5;122.5,276.25;160.5,53.5;180.75,290.25
12838;88.75,312;102.5,7;157.5,159.5;304.5,312.75;7,35;97,281.25;160.5,53.5;222.5,321
4521;26.25,310.75;64.75,57.5;194.75,93.25;355.5,255.75;7,35;130.25,264.25;160.5,53.5;162,278.75
28004;3.5,241;64.75,57.5;185.5,103.25;349.5,231.25;48.75,77.25;129.5,199;154,12.25;162,278.75
46614;35,297;38.75,81.5;242.75,75.5;365.5,248;48.75,77.25;85.5,167;160.75,66.75;162,278.75
44325;35,297;38.75,81.5;268.75,17.5;365.5,248;30.75,147.25;99,189.5;146.5,38.25;157,244.75
317;35,297;38.75,81.5;274.25,19.5;349.25,227.75;19,178.5;81.75,124.75;185.75,27.25;192.25,247.5
12325;72.75,298;97,27;274.25,19.5;312,154.75;73,207;108,112.5;150,34.5;192.25,247.5
46209;122.5,280;152.75,46.5;335.75,31;351.5,197.75;17.75,215.25;108,112.5;150,34.5;192.25,247.5
7491;122.5,280;155,97.5;335.75,31;360.75,214;69,192.25;81.5,151.25;97.75,66;171.5,295.25
8631;122.5,280;225,74.5;335.75,31;360.75,214;8,243.5;59.5,203.5;133.25,126.25;228,318.75
21908;158.25,298.25;213.25,21.75;283.75,25.75;360.75,214;30.75,276.25;56.5,232.5;133.25,126.25;227.5,321.5
43527;144,296.5;191.5,69.75;283.75,25.75;319.25,241.5;24.25,250;56.5,232.5;69,129;223,318
7903;144,296.5;233.5,22.5;280.5,71.75;361,288.5;25.5,262.25;91.75,221;108.75,118.25;223,318
20149;88.5,274.5;182.25,23;269.5,70.75;349.75,317.5;58.25,273.75;106.25,200;108.75,118.25;223,318
27614;28.75,318.75;173.75,47.25;293.5,26.5;349.75,317.5;87.5,313.75;113.5,215.75;114,100.25;223,318
13825;21.25,305.25;201.5,70;264.5,18.5;331.25,235.75;4,308;39.25,177.75;114,100.25;223,318
29159;52,285;221.5,64;292,55.75;309.25,285.5;4,308;44.25,178;160.5,52.75;223,318
18670;34.5,228.75;269.5,104.5;292.5,52.25;341.75,313.25;4,308;39,198;98.25,66.25;223,318
927;25.25,262.25;271.25,164.75;282.5,53.75;284.5,321.5;4,308;39.5,197.75;101.25,40.5;223,318
7358;8.25,233;240.75,98.5;365.5,39.75;365.75,313.75;4,308;39.5,197.75;145.75,49;235.25,283.25
30735;61.75,249.75;202.5,40.5;332.75,98;365.75,313.75;4,308;16.5,120.25;205.25,6;263.75,274
13060;102.75,239.25;241.5,102.25;332.75,98;362,273.5;27,292.5;31.5,119.25;201.5,21.75;263.75,274
4680;72.75,252;221,136;289,85;309.25,246.25;3.25,232.5;79.75,81.5;201.5,21.75;263.75,274
12979;98,308.75;259.25,171.25;262.75,27;309.25,246.25;51.25,223;79.75,81.5;254.25,41.25;259.5,214.5
38581;116.75,312;193.75,135.25;241.75,94.5;309.25,246.25;6.5,238.75;22.5,124;254.25,41.25;284,218.25
26549;89,317.5;183.25,144.5;208.75,93.25;325.75,191.25;6.5,238.75;22.5,124;283,37.75;328.25,178.25
13141;89,317.5;159.75,76.75;249.5,96;281.5,229;24.75,186.75;69.5,80;283,37.75;357.5,170.75
28780;87.75,323.5;147,45.25;291,111.75;292.25,259.5;59,176.75;69.5,80;283,37.75;325.75,180.25
38731;87.75,323.5;147,45.25;291,111.75;299.75,318;35.5,192;55.5,28;341,32.25;358.5,150.5
28861;102.5,295;113.5,59.5;242.25,158.5;286,319.75;35.5,192;55.5,28;341,32.25;355.5,106
5096;111,316;135.5,129.5;215.75,227.75;285,263;35.5,192;55.5,28;338.5,35.25;355.5,106
24323;145.25,301.75;187,102;266,241.75;353,272.75;2.75,139.25;55.5,28;338.5,35.25;345.75,119
32995;144.5,320.25;187.25,53.75;243.25,258;353,272.75;2.75,139.25;7.25,34.25;295.5,84.75;337.5,78.75
28424;75.25,298.5;161.5,115.75;290.25,317.75;366.25,210.25;2.75,139.25;75.75,13;295.5,84.75;352.25,5.75
27258;70.5,256.75;182.75,110.75;300.25,262.75;320.25,159.5;18.5,71.5;75.75,13;225.5,85;352.25,5.75
7392;137.25,267.25;152.25,129.25;278.5,254.75;365.75,209.5;18.5,71.5;96,34.5;235.75,132.25;352.25,5.75
43608;146.75,310;160.5,124.75;332,246.75;345,241.25;35.5,132.5;96,34.5;289,107.75;352.25,5.75
49231;84.75,312.25;91.25,157;332,246.75;345,241.25;27.25,202.25;154,44.75;253.5,52;332.25,59.5
36929;28,270;50.5,217.5;330.25,279.5;337.25,235.75;27.25,202.25;158.25,45.5;229.25,79.25;332.25,59.5
50158;50.25,311.25;100,221;307.5,321.25;349,242.75;9.75,202.75;158.25,45.5;245.5,84.25;332.25,59.5
20568;17.25,264.75;65,172.25;327.5,322.5;359.25,289.5;67.5,192.25;182.75,105.5;245.5,84.25;332.25,59.5
12167;36,243;91.5,140.25;288,295.5;312.75,305.75;65,188.75;182.75,105.5;245.5,84.25;283.5,36.75
1177;81.25,193.5;159,124.25;248,270.75;325.75,314.75;70.5,125.5;127.25,77;245.5,84.25;283.5,36.75
9539;81.25,193.5;186,157;222,252.5;304.25,300.75;123.25,117.5;141.75,88.5;217.75,71.5;283.5,36.75
29613;81.25,193.5;159.5,124.25;190,221.5;301,318;93.25,116;126,72.25;187.75,106.5;283.5,36.75
17902;69,142;175.25,89.25;227.75,203;313.25,299.5;93.25,116;126,72.25;201.75,69;221,39.25
14096;86,203.5;201.5,46.25;259,220;313.25,299.5;74.75,131;113.5,38.25;201.75,69;257.25,49.5
400;29.25,204.5;254.75,38.5;279.25,167.75;281.5,318;74.75,131;113.5,38.25;201.75,68.5;272,91.25
11224;7,174.75;252.75,19.25;278.25,129;312.25,262.5;47.75,198.5;60,41.5;201.75,68.5;272,91.25
2588;14.5,176.5;268.75,35;285.5,75.5;317,229.5;47.75,198.5;60,41.5;214.75,117.5;311.75,123
33567;72.5,166.25;241,40.25;293.75,111.75;352.25,260.75;47.75,198.5;60,41.5;190.5,106;269,175.25
18031;25.75,138.5;293,70.25;324.5,151.25;340.75,216.75;47.75,198.5;60,41.5;187,173.75;290.5,226.5
1929;0.75,85.5;319.5,113.75;326.75,113;340.75,216.75;40,142.75;108,78;187,173.75;233.75,217.25
38565;27,86.25;280.5,123;310.25,101.25;357,172.25;97,157.25;108,78;202.75,163.25;233.75,217.25
20910;14.75,63.75;268.5,106.25;355.75,85.25;357,163.25;97,157.25;108,78;205.75,143;277.5,173
31872;14.75,63.75;289.75,155.25;296.5,87.5;333.25,225;89.25,73.25;97,157.25;240.75,84.75;295,140
18558;57.25,56.75;273.75,164.75;291.75,52.25;358.75,288;89.25,73.25;97,157.25;240.5,92;321.25,139.25
9045;13.5,53.5;273.75,164.75;323.25,25;332.25,246.25;89.25,73.25;130.75,140.75;301.25,86.25;339,147.75
17748;10,54.25;272,180.25;323.25,25;348.5,289.5;89.25,73.25;123.75,195.25;328.5,131;339,80.25
8759;10,54.25;274.75,143.75;316.75,37.5;317.25,304.25;79.5,42.5;150.5,241.5;322.25,158.75;339,80.25
44502;10,54.25;264.75,137.75;299.25,55;344.5,252;52.75,75.75;198.5,224.5;304.75,198.25;339,80.25
28644;10,54.25;208,169;278.5,86.25;353,239.75;52.75,75.75;264.25,219;281.5,222.5;349.75,23.75
43953;58.25,55.25;186.5,153.5;222.25,87.75;343.25,217.75;55.75,111.75;264.25,219;281.5,222.5;357.5,8
35940;48.25,56.5;184.25,139.5;277.25,129.25;281.5,232.25;31.5,148;239,284.25;281.5,222.5;357.5,8
32895;11.75,43.25;181.25,113.5;277.25,169.5;296.25,166.5;31.5,148;254.25,226.75;284.25,286.75;357.5,8
22944;37,65.75;103.75,88;261,179.75;270.25,225.5;69.75,151.75;254.25,226.75;298.75,258.75;357.5,8
19730;1,108.25;103.75,88;245.5,218.5;261,179.75;114.5,199.25;233.5,232.75;248.25,315;332.5,65
33451;1,108.25;133.25,77.5;208.25,174.75;293,113.75;119.5,234.5;233.5,232.75;281,312.25;353.5,49
15310;48.25,125;133.25,77.5;279.25,164.5;359.25,94.25;119.5,234.5;252,215;287.75,259.75;300.5,35.5
43685;81,140.25;117,35.25;259.75,110.25;293.75,101.5;62,196.5;252,215;287.75,259.75;325.5,6.25
25994;141.5,125.5;177.5,36.5;220.5,63.25;240.75,61.25;62,196.5;192.75,221;271.75,210.5;325.5,6.25
14118;154.5,125.25;168.25,7;271.75,96.5;274,24.25;19,172.5;176.25,198;271.75,210.5;325.5,6.25
40055;94.5,89.75;208.25,77.25;260.5,17.5;271.75,72.5;94.5,158;182.5,160.75;271.75,210.5;325.5,6.25
31628;78.75,42;217.75,33.5;260.75,26;333.5,58.5;86.75,127;182.5,160.75;271.75,210.5;305,7.25
17094;146.75,27.5;217.75,33.5;260.75,26;334,58.5;58,131.5;224.75,183;318,178.5;363.25,42
38884;105.75,40.75;148,15.75;290.5,52;316,112.75;79.75,190.5;224.75,183;298,138.5;363.25,42
41776;118,4.5;132,63.75;357.25,20;357.5,163.25;79.75,190.5;237,225.75;278.5,91.25;363.25,42
12986;125.25,44.75;126.25,28.25;335.25,101.25;346.25,229.25;79.75,190.5;206.5,252.25;289.5,36;363.25,42
9046;58.25,7.25;194.75,6.25;330.25,145.75;336.5,279.5;74.25,120.5;140.25,270.5;289.5,36;363.25,42
35015;85,20.75;176.75,16;334.25,136.5;364,284;60.5,104.5;140.25,270.5;287.75,31.5;363.25,42
13337;111.25,34.25;238.25,34.5;300,110.5;317.25,230.5;8,70.25;140.25,270.5;287.75,31.5;356,78
26;119.75,6.5;257.25,83.5;290.75,93.75;365.5,246;8,70.25;140.25,270.5;256.25,14.25;313.5,130.75
5570;148.75,3.5;311.25,97.25;344.5,86.25;349.25,242.75;8,70.25;140.25,270.5;202,27.25;308.25,131.75
12710;117.75,21;283.75,52.5;322.75,90;337.25,276.5;8,70.25;140.25,270.5;191.5,2.25;274,170
24165;117.75,21;275,105.75;283.75,52.5;284.5,312.5;10,5;150.75,300;155,53.5;272.25,168.5
35384;42.5,13.5;213.5,106.75;283.75,52.5;357,296.5;88.25,12;144.5,300.25;155,53.5;273,168.5
2832;116.25,17.25;149.75,126.75;283.75,52.5;309.75,317.5;88.25,12;185.75,303.25;210.25,72.75;314.25,230
21628;116.25,22;133.75,127.75;279.5,13;291.75,319;88.25,12;185.75,303.25;200.5,95.75;313.25,230.25
26138;118.25,63;135,128.25;279.5,13;281.25,317.75;13.25,10.75;185.75,303.25;269.5,115;312.75,195.75
18332;118.25,63;159.5,195.5;239.5,38.75;267.75,254.75;13.25,10.75;110.75,281.25;244.25,42.25;357.25,156.75
13990;70,95.75;149.75,125.25;233.5,21.75;246.75,261.25;13.25,10.75;108.5,274;230.75,11.75;357.25,156.75
7205;70,95.75;137.5,157.25;189.25,5.75;195.25,278.75;13.25,10.75;79,207.5;263.5,76;333.5,198.5
6773;93.5,27.25;175.25,111.25;189.25,5.75;250.75,288.25;13.25,10.75;66.5,259.25;220,134;326,271.75
11074;116.25,16.75;116.5,142.5;153.5,48.5;250.75,288.25;13.25,10.75;118,251.5;229.25,201;320.75,301.75
46273;59.25,55.25;71.25,86;119,45.25;244,274.25;13.25,10.75;118,251.5;229.25,201;342.75,276.5
24004;54.25,57.75;70.75,29.5;84.75,40.25;269.25,249.5;13.5,12.5;118,251.5;264.25,246;342.75,276.5
15687;42.25,12.5;72.75,28.25;101,78.5;269.25,249.5;13.5,12.5;125.75,211.25;255,309.25;287.5,265.5
9774;93.75,12;118.25,12.75;137.25,90.5;218,245.75;13.5,12.5;125.75,211.25;255,309.25;328.5,207.25
36124;110.25,20.5;125,30.25;180.25,111;256.25,245.5;16,54.5;125.75,211.25;255,309.25;328.5,207.25
672;142.25,21.25;178,13.25;180.25,111;205.75,259;16,54.5;102,152.75;213.5,284.75;320.25,159.25
22047;127.75,28.25;145.75,76.25;225.25,75.75;226.25,230;16,54.5;102,152.75;156.25,239.25;328,128.5
2808;127.75,28.25;149.25,52.75;257,111.75;260.25,256.25;16,54.5;131.25,127.25;161.75,223.5;335.75,93.25
30752;102.25,75.5;149.25,29.75;257,111.75;294.75,252.25;12.75,3.25;78.75,165.75;211.25,186.25;335.75,93.25
5906;59,119.5;149.25,29.75;301.75,133.75;349.5,290;2.75,3.5;109,153.5;211.25,186.25;342.75,142.25
49065;54.5,146.25;149.25,29.75;283.75,142;319.25,313.25;39.25,43.75;172,163;234.75,183.5;342.75,142.25
25128;54.25,97.25;149.25,29.75;273.75,164.25;357,288.25;39.25,43.75;184.25,162;271,169.5;309,171.25
10921;7.25,63.75;186,11.75;319,134.25;353.25,278.5;39,43.25;184.25,162;284.75,150.25;309,171.25
49667;7.25,63.75;236.75,14.25;343.25,81.25;355,275.75;39,43.25;236.25,151.5;263.25,173.75;300.25,226.5
47251;7.25,63.75;236.75,14.25;289.5,113.75;362.25,277.25;12,69;172.75,170.25;269.5,236;352.75,266.25
45359;30,84.5;236.75,14.25;336.5,98.5;362.25,277.25;45.75,75.25;137.75,146.25;320,195.25;359.75,265.25
19649;30,84.5;230.5,52.75;279.5,75;311.75,237.25;45.75,75.25;74.75,174.75;278.25,216.25;313.75,311.25
19018;30,84.5;257.25,11.5;279.5,75;327.5,293.5;55.5,127.5;81.5,166.75;228.75,183;280.5,287.75
26729;80.25,139.25;327,25.25;335.25,32;367.75,323.25;55.5,127.5;148,158.25;228.75,183;280,288.5
11707;154,160.25;327.25,26;335.25,32;367.75,323.25;127.75,105;137.25,181.25;238.75,179.5;320.5,311
16042;165,147.5;278.5,102.75;327.25,26;364.5,276.75;120.25,105.75;174.25,239.5;176.5,170.5;320.5,311
9620;180.5,142.75;294.5,165.5;327.25,26;364.5,276.75;70.25,126.75;157.5,246;228.75,127;331.75,309.75
41611;219.5,85.25;280.75,168.5;285.5,52.25;320,293.25;70.25,126.75;128.5,225.5;221.5,166.75;331.75,309.75
34096;197.5,50.5;208.25,177.75;214.5,45;306.25,320.25;111.25,153.75;128.5,225.5;221.5,166.75;335,279.75
31718;141,33.75;154.5,194;207.5,92.5;284.25,318.5;102,137.75;128.5,225.5;213.5,97.25;335,279.75
12489;132.75,28.25;154.5,194;181.75,114;285.75,276.75;73.25,204;77.25,278.25;213.5,97.25;361.25,266.25
20941;78.5,9;177,203.5;193.5,38;340.25,239;73.25,204;129.5,315.25;206,92.5;361.25,266.25
19327;78.5,9;144,226.25;187,87.5;363.5,230.25;82,167.75;88.75,258.5;206,92.5;300.75,243.5
33923;57,74.25;144,226.25;187,87.5;355,239.75;98.75,121.25;104.25,315.75;231,116;356.5,287.25
12095;7.5,57.75;136.5,227.5;187,87.5;355,239.75;85,170.25;89.25,255.25;283.25,121.5;309,300
45576;12.25,34.5;81,175.25;163,50.75;323.75,281.25;117,240;123.25,196.25;283.25,121.5;309,300
49047;12.25,34.5;92.5,155.25;161,71.5;346.25,321.25;86.5,234.5;143,221.5;301.5,132.5;309,300
50559;12.25,34.5;41,179.5;161,71.5;353.5,319.75;114.5,216.75;154,245;257.75,90.5;361,278
37800;11.5,103.25;65,208.75;194.75,73.5;353.5,319.75;122.25,217.25;142.5,224;286.5,41.75;361,278
12018;4.5,75.5;112.5,161.75;206.5,47.75;353.5,319.75;122.25,217.25;128.25,274.75;260.5,28.25;323.75,312.5
5149;48,103.75;101.25,213.75;206.5,47.75;344.25,314;96.75,260.75;116.25,294;260.5,28.25;361.5,263.75
8605;37.75,145;47.5,243.25;228.25,76.25;345.5,277.5;96.75,260.75;158.25,303.25;194,7;361.5,263.75
41679;61.75,170.25;81,280.5;228.25,76.25;345.5,277.5;92.75,189.5;144.25,286;229.75,14.5;359.75,194.75
28386;117.5,168;138.25,272.5;240.5,101;319.25,313.5;98.75,221.75;144.25,286;229.75,14.5;318.25,158.75
6551;139.25,149.5;174.25,242.75;275.5,96.5;285,321.75;83.25,221.75;144.25,286;229.75,14.5;339.25,191.25
4093;203.75,170;215.25,202;291.75,115;363.75,317.75;45.5,283.25;144.25,286;253.75,12.75;339.25,191.25
43437;203.75,170;228.75,207.25;346,83.75;370.25,322.5;45.5,283.25;141.25,288.5;284,36.75;301,152
32935;187.25,229.5;203.75,170;290.5,113.5;370.25,322.5;48.5,296;194.75,320.75;318,15.25;351,151
15372;117.75,214;273,166;312.25,93.75;363.25,322;105.75,320.5;194.75,320.75;278.25,17.75;351,151
17980;58.5,176.75;248.75,101;271.25,35.5;363.25,322;154,318.25;193.5,251;278.25,17.75;336,148.75
22293;66.75,234.25;195.25,69.5;249.75,23;322.75,300.5;154,318.25;193.5,251;265,60;362.75,79.75
38447;56.25,171.75;186,48.5;205.5,40.5;368.25,317.5;154,318.25;182.75,288.5;264.75,59;362.75,79.75
1509;11,175.25;143.5,48.75;264.75,25.5;368.25,317.5;133.25,260;257.75,308.75;264.75,59;336.25,58.75
8774;32,190.25;91.75,85.75;264.75,25.5;315.75,274;133.25,260;220.5,272.75;243.25,75.5;310,21
11951;32,190.25;38.75,74;264.75,25.5;299.5,231.5;159.75,201.5;188.5,218;256.5,106.25;274.75,60.25
50128;3.75,153.25;11.75,62.75;264.75,25.5;299.5,231.5;114.75,216.5;137.25,195;258,168.25;343,52.5
29147;15,178;26.5,102.75;264.75,25.5;272.5,248.75;116.75,227.75;141.5,202.25;282,175.75;343,52.5
20330;15,178;74,140;230.25,74.25;272.5,248.75;63,211.5;114.25,195;297.5,202;328,133.5
23003;2,221.5;91.75,85.75;247.5,117.5;301.25,207;73.25,251.5;114.25,195;272.75,216.5;328,133.5
25205;17.25,232.5;35.5,104.75;247.5,117.5;266,256.75;96.25,265;114.25,195;299.5,199.5;317.5,139.25
13753;17.25,232.5;90.5,92.5;252,82;266,256.75;129.5,316.75;137.5,143.25;286.75,185.25;319.25,195.75
2221;3.75,158;69,98.75;259.25,109;306.5,314.25;129.5,316.75;156.25,185.25;237.75,208;319.25,195.75
9091;3.75,158;19,63.25;264.5,134.75;309.25,288;162.75,300.25;182.5,189.25;237.75,208;355,158.75
9554;1.5,177.25;2.75,4.75;240.75,203;309.25,288;162.75,300.25;175.25,239;258.5,143.75;329.5,204.5
19817;1.5,177.25;2.75,4.75;224,270;308,289.75;177.75,303.25;184,277.75;283.25,95;292,196.75
34320;1.5,177.25;2.75,4.75;257.5,286;354,250.75;110.75,282;145,300;279.75,99.5;310.25,139.75
40837;1.5,177.25;49.25,54;257.5,286;334.25,299.75;149.25,270.75;193,275;321,78.5;357.25,145.25
14773;1.5,177.25;3.25,4.25;243.25,208.5;334.25,299.75;171.5,214;212.5,252.25;273.5,91.25;352.5,223.25
29138;35,122.25;52.75,56.75;280,255.75;349,241;196.5,213.5;250.5,202;273.5,91.25;352.5,223.25
14914;46,122;52.75,56.75;292.25,210.5;348.25,210;180.5,242.25;250.5,202;263.75,114.5;359.5,231.75
41019;30.25,162.25;50,76.25;312.5,233.25;331.75,215.5;180.5,242.25;232.75,151.5;293.5,91.75;359.5,231.75
20039;30.25,162.25;50,76.25;331.75,215.5;360.25,268;226.75,231.25;243.25,83.75;323.75,29.5;354.5,266.75
46717;16.5,176.25;50,76.25;295.5,263.75;360.25,268;242.5,175.25;259.75,113;325,25;340,205
32040;16.5,176.25;36.75,120.75;295.5,263.75;341,224.5;236.75,229;293.5,143.75;323.25,6.75;353,186.75
22115;66,145.75;68.5,172;236,290.75;282,239.75;190.25,243.5;293.5,143.75;352,54.75;353,186.75
27599;66,145.75;68.5,172;224.75,302.25;264.5,311.75;149.5,299.25;231,153.5;352.75,47;355.75,225.75
3354;32,113.75;68,219;258,298.75;343.5,299;224,278.25;235.75,152.5;352.75,47;355.75,225.75
23317;1.5,89.75;28.75,170.75;258,298.75;343.5,299;196.5,255.5;301.5,184.5;332.5,62.5;346.5,257.5
34750;4.25,62.25;8.5,142.25;258,298.75;343.5,299;169.75,198;303.5,132;356.5,6;361.25,242.25
19813;13.5,89.5;62.5,175.5;203.5,311.5;364.25,261.75;169.75,198;264.75,67.5;352.75,20.5;361.25,242.25
27701;13.5,89.5;113.5,206.75;176.25,278.25;302.25,242;169.75,198;324.5,32.75;348,51.75;360.75,243.25
39985;5.75,9.75;168,188;217.5,277.25;255,218.5;169.75,198;262.5,77;358.75,79.25;360.75,243.25
20644;5.75,9.75;189.75,250;270.75,256.25;288.5,249;163.25,163.75;262.5,77;348.75,43;360.5,173.25
28927;48.25,56.25;189.75,250;270.75,256.25;288.5,249;141.5,98.75;281.25,15.75;309.75,79.5;347.5,170.5
28635;10.5,103.75;237,223.75;243.5,197.5;305,309;113.5,97.75;281.25,15.75;309.75,79.5;336.5,149
28844;31.75,157.5;237,223.75;307,218;339.5,254.25;87.75,136.75;284.25,45;309.75,79.5;312.75,163.25
1066;64,146;287.5,229;310,237;344.75,313;87.75,136.75;248,10.5;309.75,79.5;324,205.5
10798;64,146;281.5,169;310,237;342.5,289.5;16.75,134.75;207.75,48;293,57.75;335.75,194.5
48951;64,146;293,106.75;297.5,289;355.5,272.25;39,79.25;207.75,48;259.75,105;335,169
22356;30.5,133.25;222.5,129;299.25,231;312.25,299;91.25,64.25;207.75,48;259.75,105;320,126.75
16390;30.75,94.75;255.75,193.75;272.5,180;338.5,314.75;91,20;208.5,55.25;259.75,105;320,126.75
931;8,52;232.75,200.5;256,183.25;308,318.25;85.5,14.5;241,62;259.75,105;320,126.75
44158;46.5,30.5;268.75,242.5;274.75,134.25;283.25,321;94.25,79;241,62;259.75,105;311.25,136.25
49967;32,84.5;251.5,291;274,164.25;298,322.5;116.75,23.75;176.25,37.5;259.75,105;311.25,136.25
40308;8.5,104.25;246.25,302;248.25,171.25;362.75,311.75;116.75,23.75;139.25,74.25;259.75,105;354,205.25
26911;1.5,177.25;220,277;269.25,166.5;353,318;116.75,23.75;122.25,144.75;259.75,105;302,198.25
35965;22,176;218.25,228.25;269.25,166.5;282.25,320;106.25,38.5;108,113.25;259.75,105;359,212.25
40919;50.25,237.75;246.25,177.75;262.5,97.75;266,269.5;106.25,38.5;128.75,104.5;279.25,55.25;359,212.25
6918;59.75,170.25;246.25,177.75;252.75,118;266,269.5;96.5,34.25;174.75,106.75;248,14.75;294,194.75
15130;59.75,170.25;231,126;266.75,58;317.75,314.25;151.75,83.5;165.25,79.75;248,14.75;366,212.25
5836;59.75,170.25;234.5,169.75;266.75,58;280.25,282.5;128.75,93;144.75,32;281,30.25;337.5,199.5
25522;102.75,160.75;234.5,169.75;248.75,5;289.75,312.75;62.5,108;159.75,103.25;281,30.25;358.75,202.25
30247;53.25,159.5;179.75,211.25;269.75,63;351,318.75;62.5,108;131.5,153.25;281,30.25;355.25,150.25
16334;37.75,148.25;134.75,201.25;278.25,17.5;343,289;86.75,97.25;111.25,126.5;281,30.25;355.25,150.25
16182;82.75,184.25;116.75,272.5;297,92.25;356.5,229;47.75,45;111.25,126.5;253.5,53.5;355.25,150.25
40168;148,159.75;164.5,280.5;235.5,126;356.5,229;30.5,76.25;111.75,113.75;320.75,53.25;355.25,150.25
23448;160.5,223.75;210,259.5;210.75,135.5;313,200;50.75,79.5;111.75,113.75;317.75,53.25;355.25,150.25
6191;133.25,159.25;163.5,323.5;193,73.5;300.25,213;4.75,34.25;38.5,112;317.75,53.25;355.25,150.25
37917;101,197.5;143.75,316;174,33.5;330.5,252;13.5,43.5;62.75,57.75;317.75,53.25;355.25,150.25
23858;72,177.25;97,284.5;182.75,10.75;345,249.5;13.25,43;62.75,57.75;317.75,53.25;352.5,144.75
37306;57.25,140;94.5,297.5;182.75,10.75;364.5,236;28.75,107.25;79.5,15;317.75,53.25;348.75,140.25
32733;31.5,193;94.5,297.5;216.75,9;366,166.25;28.75,107.25;144.75,51;309.75,79;327.75,133
27673;0.75,193.5;136.25,240.25;216.75,9;332.25,108.25;69.75,47.75;131.25,106.5;256.75,94.5;327.75,133
36044;30.75,145.75;136.25,240.25;220.5,0.75;356.5,121.25;44.25,24.25;131.25,106.5;219.25,99.25;331.25,136.75
24799;12.25,169.75;136.25,240.25;214,4.75;317,141.25;44.25,24.25;152.5,50.5;212.75,93;338.25,132.5
6887;79.5,161.25;136.25,240.25;251,56.25;317,141.25;112.75,34.75;152,112.25;217,116;338.5,79.5
49250;110.25,121.25;148.5,225;288,106.5;288.5,168.75;96.5,36.25;152,112.25;258.5,133.25;338.5,79.5
36108;146,128.25;201,226;270.75,166.75;277.75,164.5;96.5,36.25;167.5,79;284.25,106.75;338.5,79.5
32163;109,67.5;143.75,223;317,111;338.5,145.5;96.5,36.25;167.5,79;313.5,63.75;320,138.75
9094;122.25,40.5;122.75,282.5;341.5,75.25;352.25,95.75;108.75,9.5;167.5,79;313.5,63.75;320,137.5
44677;159,7.75;174,267.5;341.5,75.25;352.25,95.75;99.25,38.5;208.75,85.25;277.5,37;354.25,79
28010;159,7.75;206,260.25;313,41;352.25,95.75;102.25,99;253.25,20.25;327.25,57.25;351.25,155.5
40650;201,48.75;244,291;352.25,95.75;369.25,40.75;83.75,147;253.25,20.25;316,14.75;351.5,163.5
23593;199.25,92.75;244,291;300.75,120.5;369.75,40.75;83.75,147;236.5,35.75;244.75,5.75;357,163.5
25916;177.75,114;186.75,246;315.25,69.75;360,96;83.75,147;236.5,35.75;244.75,5.75;311.5,163.75
11958;177.75,114;186.75,246;354.75,24.25;364.5,142.75;82.75,190.5;162.5,58.25;187.25,32;310.5,163.25
11575;143.25,124.25;147.25,226;277.75,29.5;364.5,142.75;83,163.75;150.75,49;187.25,32;261.25,197.5
46321;134.75,183.5;147,259.25;236.75,37.25;364.5,142.75;22,142.5;188,0.75;233.25,67.25;261.25,197.5
34694;124.25,184.75;191.25,278;215.75,22.5;358.75,213.5;22,142.5;203.25,41.25;204,56;261.25,197.5
32342;124.25,184.75;217,320;244.75,21.5;351.5,224.5;22,142.5;151,81.5;202.25,107;296.25,194.5
22667;124.25,184.75;200,296.5;270.5,72.25;323.25,210;69,191.5;139.75,28.75;172.5,143.75;296.25,194.5
22775;146.75,223;230.25,302;247.25,79.25;319,157.25;62.5,201.5;139.75,28.75;172.5,143.75;285,150.5
36592;171.75,242.75;192.75,276.75;288.25,103.75;353.5,163.5;31,198.75;139.75,28.75;204.5,95.5;285,150.5
87;162.75,267.25;232,316.25;247,101.75;370.75,120.25;27.5,207.25;134.25,74.75;204.5,95.5;285,150.5
21093;126.5,279;208.5,265.25;311.75,120.5;356.75,170.75;21.5,247.75;76.25,89.25;204.5,95.5;285,150.5
27159;157.5,309.5;221,242.75;260,122.5;358.5,133.75;18.5,296.75;103.25,127.5;204.5,95.5;285,150.5
39889;117.25,285.5;211,259.5;234.5,127.5;306,142.25;20,270.5;103.25,127.5;227.5,131.5;285,150.5
41121;67.5,312.25;183.25,261;204.25,132;330.25,157.75;20,270.5;100,127;202.25,86;285,150.5
27892;89.25,297.5;183.25,261;204.25,132;291,169;44.5,311.75;146.5,89;172.25,38.5;350.75,157
34299;138.5,320.25;183.25,278.5;219.25,86.5;291,169;52.25,270;103.5,136;147.25,49.75;350.75,157
5621;90.75,317.75;147,228;151.5,87.75;352.5,177;20.75,308.25;103.5,136;207.75,72;350.75,157
37869;72.5,280.25;117.25,253.75;174.5,138.5;317.75,125.25;20.75,308.25;116,198.5;210.5,95;350.75,157
36789;16,310.5;122,236;122.75,141;317.75,125.25;65.25,271;112.25,260;150,89.75;350.75,157
43743;50,286;96.5,294.75;132.75,88.75;296,167;65.25,271;139.75,271.25;171.25,28.75;350.75,157
42851;31,242;54,294;71.5,117.75;296,167;94.5,315.5;118.25,267.75;171.25,28.75;355,154.25
24130;14,308.5;31,242;58,155;262.5,133.25;94.5,315.5;127.75,223.25;167.25,96.5;297.25,137.5
8633;8.25,233;14,308.5;41.25,146.25;262.5,133.25;57.75,268;65,249;148.25,65.75;274.25,212.25
50303;8.25,233;85.5,266;92.25,214.25;293,208;73,222.5;81.25,251.75;133.5,34.5;274.25,212.25
6963;37,270;98.25,310.25;141.25,184.75;265.75,150;59.25,214.5;93.5,233.25;133.5,34.5;274.25,212.25
38278;47,248.5;68.25,305.5;99,194.75;310.5,115.25;55,149;93.5,233.25;150.75,48.25;274.25,212.25
27571;47,248.5;68.25,305.5;97.25,197;365.75,149.75;102.75,124.75;159.5,224.75;167,14.75;219.25,172.5
11291;17.25,306;47,248.5;136,224.75;349.75,198.5;102.75,124.75;116.5,244.75;158.75,29;207.75,108.25
38459;17.25,306;47,248.5;136.75,227.5;341.5,243.75;63,92;140.5,221.25;185.25,57.75;217,103.25
562;10.5,305;86.75,205.25;101.5,206.5;358.5,290;63,92;137.5,184;175.25,91;217,103.25
15257;74.75,291.25;115.25,260.75;156.75,226.5;309.5,289.5;104.25,117.5;127.25,225.25;175.25,91;217,103.25
20103;98.5,319;156.75,243.75;188.5,232;361,272.75;104.25,117.5;171.5,231.25;175.25,91;200,141
32284;44,302;134.5,202;141,196;351,290;104.25,117.5;165.5,160.5;175.25,91;273.75,166.75
49350;26.25,322.75;116.5,198.75;141,196;301,300.75;104.25,117.5;128.75,162.75;203.25,36.25;329.25,161.75
46823;32.25,272;116.5,198.75;140.5,228;339.25,270.75;167.5,95;167.75,165.75;203.25,36.25;337,191.75
16053;38.75,258.25;126,242.25;159,166.75;339.25,270.75;157,67.75;190.5,162.5;203.25,36.25;299.5,196.5
44813;34,239.75;121.75,213;225.5,171.25;362.25,320.5;157,67.75;171,145;203.25,36.25;321.5,162.75
33119;90.25,195.5;116,145.5;159.75,150;342.75,321.25;123.5,97.75;142.25,88.5;203.25,36.25;321.5,162.75
24094;90.25,195.5;152.75,124.25;208.5,197.5;360,277;77.5,109.25;147.75,50.75;203.25,36.25;359,174.75
35042;95.25,165.25;196,73.25;210.25,227.75;305.75,242.25;77.5,109.25;145.75,12.5;203.25,36.25;317.75,138.75
432;97.75,214;183.5,23;213,219.5;247,259.5;51.5,146.5;98.25,47.25;203.25,36.25;317.75,138.75
39286;63,249.5;156.5,1.5;221.5,244.75;230.75,199;51.5,146.5;121.25,16.5;203.25,36.25;320.5,194.5
39051;50.5,215.75;159.5,33;208.75,267;222.25,200.5;51.5,146.5;121.25,16.5;179.25,37.25;295.25,184.25
45925;50.5,215.75;204.75,19.5;211.75,301.75;248.25,269;26.5,80.75;121.25,16.5;203.75,100;323.5,205
13209;42.25,284.75;183.5,70;236.75,258.25;307,287.25;26.5,80.75;142.75,49.5;219,124.75;323.5,205
43633;92.25,281.75;150.5,48.75;288.5,243;290.5,250.75;40.25,138;142.75,49.5;213.5,86.5;323.5,205
44939;125.75,242.5;153,33.25;335.5,276.5;351.75,251.75;51.75,135.75;142.75,49.5;194,85.5;323.5,205
17817;93.75,299.25;187.25,72.75;277.25,310.25;351,288.5;51.75,135.75;142.75,49.5;185.75,96;323.5,205
2052;60.5,294.5;154.5,125.75;277.25,310.25;363.5,289.5;5.25,94.75;139,50.5;185.75,96;264.75,218
1681;60.5,294.5;105,143.25;277.25,310.25;353.5,319.5;38.25,88.75;146.5,53.5;188,164.25;235.75,211.25
47931;60.5,294.5;105,143.25;256.25,299.25;364.75,311.25;45.75,53.5;124,122.75;156.5,222;193.25,176
43687;8.75,310.5;105,143.25;200,308.75;317.25,318.5;45.75,53.5;128.25,71.25;152.5,241.5;157.25,226
48008;8.75,310.5;56,143.75;199.5,307;254,280.25;48.75,76.75;101.75,14;152.5,241.5;173.75,196.5
5190;8.75,310.5;117.25,187.25;214.75,259;254.25,309.25;48.75,76.75;88.5,17;91.25,222.25;186.25,154
27703;24,311;115.75,251.25;236,193.5;254.25,309.25;39.75,58.5;88.5,17;110.25,281;193,85.5
24243;24,311;89.5,310;255.75,264;318.75,321.25;39.25,50.25;72.75,10.5;102.25,265;193,85.5
36726;17,264.25;18,307;255.25,267.25;314.75,293.5;8.25,112.25;72.75,10.5;102.25,265;124.75,105
17824;41,211.75;59,294;255.75,229;314.75,293.5;7.75,135;92.25,14.25;116.25,323.5;124.75,105
48108;24,223;85,321;328.25,270.25;333.75,209.75;10,56;92.25,14.25;113.75,265.75;124.75,105
13540;81,228;138.75,286.25;277.75,213.25;342.5,239;5,42.75;92.25,14.25;113.75,265.75;122.25,111.75
23793;115,204.25;148.75,260.5;280.5,221.5;303.5,287.5;19.75,99.5;92.25,14.25;113.75,265.75;161.5,89.75
2727;51.5,178.25;200.5,287.25;228.75,202;291.5,322.25;61.5,84.5;92.25,14.25;100,282.25;161.5,89.75
23689;51.5,178.25;213.5,294.25;293.5,232.5;309,261;71.75,11.75;77.75,10.75;100,282.25;139.25,157.75
10802;83.25,240.75;174.5,317.75;277.5,284.25;293.5,232.5;67.5,41.5;77.75,10.75;112.75,229.75;184.75,176.5
1629;155,227.75;229.25,316.25;313.75,297;323.75,191.5;67.5,41.5;77.75,10.75;110.5,229.75;172.25,139
5679;162.25,275;254.5,288.25;291.75,319.25;368,145.75;67.5,41.5;97,34;110.5,229.75;202.25,174.25
42527;215.5,294.25;238.75,260;241.5,287.25;354.5,183.25;32,61.75;97,34;110.5,229.75;204.25,178.25
50043;161.25,320;188.25,316.5;196,245.75;354.5,183.25;23,118.75;97,34;186.25,232.25;225,249
26742;180.25,320.75;205.75,290.75;210.75,276;327.75,215.5;23,118.75;97,34;186.25,232.25;240,255.25
20121;115.25,315;157,306;171.25,262.5;306.25,158.25;23,118.75;78.25,86.25;186.25,232.25;237,239
26970;73.5,317.25;119.5,242.25;243.5,256.25;306.25,158.25;49.25,163.25;60.25,112.25;168,224;237,239
47735;63,294.5;114.75,250.25;308.75,245;333,224.5;13.5,202.75;60.25,112.25;181.75,170;237,239
1131;51.5,228.25;176.25,221.75;286.75,230.75;332.25,209.75;13.5,202.75;88,131.25;186,100;237,239
42068;48.25,240.25;197.25,282.25;314.25,220.75;331.25,274.75;13.5,202.75;125.25,115.5;154.75,122.25;237,239
12029;104,236.5;200.75,277;314.25,220.75;353.25,321;28.25,241.5;125.25,115.5;157.75,150.75;225.5,303
32738;35.75,241;241,217.25;295,239.5;303.5,314.75;28.25,241.5;56,99.75;158,151.5;225.5,303
30198;78.5,223;237.25,207.75;297,208.5;308.75,263.5;36.5,229.25;89.25,62.25;158,151.5;225.5,303
14738;139.25,224.5;274,180;284,262.5;347,267.25;36.5,229.25;88.5,24.75;177.5,198;225.5,303
7369;161.25,281.25;226,189.75;316.25,250;347,267.25;32,205.75;88.5,24.75;183.25,165.25;224.75,283.75
34210;160.5,324.25;274.5,187.5;289.75,310.75;370.25,316;32,205.75;88.5,24.75;211.75,176.25;224.75,283.75
47639;118.5,303;287,172.5;301.25,302.5;305.75,300.75;10,273.5;100.5,15.25;211.75,176.25;224.75,283.75
14642;70.75,322.5;287,172.5;294.5,319.75;344,312;12,189.75;54.5,41;211.75,176.25;277.75,287.25
1205;9.5,305.5;242.75,165.5;282.75,320.5;305,311.75;24,228.25;54.5,41;167,162.5;277.75,287.25
30456;83.5,298.25;242.75,165.5;282.75,320.5;305,311.75;11,271;38.25,29.75;118.5,115.5;266.25,306.25
32711;149.5,270.5;242.75,165.5;282.75,320.5;305,311.75;23.75,310.5;44.25,75.25;122,194;292.25,288.25
2701;206.5,282.75;242.75,165.5;282.25,319;305,311.75;4.5,243.5;29.25,147.25;153,255.5;319,288.25
4991;143.75,226;262.25,244.75;332.25,258.75;354.5,263.25;4.5,243.5;29.25,147.25;144.75,300.5;245,254.75
43873;118.25,257.25;279.25,256.25;301.5,319.75;356,254;4.5,243.5;34.25,120.25;203,308.75;245,254.75
29825;89.75,298.5;236,278;254.25,310.75;333.75,209.75;4.5,243.5;34.5,120.5;203,308.75;225.5,203.5
10502;89.75,298.5;266,238.75;278.5,283.25;343.5,251.75;15.25,220.5;34.5,120.5;168.5,300.75;174.25,238.5
19556;89.75,298.5;266,238.75;309.5,249.5;368.75,314.25;62,201.5;77.25,138;193,250;238,219.25
49249;65.25,305.5;266,238.75;336,277.5;368.75,314.25;69,207;95.25,198;149,222.5;196.25,175
18483;65.25,305.5;266,238.75;336,277.5;342.25,313;31.25,252.25;49.5,165.25;134.75,225;186.5,174.5
28745;133.5,272.75;266,238.75;363.75,297.75;364.25,261.25;73,290.25;79.5,109;134.75,225;175,153.25
463;187.25,235.75;255.75,285.25;322.75,302.5;345.5,319;49,266.25;79.5,109;134.75,225;154.75,90.75
1457;143.5,197.5;252,316.5;322.75,302.5;369.75,311.25;19.75,294.75;45.25,142.5;134.75,225;138.25,20.25
2178;143.5,197.5;286,317.5;327.25,242;364.25,236.25;19.75,294.75;58.25,105;116,147.75;194.25,68
31243;144,140;254.5,296.75;327.25,242;343.5,209.75;23.5,306;41.5,44.25;56,127.5;194.25,68
28557;91,189.5;219,240.75;310,163;322.5,216.25;1.5,313.75;41.5,44.25;56,127.5;266.25,76.5
29554;39.25,237.75;180.5,202.75;294.5,168.5;350.5,166;5,306.75;41.5,44.25;54.75,164.75;266.25,76.5
32525;68.5,171;140,149.5;258.25,229.25;323.5,193.25;5,306.75;34.25,76.25;54.75,164.75;310.5,129.75
25649;47.25,145.5;115,203.25;295.5,256;313,247.75;5,306.75;34.25,76.25;46.75,131;283,113
33561;40,179.5;148.75,224.5;348.75,274.25;362,201;5,306.75;76.25,126;83.25,104.25;283,113
21144;48,228.25;157.25,226.5;296.75,262.5;335.75,217.5;5,306.75;18,127.75;135.5,94;283,113
30897;28,210;160,222.75;281.5,212.5;323.25,189;5,306.75;18,127.75;201.5,98.5;269.5,139.25
14687;16.5,153.75;150.25,204.25;319.25,214.75;350.75,239;5,306.75;18,127.75;201.5,98.5;331,161.5
38122;17.75,144.25;154.5,158.5;319.25,214.75;339.5,254.25;9.75,318.5;18,127.75;174.75,90.5;339.5,206.25
23986;24,193;158.5,129.75;340.75,228.25;342,258;9.75,318.5;84.25,153.5;175.25,161.75;339.5,206.25
28490;78.75,185.75;149.75,185;344.25,199.5;367.75,310.25;9.75,318.5;84.25,153.5;167.25,104.75;338,200.5
28926;51.75,250.5;84.75,201.75;304.75,191.75;306.25,320.75;29.75,307;129.5,194.25;167.25,104.75;338,200.5
10052;28,309.75;55.5,216.25;297.75,232.25;362.75,323.75;29.75,307;184,160.75;210.25,158.25;338,200.5
24772;10.75,241;56.5,230.25;309.25,221;362.75,323.75;29.75,307;208.25,108.5;225.75,191.25;316,127.25
38063;9.75,190.75;47.5,230.5;298.75,232;310.25,294.25;29.75,307;208.25,108.5;251.75,169;321.5,197.25
13721;45.25,203.75;71,175.75;352.25,213.25;360.5,235.75;29.75,307;208.25,108.5;227,211.75;355.75,166.25
7396;36.25,238.75;76,174.75;318.5,145.5;352.25,257;34.5,278.75;143,90.25;227,211.75;355.75,166.25
8218;54.75,294;61.5,125.75;297.75,167;345.75,240.5;70.5,254.25;143,90.25;226,211;355.75,166.25
21047;25.25,232.5;133.25,129.5;302.25,114.25;318.75,211.5;28.75,310;154.75,91.25;226,211;355.75,166.25
43718;82.75,208;91.5,85.5;314.5,115.75;345.25,229;28.75,310;154.75,91.25;226,211;307,151
46827;106.5,223.75;135.5,97.75;299.5,55.5;336.5,252;28.75,310;143.25,34.75;226,211;280.5,120
14925;56.5,239.25;189.25,81.5;361.25,64.75;363.75,262.25;28.75,310;171.5,50.25;188,174;280.5,120
21252;51.5,218.25;223.5,129;361.25,64.75;363.75,262.25;15.5,292;163.5,117;234.5,207;303.5,114.5
9676;120.5,252.75;160.25,142.5;337.75,143.25;356.5,208;17,227.25;163.5,117;184.5,214;303.5,114.5
48889;97.75,309.75;136.5,125.25;287.5,166.5;366,148;75,207;163.5,117;184.5,214;303.5,114.5
10741;75.75,298;142.75,118.5;327.75,136.75;363.5,187;129.25,197.25;174.25,114;184.5,214;303.5,114.5
36365;8,309.5;140.25,117;326.25,57.5;363.5,187;112.5,252.5;183.5,98.25;187.25,226.75;303.5,114.5
30479;36.75,311.5;133.75,128.75;336,55.5;368.25,121.25;112.5,252.5;183.5,98.25;187.25,226.75;255,174.5
13227;36.75,311.5;133.75,128.75;292,52.5;315,152;150.75,222.5;151.25,52;156.5,248.5;220.25,167
16389;94.25,295;108.75,120.25;252.5,8.25;315,152;150.75,222.5;160.25,49.75;189.25,249.5;253,203.75
27225;94.25,295;108.75,120.25;278.75,48;282.25,194.5;176,213.25;216,43.25;228.25,247;271.25,188
4730;94.25,295;108.75,120.25;278.75,48;347.5,215.25;184,196;187.5,5.75;260.75,304.5;331.75,162.25
48492;36,310;66.75,170.75;278.75,48;347.5,215.25;135.75,256;227.75,16;246.75,246.75;339.25,232
42986;79.75,312;90.25,165;278.75,48;307.5,246.25;135.75,256;281,37.75;297.25,278.5;328.25,181.25
30564;59.25,293.5;100,163.5;239.25,95;276,221.25;135.75,256;268.75,31.5;297.25,278.5;328.5,199
18540;6.75,308.5;163.5,129.5;227.25,87.5;330.25,266.75;157,201.75;293,97.75;297.25,278.5;328.5,199
36149;52,317.25;137,126.25;167.75,103.75;330.25,266.75;193.75,243;261,139.5;263.5,233.5;328.5,199
29671;80.25,321.5;137,126.25;167.75,103.75;352.75,215.25;230.75,188.25;256,175;271.25,208.75;278.25,215.75
14217;81.75,320.75;158,125.75;167.75,103.75;352.75,215.25;190.25,241.75;190.5,197.5;239.25,263.5;270,251.5
8933;82.75,247.75;201.25,64.25;218.75,56.25;281,238.75;114.75,275;190.5,197.5;268.75,318.75;270,251.5
41516;82.75,247.75;178.25,114;186.5,18.75;281,238.75;73.5,222.25;251,177;257,309.25;262.75,271.75
16491;82.75,177.5;178.25,114;186.5,18.75;281,238.75;4.75,229.5;225.25,188.25;246.75,252;318.25,309
15822;79,241;156.5,81.75;258.25,27.75;278.5,282.75;41.5,251.5;205.75,175.25;246.75,252;318.25,309
17239;79,241;215.25,51.5;249.75,18;284,261;41.5,251.5;166.75,160.75;229.75,229.75;354.75,288.75
4487;71.75,210.25;215.25,51.5;272,23.75;284,261;20,309.75;158.5,224.5;173.25,196.5;338.5,287.5
33295;108.75,166.75;229.5,81.75;278.75,72.5;302.5,322.5;20,309.75;136,252;172.75,165.75;338.5,287.5
39244;74.5,124;239.25,39.5;300,112.5;302.5,322.5;5.5,282.25;152.5,224.5;212.5,187;338.5,287.5
44392;114.25,110;239.25,39.5;263.25,110.75;272.25,323.75;5.5,282.25;178.5,269.75;269.25,196.75;329,285.5
7826;85,140.25;277.25,70.5;294.5,133.5;333.75,315;63.75,265;179,315;269.25,196.75;329,285.5
37895;51,181.5;277.25,70.5;294.5,133.5;333.75,315;49.5,320;221,302;318,204;352,306.25
10711;51,181.5;277.25,70.5;331.75,98.5;334.75,318.5;15.5,251.5;278,268.75;317.5,151.5;331.5,312.25
11317;66,146.75;243,126.5;296.75,98.75;297.5,289.5;80.5,236;278,268.75;309.75,170.5;331.5,312.25
29605;75,83.5;229,129.25;318.5,159.75;362.25,278.5;100.5,300.5;278,268.75;309.75,170.5;331.5,312.25
2655;131,58;191.5,141;317.5,151;362.25,278.5;100.5,300.5;315.75,321;316,184.75;363.75,265.25
11373;91.5,93.5;163,173.25;308.25,112.25;362.25,278.5;84.25,283.5;315.75,321;321.75,138.25;361.25,235.5
18381;127.75,45.75;133.25,203.5;333.75,80.5;363.75,255.75;15,254.5;315.75,321;321.75,138.25;361.25,235.5
32382;102.5,6.25;144,227;311.75,52.75;319.75,206.75;15,254.5;319.25,313.75;321.75,138.25;361.25,235.5
30058;185,36.25;202,175.75;332.5,133;343.75,160.25;15,254.5;319.25,313.75;351,160.25;361.25,235.5
36554;160.25,82;206.5,140.5;291.5,55.25;325.25,159.25;18.75,294.5;318.25,309;351,160.25;361.25,235.5
37698;163.5,100.25;197.25,176;223.75,79;352.25,170.75;30.5,309.25;326,287.25;351,160.25;361.25,235.5
23944;86.5,119;153.25,183.75;202.5,6;330.75,128.25;22.75,310.5;249.5,293;351,160.25;361.25,235.5
24465;37.5,110.5;148,157.25;239.5,38.75;282.5,166.25;22.75,310.5;208.75,290.75;328.25,179.25;361.25,235.5
38090;36.5,99.75;184.75,126.75;270.5,74.25;282.5,166.25;4,246;146.75,298.5;285,196;361.25,235.5
41460;36.5,99.75;154.5,110.25;259.5,133.25;330,106.75;21,245.5;159.5,285;220,210.5;361.25,235.5
22563;88.75,108;160.25,112.75;294.25,168.75;337.25,151.5;17.5,227.25;159.5,285;220,210.5;338.5,199
17814;147,127.25;182,86;277,143.75;286,165;17.5,227.25;143.75,222.75;220,210.5;337,168.5
34742;93,154;212.25,105.75;265.25,120.5;298.25,164;17.5,227.25;112,197.25;216,207.25;337,168.5
50500;93.25,157.5;212.25,105.75;265.25,120.5;355.5,134.5;70.5,252.25;123,234.5;156.5,182.25;333,191.75
50032;70,189;233.75,54;276.5,90.75;305.75,120;70.5,252.25;152.5,241.5;156.5,182.25;301.75,243.25
15028;28.75,228.75;244.75,18;276.5,90.75;285.5,166.5;16.75,248.25;128.75,274.5;144,149.5;301.75,243.25
33810;60.5,239.75;252.25,4.25;273.25,70.75;308.5,138.75;37.75,206.25;128.75,274.5;144,149.5;310.5,241
35781;51.5,293.5;264.75,31;275.25,33;317.5,112;58.5,272;128.75,274.5;143.25,149;310.5,241
24932;64.5,312.25;220.75,49.25;307.25,67.25;367.25,122.75;44.5,277.75;128.75,274.5;178.5,113.25;310.5,241
47145;64.5,312.25;244.75,19.25;293.75,52.5;328.75,94;44.5,277.75;148.25,262.25;241.75,132.25;314.5,301
28343;64.5,312.25;307.25,57.5;310.75,25.75;339.75,50.5;97,300.5;148.75,258.75;272,176.25;314.5,301
10464;114.25,308.5;333,85.25;336.5,76.25;340.25,113.25;150,251.25;166.5,299.25;272,176.25;314.5,301
10057;172,305.25;333,85.25;336.5,76.25;340.25,113.25;176.25,294.75;203.25,307.5;267.5,182;353.75,263.75
35483;172,305.25;301.75,132.75;333,85.25;336.5,76.25;141.75,298.25;239.25,283.25;241,174.25;323,314
24904;172,305.25;289,168.5;291.5,53.5;334.5,22;141.75,298.25;243,211.5;248,168.25;357.75,286.75
35246;150,304.75;249.25,130.75;297.5,70.25;332.75,7.5;149.75,273;210.25,185.25;243,211.5;357.75,286.75
20984;150,304.75;269.5,103.25;297.5,70.25;332.75,7.5;162.25,272;226.75,246.25;296.75,233.25;332.5,319.5
49334;82,286.5;269.5,103.25;297.5,70.25;333.5,6.75;225.75,256.75;238.5,176.25;312.25,278;352.25,303.75
31198;28.5,274.5;206.5,141;232.25,66.25;361.25,63.75;217.25,283.25;222.25,177.75;312.25,278;352.25,303.75
45281;62.5,229.25;213.75,78.25;223.25,55;306.25,78;217.25,283.25;222.25,177.75;346.25,277.75;362.25,267.25
3549;59.5,237.75;238.5,42.75;240.5,42.5;285.5,75.5;217.25,283.25;222.25,177.75;315.25,226.75;344.25,279.5
10708;59.5,237.75;188.25,6;193.25,100.25;267.75,106.75;159.75,289;251.75,169.5;273.5,175;344.25,279.5
17969;137.5,257.75;166.5,34.5;193.25,100.25;302.25,166.75;226.5,320.5;250,231.25;299,112.75;344.25,279.5
20770;137,226.25;145.75,108.75;154.75,127.25;338.25,197.25;188,283.5;250.75,230.25;299,112.75;344.25,279.5
44537;140.25,240.5;146.75,146.25;161.5,102.75;338.25,197.25;151.75,249.5;225.25,188.25;299,112.75;344.25,279.5
37401;76.25,243.25;129.75,212.5;176.75,111.75;316.5,195.5;142,299;225.25,188.25;237.5,114.25;344.25,279.5
8305;94.75,283.5;155.75,214.25;225.25,126.5;328.5,127.75;120.5,293.5;173,175.25;237.5,114.25;344.25,279.5
21577;59,243.25;197.75,178.25;275.5,129.25;293,153.75;120.5,293.5;219.75,172;262,105.5;344.25,279.5
36477;83.5,197;175.5,202.25;277.75,106;293,208.5;108,320.75;219.75,172;262,105.5;313.25,313.5
8856;18.5,176.25;175.5,202.25;277.75,106;293,208.5;74.5,286.75;264.25,127;312.75,106.25;338.75,312.75
10091;59.5,178.25;136,223;228.25,80.25;323.75,242.25;76.5,289.25;264.25,127;323.5,160.25;338.75,312.75
18752;129,188.25;132.75,289.75;228.25,80.25;305.75,214;94.75,313.5;262.75,108.75;281.25,99;338.75,312.75
35074;93.25,212.75;198,277.25;228.25,80.25;298.75,169;128.5,315.25;262.75,108.75;295,50.5;360.25,276.5
2600;93.25,212.75;237.25,223.5;270.25,133.25;359,183.25;70.25,296;247.25,130.5;325.75,27.75;360.25,276.5
18292;78,147.5;226.5,188.75;270.25,133.25;367.5,165.25;70.25,296;225.75,201.75;278,37;358.25,278.25
39182;28.75,104.5;216,202.5;270.25,133.25;332.25,191.5;19.5,262;225.75,201.75;269.25,7.25;358.25,226.75
10721;42.75,65.25;226.25,145.5;247.75,169.75;274,179;19.5,262;203.5,172.75;230.25,55.25;358.25,226.75
26666;53.25,58;179.25,131.75;201.5,178.25;243.5,181.25;9,228.25;167.25,162.75;230.25,55.25;358.25,226.75
47315;56.25,58.25;179.25,131.75;223,189.75;272.75,215.75;9,228.25;145.5,200;186,5.25;351,153
29817;12.75,6.75;195.25,113.75;207.5,168.25;317.75,165;9,228.25;89.25,163.5;186,5.25;357.5,158
8171;6,4.25;160,59;207.5,168.25;362,217.25;9,228.25;151,118.5;174.5,30;330.5,132.5
5912;50.5,32.5;192.75,17.5;207.5,168.25;331.25,235.25;9,228.25;160.75,138.75;183.25,37.25;336,158.5
13789;35.5,93.25;185,36;223.75,127.5;363.5,242;9,228.25;123.25,106.25;143.75,88;336,158.5
12707;35.5,93.25;166,2.25;259,59.25;362,230.25;23.25,284.75;79.75,150.75;213.25,97.5;336,158.5
12140;30.5,133.25;221.25,0.75;251.5,30.75;362,230.25;23.25,284.75;137,153.75;168.5,91.75;342.25,228.5
36409;9.75,143.75;221.25,0.75;282,52.75;331,197.75;23.25,284.75;180.25,125.25;213,58.25;316.5,197.25
48263;64.75,158.75;204,7;282,52.75;303.25,138.25;27,232.75;165.25,162.25;213,58.25;343.25,144.25
20606;64.75,158.75;195.25,6.25;282,52.75;325,94.5;23.75,188.5;96.5,190.5;173.5,117;316,196.75
41517;13.5,122.25;146.75,31.25;219.75,31.25;296,37.25;23.75,188.5;152.5,225.25;204.75,98.5;316,196.75
16141;34.25,130.75;157.75,29.75;193.5,73.5;290,71;23.75,188.5;112.75,229.75;151,81;316,196.75
5169;66.25,84.5;131.5,11.5;158.5,97.25;275,32;77.25,153;112.75,229.75;151,81;290.25,144.25
49984;66.25,84.5;131.5,11.5;158.5,97.25;263.75,15.25;96.5,198.5;96.75,284;128.25,18.5;355.75,174
11420;112.25,113.5;174,67.5;181.75,131.5;272.75,19;52.25,224;58.25,271;128.25,18.5;355.75,174
36497;155.25,129;160.5,35;165.75,100.75;272.75,19;23.5,188.75;58.25,271;117.5,51.5;327.5,196
41903;84,91.25;86.25,63;95,90;254.75,93;23.5,188.75;45.25,294.5;65.75,9.5;327.5,196
17662;30.5,89.5;128.75,33;162.25,37.75;185.75,58.5;23.5,188.75;45.25,294.5;65.75,9.5;266.5,222.25
31996;36,137.5;96,57.75;154.75,10.5;155.25,128.25;23.5,188.75;45.25,294.5;57.5,79.25;297.5,150.25
29263;79,111;108.5,34;111.75,22;112.75,125.5;23.5,188.75;45.25,294.5;71,77.75;310.25,197.25
15365;67.25,58.25;84.5,64.5;115.25,106;139.5,115.25;23.5,188.75;45.25,294.5;125,113.25;238.25,152.25
34154;67.25,58.25;84.5,64.5;139,117.5;142.5,127.25;31.5,178.75;76,267.75;167.25,90.75;297.75,153.5
16720;30.5,77.5;43.75,47.75;139,117.5;193,135.5;64.5,211;76,267.75;108.25,137.75;353.25,190.5
35929;3,38.75;5,47.75;96.25,130.25;210.25,131.25;34.25,227.25;107.5,320.75;108.25,137.75;353.25,190.5
49319;3,38.75;5,47.75;95.75,130.25;210.25,131.25;28.75,300.5;39.5,307.25;120.75,162.5;311.75,160
32128;3.25,27.25;5.75,48;59,170.75;210.25,131.25;15.25,307;72,288.75;90.25,195.5;311.75,160
19657;7,41.75;8,103.25;54.75,234.25;154,66.75;15.25,307;72,288.75;90.25,195.5;347.75,81.5
18855;23,105;42.5,164;54.75,234.25;115.75,124.25;15.25,307;53,289.25;61,170.75;336.5,133
26362;15.25,154.25;49.25,160.75;70.25,297.75;115.75,124.25;41.25,253.25;58.5,311.75;61,170.75;266.25,112.75
44452;0.5,75.25;11.75,142.25;76,286.5;124.25,46;24.25,218.25;58.5,311.75;61,170.75;266.25,112.75
41185;0.5,75.25;11.75,142.25;130.5,283;163.25,16.25;15,294;38.5,308.75;59.25,131;209.5,97.5
6944;15.75,59.25;19,85.25;143,237.25;163.25,16.25;19.75,279.5;38.5,308.75;96,170.5;201.75,98.75
3596;31,105;87.25,84.75;93.25,212.75;163.25,16.25;5.25,318;49.5,294;128.75,195.75;201.75,98.75
28448;16,175.25;31,129;58,178;210.75,10.25;5.25,318;63,311.5;128.75,195.75;196,67.25
34163;16,175.25;31,129;58,178;216.25,60.75;6,309.75;54,259.25;122.25,198.25;144.75,50.75
25222;31,129;43.75,183.5;79.25,227.75;245.75,2.75;21.25,310.75;47,297.5;93,131.75;144.75,50.75
31976;13,62.75;43.75,183.5;47.75,239.75;300.75,53.75;21.25,310.75;23,231.25;27.25,104.75;81,87.25
48311;8.25,36.25;37.25,119.75;47.75,239.75;357,25.5;18.5,269.5;21.25,310.75;27.25,125.5;45.5,75
49069;31,35.25;49.75,209.5;97.75,255;335,30;18.5,269.5;21.25,310.75;76.75,173.75;88.75,66.25
17929;31,35.25;35,259.25;97.75,255;335,30;14.25,302.25;90.5,320.25;116,196;144,50.25
46846;23,106;32.25,202.5;151.75,292.5;335,30;21.5,282.5;88,319;116,196;120.25,9.25
30374;16.75,140.75;57.75,239.25;123.5,260.25;335,30;22,229.25;52,270.75;74,221.5;120.25,9.25
48924;0.75,170;47.75,265.25;123.5,255.75;329.5,11.25;22,229.25;52,270.75;77,197;120.5,9.75
41974;0.75,142;52.75,317.5;105.5,281.75;329.5,11.25;10.5,293;10.5,307.25;77,197;131.25,19.75
42437;72.75,132.5;84.25,320.75;90.5,318.25;290.25,53.75;10.5,293;72.75,305;74.5,204.75;131.25,19.75
50399;47,179;71.75,297.75;90.5,318.25;290.25,53.75;19,268.5;37.25,254;77.25,273.75;131.25,19.75
36586;15.25,153.25;78.5,202.75;121.5,229;332.25,61;19,268.5;37.25,254;73,296.75;81.75,25.75
10297;15.25,153.25;78.5,202.75;178.75,262.75;362.5,38.5;21.5,292.5;33.75,188;46.5,291.5;147,50.25
47520;31.75,217;45.25,163.25;239.25,224.5;299.5,55;9.5,271.5;33.75,188;46.5,291.5;204.5,73.75
35689;0.75,177.75;2.75,178;239.25,224.5;279.5,15.75;45.5,247;51,161.75;54,237.5;204.5,73.75
22511;46,137.5;53,216;239.25,224.5;279.5,15.75;25.75,280;34.75,107.75;50.75,221;242.25,87.75
17472;49,66.75;118.25,264;196.5,280.75;352.75,39.75;29,310.75;34.75,107.75;35.5,277.75;242.25,87.75
2016;55.25,98.25;57.5,281.5;203,311.75;352.75,39.75;22.25,309;34.75,107.75;82.25,283.5;222,115.25
1028;7.5,79.5;18,308;273.5,310.25;287,14;22.25,309;40.5,176;82.25,283.5;220.25,119
34700;13.75,85;18,308;281,313.5;336.5,4.75;18,320.25;40.5,176;135,223.5;253.25,47.75
35128;37,66.75;74.25,298.25;306,301.75;367.25,72.75;18,320.25;40.5,176;203.5,184.25;221,93.25
8714;13,58.5;93.75,298.75;306,301.75;346.75,128.25;18,320.25;51,159.75;135.5,184.75;191.75,85.25
25581;12.75,28.25;40,275.25;346.25,319;355.75,122.25;18,320.25;52.5,160.25;105,140.5;191.75,85.25
36055;4,4.75;28,194.75;299.5,321.75;355.75,122.25;18,320.25;42.5,104.5;189,178.25;234.75,152.5
43930;2.25,63.75;28,194.75;294,319.5;341.5,113.5;18,320.25;94.75,94;187.5,223.75;231,158
5936;7.75,62.25;16.5,176.5;256.5,279.75;267.75,135.25;18,320.25;94.75,94;137.75,199.25;164.75,164
1925;30.5,72.5;41,103;182.25,320.75;259.75,56.75;18,320.25;122.5,98.25;137.75,199.25;142,87.75
11273;41,103;48.5,75.75;126.75,269;247.5,13;24.25,279;122.75,104.25;136.75,217;142,87.75
33562;3.75,62.25;105,41.75;186.25,238.25;247.5,13;24.25,279;98.75,65.5;109.75,242;138.25,20.5
11288;13.5,51;104.75,42.5;238.25,224.5;264.25,24;24.25,279;48.5,87.5;109.75,242;161.75,25
48199;64.75,56.75;93,54;218.75,161.5;278,19;24.25,279;52,80.75;109.75,242;121,69.25
2024;26.5,89.5;52,48.25;158.25,148;325.5,32;24.25,279;52,80.75;145,252.75;148.25,34.75
39174;42.75,97.75;52,48.25;167.5,187;356.5,89.5;16,254.25;78.25,21;145,252.75;200.5,11
17950;86.5,116.25;94.75,90;132.5,212.5;328.25,117;16,254.25;79,20.5;142.25,269;200.5,11
39082;102,90.5;109.75,128;181.75,255;328.25,117;6.75,202.75;29.25,28;142.25,269;170.25,8
16196;160,37.25;182.75,112;209.75,261;353,87;6.75,202.75;12.25,19.25;142.25,269;170.25,8
26821;170,67.5;193,175.25;280.75,292;288.5,133;6.75,202.75;12.25,19.25;105.5,275.5;156.25,55.5
22415;103.5,40.25;185.75,208;242,259.75;367,120.75;6.75,202.75;12.25,19.25;113.75,243.5;187.75,26.25
23770;82.25,21.5;172.5,281;276.75,236;318.75,160.5;18.25,141.25;23,45;113.75,243.5;187.75,26.25
46850;104.75,19;135.5,271.75;313.75,216.75;328.25,207;16,94.75;23,45;113.75,243.5;250.25,14.75
17059;132.25,42;153.5,223.5;296.75,177.5;352.5,257;12.5,106.75;23,45;113.75,243.5;219.75,16.5
48878;143.75,14.5;184,157;351.5,216.75;363.25,210.25;23,45;65,99.75;130.5,259.25;219.75,16.5
14599;112.25,12.75;202.5,168.25;325.25,241.75;333.5,266.5;53.75,8.75;65,99.75;134.25,259;219.75,16.5
16741;77,12.5;133.75,151;302.25,238.75;350.75,319.5;53.75,8.75;65,99.75;195.25,238;219.75,16.5
10233;64.25,57.5;86,191.75;272.25,166.25;362.75,275;35.25,35.75;38.25,34;195.25,238;219.75,16.5
13436;46.75,122;86,191.75;272.25,166.25;362.75,275;33.5,31.75;90,34.5;149.5,278.75;227.75,19.5
30187;86.25,85.25;140.25,225.25;274,171.5;362.75,275;85.75,30.5;93.75,19.5;106.25,305.25;227.75,19.5
31978;127.5,33.25;157.5,266.75;313,151;318.5,255;85.75,30.5;93.75,19.5;171.25,299.25;239.75,16.5
47986;106.25,13.75;157.5,266.75;304.5,87;333.5,315;93.75,19.5;99,51;246.5,277;307.5,2.5
6219;106.25,13.75;157.5,266.75;294.25,102;301.75,302.5;62,10.5;73,41;247.5,268.75;330.75,60.75
12250;96.75,34.5;157,228;272.5,73.5;293,320.25;20.25,35.25;73,41;280.25,233.5;330.75,60.75
26430;52,76.25;184.75,278.25;235.25,87;242.5,314.75;41.75,75.25;64.25,68.5;280.25,233.5;330.75,60.75
14024;84.75,97.5;130.25,291.5;235.25,87;241.75,297.5;19.5,129;27.5,71.5;264.75,259.25;330.75,60.75
23064;137,102.5;170.25,296.25;256,134.75;281.25,255.25;19.5,129;96.25,66.5;264.75,259.25;335.75,50.5
30153;111.25,121.75;170.25,296.25;244,186.5;336.5,256.5;19.5,129;73.25,28;294.75,216.25;355,16.5
7532;63.25,177.25;150,266.25;244,186.5;322.25,195.75;5.5,197.25;73.25,28;302.25,242;305,22.5
39285;21.5,190;179,232.75;244,186.5;320.75,196.5;46,145;73.25,28;275.75,223.25;356.25,8.5
7307;73.75,187.5;136,272.5;244,186.5;294.75,147;64.75,97.25;88.75,19.5;266.25,263;356.25,8.5
33039;35,181.25;104.5,322;244,186.5;285.5,154.75;48.25,33.5;89.75,21;266.25,263;323.75,58.75
22442;51.25,157;55.75,302.25;212,131.25;239,204.25;29,15;89.75,21;223.5,291;323.75,58.75
26176;29.5,123.25;47.75,277.5;212,131.25;268,178.75;29.25,29.75;89.75,21;275.5,272;338.25,78.5
39043;29.5,123.25;70.25,287.25;245.75,196.75;297.75,237;6.5,71.25;89.75,21;273.5,247.25;359.75,56.75
4644;29.5,123.25;70.25,287.25;245.75,196.75;358.75,227.75;4.5,48.75;81.25,11;240,293.75;365.25,80.75
36411;32,193;70.25,287.25;202.5,223.5;368,164.75;3.75,50;81.25,11;231.25,283.25;353.5,54.25
6366;77.75,193.5;116,284;252.25,258.5;303.75,140.75;3.75,50;51.75,33.5;205.5,217.5;353.5,54.25
11530;23.25,228.75;107.75,294.75;304.75,289;344.75,131;3.75,50;59.75,12.25;238,159.5;353.5,54.25
3128;101,221.5;170.75,242.25;304.75,289;344.75,131;1,26.5;78.25,24.25;301.25,185.25;334,1.25
27763;69.25,187.5;225,219.25;264.5,244.75;344.75,131;5.5,91.5;144.25,12.5;301.25,185.25;338.25,63
25393;73,223.25;225.5,218;307.5,246.25;335.25,143.5;41.25,108.5;144.25,12.5;301.25,185.25;321.75,62
3559;29,262.25;158.75,213.25;270,254.75;329,150.25;41.25,108.5;118.25,17.25;271,139.25;321.75,62
36114;31.25,194.75;151.75,225;288,235.5;303,148.75;88.5,118;116.5,72.5;271,139.25;321.75,62
475;31.25,194.75;151.75,225;248.75,188.5;282.25,122.75;92.75,64.5;98.25,110;250.25,175.75;319.75,42
19515;12,143.25;143.75,264.5;225.75,203.5;253.75,78;106.5,40.75;141.25,119.75;250.25,175.75;319.75,42
16418;12,143.25;199,306.25;225.75,203.5;252.25,75.5;89.75,73;171.25,166;261.25,212;347,79.5
49358;49.25,188.75;199,306.25;207.5,200.5;252.25,75.5;43.25,87.75;224.75,181.5;270.75,287.75;335,149.5
12173;59.5,234.5;207.5,310.75;211.25,260.5;263,55.25;52.25,76.25;224.75,181.5;270.75,287.75;359.25,194.75
26416;89.75,249.25;161.75,317.5;183,316.5;285.5,74;52.25,76.25;240,147.25;270.75,287.75;341.25,181.75
3573;67.75,193.5;110.5,309;183,316.5;307.5,110.75;13,68.75;228.75,84.25;270.75,287.75;278.75,184.5
33664;69,171.25;114.25,312;204.75,318;247.5,119.5;31.5,42.25;228.75,84.25;270.75,287.75;329,129.5
43929;69,171.25;118,299.75;204.75,318;266.25,150;90.5,24.25;227,134;246.25,315.25;359.25,183.25
34066;51.25,144;118,299.75;204.75,318;227,145.5;123,8.25;249,163.75;284.25,287.25;334.5,134.5
30413;114,164.25;119,238.25;142.75,310.5;189.75,151.75;77.5,3.5;261.5,117.5;284.25,287.25;334.5,134.5
11526;90.5,119.5;102.25,212.25;142.75,310.5;189.75,151.75;44.25,7.5;262,118;328,275.75;337.25,60.5
22319;37.5,128.5;102.25,213.25;115,302.75;145.25,137.25;106.75,39;279.25,89;328,275.75;337.25,60.5
12861;2.25,91;102.25,213.25;115,302.75;145.25,137.25;63,14;240.75,73;318.75,241.5;345.25,80
7573;10,8.25;74,228.25;136,228;161.5,127.75;63,14;257.75,11.25;318.75,241.5;360.5,156.75
1430;34.25,21.75;71,148;159,157.5;169.5,57.25;90.75,63.5;243.5,76.5;318.75,241.5;360.5,156.75
30504;5.5,26.5;7.5,142.75;146,225.25;169.5,57.25;21,43.25;230.75,4.75;277,267.25;360.5,156.75
2270;5.5,26.5;8,143.25;144,125.5;228.75,34.25;60.5,134.5;230.75,4.75;317.5,197.75;336.75,160
8273;5.5,26.5;64.75,148.25;144,125.5;228.75,34.25;82.25,141;242.25,41.75;334,204.5;338.75,99.25
30473;57,4.25;72.25,85;168.25,124.75;206.25,77.25;15.25,141.75;219,106.25;334,204.5;338.75,99.25
20411;91.25,65.25;108.75,127.5;125,87.75;251.5,56.25;15.25,141.75;217.75,117.5;279.5,258.75;338.75,99.25
29443;127.5,30.25;137.5,96.75;141.5,19.25;216.75,53.75;15.25,141.75;235.75,152;279.75,184.75;338.75,99.25
19287;147,35.25;152.25,28.5;157.75,28.5;244,3.5;15.25,141.75;235.75,152;312.25,248.75;338.75,99.25
20335;92.75,19.25;112,32.5;193.5,85.25;244,3.5;15.25,141.75;266.25,83.75;313.75,313;327.5,2.25
39056;63.5,97.25;65.75,51.75;138.75,124.5;244,3.5;49.75,90.25;248,11.25;276.5,294.25;327.5,2.25
6438;65,85.5;76.75,38.5;134.25,157.75;244,3.5;111,93;190.75,41.5;280.5,295.5;327.5,2.25
26626;1.5,73.5;63.75,56.5;85.75,165.5;244,3.5;117.5,23.5;130.25,23.75;280.5,295.5;347.25,52.75
13950;43.5,122;47.5,46.75;55,218.5;219.25,86;113.5,23.5;130.25,23.75;280,288.5;347.25,52.75
5767;16.25,170.25;47.5,46.75;51,239.25;199.25,7.25;81.75,80;111,10;280,288.5;351.75,55.75
18272;41.5,239;68.5,86.5;69.5,188;175.5,49.5;81.75,80;111,10;310,237.75;342.75,60
31205;57.25,282.25;65,136.25;118.25,200.25;203.75,64;20,53.75;111,10;266.25,259.25;342.75,60
34390;28.25,277.75;66,116.5;96.75,251;171.25,20.5;47.25,7;88.25,63;266.25,259.25;342.75,60
23324;8,305;101,86.75;116.5,299.75;158,34.25;18,19;88.25,63;289.25,311.5;342.75,60
50072;19.5,308;38,64.75;95,313.5;158,34.25;12,92.5;88.25,63;280.75,269;338.5,80.75
47606;15.5,309.5;38,64.75;142.75,261.25;158,34.25;10,93.75;162.25,50.5;339.75,311.5;352.75,46
5098;26.75,272.25;61.5,4.25;140,197.75;165.75,37;10,93.75;209.5,72.25;339.75,311.5;352.75,46
39844;61.5,250.25;77.5,7.5;85.75,193.5;168.25,7.5;11.5,96;209.5,72.25;251.75,287.5;352.75,46
31971;61,252.5;77.5,7.5;106.75,120.25;168.25,7.5;49.25,143;179.75,25.75;244.75,315.5;357.75,73.5
1267;8,309;64.5,86;79.75,140.5;168.25,7.5;130.25,125.25;175,29.5;183.5,302.75;357.75,73.5
47685;58.75,241.75;68,142.75;103.75,213;168.25,7.5;141.25,203.75;175,29.5;223.5,313.25;351.75,24.25
3409;29.5,257.5;68,142.75;121.75,220.5;195,62.5;132.5,188.25;148.75,7.75;285.75,276.5;351.75,24.25
46511;29.5,257.5;111.25,123.25;152.5,261.5;166.5,52.25;84,169;148.75,7.75;269.25,235.25;326.25,61
32249;16.25,263.25;133.25,155.25;153.75,231.25;175.25,60.5;84,169;148.75,7.75;222,209.25;352.75,13.75
35018;2.75,198.5;98.5,189.5;101,208;175.25,60.5;106.25,152.25;148.75,7.75;247.75,216.5;330.25,39.75
38352;2.25,184.75;50.25,239.25;62,193.25;175.25,60.5;164.75,162;220.25,14.5;247.75,216.5;301.5,113.25
28158;7,240.5;44.25,210.25;65.5,222;153.75,30;164.75,162;265.25,4.75;266.5,218;301.5,113.25
7408;15.5,261.5;27.75,231;39,224.75;153.75,30;217.25,146;231,61.5;240.5,180.25;301.5,113.25
27814;2.25,280.25;29.75,146.5;31.75,138;82.75,69;217.25,146;247.75,92.5;265.75,198.5;301.5,113.25
19073;2.25,280.25;29.75,146.5;31.75,138;76.5,5.5;223.75,96;239.75,14.25;306.25,244;342.5,141.75
33286;2.25,280.25;68.25,165;69.75,134.75;78,14.25;200.5,99.75;239.75,14.25;262.5,244.25;318.25,116.5
41303;2.25,280.25;39.25,87;68.25,165;78,14.25;200,96;239.25,15.5;313.25,195.25;351.75,44
22986;32.5,274.5;39.25,87;68.25,165;78,14.25;168.75,37;201,85;310,158.75;352.25,17.5
35184;3.5,254.75;12.75,9.25;68.25,165;131.25,25.75;82.5,25.25;124.5,113.25;248.25,141.75;352.25,17.5
25094;48.75,295.5;53.5,16;70,205.5;131.25,25.75;38.75,52.75;53,101.25;248.25,141.75;329.25,2.75
3930;9,309.5;10,64.25;70,247.75;177.25,16;38.75,52.75;129.75,104.75;184,162.5;329.25,2.75
18630;9,309.5;34,16.75;43.75,267.75;198,50.25;11.25,11.25;76.5,100;193.5,176.25;329.25,2.75
3593;9,309.5;35,36.25;122.25,242.5;159.5,106.75;15.75,5;76.5,100;214.5,159;303.75,62
7935;51,295;64,1.25;147.5,226;158.75,157.5;15.75,5;127.75,73.5;214.5,159;333.25,4.75
20474;46.75,309;117.25,15.25;117.25,187.25;120,182;18.25,16.75;127.75,73.5;214.5,159;346.25,50.75
47265;23.75,242;117.25,15.25;138.5,241.25;160.5,128.25;5,2.75;127.75,73.5;214.5,159;364,50.5
15847;45.25,295;131.75,30.5;174,197.5;201.25,63.75;5,2.75;130,77.5;231,127;364,50.5
290;45.25,295;101.5,76.75;154.5,265.75;174.25,134.5;15.25,13;139,6.25;265.25,101.75;364,50.5
20296;94.75,314.5;111.75,111;135.75,265.5;160.5,180.25;15.25,13;139.75,5.25;328,134;364,50.5
10362;45,286.5;56,150.5;135.75,265.5;143.25,112;65,41;141.25,28.75;246,163.75;364,50.5
23509;22.75,298.5;37.25,188.5;144.75,314.75;185.5,131.5;65,41;141.25,28.75;234.5,218.25;353.25,62
6770;70.25,297.75;110.25,235.75;146.5,305.5;173.75,155;82.75,105.25;141.25,28.75;287.25,217;353.25,62
35409;14.5,247;66.5,255.75;85.5,303.25;102.75,164.25;45.5,143.25;118.5,40.25;287.25,217;353.25,62
808;6,284;9.75,222.25;87.25,300.25;89,115.25;30.75,79.5;99.75,77.75;287.25,217;353.25,62
37470;8.75,261.25;12.25,301.5;90.5,247.75;111.5,85.25;30.75,79.5;99.5,79.25;238.25,283.75;353.25,62
30986;8.75,261.25;63,295.5;165.5,225.25;170.75,105;76,24.75;142.25,59.5;294.25,281.5;353.25,62
20204;8.75,261.25;137.25,317;140.5,283.5;179.5,59;75.5,20.75;148.5,34.5;249.5,268.75;353.25,62
3427;26,231;161.75,318.75;194.75,246;243.5,6.25;75.5,20.75;156.5,17.75;236.25,267.5;353.25,62
16030;22,229;242,314.25;249.75,291.25;272.25,71.5;75.5,20.75;156.5,17.75;236.25,267.5;365.75,78
8221;79,256.5;299.75,322.25;324.25,294;332.75,57;75.5,20.75;156.5,17.75;235.5,267.75;354.25,47.5
48588;38.5,303.5;284,283;310,233.25;314.5,14;75.5,20.75;126.75,19;246.5,194;354.25,47.5
12700;117,300.5;220.25,279.75;231.5,236.25;314.5,14;18.75,48;126.75,19;203.75,175.75;349.25,26.25
41068;61.5,318.25;142.5,266.5;247.5,217.75;252,9.25;18.75,48;126.75,19;218,159.25;318.25,33.5
37769;57,239.5;145,320.25;251.5,274;283.5,10.25;58.25,122;126.75,19;260.75,173.5;318.25,33.5
32795;38.5,222;203.5,311.75;264.75,322.5;282.25,55.5;58.25,122;96,34.5;245,175.25;318.25,33.5
33302;84.5,261;162.75,251.25;280.25,309.25;282.25,55.5;33.5,178;69.25,10;186.25,152;318.25,33.5
18452;62.75,304.5;162.75,251.25;281.75,301;356.5,91.75;5.25,228.5;13.5,4;186.25,152;310.75,99.5
14240;70,230.75;162.75,251.25;245.5,311;356.5,91.75;54.75,248;65.25,9.25;205.25,182.25;306.5,148.75
15101;89.75,249.25;120.25,234;308.75,317.25;354.25,32.5;54.75,248;70.75,11.25;205.25,182.25;309.5,196
41475;74,175.5;121.25,303.25;304.75,256;308.75,92.25;54.75,248;70.75,11.25;141.25,189.25;319.25,161.75
5920;74,175.5;121.25,303.25;304.75,256;355,98.25;48,281.5;69.5,78.25;70.75,215.75;313,206.75
33877;69.25,185.5;121.25,303.25;294,321;356.5,95.25;15.5,309;68.25,108.25;70.75,215.75;359,154
5704;69.25,185.5;102.25,315;294,321;349.75,94.75;18.5,306.5;50,147.25;59,222.25;339.5,163.5
36469;83.25,175.25;97.25,257;255.25,310.75;331.75,149.5;5.25,306;50,147.25;86.75,210.5;339.5,163.5
18384;83.25,175.25;116.75,271.5;204.25,296.5;331.5,89.75;18.25,309;22.75,203.25;49.75,151.75;339.5,163.5
8646;77.5,222;155,297.75;204,280.5;331.5,89.75;2.25,283;22.75,203.25;82.5,167;278.75,193.5
12266;117.75,236.75;144,320.5;223.25,247.25;355.25,82.25;2.25,283;30.5,217.5;66.25,174.25;278.75,193.5
6911;88.75,300.25;166.25,311.25;279.5,263;364.5,39.5;2.25,283;30.5,217.5;107.75,162.75;257.25,175
43844;59,242.75;166.25,311.25;341.75,229;364.5,39.5;8.25,229.5;51,281;66,208;315.25,160.75
41028;0.5,222.5;164.75,250.25;341.75,229;354.25,25;22.25,202.25;39,318.5;40.75,253.75;315.25,160.75
221;11.25,269.75;172,161;305,167.5;309,13.5;12.5,202.25;39,318.5;40.75,253.75;309,181.75
20316;30,229.5;165,146.5;297.5,110.5;324.5,23.75;12.5,202.25;40.25,323;45.75,248;309,181.75
18415;30,229.5;228.5,188.25;342.25,157.5;351.75,97.75;12.5,202.25;18.5,323.75;56.25,297.75;319,179
24298;101,193.75;269.75,148.25;320.5,231.5;322.75,150.5;7.5,134.75;18.5,323.75;56.25,297.75;308,194.75
4877;85,161.5;269.75,148.25;289.75,295.5;322.75,150.5;9.5,148.75;40.75,282.75;41.25,300.25;337.25,195
31294;85,161.5;270.75,128.25;289.75,295.5;314,112;19.75,120.25;39.5,281.75;68.25,258.5;354.5,264.25
15722;116.75,207.75;237,154;240.25,312.5;277.5,169.25;19.75,120.25;31,292.5;68.25,258.5;329,310.75
21593;170.75,185.75;270.25,104;271.25,236;280,231.5;22.5,39;26.5,307.5;68.25,258.5;329,310.75
48823;170.75,185.75;236.75,37.75;280,231.5;285.25,261;102,48.75;105,308;130.5,195.75;316.25,301.75
41228;204.75,167.25;236.75,37.75;251.75,296.25;280,231.5;108.25,129.5;111.5,240;191.5,257.5;282,288.25
22320;164,141.5;217.5,32.25;287,287.25;315.75,195;127.5,73.25;140.25,225.75;191.5,257.5;282,288.25
49324;200.25,178.25;221,60.75;313.25,313.5;341.75,229.25;127.5,73.25;192,196;212.25,275;282,288.25
4408;207.5,200.5;268.25,56;313.25,313.5;341.75,229.25;125.25,50.5;216,247;226.5,267;262.75,272.25
38797;243,219;299.25,55.75;333.5,256.5;358.75,209.25;125.25,50.5;226.5,267;233.5,230;280.25,217.5
42053;220,247.75;262,28.25;297.75,239.25;339.25,182.25;133,47.75;233.5,230;246.25,256;280.25,217.5
17242;248,194.25;259,18;308.25,262.5;339.25,182.25;133,47.75;175,237.5;215.25,215.25;261.75,176.5
6635;248,194.25;259,18;283.5,322.75;357.5,166.25;211.5,47;223.75,284.25;259,204.25;299.5,199.5
37868;209.25,241.25;252.75,28.5;283.5,322.75;300,207;232,42;251.5,309.25;259,204.25;314.5,161.25
48737;171.75,306.5;252.75,28.5;283.5,322.75;338.25,235.25;229.5,20;272,247.75;295.25,184.25;319.5,159.5
46990;186.25,278.75;252.75,28.5;297.75,317.5;320.75,197;157.25,17.75;272,247.75;278.25,212.25;293.25,107
33949;138,226.5;235.25,87;297.75,317.5;311.75,227;93,35.75;238,293.25;278.25,212.25;339.5,163.5
47374;197,265.75;278,105.75;305,315.25;312.25,199.5;134.75,19;213.25,296;278.25,212.25;339.5,163.5
26964;236,259.25;289.5,72;305,315.25;313.5,150.25;203,15;213.25,296;250.75,252;301.5,198.25
34400;222.25,205.5;290.5,13.5;305,315.25;357.5,134.5;193,95.25;213.25,296;238.5,168.75;330.75,197
30695;222.25,205.5;290.5,13.5;305,315.25;316.75,119.5;192.5,164.5;243.25,279;319,159;354.25,182.25
38969;222.25,205.5;289.75,13.75;305,315.25;316.75,119.5;221.75,176.75;230,251.75;318.25,230;362.25,267.75
34303;222.75,201;273,71.5;292.25,319.5;323.25,135.75;221.75,176.75;230,251.75;334.5,171.5;342.5,289
7450;199,269.5;268,112.5;284.5,319.5;314,149.75;204.75,183.75;242,235.5;334.5,171.5;342.5,289
35380;162,322;268,112.5;285.5,321.25;324.75,157.25;181.25,156.5;186.75,239.25;304.25,123.25;342.5,289
26075;209.5,282;248.75,130.25;305.75,302.75;359.25,179.5;181.25,156.5;186.75,239.25;341.75,81.5;354.25,224.75
12760;181,246.75;307.25,115.25;308.25,231.25;324.5,142.25;181.25,156.5;186.75,239.25;341.75,81.5;357,287.25
1661;202.25,193.75;307.25,115.25;308.25,231.25;324,160.25;168,92.75;239,228.75;316,31;320.5,300
29934;162.25,231.25;298.5,45.5;309.5,226.75;311.25,96.75;150,145.5;239,228.75;316,31;320.5,300
42827;174.5,302.75;259,57.25;344.75,229.75;359.5,138.75;150,145.5;239,228.75;317,82;320.5,300
25109;120,257.75;185.5,47.5;287.5,277.5;357.5,101.75;150,145.5;239,228.75;263.25,79.25;289.75,299.25
40037;60.75,239.25;253.75,41.25;284.25,309.75;345.75,133.75;104.75,126.75;239,228.75;270.25,143.75;289.75,299.25
1605;19.5,223;275.25,17.5;283.5,309.25;328,105;104.75,126.75;238,230.75;270.25,143.75;311.5,276.75
35351;25.5,233.75;246.25,39;283.5,309.25;351.75,103.25;144.5,115.75;238,230.75;318.75,136.25;342.25,276.5
22706;24.5,247;246.25,39;283.5,309.25;341.75,133.75;220,85.5;303,206.5;303.25,216.5;314.75,265.75
14070;76.25,242.25;266,57.5;271.25,238.75;335,208.75;215.75,60.5;303,206.5;314.75,265.75;345.5,224
25574;91.75,232.5;286.5,24;315.5,268.25;344.75,278.25;215.75,60.5;308.75,234.25;314.75,265.75;359.5,164
17422;91.75,232.5;268.5,33;314.75,268.5;344.75,278.25;208.25,108.25;303,257;336,320.25;350,141.75
28018;79.5,173;273.75,94.75;314.75,268.5;344.75,278.25;261.25,113.5;317.25,211.25;337.25,309.75;357.75,146.5
42876;73.5,134.75;272,72.5;284.5,319.5;295.75,239.75;261.25,113.5;317.25,211.25;331.5,314.25;355.5,150.5
13186;73.5,134.75;272,72.5;295.75,239.75;301.5,320.25;251.75,187.25;329.25,163.75;331.25,314.25;340.75,97.25
10400;73.5,134.75;277,73.75;301.5,320.25;363.5,247;226.5,273;237,179;249.5,290.5;346.75,83
42955;73.5,134.75;303.75,13.75;310.25,318.75;356.5,288;226.5,273;253.75,160;282.75,264.25;321.25,43.5
26114;73.5,135.25;272.75,25.5;313,245.5;351,307.25;226.5,273;253.75,160;319,260;361.75,46
6718;9,140.25;253.75,77.5;354,274.5;354.75,240;226.5,273;229.75,124;352,295.25;361.75,46
42303;17.5,190.25;253.75,77.5;311.75,251.5;353,261.5;203.75,300.75;261.5,136.5;311.25,314.5;361.75,46
28612;36.5,127.25;253.75,77.5;282,220;322.75,303;222.75,254;238,140.75;253.25,308.25;361.75,46
40646;77.25,64.5;317.75,37;318.5,216;343.5,251.75;222.75,254;261.75,63.25;322.75,311.25;361.75,46
10181;64,74.75;285,75.75;304.75,139.75;343.5,251.75;262.25,264.5;276.25,10.75;290.5,287.25;361.75,46
3753;64,74.75;246.25,80.75;304.75,139.75;343.5,251.75;282.25,187.75;316,3.25;316.75,241.5;318,78.5
28298;113.75,47.5;172,135;280.5,164.75;356.75,167.75;284,176.5;316,3.25;316.75,241.5;331.5,42
12013;147.25,8;203.25,96.75;265.75,143.5;279,127;214.25,183.75;261,17.25;316.75,241.5;331.5,42
10781;148,6.75;203.25,96.75;265.75,143.5;332.5,141.25;202,176.5;211.5,36;306.25,171.5;332,6.25
46440;148,6.75;253.5,92.5;265.75,143.5;341.5,133.75;188.75,238.25;201.75,107.75;251.25,131.75;284.75,11.75
6700;102.5,5;249.5,21.75;275.5,190.25;356.25,169.75;140.75,198;225.25,105;251.25,131.75;284.75,11.75
39294;70.25,47;249.5,21.75;266,134.75;365.75,201;133.5,265.25;192.25,100;259.25,75.5;284.75,11.75
30777;26.75,59;198.25,7.25;266,134.75;370,170;153.75,223.5;179.5,125.75;246,82.25;284.75,11.75
20571;10,110.5;198.25,7.25;325.75,113.5;333,135.5;153.75,223.5;234.5,111;243.5,70.75;270.25,74
30052;79.75,116.25;198.25,7.25;285,56.25;333,135.5;144.25,286;168.75,88;278.5,26.5;312,87.5
30085;115,81.25;139,21.75;251.5,5;333,135.5;81.75,321.25;195,84;248.75,14.25;312,87.5
14334;165.75,23;198.25,18.5;202.75,62.25;311.5,134;37.5,279.75;195,84;248.75,14.25;312,87.5
9929;117.25,33.5;198.25,18.5;202.75,62.25;370.25,143;1,316;128.75,104;183.75,32;264,139.5
25677;96.75,12.5;198.25,18.5;202.75,62.25;330.5,136.5;52.5,307.5;149.75,150.25;153,7.75;255,176.75
43275;104,19.25;158,30.25;236.75,119.5;315.75,139.75;117.75,296;149.75,151;153,7.75;255,176.75
36307;122,41;125.25,80.5;194,146.5;315.75,139.75;116.5,251.5;143.75,186.25;153,7.75;264.5,230.5
40890;118,4.5;160,124.25;163.5,147;288.75,167;116.5,237.25;141.75,221.5;153,7.75;264.5,230.5
26280;126,19.5;138.25,125;175.5,189;354.75,183.5;116.5,237.25;136.25,176.25;153,7.75;252.75,252.5
34754;131,21.25;146.25,108.75;208.25,199;303,152.5;116.5,237.25;136.25,176.25;145,60.25;200.5,276.5
37349;71.25,58.25;87.5,71.75;162,141.5;271.5,167;116.5,237.25;137.5,176;145,60.25;151.25,317.25
4769;71.25,58.25;130.75,99;162,141.5;271.5,167;166,239;168,223.5;172,23.25;177.5,301.75
9071;40.75,103.5;80.25,89.75;96.5,196.75;261.75,169.75;166,239;168,223.5;225.5,100;226.5,273.5
44123;40.75,103.5;80.25,89.75;89.75,267.75;222.25,200.5;173.75,196;197.5,277;219.25,166;289.75,286.25
14498;14,174.75;18,84.5;52,279;222.25,200.5;168.75,221.75;169.5,278.25;214.25,186.75;289.75,286.25
33741;0.25,198.5;19.25,42.25;48.25,201.75;225,190.75;142.25,181.75;169.5,278.25;197.75,174.75;289.75,286.25
818;0.25,198.5;19.25,42.25;111.5,204.75;271.25,248.5;81,171.5;144.25,299.75;172.75,163;263.75,271.75
33576;0.25,198.5;19.25,42.25;153.75,183;286.5,229.5;61,191.5;146.75,317.5;224.25,117;278.5,248.5
36298;0.25,198.5;67.5,9.25;130.25,170.25;240,218.5;22,202.5;174.75,288.75;270.5,114.25;278.5,248.5
43476;1.25,230.25;87.75,67;121.25,144;240,218.5;24.25,198;174.75,288.75;232,134.75;261.75,246.5
48413;43,239.75;72.25,87.5;186.25,157.5;240,218.5;15.75,143.25;131,313.75;232,134.75;291.5,196.5
45084;61.25,209.75;61.5,75.25;145,125;198.25,246;76.25,116;201.75,296.5;232,134.75;291.5,196.5
9099;48.25,239.75;61,75.25;94.25,158.5;145.75,226.5;77,149;201.75,296.5;253.5,121;291.5,196.5
3311;34,258.5;47,46.75;94.25,158.5;172,163.5;78.5,207.25;239.25,309.25;253.5,121;272,173.25
30997;39,221.75;39.25,47.75;144,141.25;161.25,162;78.5,207.25;202.75,276.5;228.75,53.75;272,173.25
4004;9.25,262.75;76,6.75;220.25,129.5;221,185;63,249;195.5,221;228.75,53.75;272,173.25
24486;26.25,269.5;50.75,56.5;206,169.5;207.75,167.25;28,286;195.5,221;253.5,51.5;272,173.25
4322;4.75,261.25;107.5,32.5;148.5,115.25;206,169.5;2.75,306;195.5,221;236.25,118.5;272.75,132
28515;4.75,261.25;79.5,58;187,103.75;206,169.5;4,241.75;185.75,249;190.25,109.5;316.5,177.75
3228;4.75,261.25;142.75,21.5;189.5,101.75;206,169.5;10.5,246.5;165.75,224.5;193.75,176.5;360,172.5
19368;57,210.25;131.75,21.25;144.75,141.75;206,169.5;31,309.75;170,221;195,96.5;360,172.5
18085;119,213;142,47.25;144.75,141.75;255.75,173.25;31,309.75;131.75,266.5;141.5,92.5;333.25,205.25
13782;144,264.25;150.75,125;152,126.5;326.25,188.25;31,309.75;131.75,266.5;177.75,29.25;295.5,195
19204;95,298.5;114.5,160.75;163.75,118;326.25,188.25;76.5,289.25;80.5,283.25;177.75,29.25;333.25,211.75
23404;21,283.25;85,206.75;115.5,166.25;329.25,172;75,223.25;76.5,289.25;177.75,29.25;357.25,243
45741;21,283.25;89.25,196.5;127.25,141;329.25,172;64.75,168.75;88.25,258.5;154.75,88.75;339.5,225.75
18145;8.75,308;89.5,177;114,168.25;329.25,172;16,135;131.5,313.75;154.75,88.75;276.75,212
38860;8.75,308;79.25,142.75;97.75,114;272.5,165.75;26.5,183.25;131.5,313.75;186,29.5;247.75,169
41929;8.75,308;94.75,156;115.5,168.75;268.5,178.75;2,136;131.5,313.75;193.25,4.5;229,203.25
5955;0.25,270.25;26.25,148.25;63.75,171.75;296.5,127.5;2,136;131.5,313.75;209.25,55.75;301,195
29564;17.25,284.75;26.25,148.25;51,240.75;303,54.5;2,171.5;108.5,318.75;209.25,55.75;229.25,201
27512;26.25,189.75;36.25,209;57.5,171;311.75,13.75;2,171.5;108.5,318.75;253.5,76.5;266,192.25
32368;33,235;39.5,181.25;57.5,171;342.5,10.5;2,171.5;153.75,272;276.5,134.5;283.25,198.75
44168;13.75,298;17,140.25;41.25,228;364.25,51.75;2,171.5;153.75,272;283.25,198.75;327,161.5
4787;13.75,298;16,120.25;18.25,143.25;363.25,91.75;2,171.5;220.5,246;221,165.75;301.5,184.25
28892;13.75,298;43.75,103;91.5,157.25;366.5,27.75;2,171.5;264.25,272.25;280.25,105.25;357.75,148.25
8598;28.25,280.5;49.75,54.75;131.5,97.75;336,31;2,171.5;264.25,272.25;267.5,126.25;286.75,151.25
20602;28.25,280.5;48.25,75.25;79.25,91.25;272.75,18.5;2,171.5;240.75,309.25;292.75,199.75;355.75,154
31170;45,285;48.25,75.25;143.25,126;298.25,70.25;10,241.75;163.75,280.25;285,199;355.75,154
48256;18.75,240.5;75.5,6.25;186.5,59.75;298.25,70.25;46.75,253.25;163.75,280.25;286.5,187.25;324.5,205.75
14374;25.75,265.5;108.75,20.5;209.25,92;287.5,55.75;32,311.5;163.75,280.25;286.5,187.25;336.5,262
32380;3.25,312.25;124.5,49;144.25,77.75;287.5,55.75;32,311.5;113.75,302.25;267.5,192.25;302.5,305
18934;3.25,312.25;133.5,24;167.75,104.25;287,11.75;32,311.5;167.5,299;201.5,218.5;309.25,253.75
26113;3.25,312.25;142.75,19.5;167.75,104.25;289.75,13.75;88.5,314;120,291;260.5,239.75;272.75,209.5
4665;35.25,241.5;142.75,19.5;167.75,104.25;289.75,13.75;27.5,309;137.5,216.25;282.75,198.75;284.75,247.75
21930;35.25,241.5;142.75,19.5;167.75,104.25;285.25,72.5;52.5,317.75;197.5,176.5;299.75,198.25;346,291
11520;60,242.25;91,12.25;148.25,134.5;286.25,10.25;59,319.5;197.5,176.5;307,133.5;346,291
44018;84.5,303.25;91,12.25;178.25,113.5;284,56.75;101.5,269.5;137.25,178;338.5,163.5;346,291
42764;84.5,303.25;140.5,8.75;178.25,113.5;283.25,52.75;89,221.25;162.5,163;329.75,118;353.5,292.75
33794;44.25,314;106,19;175.25,162;273,68;80.25,160.5;100.25,151.75;329.75,118;353.5,292.75
38102;44.25,314;106,19;123.5,219.75;243.5,116.75;15.25,172;172,161.5;275,144.25;357.25,211.5
33360;68.5,247.75;106,19;114.5,291.5;280.5,74.5;15.25,172;214.25,118;261.75,163.25;334.75,197.5
10146;68.5,247.75;73.75,29.75;120.75,263.5;256.25,17.5;15.25,172;238,181.75;289.75,99;307.25,244
24983;68.5,247.75;117.75,12.75;183.25,271.75;256.25,17.5;63.25,115.5;192.25,172.75;206.25,84.75;273,264.25
32266;51,201.25;113.25,32.5;186.5,249.25;211,48.25;118.5,73.75;192.25,172.75;206.25,84.75;230.5,274.25
21402;62,217.75;113.25,32.5;145.25,301.75;183,63;126.25,105.25;192.25,172.75;224.5,82;263,319.75
4783;19.25,169.75;113.25,106;123.5,234.75;183.5,55.5;126.25,105.25;192.25,172.75;286.25,94;292,286.75
18319;94.25,188;116,185.75;123.5,202;154,110.75;126.25,105.25;192.25,172.75;243.5,75.5;333.25,274
36632;74,205.5;95.75,189.75;125.75,179.25;144,76.75;126.25,105.25;184.5,176.5;243.5,75.5;311.5,276.75
50542;7,177.25;60.5,115.5;85.5,107.75;90,120;111.25,128;184.5,176.5;194,96.75;311.5,276.75
16664;7,177.25;44,124.5;103.5,56.5;148.25,137.25;123.75,115.5;158.5,202.75;194,96.75;340.25,314.5
26106;8,174;30.75,94.75;103.5,56.5;202.75,131.25;131.75,107;151.25,225.75;194,96.75;319.5,276.75
26650;8.25,141.75;45.25,47.25;103.75,16;191.25,113;113.5,93.5;122.75,198;194,96.75;319.5,276.75
17825;43,137.25;59.25,76.25;127,25.5;166.25,102.75;93.25,136.75;122.75,198;185.25,30.25;319.5,276.75
42554;1,149;17,116.75;112.5,36.25;138.5,129.75;93.25,136.75;122.75,198;191.5,1.75;351,294
9827;7.25,190;81.75,110;185.25,3;186.75,87.75;55.25,84.75;152.5,248;191.5,1.75;351,294
48232;52,237.75;81.5,90.25;185.75,3.5;190.75,114;55.25,84.75;120.75,194.25;191.5,1.75;311.5,312.5
21949;52,237.75;102.75,44.5;124.25,18.75;190.75,114;47.25,69;89.25,136.25;247.5,32;278.75,293.25
1385;64.5,229.25;77.75,31;116,61.5;164,104.75;47.25,69;91.5,108.25;247.5,32;267.75,317.75
16128;87.75,271.25;148,17;150.5,11.25;162.5,129.5;47.25,69;91.5,108.25;211.75,46.75;268.75,316.75
10008;88.5,270.5;106.25,5;131,19.75;149.25,177.5;47.25,69;77.25,150;195.25,99.5;268.75,316.75
42328;88.5,270.5;106.25,5;131,19.75;145,227.75;46,140;53.5,79.25;150.25,92.75;262,319.75
15150;88.5,270.5;106.25,5;131,19.75;157.75,240.75;2.75,172.25;16.25,39.75;122.75,106.5;224.5,274.25
23267;88.5,270.5;106.25,5;131,19.75;161.5,294.25;38.25,111.25;46.25,80.5;102.25,153.25;151.25,302
35222;15.5,310.5;78.5,13.25;131,19.75;170.75,221.75;59.75,131;62.75,92.75;149.75,89.5;151.25,302
10631;15.5,310.5;67.25,2;131,19.75;167.5,148.25;28,119.25;39.25,120.25;95.75,151.75;175,264.75
23570;15.5,310.5;67.25,2;110,40.5;123.25,183.5;24,124.75;86.25,189.5;87.75,106.25;160.75,299.75
7838;4.5,261.25;10.5,6.25;110,40.5;163.75,161.5;4.25,135.25;60.5,202;96.25,41.25;160.75,299.75
9692;10.5,174.5;17,62.25;109.75,20.5;165.25,228.25;11,148.75;60.5,202;70.5,86.25;160.75,299.75
24514;39.25,109.5;46.25,33.75;65.75,7.5;236.75,204.25;11,148.75;60.5,202;109.25,99.75;152.25,317.5
37406;7,104.25;46.25,33.75;65.75,7.5;236.75,204.25;35.75,147.75;113,196.5;123.5,122.75;166,291
40093;7,104.25;19.75,28.25;83,23.75;298.5,212.5;18,141;123.25,194.5;146,135.5;166,291
48680;39.5,138.25;57.75,56.5;58.25,55.75;303.75,140.25;38,80.25;95.25,158.75;146,135.5;166,291
24991;82.75,129;88,113.25;113,32.5;330,151.25;44,38.5;95.25,158.75;146,135.5;178,318.5
17496;82.75,129;88,113.25;113,32.5;349.25,133.75;96.75,38.75;135.25,98.5;152,90.75;223.25,279.5
21643;82.75,129;88,113.25;113,32.5;333.75,77.25;97.75,51.5;103,79;118.75,38.5;170.5,296.5
996;58.75,76.25;142,112.5;148,4.25;367.75,74.25;103,79;139.25,31.5;144.25,29.75;170.5,296.5
1234;58.75,76.25;140.75,111.5;148,4.25;366,121.25;157,95;171.75,40;190.25,40.75;192.5,249.5
41885;8,63.25;140.75,111.5;154.5,28.75;366,121.25;164.25,160.75;175.25,5.25;261.75,16.75;271,263.25
32247;8,63.25;77.75,115.25;174,33.25;336,56;189.25,106.5;227.25,49.75;243.75,46;271,263.25
4934;8,63.25;77.75,115.25;183.75,20.25;336,56;186.25,133;254.25,19.25;283.25,108.25;313.5,227.25
50005;8,63.25;71.5,96.75;149.75,55;276,30;186.25,133;262.5,16.25;310,85.25;345.25,235.5
31881;8,63.25;71.5,96.75;113.25,20;276,30;188.75,198;317.75,41.5;319.75,64.75;324.5,206.25
25586;31.25,33.75;32.25,133.25;153,35.25;276,30;125,209.25;319.75,64.75;347.25,32.75;351,157.5
38151;31.25,33.75;89.75,148.25;175.5,47.5;323.5,41;212.75,176.5;323.5,160;347.25,32.75;356.75,81.25
30650;58.5,74.25;138,147.5;203.25,11.75;323.5,41;179.75,161.25;277.25,184.75;315,2.5;356.75,81.25
4090;113.75,78.5;128.25,141;157.25,28.25;369,26.25;179.75,161.25;252.25,163.25;315,2.5;356.75,81.25
1792;79.75,110.25;154,158.25;175.25,18.75;319,19.5;131.75,198;252.25,163.25;317.75,5;356.75,81.25
36427;79.75,110.25;154,158.25;183.5,9.25;250.75,27.5;78.25,186;211.75,174.75;338.25,60.5;350,82.75
34673;113.25,127.5;154,158.25;204,45.75;268,70.25;78.25,186;248.25,176.75;299.75,114.75;358,149.75
423;73.5,133.75;154,158.25;266.75,19.5;296.25,103.5;78.25,186;217.5,139.5;268.25,147.5;311.25,121.25
39556;120,88.25;135.75,191.5;228.75,33.5;285.25,143.25;95,191;217.5,139.5;262.25,130.25;311.25,121.25
8418;117,34;130.5,216.25;250.5,23;258,188;95,191;233.75,184.5;245.5,69.25;311.25,121.25
14404;112,104;148.5,190.25;202,41.5;217.75,232.5;95,191;233.75,184.5;300,114.5;339.75,77.75
40010;112,104;145.5,148.5;166.5,17;200.5,169;35.5,206.75;229,155;314.25,116.5;339.75,77.75
47387;112,104;203.75,168.75;220.25,72.5;266.75,134.75;35.5,206.75;219.75,209;286,142.75;359.25,41.75
31412;112,104;185,232.75;196.25,11.5;229.5,85.25;16.25,173;223,273.75;281.25,187.5;359.25,41.75
33085;114.25,47.25;161.75,255;180.5,48.75;195.5,20.5;18,174.25;137.25,266.25;281.25,187.5;359.25,41.75
30954;77.25,64.5;103.5,254.5;180.5,48.75;221.25,39.75;31.75,227;82.75,318.25;281.25,187.5;354.75,50
40621;88.5,93.5;102.25,223.75;136,39.5;221.25,39.75;47.5,247;127.25,319.25;298.25,112;354.75,50
9897;61.75,57;99.5,232.75;151.25,52.75;274.75,18.5;3,240.25;127.25,319.25;297.5,111.25;354.75,50
8283;103.75,15;115.75,240.25;172.75,85.75;274.75,18.5;19.75,306;127.25,319.25;305.25,113;351.75,6.25
28335;69.5,75.75;82.5,300.5;214.75,80.25;236.5,29.25;19.75,306;195,309.25;303.75,111.25;351.75,6.25
21487;6.75,87;101.75,223.25;212,131.25;220.25,2.75;21.75,265.75;195,309.25;342,110.5;351.75,6.25
37191;20,154.25;90,156.25;212,204.5;220.25,2.75;20.5,192.75;195,309.25;347.25,140.25;354,18.5
40403;74,141;91.75,90.25;191,281;220.25,2.75;68.5,211;109.25,295;352.25,184.25;354,18.5
32466;92.25,204;133.5,127.5;137.5,313.25;220.25,2.75;68.5,211;194.5,302.5;294,196.75;355.75,82
25596;39.5,243;95.75,130.25;207,309.75;214.25,29.5;68.5,211;194.5,302.5;294,247.75;355.75,82
27942;39.5,243;89.75,86.25;207,309.75;269.25,73.5;17,222.5;250.5,281.75;269.75,306;365,77.5
34072;35.25,311.25;64.25,86.5;207,309.75;299.25,112.5;40.5,254.25;235.25,287.25;241.5,318;365,77.5
581;29.5,229.5;32.75,139;261.75,311.25;270.5,128.25;40.5,254.25;192,257.25;256,292.5;365,77.5
11093;2.5,220.25;25.5,182.75;262.5,311;270.5,128.25;10.25,188.5;192,257.25;274.75,252.75;332.75,60.5
7260;28,297.5;68.25,118;262.5,311;289.5,190.5;92,190;264.25,262.5;265.25,319.75;332.75,60.5
30306;25.5,251.5;41.75,46.75;262.5,311;289.5,190.5;127.5,258.75;226.75,267;283,322.75;339.5,96.75
25931;69.25,295.5;107,44.25;216,319;300.75,210;152.25,285.25;226.75,267;283,322.75;333,65.5
37512;52.5,318.25;71.25,49.25;216,319;300.25,230.25;200,221;243,290.75;283,322.75;324.75,57.5
903;16.75,264.75;117.75,50.25;284.5,320.75;331.5,298.75;243.5,193.5;244,288.75;283,322.75;324.75,57.5
20279;68.25,210.25;117.75,50.25;284.5,320.75;331.5,298.75;243,213.5;250,287.25;275,288.25;280.75,29.25
4286;0.75,174.5;117.75,50.25;302.75,321.75;331.5,298.75;260,288.25;280.75,304.5;316.75,299.5;329,35
5686;34.75,132.25;54,7;240.75,251.25;370.25,320.5;280.75,184.75;280.75,304.5;316.75,299.5;354.5,78
5673;16,177;129.25,38.75;167.5,232;288,293.75;280.75,184.75;280.75,304.5;335.25,281.75;354.5,78
29332;17.75,141.75;144.25,11.5;162,226.25;250,257.25;280.75,184.75;280.75,304.5;327.25,320.5;354.5,78
7987;9.25,141.75;94.75,18.75;136.25,213;250,257.25;231.75,117.5;242.5,291.75;327.25,320.5;329.5,25.25
39970;9.25,141.75;66.75,83;205,249.75;226,282;161.75,91.25;262.75,272.25;327.25,320.5;364.25,80.75
44809;69.5,171.75;137.25,100;176,316.75;205,249.75;161.75,91.25;305.75,233.25;324,265.5;354.75,25.5
42396;51,179;138.25,46.25;203.75,268.25;208.75,268.25;161.75,91.25;274,287.75;305.75,233.25;338,79.75
23612;85.75,109.75;106,19;203.75,268.25;236,287.25;185.75,131.5;211.25,272.25;305.75,233.25;352.75,24.25
16227;71,141.75;106,19;203.75,268.25;302.5,285.5;130.75,129.25;182,275.75;303.25,280.75;357.5,81
7606;70,154;90.25,11.5;140,238.5;302.5,285.5;130.75,129.25;159.5,235.5;290.75,234.25;353,152.5
49954;42.25,145;90.25,11.5;182.25,231;302.5,285.5;182,164.25;206,264.25;278,264.75;347.5,172
19673;2.75,173.5;50,9.25;239,259;310.25,320.75;161.75,189;206,264.25;286.75,311.25;347.5,172
4068;56.25,193;84.5,34.75;201.5,311.5;238.5,312.25;173,214.25;206,264.25;286.75,311.25;355.25,155.75
49929;26.75,195.75;88,62.75;164,319.25;214.25,260.75;166.75,223.25;172.25,231.25;286.75,311.25;355.25,155.75
49119;60.25,132.75;68.25,47;123,284;170.25,302.75;166.75,223.25;172.25,231.25;286.75,311.25;359.75,195.75
26658;9.5,92.25;14,9.25;172,221;217.75,260.5;160,303.5;166.75,223.25;334.75,309.25;359.75,195.75
24530;7.75,124.5;14,9.25;205,252.75;248,217.25;138.25,229.25;160,303.5;328.25,298.5;344.75,210.25
32811;22,177;38.75,21.25;230.5,235.75;287.75,144.25;138.25,229.25;160,303.5;277.75,295.5;303.75,237.5
47536;7.75,219;39.75,112.75;230.5,235.75;284.5,85.5;138.25,229.25;199.25,275.5;203.25,303.5;305.25,243.5
38249;8.75,265;36.75,119.75;256.25,248.5;276,38.75;138.25,229.25;150.25,302;202.75,276;305.25,243.5
43035;70.5,231.25;89,116.25;256.25,248.5;292.25,98.25;124.5,297;138.25,229.25;255.75,309.75;291.25,287.75
16178;47.75,177.5;94,67;271.75,248.5;325.5,139.25;106,275.5;173,196;255.75,309.75;291.25,287.75
33966;79,142.75;141.5,19.75;238.25,288;332.75,92.5;106,275.5;173.25,169.75;255.75,309.75;261.75,251.75
21440;36.5,128.75;141.5,19.75;292.75,317.5;303.75,139.25;106,275.5;178.25,238.25;199.5,318.75;282.25,293.5
27888;49.75,57.25;172,16;259,254.75;303.75,139.25;154.5,299.75;155.75,293;160.25,303.75;282.25,293.5
5420;28.25,15.25;202.75,70.75;259,254.75;287.5,164;148.25,248.75;154.5,299.75;226.75,267;261.75,269.25
36423;33.25,17.75;248,78.5;259,254.75;280.5,182.5;143,258.75;154.5,299.75;199.25,235.75;255,292.5
30024;33.25,17.75;256.25,42.75;259,254.75;280.5,182.5;157.75,238.75;161.25,300;204,162;298.75,248.75
21261;33.25,17.75;256.25,42.75;259,254.75;293.75,183.25;168.75,238.5;178.5,270.75;196.25,98.75;333.25,204
43603;33.25,17.75;256.25,93;266,255;332.25,217.5;171.25,310;171.5,299.25;189,109;333.25,204
48937;40.5,63.75;256.25,93;271.25,241.25;332.25,217.5;111.75,292.5;169.5,299.75;208.5,145.75;317,277.5
8003;17.5,105.5;270.75,73.5;338.25,225;360,279.25;111.75,292.5;169.5,299.75;214.25,174.5;255,268.75
24862;28.5,70.5;270.75,73.5;297.75,177.5;354,274.75;59.25,295.25;118.5,295.5;214.25,174.5;289,316
27654;44.5,47.75;290.5,111.75;298.25,165.75;364.75,322.75;93.5,297.5;144.5,286.5;214.25,174.5;289,316
5196;97.5,8.75;270.25,114.5;341.5,225;364.75,322.75;47,247.75;137.25,237.5;193.75,248.5;289,316
6810;65.75,21.75;277.25,101.25;348.25,288.5;359.75,288.25;23.75,210.25;137.25,237.5;221.5,300.25;289,316
22486;50.5,74.25;279.5,101.75;348.25,288.5;359.75,288.25;19.5,269.5;97,220.25;254.25,242.75;305,279.75
5450;82.75,92.25;302.25,54;324,271.25;347.5,317.5;31,310;97,220.25;254.25,242.75;285.5,287.25
36439;147.75,111.25;275.5,129;324,271.25;347.5,317.5;18.5,250.75;26.75,241.5;217.25,204.25;240.5,226.5
44582;147.75,111.25;259,176.25;299.25,229.5;355.25,318.5;18.5,250.75;73.25,177.5;186.25,223.75;290.75,170.25
7541;196.75,144.5;287,229;297.25,246.25;363.25,311.5;18.5,250.75;119,203.75;186.25,223.75;316,201.75
17452;241.25,165.5;330.5,199.75;348.25,210;350.75,321.25;18.5,250.75;119,203.75;186.25,223.75;332,210.25
34619;271.25,131.75;304.25,195.25;315.25,229.5;363,295;14.75,203.25;119,203.75;186.25,223.75;311,194.5
11422;272.5,72.75;321.25,139.75;349.5,209.75;363,295;14.75,203.25;144.25,188.75;144.75,257;287.75,187.75
48382;236.5,71.5;333.5,121;351.75,156.75;364.25,311.5;73,164;87.5,169;144.75,257;287.75,187.75
29874;221.25,21.25;282,168.75;351.75,156.75;351.75,241.5;50,133.5;70.5,150.5;143.25,224;287.75,187.75
39757;171,54;279.25,164;295.5,151;304.5,235.25;50,133.5;70.5,150.5;199.25,235.75;252.75,216.75
33683;176.75,110;262,111.75;283.75,106.75;308,218.25;50,133.5;107.75,125.75;150.25,222.25;252.75,216.75
6406;189.25,113;278.75,106.25;279.25,134.75;309.5,264.75;46.75,111.25;81.75,80.5;150.25,222.25;252.75,216.75
7869;209.75,61.25;278.75,131.75;285.25,193.25;297.5,322.75;18.75,120.25;120.75,105;150.25,222.25;252.75,216.75
9685;173.75,62.5;278.75,131.75;295.75,245;346.5,272.75;18.75,120.25;92,52.25;171,197.5;219.25,176.75
43629;174.75,112;278.75,131.75;300.75,229.5;307.75,262.75;4.5,110.25;72.75,19.5;181.25,190;219.25,176.75
41839;216.25,67;270.75,59;278.75,215.5;282,255.25;32.75,122.75;90,19.5;181.25,190;219.25,176.75
43684;230.25,55.25;248,8.25;278.75,215.5;282,255.25;71,101.25;78.5,25.75;141.5,182.5;214,207.75
12586;229,71.75;248,8.25;278.75,215.5;310.75,235.25;35,175;121,38.5;157,225.75;193.75,251
2901;218.75,45.5;263.5,54.25;323.25,187.5;367.25,201.5;35,175;121,38.5;157,225.75;177.5,301.25
50272;214.5,104.5;255.25,18.5;286.5,143.75;367.25,201.5;35,175;122.75,106.25;134.25,214.75;175.75,237
35473;220.25,60.75;262.5,62.25;282.75,186.25;367.25,201.5;35,175;126,97.75;138.25,194.75;193.5,178.25
22317;220.25,60.75;262.25,61.75;342.25,172.5;349.75,162.25;35,175;114.25,40.5;140.75,162.25;157.5,123.75
16379;241.5,67.25;264.25,28;316.25,113;362.5,123.25;35,175;91,25.25;140.75,162.25;224.5,90.25
49793;259.25,27.75;268.5,2.75;350.75,103.25;360,84.75;68.5,223.25;91,25.25;97,220.25;224.5,90.25
4443;259.25,27.75;323.25,5;336.5,113;349,32;86,235.5;91,25.25;122.5,198;225,90.25
24209;218.75,49.5;250,38.5;265.5,177.5;292.5,53;86,235.5;91,25.25;184.25,175.75;282,102.25
36498;201.75,63.5;298,74.75;318.5,137.25;326.5,30;86,235.5;140.75,29.5;184.25,175.75;282,102.25
1541;261,94.75;276.5,58.5;284.75,85.25;288,25.5;86,235.5;140.75,29.5;241.25,164.25;292.25,169.25
12076;258,133.75;261,24.75;284.75,85.25;315.5,25;23.75,218;193.75,0.75;252.25,226;292.25,169.25
14812;257,111.25;287.25,56.75;314,86.25;314.25,63;23.75,218;177.75,8.5;255,288.5;292.25,169.25
3327;252.5,117.25;260.75,94.5;291.75,98.75;317.75,105.25;23.75,218;177.75,8.5;214,275;312,132.5
17984;256.25,134.25;294.25,111.5;336.75,64.75;354.5,129.75;23.75,218;210.5,45.25;214,275;312,132.5
50314;271,164.5;279.25,166.25;289.75,85;364.5,145;23.75,218;206.25,85.25;214,275;312,132.5
24828;223,183;279.25,166.25;327.25,33.5;359.25,167.5;27,217.5;153.25,68.5;214,275;349,82.25
48523;217.75,159;275.25,171.25;327.25,33.5;359.25,167.5;51,161.75;152.5,31;241.75,318.25;324.25,59.75
32324;218,132;270.5,167;359.5,7.25;367.5,142.75;51,161.75;110.5,11;219.75,283.25;324.25,59.75
1038;246,78.5;286,101.5;292.5,13.5;298.25,158.5;84.5,109.25;110.5,11;219.75,283.25;346.5,80.5
21741;221,62.25;273,66;276.5,18;284.25,120.25;84.5,109.25;110.5,11;163.5,317.5;318.75,129.5
39754;187.25,112.25;232,74.5;292.75,53;323,149.25;84.5,109.25;144.5,48.25;163.5,317.5;282.25,173.75
36850;215,131.25;252.75,118;265,1.75;284.25,151.75;84.5,109.25;144.5,48.25;163.5,317.5;314.5,163.75
6640;215,131.25;252.75,118;265,1.75;344.75,112.5;91.25,126;93.75,49;236.75,309.75;291.25,217.25
49378;233,170.25;271,102.5;275.5,34;303.75,67;91.25,126;93.75,49;236.75,309.75;306.25,241.25
764;160,169.25;282,56.5;291.5,52.25;340.75,14.75;66,115.75;75.25,10.75;236.75,309.75;306.25,241.25
9366;158.25,111.25;282,56.5;334.5,8.5;365,50.5;67,89.25;75.25,10.75;214.25,251.25;295.5,195.75
8654;213.5,92.5;300.5,110.75;318.25,36.75;336.5,74.75;67,89.25;75.25,10.75;184.75,189.75;249.75,147.5
33653;213.5,92.5;278.25,167.75;318.25,36.75;322,93.25;83.5,49.25;103.75,49.25;186.5,250;279,143.75
21737;213.5,92.5;253.25,209.5;308.75,98.25;370.5,68.75;83.5,49.25;108.5,79;228,275;236.5,95
15217;213.5,92.5;236.75,224;279.75,72.25;327.5,88.25;21.5,69;143.5,91.75;221,318;236.5,95
21696;210.75,136.75;236.75,224;317.5,111;321.5,123;48.25,104.25;184.75,95.5;209,284.5;236.5,95
24890;240.5,167.75;256,207.5;307.25,158.25;317.5,111;48.25,104.25;187.75,96.25;202.5,276;210.5,95.75
39833;256,207.5;270,149.5;279.75,106.5;295.25,52.25;32.75,61.75;185,44.25;202.5,276;223.75,36
19795;241.5,193.25;244.75,130.75;248.75,116.25;267,95.25;50.25,52.25;188.25,96.25;202.5,276;223.75,36
16709;264,181;284.25,203.75;291.5,139.5;310.5,57.5;101.25,35.25;188.25,96.25;202.5,276;219.5,56.5
24989;208,221.5;227,251.5;258,191;305.5,93.75;140.25,29.75;188.25,96.25;202.5,276;250.75,70
4837;234.5,251.5;254,284.5;258,191;305.5,93.75;118.5,73.5;186.75,106.5;241,275.25;250.5,86.25
14186;223.25,275;248.5,219;280.5,222.5;306,94.75;64.75,97.25;186.75,106.5;241,275.25;249.75,90.5
8899;221,266.5;222.25,209;231,189.25;277.75,74.25;124.25,112.75;203.5,172.75;241,275.25;249.75,90.5
39842;221,266.5;268.25,213.75;268.5,129.75;304.25,120;100.75,136.75;223,230.75;233,212.75;249.75,90.5
43600;217.75,268.75;276,276;285.75,166.25;352,170;136,98.25;223,230.75;233,212.75;249.75,90.5
4485;148.25,260.5;277,278.25;282.75,166;302.75,157.25;141.5,82.25;223,230.75;233,212.75;241.5,106.5
15064;132.75,283.25;261,244;263.25,170.75;274.75,130.25;141.5,82.25;194.25,246.5;223.25,188.75;241.5,106.5
25959;198.75,318.75;261,244;266.5,154.75;274.25,77.5;118,82.25;150.25,247.25;223.25,188.75;262,121.5
40257;198.75,318.75;264.25,308.5;266.5,154.75;274.25,77.5;91,152.75;137,190.75;190,215.25;290,171
27469;225.75,253;247.5,289.75;266.5,154.75;274.25,77.5;111.25,225.5;173.5,240.5;186,215.25;313.25,243
12679;244.75,283.75;257.75,271;263,179.25;272.75,73.5;83,234.5;173.5,240.5;247.75,213.5;313.25,243
9034;217.5,218.75;247.75,303.25;283.75,104.75;290.5,55.5;48.25,251.75;183.25,163.75;247.75,213.5;313.25,243
48129;163.5,224.25;207.5,261;286.25,56.25;322.5,52.5;48.25,251.75;150.25,143.75;247.75,213.5;310.25,199.5
45197;121.75,205;207.5,261;247.75,80.75;322.5,52.5;61.75,307.5;164.75,152;277.25,217.75;359.5,223.25
41493;133.75,158.75;247.25,313.75;286.25,26.25;358.75,30.5;7.25,307.75;188,177.75;277.25,217.75;359.5,223.25
13948;177.75,113.5;243.75,277.5;265,60.25;358.75,30.5;38.75,320.5;188,177.75;328.25,180.25;328.5,150
13674;207,43;258.25,322.25;291.5,135.5;329.75,3.25;38.75,320.5;236.25,152.5;328.25,180.25;357.5,154.25
25716;224.25,75.5;258.25,322.25;269.5,177.75;288,24;38.75,320.5;204,214.75;341.5,206;342.5,79.25
44491;175.25,143.5;258.25,322.25;269.5,177.75;288,24;5.75,288;164.75,189.5;298.25,226.5;361.5,49.25
46301;206.25,169.5;215.5,299.25;254.25,118;288,24;91.5,283;164.75,189.5;261,183.5;332,2.25
29990;200.5,216.5;219.5,238.75;273.5,55.5;292.25,54.25;132.75,308.5;164.75,189.5;281.75,172.75;332,2.25
33846;165.75,217.25;227.5,184.5;255.5,17.5;336.5,4.75;87.5,253.5;164.75,189.5;307.75,198;332,2.25
13287;229.25,205.75;246,219.5;269.75,6;358,22.5;138.25,252.75;164.75,189.5;253.75,187.5;332,2.25
9395;198.75,264.25;227.5,146.25;301,53.5;355.75,4;138.25,252.75;190.5,215;197,177.75;332,2.25
23851;213.5,202.5;231.25,126.5;321,58.5;344.5,15.25;138.25,252.75;190.5,215;212.25,107;298.25,9.5
24952;231.5,244.75;294.75,101.25;296.75,106.5;337.5,47;138.25,252.75;190.5,215;230.25,53;298.25,9.5
13222;231.5,244.75;252.5,134.5;274.5,66.75;366.25,68.25;168.75,279.25;190.5,215;226.5,25;263,63.75
7225;160.5,273.75;206.75,167.25;223.75,57.5;317,6.5;178,320;190.5,215;216.25,5.75;263,63.75
6379;121.75,301;137,126.25;284.75,10.25;355.75,7.75;143.25,303.75;184.25,250.5;216.25,5.75;263,63.75
5077;84.25,320.25;170.75,46.5;225.25,35.25;355.75,7.75;168.75,282;189.25,181;216.25,5.75;338.75,82.75
22465;85,319.25;130.5,24.5;225.25,35.25;355.75,7.75;176.75,230.25;222.25,170;250.75,72;358.5,57.25
44138;95.75,321.75;212.75,34.25;271,5.5;355.75,7.75;176.75,230.25;181.25,161.5;290.75,143.25;322.25,124.5
19678;26,284.25;180.25,58.75;271,5.5;355.75,7.75;183.25,191;186.25,175.5;283.75,94.75;309,169.25
8161;69.5,230.75;213.25,17.25;307.25,54.25;347.25,27.25;193.5,221;213.25,182.25;283.75,94.75;309,169.25
30675;69.5,230.75;267,9.5;273,23.75;275.5,13;143.5,259.25;213.25,182.25;316.75,121.5;337.25,134
25383;122.5,224;208.25,61.25;244.25,11;275.5,13;116.25,195.75;164.25,163.5;316.75,121.5;365,80.5
1580;184.25,254.5;193.5,50.5;220.25,80.75;297.5,75.75;49.75,224;137.75,107.5;316.75,121.5;365,80.5
20888;183,270;193.5,50.5;263.75,96.5;292,52.25;39,276.75;166,79.5;316.75,121.5;353,68.75
21321;202.5,259.5;216.25,54.25;263,134;300.5,55.5;80.25,316.5;112.5,93;316.75,121.5;353,68.75
32534;202.5,259.5;245,108;279.75,105.25;284.5,105.75;42.5,310.25;67.5,115.75;284,138.25;353,68.75
386;172.5,303.25;208.75,92.75;232,105.25;249.75,40.25;42.5,310.25;67.25,57;284,133.25;353,68.75
14431;162.25,322.75;200.75,84.25;216.25,130;249.75,40.25;42.5,310.25;115.25,5.75;261.5,203.5;352.25,17
19737;162.25,322.75;178.25,111.5;226.5,92.5;292,13.5;38.75,320;80.75,10.75;222.25,177.25;352.25,17
43435;134,292;176.25,110.75;226.5,92.5;292,13.5;18.5,306;46.5,51.75;235.5,213.25;335.75,35.75
36739;134,292;153,48.5;183,83;290,8;14.75,295.25;36.25,43;296,187.25;335.75,35.75
1851;43.75,284.75;124.75,31.5;127.25,30.5;290,8;18.5,282.5;36.25,43;253.75,159.5;339.75,82.25
37667;36.5,284;124.75,31.5;127.25,30.5;249,72;35,309.75;58.25,40.5;311,132.5;355.75,8.5
6707;27.5,270.25;90,26.25;184,20.75;264.75,11.25;35,309.75;58.25,40.5;293.25,187.75;301.5,6.75
3902;15.5,261.25;90,26.25;193,56.25;230.75,67;31.75,300.5;58.25,40.5;235.25,155.5;298.25,26.75
23482;15.5,261.25;90,26.25;217.25,10.25;230.75,67;50.25,270.5;53,43.5;194.5,96.25;316,98
447;10,310;89.75,3.75;175.5,35.5;279.75,32;50.25,270.5;53,43.5;256,106.25;322,162.5
9657;10,310;20.5,42.75;156.5,112.75;287,70.5;50.25,270.5;79.5,79.75;253.5,168.75;286.75,114.75
31;38,318;41.5,30.5;147.75,113.75;277.5,130;50.25,270.5;79.5,79.75;310,160.75;329.25,58.5
38433;38,318;108.75,12.75;147.75,113.75;314.75,111.5;18.5,310.75;34,76.25;332.25,150.75;335.25,38.5
12977;38,318;66.25,42;162.5,162.5;263.25,113;18.5,310.75;46.25,35.75;329.5,195;353.25,7
34475;33.5,295;53.5,97;162.5,162.5;323.5,64.75;18.5,310.75;122.75,11.5;320.25,227.25;358,40.25
8898;32.5,239;84,141.25;185,184.25;311,14.5;18.5,310.75;110.25,55.75;320.25,227.25;350.5,82.25
23508;10.75,190.25;51.75,76.25;197.75,167.75;311,14.5;18.5,310.75;126.5,113.25;282,223;338.25,80.75
34353;39.5,182.75;81.25,85.75;170,191.25;310.25,5.75;18.5,310.75;141.5,87.75;297,150.25;338.25,80.75
21810;47.75,176.5;81,23.75;170,191.25;282.75,53.5;18.5,310.75;148,35;285.5,198.25;332.75,60.5
45004;92.75,140.25;111.5,85.75;170,191.25;282.25,38.25;5,297;92,51.75;285.5,198.25;329.75,52.5
32392;80.75,139.25;120.5,73.5;156.75,226.25;305.25,67.75;5,297;102.75,129.25;303.25,128.75;329.75,52.5
19305;71,74.25;128.5,50;192.5,266.75;305.25,67.75;5,297;62,161;302,113.25;309,42
4906;46.75,60.25;89.75,44.5;136,291.5;301.5,115.25;44.25,320.5;62,161;264.75,131.25;309,42
33292;30.25,85;123.5,3.75;141,302.75;328.75,90.5;44.25,320.5;51.5,146.5;264.75,131.25;331.25,98.25
40306;30.25,85;81.25,38.75;162.75,310.75;328.75,90.5;2.25,309;51,146.5;310.5,181.25;329.75,150.75
4097;39.25,83;142.75,22;162.75,310.75;309,159.5;8.75,270;60.5,203.5;236.25,155;329.75,150.75
11742;73.25,21.25;104.25,16.25;162.75,310.75;254.25,193;8.75,270;56,150;298.75,122;350,82.25
17578;72.75,37;104.25,16.25;167,323.5;253.25,192.25;41.75,318.25;56,150;340,163.5;355.25,54.75
8126;43.25,9;81,23.25;157,318.25;253.25,192.25;41.75,318.25;50.75,128;328,191.5;349.25,19.75
22430;77.5,47;142.25,1.25;223.75,294.25;239.25,202.75;24,285.5;50.75,128;328,191.5;358.75,79.5
43847;46.75,47.75;179.5,18.75;258.25,306.5;308.75,224.75;17.75,295.5;110.25,151.75;328,191.5;358.75,79.5
9367;78.25,21;143.25,45.75;257.75,310.5;275.75,256.25;20.25,306.75;175,153.75;328,191.5;358.75,79.5
45896;113.25,22.5;116.5,68.25;219,311;240,288;20.25,306.75;118.75,140.75;328,191.5;342.5,116
35584;131,21.25;155.75,59.75;242.75,260.25;303,301;20.25,306.75;79.75,190.5;328,191.5;342,117.5
9311;84,21;145.5,34.5;278.25,311;346.25,288.5;20.25,306.75;79.75,190.5;335.75,195.5;342,117.5
41973;59.75,9;73.5,28.75;281.5,318.5;346.25,288.5;20.25,306.75;82.5,194.5;298.75,111;310,44.5
44346;66,9.25;76.25,31;203.25,266.75;263.75,313.5;20.25,306.75;140.75,163.25;266.25,53.75;298.75,111
35153;34,30;75.75,29.75;203.25,266.75;263.75,313.5;26.75,309;205.25,173;235.75,9;305.25,86.5
40550;34,30;75.75,29.75;214.5,319;223.5,301.75;26.75,309;218.75,119;238.75,77.5;307.5,13.75
8477;49.75,56;111,88.25;164.5,302.5;282.5,283.5;37.25,251.25;218.75,119;296.5,115;307.5,13.75
36339;49.75,56;159.75,124.25;179.25,267.25;260.5,256.5;6,203.75;236.75,91.75;296.5,115;330.75,38.25
42302;57.5,8;168,136.5;179.25,267.25;260.5,257;6,203.75;266.5,86.25;322,66.25;349.25,29.25
39814;46,44.25;168,136.5;198.5,299.25;260.5,257;6,203.75;290.75,12.5;326.75,72.5;349.5,19.5
28552;46,44.25;168,136.5;216,276.25;296.5,245.5;55.25,139.75;298,27;343.25,53.5;344.75,62.25
5176;40.5,67.75;164.75,182.75;188.5,246.75;331.75,318.5;55.75,78.75;297.25,24.75;343.25,53.5;344.75,62.25
13551;64.75,4.5;211.5,244.75;215,197.5;332.5,258.75;90.25,71.25;286.5,9.25;343.25,53.5;344.75,62.25
19898;64.75,4.5;219,302.75;220,240.75;319.25,320.75;37.25,109.5;286.5,9.25;309.75,92;347.25,81.75
36244;64.75,4.5;219,302.75;245.5,203.5;352.25,261.75;26,155.25;330,7.25;334.5,162;362.25,79
30763;143,2;247.25,313.75;288.75,260.5;305.75,216.75;25,177;330,7.25;345.25,119.5;362.25,79
158;131.5,19.5;168.75,310.5;246.75,284.75;351.75,265;76.25,109;314,17.25;345.25,119.5;362.25,79
6946;77,5.25;188.75,251.25;327.5,251.75;351.5,229;76.25,109;314,17.25;339.5,79.5;345.25,119.5
15461;77,5.25;113.75,231.75;261.25,256.75;351.5,224;107.5,135.75;336,49;339.5,62.25;345.25,119.5
49864;77,5.25;136.25,239.75;306,320.25;360.5,258.25;164,162.5;328,82.25;336,49;355.75,148.5
33381;76.5,5.25;136.25,239.75;306,320.25;362.75,312.25;196.75,175.75;259.25,65.75;309.75,75.5;333.75,129.5
6794;76.5,5.25;185,272.5;306,320.25;362.75,312.25;230,156.5;263.5,35.25;267,71;343.25,117.75
25942;131,33.25;221.5,215.25;310.5,263.75;362.75,312.25;230,156.5;256.75,9.25;257.75,10.75;360,110.5
41113;131,33.25;221.5,215.25;354.25,241.25;362.75,312.25;196.75,98.25;245,40;278,54;326.25,56.25
8497;133,76.5;197.25,174.5;362.75,312.25;363,230.75;196.75,98.25;238.5,46.25;281,27;345.75,62.25
34074;94.25,128.75;200,179.25;362.75,312.25;363,230.75;181.75,161.5;188.25,23.75;324.75,50.5;336.75,60
7283;112.5,163.75;176.25,197.5;315.75,315;344.5,288;181.75,161.5;206.75,5.25;306.5,95;324.75,50.5
12535;112.5,163.75;163.25,204.25;315.75,315;348.75,321;149.75,224.75;210.25,70.5;256.75,75.5;309.5,86
12060;106.25,126.5;154.25,152.75;284.25,319.75;338.5,271;134.75,222.75;188,24;256.75,75.5;309.5,86
25571;106.25,126.5;154.25,152.75;229.75,302.75;338.5,271;188.5,184.25;229.25,16.5;268.25,94.5;273.5,91
41088;90.25,94;162.75,128.75;200.5,269.5;363.25,319;188.5,184.25;229.25,16.5;273.5,91;306.5,150.5
15818;90.25,94;178,85.75;200.5,269.5;362.25,316;144.5,203.25;158.75,29;300.5,99;314,139.25
3357;115.75,124.75;146.75,29.75;200.5,269.5;362.25,316;79.25,195.5;83.75,20;321.25,65.25;334.75,163
6129;74,174.75;112,58;215.5,204.5;312.75,304.25;60.75,247.25;83.75,20;330.75,59.25;334.75,163
17573;90.75,139.5;168.5,49.75;198,170;365.25,311;37.5,222;83.75,20;330.75,59.25;334.75,163
35236;40.75,189.25;149.25,54.5;189.25,117.25;364.75,261.25;37.5,222;83.75,20;301.25,112.5;311.5,218.5
19524;69,209.25;189.25,117.25;202.75,61;364.75,261.25;23.5,206.25;90.5,25.75;328.5,129.5;357.75,211.5
21028;124.75,183.75;189.25,117.25;222,64.25;322.5,259.25;23.5,206.25;146.75,7.75;340.5,80.5;356.5,159
22906;155.25,128.75;186.5,60.25;198,12.25;322.5,259.25;63,141.5;154,80.75;340.5,80.5;347.75,206.25
32636;175.25,108.25;186.5,60.25;198,12.25;322.5,259.25;36.5,115.75;126,131.75;338.5,82;359.25,192.25
13416;112.75,75.25;184.5,47.75;198.25,85;317.25,306.25;81.75,80;147.25,202.25;338.5,82;359.25,192.25
13571;78.75,110;161.5,33.5;254,122.5;281.25,260.75;81.75,80;181.25,196.5;338.5,82;365.25,213.5
3611;29.5,101.5;111.25,33;266.25,134.75;297.5,317.5;130.25,92.5;181.25,196.5;338.5,82;356.5,245.75
29423;49.5,106.5;186.5,17.25;270,105;297.5,317.5;144,56.75;175,153.25;353.75,55.25;356.5,245.75
14801;27.5,137.5;185,59.25;270,105;359.5,278.5;97.75,10;175,153.25;350.25,80.5;355.25,287.25
4157;27.5,137.5;241,30.75;313,152.25;356.25,272.25;30,40.25;220.75,122;343.5,119.5;355.25,287.25
27990;57,179;273.25,15.75;324,143.25;356.25,272.25;95.25,50;257.75,163.25;343.5,119.5;352.5,305.25
41079;55.5,238.5;257.5,53.25;294,120.75;346.25,228.75;117,72.25;311.25,196;343.5,119.5;352.5,305.25
29828;17,264;250,12.75;297.25,75;349,213.25;117,72.25;312,184.75;342.5,117.5;352.5,305.25
33307;17,264;250,12.75;306.75,56.5;349,213.25;116.75,78.75;329.5,129.5;350.5,153.5;352.75,264.25
6217;25.75,206;216.25,15.75;298.25,111.25;303,189.25;116.75,78.75;314.25,162.75;350.5,153.5;353.25,267.25
37836;62.25,260.5;172,21.25;237,145.25;244.25,171.25;68.25,104.5;314.25,162.75;329.75,133;353.25,267.25
50602;25.75,323.75;132,12.5;237,145.25;258,219.75;68.25,104.5;321,163.75;329.25,160.75;346.25,207.5
9435;25.75,323.75;132,12.5;300.75,113;301,241.25;36.5,104.5;300.75,194.75;331.75,160.5;340,264.5
15670;25.75,323.75;132,12.5;311.25,53;340.75,267;97.75,131.5;290,130.25;297.5,140.25;335.75,205.25
10371;25.75,323.75;132,12.5;284.75,72;350.25,276.75;91.25,106.25;273.5,113.5;285,202.5;319.75,199.75
35157;25.75,323.75;102.5,15.25;246.25,36.25;350.25,276.75;149.25,60.25;266.75,148;268,192.25;269.5,138.25
20292;44.25,265.25;54.25,57.5;236.25,28.25;340.5,311.25;172.5,98.5;266.75,148;268,192.25;269.5,138.25
31241;44.25,265.25;54.25,57.5;196.25,73;340.5,311.25;119.5,80.75;282.5,116.25;310.75,138.75;316.5,145
21770;44.25,264.75;54.25,57.5;245,107.5;340.5,311.25;155.75,96.5;259,77;263.25,121;357.25,146.25
48280;44.25,264.75;97.5,58.5;245,107.5;290.5,320.75;171,91.25;258,19.75;261.75,48.75;355.5,79.5
37420;31.25,308.75;86.25,83.75;249.75,178;290.5,320.75;171,91.25;231,50.75;262,14.5;360.25,154.25
4478;51.5,284.25;140.5,78.25;249.75,178;270.75,321.5;184.75,96.5;185.75,99;262,14.5;326,147
38498;4.75,242;146.5,12.5;249,245.5;270.75,321.5;115.25,144.25;184.75,96.5;326,4.25;350.5,160.5
5244;33.75,213.5;203.5,6;222.5,246.75;257.25,306.5;115.25,144.25;184.75,96.5;252.75,10.25;338.5,160.75
28337;33.75,213.5;203.5,6;238.5,292.5;248,245;107,113.75;142.5,152.75;301.25,5;304,151.5
33948;94.25,190.5;203.5,6;251,276.75;278,181;80.5,164.25;159.5,132.5;301.25,5;340.25,143.25
29591;85,230.5;172,48.5;223.5,303;250.5,153.75;9,145.25;159.5,132.5;301.25,5;355.5,73.5
7188;54,217;172,48.5;215.25,245.25;253.75,117;42.25,76.25;159.5,132.5;334.5,25.5;349.75,23.75
10076;54,217;202.25,61;218.25,198;229.5,184.5;52.5,90.25;108.75,78.75;293.75,84.5;349.75,23.75
19793;117.25,200.25;165.5,112.75;187.75,201.5;221,183.5;52.5,90.25;145.5,112.25;254.5,34.75;349.75,23.75
10515;108.25,162.75;151.75,129.75;187.75,201.5;272.75,195.75;52.5,90.25;175.75,96.5;316.75,62;327.75,57
30798;107.25,160.75;118,123.5;147,240.5;272.75,195.75;65.25,160.5;126.5,47.5;307.25,122.25;327.75,57
15465;107.25,160.75;140.25,77;147,240.5;270.25,132;103,198.5;118.25,51.5;329.5,160;348.25,28.5
15506;114,161.75;130.75,20.25;148.5,261.25;263.25,120;34.25,213.5;155.75,32.25;329.5,160;348.25,28.5
19249;48,207.25;130.75,20.25;148.5,261.25;294,112.5;38.5,198;174.5,9.75;280.25,131.25;353.75,81.25
29632;34,273;86,73;161.25,265.75;294,112.5;54.25,223.5;227.5,15;280.25,131.25;354.25,67.25
100;45.75,206.5;150,84;180.25,238.25;248.75,160.75;21.25,280;227.5,15;280.25,131.25;320.5,52
30966;45.75,206.5;150,84;180.25,238.25;245.75,127.5;21.5,310;220.75,15.5;305.25,109;327.75,38.25
38289;45.75,206.5;84.5,66;206.5,175.25;321.25,156.75;21.5,310;268.25,56.75;326.5,158.5;355.25,56.75
11941;34,159.75;118,59.5;257.25,209.25;306.5,142.25;21.5,310;255.75,6.25;352.5,142.75;355.25,56.75
40115;8.5,175.5;68.75,44.75;218.25,229.75;285.25,103.5;21.5,310;250,70.5;306.75,207.75;355.25,56.75
4491;5,107.5;68.75,44.75;218.25,229.75;304.5,99.25;29.25,243.5;195,95;301.5,196.75;347.75,78.25
22625;20.25,170.75;36,66.75;186.75,263;335.75,154.5;29.25,243.5;195,95;289.5,185;316.25,40.25
40347;3.25,184;12,54;146.5,266.25;335.75,154.5;7,244;195,95;278,224.5;312.75,24.75
21754;5.75,184.25;13.5,3.75;155,243.25;335.75,154.5;18.5,267;195,95;338.5,191.75;356.5,7
39024;40.25,241.25;56.75,64.25;165.75,280.25;357.5,126;80.25,301.25;195,95;264.25,218;356.5,7
31682;40.25,241.25;70.75,99;148.5,319.5;353.5,185.75;93.25,233.75;171.75,163.5;264.25,218;330.75,37
33739;40.25,241.25;110.25,162.25;115.25,312;353.5,185.75;23.25,219.5;232.75,121.25;255,256.75;289.25,84
2730;55,179;78.25,205.5;87,314.25;296,150;23.25,219.5;168.25,96;278.75,286.25;289.25,84
31703;4.75,153.25;82.75,207.5;86,314.25;243.5,181;78.5,235.5;168.25,96;278.75,286.25;308.75,45
37314;17.5,139.25;33.5,223.5;71,304;264,177.5;78.5,235.5;215.5,53.25;278.75,286.25;309.25,45
12732;58.25,178;66.5,223;103,250;304.75,137.75;78.5,235.5;215.5,53.25;234.75,257;327.25,9.75
14558;21.5,177.75;67.75,166;94.75,299.25;311,112.75;53.25,288.75;228.5,114.25;234.75,257;327.25,9.75
17521;29,229;34.5,162.5;55,249.5;269.75,148.75;53.25,288.75;228.5,114.25;228.75,186.5;325.25,57.25
49562;57.75,247.5;58.5,229.5;73.25,300;245,108.5;2.25,310.75;228.75,186.5;295,148.75;325.25,57.25
44322;22.75,300.75;58.5,229.5;116.25,317;294.5,106.75;2.25,310.75;218,136.25;262.25,141.25;342.75,60.75
17402;14.25,301.25;25.25,286.25;116.25,317;329,103.5;2.25,310.75;210.5,175.75;211.5,107.5;317,99
44342;4.25,241.5;12.75,228.5;133.5,291;329,103.5;12.5,306;210.5,175.75;254.25,69.25;306.25,132.25
25241;26.25,189.75;48,179;166,296.25;277,72.75;12.5,306;210.5,175.75;213.5,99;302.75,109
47398;20.5,154.25;35.25,189;166,296.25;265,28.75;12.5,306;188,108;213,108.5;364.75,80
11976;19.75,170.75;21.5,226.25;166,296.25;324.5,41.5;12.5,306;160,89.25;172.25,71.5;312.5,85.25
25024;53.5,137.25;54,158.75;219.75,301.75;285.5,54;25,232;160,89.25;172.25,71.5;277.25,89.25
35649;39.25,90.75;54,158.75;261.75,308;301.5,52.75;12.25,306.25;115.5,74.25;182.25,106.5;277.25,89.25
19281;49.25,47.25;54,158.75;279.75,311;341.25,9.25;12.25,306.25;94.25,103.25;141.25,57.75;253.75,76
43079;10,62.75;54,158.75;279.75,311;341.25,9.25;5,296;44.5,91.75;114.75,22.75;263,102.25
40135;38.5,92.25;62.5,219.25;301.5,319.75;341.25,9.25;5,296;9.75,50.25;171.25,8;216.25,102.25
31119;73.25,84.5;111.75,283.75;306,303.75;353.25,27.75;70,298.25;71,100.25;171.25,8;216.25,102.25
32362;111.25,89.75;111.75,283.75;342.5,289;357.75,16.25;12.75,285.25;71,100.25;153.25,7;198.25,41.25
30449;72,142;111.75,283.75;290.75,243;311.25,6.75;12.75,285.25;66.25,151.75;192.5,5.25;199.25,87.25
36061;48.75,177.5;99,318.75;290.75,243;349.5,38;10.5,310.25;66.25,151.75;252,55.25;252.75,70
16517;59,176.5;137,264.25;290.75,243;293.75,13.75;12.25,296.25;50.75,146;252.75,70;280.25,16
8379;10.25,139.75;137,264.25;307.25,240.5;328.25,32;36.25,304;110.75,98.75;252.75,70;270.75,15.5
6257;62,129;158.5,311.75;309,318.25;328.25,32;24.25,301.25;144.75,48.25;252.75,70;286.25,21
49484;25.5,63.25;243,296.25;302.5,322.5;355.25,14.75;79.75,319.25;144.75,48.25;252.75,70;285.25,21.75
45171;36.5,25;255.5,257;294,320.5;336.25,74.75;79.75,319.25;88.5,78.5;232.75,70.5;285.25,21.75
45003;11.25,6.25;255.5,257;294,320.5;338,48.25;86.25,254.25;104.25,66.5;204,74.5;330.75,6.75
41463;11.25,6.25;224.25,253;283.75,318;338,48.25;72,223;161,89.5;202.25,117.5;302,12.5
13537;6.75,51.5;217.75,268.75;283.75,318;338,48.25;16.75,202.25;189.25,30.75;227.25,94.5;253.5,11.5
23487;0.5,84.25;260,224.25;299.25,318.25;336.5,112;20.75,197.75;189.25,30.75;190,109;253.5,11.5
40106;5.75,85.5;218.25,158.5;299.25,318.25;301,55.75;10.5,241.25;164.75,36.5;182.25,52.25;253.5,11.5
34376;5.75,85.5;218.25,158.5;302.75,317.75;303.25,140.75;23.25,206.75;156.75,119.25;173.75,28.75;251,4.75
14949;1.5,62.75;210.75,78.75;297,272.75;306,208;23.25,206.75;156.75,119.25;173.25,30.25;250,15.75
25417;61.75,75.75;216.25,68.5;297,272.75;350.5,198.75;69.75,153;110.25,77;173.25,30.25;240.75,82.75
5633;70.5,120.25;226,22.5;331.5,311.25;340.75,229;69.75,153;110.25,77;184.25,32;209.5,96
1371;70.5,120.25;299.5,55;341.25,313.25;365.25,263;69.75,153;106.25,39;161.5,89.5;190.5,111
8826;3.5,154.25;299.5,55;315.25,306.25;363.5,264.25;63.5,201.5;65.25,8;148.5,7.75;190.5,111
483;3.5,154.25;291.5,55.75;315.25,306.25;363.5,264.25;87.5,249;145,12.25;166.25,2.25;223.75,53.25
38678;3.5,154.25;286.75,56.25;319.25,314.25;363.5,264.25;139,195.5;145,12.25;200.5,13.25;224,126
3390;9.75,144.75;306.25,132.25;308.5,314.25;368,173;70.75,252.5;145,12.25;200.5,13.25;298,78.75
35531;9.75,144.75;309.75,157.5;341.5,266.75;364.25,202;70.75,252.5;88,19.5;199.25,13.5;324.75,81.75
45507;64,146;309.75,157.5;364.25,202;365.25,261;30.25,207.25;99.75,59.5;215.25,5.5;310.75,82.25
42022;115.75,128.25;307.5,99.25;319,149.25;342,313;30.25,207.25;89,117;237.5,5;310.75,82.25
35101;86,116.25;307.5,99.25;359,136.75;363.5,295;30.25,207.25;108,78.5;231.5,18;355.75,82
48893;51.25,68.25;357.25,152.75;362.5,121.25;365.25,253.5;38.75,178.25;108,78.5;231.5,18;337,79
16254;22,62.25;325.75,94;354.75,112.75;368.5,196;19.25,203;108,78.5;215.75,6.25;337,79
23410;42.5,123;331.75,141.25;353,84.5;367,148.5;6,172.25;108,78.5;174.75,8;337,79
7850;17.5,139.25;299.5,206;353,84.5;367.25,147.25;35.75,135.25;77.75,12.25;105.75,9.25;337,79
14847;17.5,139.25;241.5,206.75;353,84.5;367.25,147.25;79,86.25;96.25,95;102.75,35.75;349.5,50.75
13725;13.5,189.75;258.5,238.25;294.5,54.25;314,114;22.75,59.75;96.25,95;102.75,35.75;310.5,2.25
33605;16,142.25;259.75,309.25;284.5,106.5;303.25,137.25;2.25,3.75;96.25,95;102.75,35.75;311.25,4.25
38921;20.25,74;290.25,320.5;304.5,93.75;313,125.25;2.25,3.75;71,115.75;109.75,59;311.25,4.25
9511;3.75,63.25;306.75,321.75;336,65.75;356,97.25;2.25,3.75;114,117.25;167.5,50.5;311.25,4.25
19753;18.5,62.75;302.5,319.5;333.75,30;358.75,30.5;28.25,8.25;114,117.25;167.5,50.5;311.25,4.25
29514;10,70.5;308.25,258.25;333.75,30;358.75,30.5;38,75.75;136.5,180.25;228.75,5;231.25,9
6871;68,117.5;241,289.5;326.75,38;358.75,30.5;4,35;172.5,161;228.75,5;283.5,16
30422;107.75,80.75;199.5,295.25;254.25,70.5;358.75,30.5;82.25,19.5;113.75,194;238.75,4.25;283.5,16
4172;45.75,110.25;248.25,299.5;268.25,109;335.75,10;82.25,19.5;113.75,194;212,5.5;283.5,16
12856;61.75,170.75;286.5,320.75;306.75,110.5;353.5,17.25;12.25,19.75;113.75,194;166,35.5;283.5,16
49169;95.5,201.25;276.25,255.75;303.25,137.25;311.5,56.5;12.25,19.75;113.75,194;125,71.5;283.5,16
30150;146.75,227.25;276.25,255.75;331.5,133.5;353.5,15.75;2.75,4.5;72,221.25;125,71.5;238.25,17.5
31073;163,178.25;298.5,212;317.5,156.75;326.75,28.5;44.75,44.25;72,221.25;172.25,96.5;238.25,17.5
5480;113.5,201.75;250.5,249;313.5,207.5;335.5,33.5;85.25,73;113,194.75;172.25,96.5;238.25,17.5
26497;135.5,191.75;212.75,218.75;252.5,218.5;357.25,32.5;85.25,73;101.25,197;151,56;238.25,17.5
8065;69,184;262,177.75;283,218;357.25,32.5;31.5,120.25;168.25,189.5;208.75,93.25;238.25,17.5
39831;72.75,209.25;243,216.5;297,210.5;297.75,5;31.5,120.25;153.5,120;194,176.25;238.25,17.5
42433;31,211.5;225,266.5;330.5,198.75;348,17.25;31.5,120.25;153.5,120;194,176.25;244.75,15.75
16406;40.5,238;236,316;312.25,201.5;331.75,80.25;31.5,120.25;106.5,137.75;220.25,171.5;244.75,15.75
20713;1.5,276.75;214,320.5;276.25,143.75;326,11;12.5,137;106.5,137.75;220.25,171.5;244.75,15.75
16551;17.25,223;196.75,317.25;269.5,105.75;291.5,56.25;18.5,156.5;106.5,137.75;242,219.5;244.75,15.75
29565;1,189.75;196.75,317.25;278.25,103.75;292,128.25;87.75,136.25;120.5,175.25;212.5,175.25;244.75,15.75
44497;52.25,157.5;215.75,279.75;254.75,116.5;271.25,129.75;87.75,136.25;120.5,175.25;260.75,237.25;268.75,31.5
19939;40.25,223.75;217.25,319.75;235.5,68.5;271.25,129.75;87.75,136.25;102.25,195;314.75,221;327,8.25
44564;0.5,219.25;215.5,245.75;224.25,71.25;240.75,59.75;90,170.25;120.5,230.5;314.75,221;327,8.25
29145;32.75,213.75;169,234.25;236.5,135;291.5,54.25;12.25,139.25;120.5,230.5;261.75,272.75;327,8.25
15821;69.25,153.75;165,254.25;258.75,153.25;335.75,32;58,108.25;98,190.5;261.75,272.75;327,8.25
34585;52,74.75;165,254.25;306.5,134.25;307.75,14.25;29,122.75;150.75,154;287.5,265.5;327,8.25
40569;54.75,98.25;162,226.75;263.25,170.75;360.75,28.5;2.5,71.5;125.5,196.25;287.5,265.5;327,8.25
45539;65.75,27;161.25,278.75;289,167.5;356,17.75;41.75,43.75;54.5,198.75;287.5,265.5;327,8.25
32752;65.75,27;114.5,302.25;253.75,178;352.5,17.25;16,20;97.25,136.25;287.5,265.5;358.5,2.5
45474;102.5,49;114.5,302.25;276.5,106.25;352.5,17.25;90.25,24.25;97.25,136.25;335.25,320.5;354,14.5
15768;35.75,9;88.25,298.75;276.5,106.25;327.5,61;26,53;137.25,74.75;335.25,320.5;364.25,81.5
37815;35.75,9;164,275.25;296.5,71.75;360,129.75;79.75,15.25;96.5,35.25;312.5,313.25;364.25,81.5
1916;47.25,33.25;155,225;262.5,30.75;327,66;19.5,46;39.5,75.25;312.5,313.25;364.25,81.5
34981;47.25,33.25;138.5,200.5;229,30.5;268.5,101.75;8.5,68.75;84,31.75;262.5,291.5;364.25,81.5
8565;50.25,56.25;165.75,150.5;297.75,13.75;310.25,115.25;8.5,68.75;67.75,92.5;323.25,276.75;364.25,81.5
45979;6.75,87;136.75,127.25;239.75,59.75;239.75,129;15.75,11.25;38.25,78.5;323.25,276.75;364.25,81.5
14039;37.75,161;110.75,123.25;269.75,32.5;282.25,168;21.25,69.5;59.5,11.5;323.25,276.75;364.25,81.5
16344;86.25,205.5;103,144.75;255.25,19;275.5,103.75;9,93.5;59.5,11.5;279.25,306.25;364.25,81.5
11077;57,231.25;76.75,208.75;186,12.25;310.75,162;9,93.5;73.75,12.25;306.75,239.25;364.25,81.5
10640;44,158.25;54.75,272;146,41.25;301,209;9,93.5;107.5,41.25;274,268.75;364.25,81.5
45247;44,158.25;64.5,312.25;146,41.25;350.75,198;9,93.5;73.25,21;310.5,261;334.75,58.75
11271;44,158.25;111.5,312.5;142,125.25;306.5,248.5;39.5,119.25;79.5,79.75;291.75,287.75;334.75,58.75
13276;19.5,89.5;159.75,261.5;160.75,145;317.25,300;39.5,119.25;105.25,103.5;291.75,287.75;333.5,51.25
9175;6.5,33.5;159.75,246.5;164,144.5;312.25,299.5;39.5,119.25;142.25,51.25;238,255.25;333.5,51.25
36783;25.75,63.25;149,305.25;184.75,157.5;313,248;14,69;171.5,29.5;238,255.25;333.5,51.25
4104;25.75,63.25;184.75,269.75;189.25,157.5;259.5,297;41.5,52.75;186,44;238,255.25;300.25,6.5
27236;9.25,26.25;170,291.5;189.25,157.5;228.5,313.25;6.5,70.75;214.25,73.5;230.75,219.75;300.25,6.5
19334;9.25,26.25;119,318;141.5,191;226,279;4.5,43;156.75,31;175.75,237;300.25,6.5
10982;4.5,102.75;119,318;160,223;264.75,303;4.5,43;115.5,38.5;175.75,317.25;355,22.5
12068;7.5,177.25;72.75,299.5;116.5,229.5;282.25,256.25;8.25,43.25;146.5,91.75;175.75,317.25;355,22.5
23083;1,188;15.75,293.5;116.75,236.5;271.25,242;8.25,43.25;152.25,52.25;176.5,318;355,22.5
50302;1,188;55,229.25;184,202.25;328.25,222.5;8.25,43.25;194.25,68;224.75,323.5;302,3.25
36976;8,109;128,202.5;234.25,188.5;260.25,254.75;15.25,14.5;188.25,67.25;224.75,323.5;302,3.25
27981;8,109;82.5,174.75;198.5,168.5;212,291.25;40,76.75;129.25,21.25;229,275;302,3.25
48401;8,109;113.75,118.25;159.75,217.25;212,291.25;23.5,118.75;134.25,21;179,287;327.75,31.75
19286;58.25,66.5;61.5,71.25;154,226.25;270.25,249.5;52.75,128;134.25,21;145.25,300.25;327.75,31.75
3046;58.25,66.5;61.5,71.25;198.25,279;264.25,307.5;77.25,136.25;135,91.25;169.5,312.25;336.5,19
45949;40.25,31.25;85.25,63;208,310.5;254,285.25;77.25,136.25;138.25,71.5;206.25,261;336.5,19
19355;47.75,76.25;106.25,128;218,235.5;282.75,287;117.75,82.5;144.75,79;206.25,261;336.5,19
19829;3.25,90;120,69.5;218,235.5;282.75,287;163.5,78.5;164.75,138.75;215.5,276;321.25,28.5
981;37.25,138.5;129.25,56;146.25,240;254.5,217.75;128.75,19.25;205.75,149;215.5,276;321.25,28.5
26815;37.25,138.5;107.5,74.5;129.5,200.75;298.5,242.5;128.75,19.25;166,162.5;218,302;353.75,78.25
5740;51.75,182;80.5,37;97.25,132.75;298.5,242.5;94.25,20.5;122.5,175;158,301.5;353.75,78.25
47633;49.5,239.75;102.5,10.25;135.75,160.25;256.25,246;67.75,10;122.5,175;158,301.5;355.25,12.5
29322;41.75,209.5;139.5,55.25;206.25,174.75;278,260.5;67.75,10;122.5,175;155.5,319;340.75,60.25
16952;99.75,190.25;136.5,20.25;153.75,194.25;288,237.25;61.75,10.75;122.5,175;155.5,319;323.75,82
37504;35,189.75;131.75,29.5;156.5,226.5;328.25,215.75;61.75,10.75;122.5,175;155.25,296.5;281.5,37.25
16541;59,124.75;66,1.75;121,283;342,210.25;9.5,3.75;122.5,175;155.25,296.5;281.5,37.25
1144;28.75,111.25;45.25,45.25;85.25,316.5;342,210.25;17.25,3.75;122.5,175;126,258.75;298.5,10.75
13947;64.25,146.5;82.5,43;119.25,286.5;342,210.25;11.25,22.5;90.75,243.75;146,301;298.5,10.75
15890;113.25,109;130.5,28;136,287.5;285.75,230.5;11.25,22.5;107.25,268.25;146,301;326.5,3.25
8117;113.25,109;129.5,26;203,245.5;363.25,260.75;15.5,2.75;125,324.25;170,302.25;326.5,3.25
15411;38,106;190,36.5;247.5,190.5;339,245.5;78.75,40.5;119.25,292.5;170,302.25;326.5,3.25
5581;65.5,89;190,36.5;247.5,190.5;339,245.5;123.25,34.25;153,301.25;178.75,286.5;359.75,42.25
13091;65.5,89;162,48.25;247.5,190.5;339,245.5;109.5,40.75;158,319.5;160.75,300.75;365.25,81.25
30311;70,141.25;162,48.25;294,211.5;357.5,313;127,94.25;130,266.25;190.5,304;365.25,81.25
47452;50.5,171.75;162,48.25;294,211.5;357.5,313;150,34.5;173.75,290.25;178.75,288;361.5,57.75
10259;109.75,153.75;200.25,11.5;283.5,261.25;357.5,313;150,34.5;194,311.5;253.5,277.75;318.75,79.5
3594;189.75,156.25;207.75,69.75;284.25,318.5;348.75,289;150,34.5;194,311.5;267.5,284;341.75,79.25
44577;194.5,170;207.75,69.75;239.5,260.25;340.75,230.25;138.5,57.5;167,310.5;267.5,284;341.25,24
22765;183.5,92;240.25,35.75;273,218.75;280.5,231.25;162.5,58.75;193.5,248;267.5,284;341.25,24
25774;196,175;219.5,56.75;289.5,168;322.75,298.5;162.5,58.75;217.75,177.75;240.5,292.75;341.25,24
18925;159,156.5;185.5,60.75;312.5,152;362.5,287.75;134.25,19.5;217.25,143.75;240.5,292.75;341.25,24
42600;130.25,166.75;146.25,27.5;281.5,164.5;362.5,287.75;74.25,41.25;181.75,164;225.25,258;341.25,24
29915;73.5,183;161,7.75;332.25,186.5;359.25,297.25;68.25,54;181.75,164;246.5,310.25;341.25,24
14094;73.5,183;161,7.75;323,139.25;353.5,239.5;64.5,113.5;187.5,162.75;230,266.75;290.75,3
45699;66,219.5;103,19.25;288,85;365,183.75;131.75,125.25;162.25,165.5;230,266.75;290.75,3
36468;68,170.75;80,63;240.5,80;355,128.75;119.75,116.75;154.5,156.75;230,266.75;290.75,3
9752;77.75,147.25;80,63;246.25,130.25;361.5,128;175.25,162.25;189,182.75;199.75,305.75;290.75,3
45668;34.75,122.75;88.5,114.25;283.25,183.5;361.5,128;175.25,162.25;202.25,178.25;235,310.25;253.25,41.25
10429;68.5,125;70,134.25;313.25,211.75;371.25,122.5;147,89.25;202.25,178.25;236.75,310.5;253.25,41.25
1608;15.5,153.25;70,96.25;337.25,224;371.25,122.5;141.5,90.25;226.5,105;236.75,310.5;245.5,116.75
11117;57.25,138;59.75,9;312.75,307.25;371.25,122.5;122.25,17.75;179.75,48.25;236.75,310.5;240.5,183
42363;66.5,171.25;119,57.25;352,276.75;356.75,210.25;47.5,33.5;179.75,48.25;236.75,310.5;267.25,126.75
28507;47.75,242.25;157.5,34.5;354,320.5;356.5,158.25;48,68;179.75,48.25;236.5,257.75;267.25,126.75
39215;10.25,233;162,5;313.75,306.75;362.25,91.25;48,68;152,66.5;236.5,257.75;266.75,126.75
27168;9,305;182,36.25;311,321.75;352.25,157.25;38.75,91.5;120.25,17;236.5,257.75;266.75,126.75
4597;9,305;157.25,30.25;328,267;352.25,157.25;82.25,101.25;125,52;199.5,234.75;338.75,131
35744;16.75,309.5;96,26.25;247,282.75;352.25,157.25;80.25,162.75;125,52;209.25,256;313,159.5
28065;33.75,239.5;96,26.25;207.75,269.5;352.25,157.25;72.75,119.5;174,8.25;240.75,187;264.5,133.5
47325;92.5,261;149.25,7;173.75,308.75;338.5,198.25;31,122.75;143.25,52.25;240.75,187;264.5,133.5
45807;88.5,221.5;121.75,13;163.75,262.5;281,157.25;31,122.75;143.25,52.25;236.25,133.25;319.25,160
20446;92.75,190.75;121.75,13;168,280.5;233.25,148.25;24.5,127.5;143.25,52.25;297,152.5;299.25,151
8088;39.75,228;92,59.25;100,295.5;234.75,148;24.5,127.5;143.25,52.25;335.5,159;357.5,155
3927;61,229.5;71,85.5;152,298.75;273,167.5;51.75,160.25;156.25,82.5;335.5,159;357.5,155
25184;61,229.5;139.5,96.75;179.75,229.25;243.5,127;75.25,216;156.25,82.5;350.25,150.5;357.25,154
33053;96.5,281.5;164.5,148;169.75,289.5;218,132;56.5,170.75;102.5,34.75;350.25,150.5;357.25,154
33315;34.5,225.5;146,124.75;149,260.75;154.5,82.25;56.5,170.75;102.5,34.75;268,143.25;340.75,196
37858;34.5,225.5;145,151.75;145.5,296.75;184.25,119;15.75,206.25;89.25,67.25;260.75,114.5;340.75,196
27668;46.75,171.25;135.25,124.25;180.25,318.25;249.5,117;15.75,206.25;89.25,67.25;205.25,108.5;331,162
32367;44.25,168.5;89.75,131.75;180.25,318.25;249.5,117;34.5,143.5;78.75,51.75;139.5,72.25;352.75,198.25
10110;63.5,188;162,141;180.25,318.25;249.5,117;41,89;44.25,3.25;104.25,66.25;326,205
31040;75.25,166;125.25,89;180.25,318.25;249.5,117;8.5,96;41.75,59;95.75,131.5;326.75,133.5
9187;24.5,127.25;127.25,122;180.25,318.25;194.5,135.5;59.25,107;60.5,101.5;65,175;326.75,133.5
41441;41.75,97.25;73.5,147.5;180.25,318.25;194.5,135.5;44.5,51.75;46.75,43.5;90.5,170.75;349.5,78.75
10757;8,51;30.5,129.25;180.25,318.25;194.5,135.5;46.25,51.25;79,26.25;96.75,135.75;318,15.25
7923;26.75,59;78,139.75;157.5,305.75;228.75,193.25;14,4.25;79,26.25;152.5,105.75;318,15.25
49619;55.25,68.25;87.5,108.25;157.5,305.75;218,259;8.75,9.5;19.75,62;162.5,31.25;318,15.25
9007;71.75,83.5;130.75,121.75;157.5,305.75;218,259;8.25,61;44.25,68;196.25,10.5;261.5,15.25
21430;105.5,48.5;130.75,121.75;132.75,289.75;242,260.25;7.75,61;44.25,68;220.5,20;234,26
16504;131.5,9.5;143.5,192.5;164.5,309.5;260.25,323.25;49,48.25;62.75,35.75;220.5,20;234,26
23830;72.75,41.25;141.5,128;164.5,309.5;315.5,293.75;49,48.25;53.25,35.25;204.25,100.25;249.5,12.75
37179;109.75,20;141.5,128;213.5,309.75;315.5,293.75;9.25,3.25;26.75,69;147.5,83.5;270.75,26.75
38030;78,7.75;148,46.75;155.75,319.5;315.5,293.75;7.5,53.5;67.25,9.5;147.5,83.5;318.25,17
17575;13,3.75;148,46.75;179.25,262.75;369.25,321;7.25,95.75;99.25,39.25;148,162.75;318.25,17
24408;52.25,43.25;143.5,110.25;179.25,262.75;343,272.75;33.25,135.5;65,47.75;157.5,221.5;318.25,17
34414;65.25,5;143.5,110.25;239.5,281.5;302.25,239.75;59,174.75;87.75,110;190.5,180.75;318.25,17
42345;50.25,54.25;84.5,103.25;181.25,316.75;302.25,239.75;59,174.75;160.5,89.5;187.25,173.25;355.25,66
29711;3.75,28.25;65,74.25;181.25,316.75;340,299.75;33.25,175;137.5,59;147.75,161.75;355.25,66
49925;12,43.25;40.75,122.75;181.25,316.75;340,299.75;22.75,203.25;152,30.5;159.75,88;364,50.25
35609;7.5,58.25;41.5,62.75;191.75,251.75;294.75,317.75;22.75,203.25;141.5,90.25;217.75,40;364,50.25
31144;7.5,58.25;97.5,57.5;148,227.25;266,270.25;71.25,216;155.75,32;240.25,69.25;364,50.25
32051;35,39;37,58.25;165,279.75;266,270.25;78,174.75;143.75,7.75;240.5,120.5;364,50.25
17109;11,5.25;37,58.25;231,316.25;303.25,221;8.75,142;134.75,20.25;254.5,86.25;364,50.25
45596;4.5,41.75;6.75,7.75;279.75,310;288,261.25;8.75,142;134.75,20.25;244.25,33;364,50.25
36338;6.75,7.75;7.25,40.75;263.75,295;288,261.25;80.75,189.75;147,50.75;324.25,66.25;356.5,3
45461;6.75,7.75;28.75,78.5;263.75,295;288,261.25;87.5,168.5;191.75,84.75;351.75,68;354,22.5
13871;4.25,4.75;28.75,106.75;198.5,252.25;347.75,274.75;129.75,214.75;163.5,69.75;351.75,68;354,22.5
2307;4.25,4.75;68.25,154.25;192.75,282.5;307.75,321;129.75,214.75;153.5,116;352.75,56.75;362,78.5
46684;10.75,6.25;53.5,202.25;165.75,204.25;347.5,276.75;129.75,214.75;163.75,164.25;316.25,115.25;352.75,56.75
44726;10.75,6.25;78.75,186.5;110.75,243;294,317.5;129.75,214.75;184.5,197.5;309.25,138.25;339.5,47.5
38755;13,4.25;57,182.25;94.75,249;242.5,314.25;123.5,157.25;161.75,247;309.25,138.25;339.5,47.5
49141;38.5,31;57,182.25;94.75,249;284.75,290.75;119,156.75;160.75,300.75;329,198;358.75,54.75
38395;38.5,31;89.25,149.75;111.5,241.5;354.25,319.25;162.5,105;226.5,273;335.5,130;358.75,54.75
5465;15,43.25;37.75,148.25;172.25,231;354.25,319.25;160.75,105.5;176.25,317.25;335.5,130;349.5,28
333;15,43.25;71,176.25;117.75,203.25;354.25,319.25;138.75,177.75;183.5,272.25;299.25,172.25;348.75,81.5
43433;15,43.25;28.75,229.25;171,143.25;354.25,319.25;86,222.25;193,308.25;256.5,131.75;284.75,41
18068;14,34;53,228.25;171,197.5;340.5,270.5;86,222.25;243.5,291.75;256.5,131.75;301.5,15
37201;19.25,63.25;51.75,182;171,197.5;360.75,213.5;151.5,257.75;192.75,321.25;208,152.25;301.5,15
17775;19.25,63.25;51.75,182;121,150.5;323.25,208;200,319.25;224,316.75;249.75,81.75;300.25,36.75
29499;3.5,63.25;6.5,174.25;158.75,194.75;321.25,208;200,319.25;224,316.75;272.5,16.75;335.5,41.25
26625;5.5,63.75;75.75,166;97.75,160.75;285,138.5;200,319.25;224,316.75;349.5,20.5;352.75,46
2466;54.75,56.75;76.5,221.5;99,191.75;352.25,98.75;183.25,286.5;199.75,275.25;349.5,20.5;352.75,46
9845;17.75,35;76.5,221.5;99,191.75;352.25,98.75;207,302;217.5,210.5;311,66.25;339.5,62.25
24087;17.75,35;136.5,224.75;155.75,193.75;291,128.25;207,302;232,255.25;250.25,77;337.75,79.75
37386;17.75,35;140.5,224.25;208.75,198;233,147.75;144,302.75;231,248;250.25,77;363.75,78
7797;17.75,35;161,256.5;177.25,203.75;233,147.75;131.5,318.75;204,251;208.25,86.75;329,28
26982;17.75,35;160.25,255.5;198.75,267.5;233,147.75;200.5,321.75;203.75,174.5;227,19.5;290.5,21
29251;17.75,35;201.5,308.75;259.75,261.25;306.5,112.75;199.25,275.5;203.25,254.75;227,19.5;321.25,25.75
14453;69.25,97.5;197.25,278.25;213.5,310;278.75,131.5;183.5,241.75;199.25,275.5;213.25,5.75;321.25,25.75
46455;33.25,96.5;162.5,317.75;166,279.75;278.75,131.5;166.25,188.5;199.25,275.5;273,34;316,100.5
12055;0.25,141;94,297.5;225.25,237.5;276.5,102;172.5,233.25;199.25,275.5;244,94.75;316,100.5
18066;51,179;94,297.5;241.5,195.25;276.5,102;209,275.5;220.5,279.25;231,113.75;303,115
1279;51,179;94,297.5;234,253;255,155.75;179,240.75;271.25,305.25;282.75,143.25;327,162.25
33386;27.5,208.5;94,297.5;237.5,196.25;317.75,160.25;141.75,226.5;271.25,305.25;284.25,173.75;355.25,154.75
26396;50,158.25;92.75,284.75;183.75,242.25;317.75,160.25;102.25,260.75;224.5,313.75;261.75,115;355.25,154.75
9483;13,191;98.25,257;237.5,256.25;317.75,160.25;105.75,318.5;264,320.25;304.75,94.25;355.25,154.75
45186;13,191;156.5,226;210,310;287.75,166;143.25,269.75;264,320.25;283.5,107.75;316.75,191
1834;2.75,223.5;213.5,260.5;230.5,246.25;330.5,150.25;103.75,308.5;232.25,254.75;283.5,107.75;316.75,191
16158;6.25,222.75;214,260.5;230.5,246.25;330.5,150.25;41,296;249.25,245;273.25,131;328.5,139.25
48663;50.75,261;214,310.25;214.25,216.5;362,202;41,296;249.25,245;278.25,152.75;301.25,84
35166;52,227.5;214,310.25;214.5,219;362,202;46.25,307.75;262.75,293;309.5,198;337,53.75
27157;104.75,238.5;214,310.25;269.75,249;362,202;17.25,279;278.25,245.75;300,204;329.25,53.25
3451;104.75,238.5;214,310.25;269.75,249;358.5,138;19,311.5;262.5,293;302.75,196;362.25,82.75
10282;147.75,223.5;182.25,316.25;208,221.5;357.75,122.25;19,311.5;243.75,315;324.5,241;362.25,82.75
5242;129.75,191;215.25,302.5;225.75,208.75;328.25,194.25;58,235.5;243.75,315;330.75,199.5;362.25,82.75
2085;134.5,125;189,260.25;223.25,231.25;330.75,126.5;67.25,170;243.75,315;359,161.75;362.25,82.75
20318;182.5,152.5;189,260.25;236,193;330.75,126.5;92,153.75;219.5,278.75;329.5,123.25;340,81.25
3366;142,127.5;155.25,295.25;246.25,177.25;328.75,145.75;124.25,98.5;219.5,278.75;323.75,66.25;329.5,123.25
19319;109.75,122.25;155.25,295.25;215,195.5;340.25,107.75;158.75,51;224.5,247.25;323.75,66.25;326.5,159
21957;69.25,117.5;133.25,239;187.5,153.5;340.25,107.75;158.75,51;227.5,272.75;270.75,26.75;294.5,130.75
11866;67.75,87.5;133.25,239;167.5,161.5;319.25,164.25;212.5,86.5;227.5,272.75;256,9.25;259,143.75
34259;36.25,39.5;154.5,236.75;167.5,161.5;315.5,151;145.25,44.25;227.5,272.75;250.5,17.5;304,114.5
460;30.25,30.75;162.75,318;240.5,193.25;256.75,195.25;183.25,41.25;227.5,272.75;250.5,17.5;304.5,111.25
17908;31.25,30.75;169,262;224.5,151.25;256.75,195.25;207.25,120.5;227.5,272.75;256.25,19.25;353,175
38003;30,30.5;155.75,296.25;182.5,153;219.5,202.5;207.25,120.5;259,246.75;315.75,25.25;353,175
10351;48.25,54.75;118,299.75;175.25,111;219.5,202.5;212,177.25;223.75,247.5;276.75,10.75;353,175
2937;89,114.75;148.75,270.5;186.75,58.5;219.5,202.5;230.25,133.75;240,214;276.75,10.75;294,169.5
16628;89.25,155.5;91.75,317.25;114.25,16.75;148.25,152.75;157,116.5;240,214;280,37.5;294,169.5
22708;55.5,97;91.75,317.25;131.75,31;152,128.25;157,116.5;223.75,206.25;255,97.25;279.25,143.25
21298;55.5,97;106.25,283.25;151,7;152,128.25;161,92.5;175.75,164;250.25,132.75;285.75,140
50291;12.75,43.25;28.5,261.75;151,7;191.25,114;128.75,104.25;143.5,189;169.5,103.75;285.75,140
32736;12.25,9.75;28.5,261.75;164.25,36.5;187.75,152.25;133.5,47.5;143.5,189;220.25,66;288.25,121.25
9341;12.25,9.75;74,286.5;147.5,10.75;184.25,113.5;121,12;149,152.25;236.5,77;288.25,121.25
473;44.5,33.25;74,286.5;147.5,10.75;157.75,109.75;81.75,12.25;209.75,177.75;254.75,132.75;278.75,118.25
19999;27.5,55.25;60.75,318;147.5,10.75;157.75,109.75;45.25,76.75;250,227.75;269.25,143.25;299.5,185.5
35127;27.5,55.25;148,316.75;181,48.75;213,131.75;3.75,38.5;204,201.25;221.5,135.25;299.5,185.5
13101;27.5,55.25;148,316.75;204,5.75;272.75,167.25;77.25,10.75;168,148;195,99.75;317.5,112.75
10987;27.5,55.25;148,316.75;175,70;299.5,195;93.25,8;105.5,152.75;221,62.25;278,126.5
40021;11,43.25;161.75,280;242.5,77.5;258,191;93.25,8;105.5,152.75;274.75,12.25;286.75,101.75
20745;4.75,124.5;161.75,280;249.75,116.25;304.25,135.25;11.75,13.5;104,94.25;274.75,12.25;295.5,150.25
31455;81.25,127.75;211.75,226.75;250,116;269.75,103.5;11.75,13.5;31,125.25;274.75,12.25;320.5,136.5
32634;107.75,118.25;174.5,208;267.5,105.75;310.75,54.25;16,61.25;31,125.25;274.75,12.25;297.75,114.75
21122;170.75,88;205,269.5;244.75,175.5;331.25,59.75;26.5,122.75;76.25,125;274.75,12.25;297.75,114.75
6666;181.25,113.5;214.5,239.75;250.5,153.75;332.5,30;3,135.5;49,60.25;274.75,12.25;297.75,114.75
16237;183.5,47.75;282.5,275.75;289,168.5;311.75,21.75;3,135.5;7,4.25;274.25,12.25;297.75,114.75
13706;150,96.5;243.5,260;312.75,75.5;324.5,19.25;3,135.5;77,50.75;274.25,12.25;304,196.25
35549;190.25,119.5;259.25,313;312.75,75.5;324.5,19.25;18.5,172.75;96,124.25;255,33;261.75,177
2535;253.25,154.5;253.5,292.5;261.25,30.5;298.25,74;18.5,172.25;96,124.25;255,33;274.5,198
50464;273.5,169.5;293.25,321;300.5,54;302.5,115.5;18.5,172.25;96,124.25;255,33;306.5,233
19789;273.5,169.5;293.5,321.25;357,97.75;358,127.5;23,206.75;39.25,78.75;277,17;306.5,233
36950;275,179;293.5,321.25;357,97.75;358,127.5;11.25,232.5;60.5,11.5;294.75,5;309,300.5
41998;277.25,150;284.75,320;356.5,127;363.25,54.75;48.5,280.75;60.5,11.5;294.75,5;309,300.5
2660;290.75,96.25;294,319.25;313.75,207;328,58;46.75,280;80,25.25;294.75,5;309,300.5
43340;305.25,142.75;322.25,318.5;327.5,254.25;349.5,128.25;46.75,280;80,25.25;234.5,48.75;309,300.5
13828;242.25,119.5;306,309;310,286;319,63;67.75,298;80.25,26.5;234.5,48.75;309,300.5
25147;242.25,119.5;251,309;273.5,246.5;319,63;54.25,251.75;58.5,41;281,38;317.25,244.5
30345;277.25,109;285.25,276.75;297,196.5;371.25,50.75;39.25,197.5;58.5,41;281,38;299,278.75
8827;246.25,71.5;251,219.5;277.75,221.5;321,62.5;39.25,197.5;80.5,42.5;248.75,77;299,278.75
9767;246.25,71.5;251,219.5;275.25,254.75;321,62.5;84,254;109.75,117.25;164.75,58.25;335.25,310.5
21274;274.25,94.25;297.5,264.25;332.75,277.75;350.5,34.5;84,254;157.75,124.25;165.25,58.25;335.25,310.5
17257;231.25,118;285,320;332.75,277.75;351,8.75;63.75,318.25;146,87.75;158.75,124.75;335.25,310.5
32921;133,77.5;248,272;348.75,288.5;351,8.75;6,287.75;88.25,24.25;149.75,182.75;335.25,310.5
47007;94.5,86.75;218.5,204.5;291.25,262.75;351,8.75;6,287.75;39.75,3.25;232.75,154;315.5,314.25
49495;94.5,86.75;201.75,195.25;279.5,232.25;335,7.75;6,287.75;92.5,26.25;229.25,83.75;247.5,287.75
39245;66,75.5;173.25,242.75;249,248.5;279.5,33;2.25,306;55.25,42.25;229.25,83.75;247.5,287.75
15371;66,75.5;194.25,296.5;215,246.75;315,2.5;21.5,311.5;55.25,42.25;219.75,59;287,287.75
7781;68.25,47.75;205.25,319.25;213.5,299.25;271.5,18;21.5,311.5;107.75,78.25;219.75,59;251.25,257.25
7241;108.5,111.5;167.75,291.75;283,319.75;285,75.5;21.5,311.5;32.75,58.25;220.75,59.25;251.25,257.25
4270;108.5,111.5;167.75,291.75;281.5,262.5;315.5,110.5;2.5,311.25;17,98.75;229.5,78.25;276,228.75
16022;75,141;213.75,259;251.5,217.75;276.75,133.75;3.25,282.75;17,98.75;241.25,77.5;276,228.75
34291;75,141;225.25,203.5;242.75,203;345.25,172;10,245.5;21.75,119.75;241.25,77.5;278,231.5
24958;113.75,127;221.75,260;242.75,203;356.5,129.5;8.5,292.5;27.25,80;229,20.5;278,231.5
9969;82.75,86.25;221.75,315.25;222.75,227.75;356,153.25;8.5,292.5;42.5,38.5;229,20.5;231,275
13349;40.75,23.25;170.25,261.75;290,264.75;361.5,189;8.5,292.5;42.5,38.5;229,20.5;239.5,244.75
43172;33.5,9.25;170.25,261.75;290.25,255.5;328.25,237.25;28.5,309.5;97.5,36.25;229,20.5;256,309.5
36920;17.25,64.25;180.25,201.25;290.25,255.5;328.25,237.25;27,317.25;115.75,91.75;292.5,8.75;311.75,312.75
10303;79.75,84.5;208.75,197;250,219.25;313,248;27,317.25;178.5,102;292.5,8.75;320.25,314.5
29185;119,66.75;222,216.5;224.75,203;354.5,239.5;27,317.25;162.75,50.5;303.75,58;320.25,314.5
20706;107.75,34;154.25,215.25;266.75,146;363.5,294;41.75,301;162.75,50.5;253.75,86.25;320.25,314.5
14638;79.5,6.75;154.25,215.25;290.75,178.5;363.5,294;103.5,281.75;194.75,67;262.25,20;356.25,248
42290;69.25,21;143.5,191.75;281.25,118.75;342,289;103.5,281.75;153.25,66;262.25,20;281.25,245
10286;28.25,18.75;98,193.5;281.25,118.75;286.5,262.5;62.75,308.75;153.25,66;210.25,45.5;224.75,257.75
14499;6,34;153.25,207.75;291.5,103.75;308.25,320.5;62.75,308.75;192.5,97.25;210.25,45.5;251,288.5
9569;21.5,78.75;115.5,220.25;269.75,164.25;298,286.5;62.75,308.75;192.5,97.25;282,37.5;284.75,282.25
15485;21.5,78.75;115.5,220.25;269.75,164.25;350,319.25;129.5,316.25;151.5,89.75;302,12.5;310.25,314
1479;18.75,29.75;103.5,138.5;204.5,131.5;314.25,306.75;129.5,316.25;179.5,161;234,42;310.25,314
1908;18.75,29.75;137,129.5;160.75,186.75;365,288.5;129.5,316.25;210.75,185.25;259.25,47.5;282.75,286
16071;70,34.5;122,44.25;226,181;327.25,313.75;129.5,316.25;210.75,185.25;219.25,16;338,309
36169;70,34.5;175,34.25;271.75,248.5;317,231.25;129.5,316.25;155.75,241.5;237.5,59.75;314,311
13989;108.75,63;204.5,12;225.5,266.5;304.25,303;129.5,316.25;184.25,248;242.75,11.25;314,311
25647;152,128.75;178.25,61;217.25,318.75;304.25,303;153.75,273;186.75,223.75;249.75,86.75;314,311
574;152,128.75;164.75,5;217.25,318.75;302.5,307;83.75,286.25;126.75,276.75;329.75,59;354.75,276.25
18303;177.5,172.75;189.5,8.25;265.25,256.25;362.25,308.75;15,306.5;77.25,279;329.75,59;354.75,276.25
9050;148,108.25;189.5,8.25;299.25,208;368.75,319.25;4.75,307.5;130.5,314.25;329.75,59;335.75,311.5
24747;137.25,77.75;144.25,8;267.5,134.25;368.75,319.25;10.75,308;91,254;288,34.5;335.75,311.5
25111;153,129;202.5,45.75;330,107.25;368.75,319.25;18.5,269;78.5,235.5;267.75,32.75;335.75,311.5
14676;130,200.25;202.5,45.75;285.25,141.75;368.75,319.25;11.75,310.25;14.25,218.5;267.25,33;347.25,292.25
10329;82,177.25;224.75,14.25;285.25,141.75;346.25,270.75;20.5,308.5;33.75,251;267.25,33;271.5,311
3291;82,127.75;250.5,19.5;278.25,198.25;325.75,280.25;27,309;34.75,247.25;267.25,33;271.5,311
10490;75.25,193.5;293.75,54;294.25,221;304,310.5;7.5,243;42,197.25;267.25,33;271.5,311
27810;17.5,231.75;252.5,118.75;294.25,221;304,310.5;10.25,232.5;27.75,198;245.25,15.75;347.25,293.25
5616;17.5,231.75;325.5,149.75;330,199.25;337.75,312.75;5,245;66,259.75;256.5,9.5;347.25,293.25
14544;25,267.75;257,182.75;318.25,138.75;352,257;5,245;28.5,310.5;256.5,56.75;347.25,293.25
13406;7.5,254;278,104.75;328,105;363.5,306.75;5,245;28.5,310.5;279.5,36.25;288.25,220.75
49475;7.5,254;311.5,56.5;311.75,21;347.25,267;5,245;28.5,310.5;337.25,78.25;341.5,229.75
22023;7.5,254;311.5,56.5;324.5,25.5;346.25,267.25;36.25,310.75;39,309.25;299.25,137.5;323.5,162.5
15068;17,309;276.75,0.5;311.5,56.5;355.25,242.75;71.25,258.5;91,283.75;239.25,98;323.5,162.5
1468;52.5,239.5;273,62.5;310.5,80.75;320.25,305.75;71.25,258.5;91,283.75;188.25,134;310,195.25
22286;25.5,299;273,62.5;273.25,133.75;294.5,259.5;116.75,237.25;153.75,272.25;224.25,115;310,195.25
36840;25.5,299;273,62.5;309.5,133.25;309.5,318.75;144,302.5;155.75,202.25;242.75,77;258.25,164.25
34822;25.5,299;273,62.5;285.75,166.5;331.25,271;101,313.5;128.25,273.5;229,19;326.75,159
15127;58.75,318.5;276.75,137.75;281,92.25;312.25,195.25;101,313.5;128.25,273.5;225,107.5;250.75,128.25
21937;100.25,282.75;276.75,137.75;281,92.25;342.75,229.75;110.5,296.5;112.5,252;260.5,139.5;277,114
44779;100.25,251;276.75,137.75;325,41;356.5,167.25;141.75,271.5;154.5,285.25;201.25,99.5;277,114
45301;100.25,251;277.25,131;282,55.25;364,170;167.25,222.75;172.5,230.75;175,154.5;277,114
710;32,241.75;277.25,131;282,55.25;349,158;142.25,202.75;164,162.25;183,132;314.75,160.5
11319;32,241.75;304.75,155;310.25,6.25;325,140.25;89.75,191;151.5,224.25;214.25,187.5;314.75,160.5
29984;76.5,176.25;304.75,155;341,15.25;358,137.5;89.75,191;148.75,188.5;267,166.5;354.75,199
7302;135,201;265.5,212.5;292,2;361.5,81.75;47.75,248;148.75,188.5;267,166.5;352,161
12547;145.25,184.25;312,259.5;333.25,38.75;370.5,150.25;32,317.25;160.5,141.75;267,166.5;352,161
42130;89.5,159.25;305.5,310.5;354.75,43.25;354.75,197.25;32,317.25;160.5,141.75;295.25,197;352,161
4661;93.5,148.25;263.75,302.5;316,15.75;329.75,195;6,308.75;160.5,141.75;295.25,197;354.75,197.75
49479;93.5,148.25;228,301.75;316,15.75;331.5,227.75;2.5,239.25;191.5,165.75;322,138.25;324.75,138.75
17693;109.5,200.25;170.25,300;290.5,53.75;343.5,278.75;2.5,239.25;191.5,165.75;296.5,142.75;313,159
15902;109.5,200.25;184,310.5;258.75,92.75;279.5,282.75;64,260.25;219.75,122.25;296.5,142.75;355.5,148.25
9727;79.25,140;134,290;204.75,136.25;310.25,237.5;64,260.25;254,72;296.5,142.75;342.5,82.25
11082;50,179;118.75,322.5;187.75,152.25;284.25,301;64,260.25;244.25,5.75;325.5,149.5;342.5,82.25
19126;33.75,168.25;67.75,304;145.5,126.75;263.75,303;64,260.25;235.75,7.5;325.5,149.5;342.5,82.25
38638;17.5,142.75;21.25,304.75;110.5,105;221.75,259.5;64,260.25;235.75,7.5;330,159;339,97.75
46870;24,153.25;38.25,269.75;110.5,105;157.75,256.5;64,260.25;235.75,7.5;330.25,161;342.5,81.5
40918;24,153.25;73.75,298.25;117.25,39;128,200;64,260.25;215.25,17.5;314.25,132;322,82.75
7421;76,177.5;112,311;133,62.25;163.5,223.25;73,191.75;254.25,11;314.25,132;322,82.75
13358;76,177.5;112,311;150,33.75;163.5,223.25;137.75,197.5;254.5,45.75;314.25,162.25;346.25,82.25
46266;76,177.5;91.5,267.75;108,34.75;176.25,278.75;137.75,197.5;263.5,50.5;294.5,217.75;365.25,78.5
1820;11.75,143.75;76.75,300.75;108,34.75;212,311.5;137.75,197.5;252.5,41;301.25,194.25;328.75,9.75
26537;0.25,151.5;48.25,305;108,34.75;212.5,261;137.75,197.5;202.75,27.75;245,200.75;255.75,6.25
41045;0.25,151.5;48.25,305;145,34.75;212.5,261;162,280.75;182.25,107.5;194.25,173.5;276.25,91.25
36913;29,177.5;48.25,305;96.75,8.5;230.25,204;134.75,308.5;182.25,107.5;187.5,230.25;239,129.75
37120;29,177.5;63.25,312;96.75,8.5;230.25,204;107.25,321;114.5,82.25;149.75,272.75;214,175.25
38956;54.25,149.75;63.25,312;158.75,31.25;234.75,257.25;57.75,269.5;114.5,82.25;150.5,319;164.25,161.75
20548;54.25,149.75;85.5,319.25;178.5,87.25;256.75,302.25;1.25,283;137.25,21;150.5,319;224.75,183.5
29885;54.25,149.75;119.75,274.25;178.5,87.25;310.75,318.75;10.25,228.5;95.25,49.25;222,315.25;253.25,155.75
35269;54.25,149.75;161.25,257.5;189.5,153.5;290.5,322.25;10.25,228.5;37.75,76.75;166.25,301.25;223.75,167
3654;39.5,103.25;161.25,257.5;170,195.75;290.5,322.25;20.5,198.25;25.75,118.25;145,253.75;195.5,226.75
26100;1.5,141;106,229;163.25,261;285,320.5;20.5,198.25;39.75,105.25;145,253.75;204.5,202
13263;69.5,141;156.25,217.25;205.25,294.25;291,258;20.5,198.25;38.25,75.75;145,253.75;165,203.75
18168;80.25,140.5;117.75,253.25;263.75,309.5;307,245;20.5,198.25;38.25,75.75;153.75,256.5;179,238.75
43717;112,73.25;189.25,251.5;253.25,323.75;335,208.75;10.5,274.5;27.5,51.25;153.75,256.5;179,238.75
16899;111.25,22.5;139.75,225;273.75,313.5;318.5,251.5;38.5,283;80.75,42.75;153.75,256.5;179,238.75
14993;63.5,1.25;83.5,228;244,274.25;361,192.75;38.5,283;80.75,42.75;151.5,251.5;183.5,249.5
12218;6,32.5;43.5,203.75;217,258.75;357.25,227.75;38.5,283;73.25,12.75;151.5,251.5;185,252
39645;28.5,84.25;85.25,170.75;236,191.5;363,275.25;8.75,317;73.25,12.75;151.5,251.5;191,308.75
20369;35.5,119.25;38.5,144.75;282.25,168.75;287,262.75;8.75,317;73.25,12.75;89.25,235.25;144.25,298.5
11703;42.5,188.75;91.5,157.75;313,226;338.5,247.75;19.25,249.25;76.25,12;89.25,235.25;144.25,298.5
20776;27.5,231;42.5,164;272,166.75;358.25,312.75;19.25,249.25;75,29;137.25,177.25;144.25,298.5
41666;48.5,234.5;56.25,95.75;268,133.25;350.75,290;6.5,280.25;10.25,16.25;137.25,177.25;144.25,298.5
25639;25.75,170.25;121.5,72.75;248,171.25;350.75,290;6.5,280.25;8.25,30.75;121,197;129,289
20511;39.5,110;121.5,72.75;315.75,165.25;350.75,290;15.25,320;35.5,36;96.25,220.75;102.5,260.75
41357;0.75,143;167.5,21.5;297.5,161;346,241.25;15.25,320;35.5,36;96.5,220.75;109.5,252.5
14658;33.25,119.75;236.25,28.25;268.5,106.25;360,251.25;15.25,320;26.75,31;96.5,220.75;126.25,263.5
47680;27.25,194.25;264.5,60.25;268.5,106.25;361.75,228.25;39.75,292;40.25,48.75;60.75,221.5;126.25,263.5
18258;62.25,267;264.5,60.25;343.5,141.75;352,289;9.25,282.75;49,48.25;99.75,221.75;126.25,263.5
18131;53,277.5;188.5,37.75;286,166;296,304.5;9.25,282.75;49,48.25;130.75,195.75;145.25,298.5
23611;18.5,279.75;184,37.75;300.25,209;320.25,318.5;9.25,282.75;96.5,24.25;98.5,221.75;145.25,298.5
8188;51,322;123.25,8;236.75,202;316.75,319;19.75,279;41,33.25;98.5,221.75;145.25,298.5
41166;65.25,263.5;169.5,57.25;236.75,202;316.75,319;30.25,319.25;47.75,23;119,291;177.5,304.25
47677;81.75,291;169.5,57.25;236.75,202;267.25,301;41.25,300.75;47.75,23;49.5,320;94.25,315.75
3766;59.5,240.25;152.75,110;210,259.5;210.25,277.25;37.75,253.75;47.75,23;49.5,320;110,294.5
31084;59.5,240.25;153.5,160.25;239,225.75;266,269.25;12,294;47.75,23;77.5,302.25;107,308.75
19331;52.5,216.5;184.75,126.25;192.5,268;266,269.25;21.25,229.25;47.75,23;60.25,216.5;121,286.5
3581;9.5,177.25;184.75,126.25;198,294.25;266,269.25;86.25,250;99.5,56;111.25,153.25;184,277.25
719;33.5,189.75;162.75,127.25;272,288.25;301.75,245.25;72.5,221;99.5,56;106.5,162.5;184,277.25
7287;29.5,207.75;174.75,110;271.5,219.5;329,282;16.75,202.75;99.5,56;106.5,162.5;170.25,269
2406;71.75,147.75;109,104;273,240;329,282;23,128.25;95.25,67;103.5,152.5;170.25,269
38419;38.5,147;129.75,34;277.5,222;360.25,213.5;23,128.25;95.25,67;126.25,111.75;165,237
23014;38.5,147;175.5,47.5;277.5,222;360.25,213.5;37.25,116.75;105.75,126.25;119.5,116.5;126.25,223.75
12928;61.25,210.25;131.75,76.75;277.5,222;369.5,164.75;72,115.75;119.5,116.5;119.5,157.25;141.25,300.5
35719;51.5,280.75;73,97.25;245.25,257.75;369.5,164.75;32.75,118.75;119.5,116.5;141.25,165.5;209,276
29168;51.5,280.75;71.75,44.75;219.75,291.25;369.5,164.75;51.75,135.75;137.25,164.5;187,177.75;195.25,320.25
23013;56,285;71.75,44.75;174.25,278.75;352,164.5;113.5,98.25;115.25,171;136,179.25;195.25,320.25
4035;25.5,285;30,57.5;130.5,245.75;363.75,208;53.75,128;115.25,171;120.25,234.5;195.25,320.25
47543;17.25,232;30,57.5;136.25,266.75;344.25,197;109.75,99.75;115.25,171;143.25,224.5;261.25,291.75
23730;12,158.5;93,70;100.75,191.25;356.75,215.25;109.75,99.75;155.5,190.5;170.5,165;261.25,291.75
36234;32.5,181.25;44.5,96.5;100.75,191.25;367,171;47.25,77.25;77.5,189;130.75,105.25;261.25,291.75
38055;2.5,147.5;34.25,119.75;137,151.75;319.75,165.75;7,70.25;77.5,189;138.75,73.5;261.25,291.75
43736;15,175.75;72,140;160,129.5;319.75,165.75;19.25,71.5;28,246.75;142.75,88.5;261.25,291.75
19672;26.5,152.75;85.75,213;91,159.25;320,198.5;19.25,71.5;57.25,212.75;142.75,88.5;280,295.5
7299;61.25,96.5;105.5,145.5;162,129.5;356,265.25;17.5,119.75;57.25,212.75;204,120.5;280,295.5
16487;87,141.5;88.5,115.25;136.75,183.5;356,265.25;55.25,141.5;66.5,203;180,132;280,295.5
20860;87,141.5;163.25,111;198.5,178.25;329.75,318.5;20.5,176.75;66.75,201.5;180,132;354.75,287.25
1088;43.75,138;162,145;245.5,219.75;255,315.25;23.25,202.25;66.75,201.5;142.25,80.5;354.75,287.25
22336;66.75,130.75;155.75,202.75;254.5,220;255,315.25;10.5,129;27.25,205.75;199.5,85;354.75,287.25
49098;66.75,130.75;88.25,230.5;236.5,207.25;288,255.75;14.25,51;112,198;199.5,85;342.5,288
19679;82.25,63.75;127,291.5;277.5,164;321,213.25;31.5,47.25;92.5,135.75;199.5,85;342.5,288
47014;113.5,33.75;155,247.75;278.25,106;353.5,162.5;63.5,10.5;150,143.25;199.5,85;342.5,288
11483;124.75,82.75;155,247.75;256.75,118;362.5,228.25;63.5,10.5;204.25,157.75;253.75,48.5;348.75,277
14776;133.75,155.25;191.75,279.75;319.5,115.75;343.25,278.75;18,20;204.25,157.75;253.75,48.5;331.5,227.5
4074;79.75,176.25;191.75,279.75;309.5,110.5;368.25,324;11.75,92.25;230.5,152;253.75,48.5;359,172
20183;27.5,170.5;256,279.75;306.5,111.5;361.75,315.75;11.75,92.25;247,199.25;255,48.75;359,172
48570;25.25,190.5;272.5,219.25;357.5,103.75;366.75,313.75;21,37.75;247,199.25;255.75,48;359,172
22661;47.25,262.75;324.75,266;357.5,103.75;366.25,317;21,37.75;183.25,165.75;249.5,76.5;359,174
7982;19.25,241.5;324.75,266;359,166;366.25,317;64.75,12.25;179.75,102.5;304.75,123;313.25,235
9880;19.25,241.5;286.5,231;359,166;366.25,317;5.25,3.5;234.75,55.25;312.25,189.5;339.75,159.5
20899;80.75,229.5;308.75,166.5;330.5,132.5;366.25,317;5.25,3.5;241.75,48.5;286.25,138.75;319,159.5
891;89,177;288,101.25;320.75,142.75;366.25,317;5.25,3.5;240.5,23.75;240.75,169;338.75,147
5726;72.5,175.25;293,161;316.25,113;366.25,317;5.25,3.5;238,26.75;248.25,229.75;346.75,210.25
22518;10,159;219,136;289.25,151.5;366.25,317;5.25,3.5;226.5,40;231.5,284.75;281.75,185.75
11381;10,159;242.5,75.5;340.5,96.75;363.75,298.25;45.75,35.75;226.5,40;231.75,256.25;314.5,161.25
28459;10,159;246.75,12.5;290,87;363.75,298.25;19.5,70;204.75,40;213.5,276.75;284,141.5
21569;31.25,115.75;245.75,2.25;278.5,35;312.75,306.25;5,18.75;204.75,40;213.5,276.75;356.5,163.25
30542;46,34.75;235,66.75;296.75,37.5;340.75,273.25;5,18.75;204.75,40;245,310.25;340.75,82.5
46806;14.5,59.25;183,50;278.75,73.25;293,231.5;5,18.75;187,0.75;245,310.25;300.25,79.75
4419;21,29.5;126,4.5;279,128.75;294.75,235.25;64.75,13;146.75,7.75;245,310.25;300.25,79.75
3737;60.5,5.5;126,4.5;279,128.75;294.75,235.25;91,20.5;153.75,79;169,300;305.5,17.5
29270;70,40.25;139.75,19.75;269.5,150;294.75,235.25;114.75,39;150.25,87.25;220.75,284.75;305.5,17.5
994;14.25,29.75;139.75,19.75;272.25,96.5;330.25,197;114.75,39;119.75,82.5;273.25,286.25;363.25,38.5
39345;82.25,34.5;110.25,14.75;328.5,61.75;332.25,209;114.75,39;159.75,87.75;215,258;363.25,38.5
11569;13.25,50.5;113.25,16.75;270.5,74.75;282.5,184.5;114.75,39;115.5,140.5;191.75,218;363.25,38.5
49259;16.5,76.5;181,48;220.5,62.75;238,170.75;80.5,90.5;107.25,77.75;191.75,218;363.25,38.5
10998;63,75.25;177,36;198.75,12.25;292.25,207;80.5,90.5;152.25,51.5;191.75,218;360.75,59.5
47396;61,6;145.75,21.75;261,30.75;297.5,248.75;80.5,90.5;140.75,72.25;238.75,194.75;360.75,59.5
38308;11.5,5.25;145.75,21.75;277.5,88.5;313,254;80.5,90.5;167.5,48.75;237.5,213;313.25,52.25
24027;11.5,5.25;155.25,54;210.5,64.25;353,275;108.5,151.75;228.25,48.75;237.5,213;313.25,63
41709;11.5,5.25;169.5,58;201,41.5;346.25,231;108.5,151.75;191.25,41.75;244.25,181.75;286,95.25
34765;62.5,6.75;106.5,44.25;166.75,97.25;364.5,197.5;162.75,162.5;186.25,87;244.25,181.75;286,95.25
12757;15.5,59.5;106.5,44.25;184,42.5;356.75,164.75;89.25,131.5;171.25,139;244.25,181.75;348.75,80.5
6760;73.75,96;115.25,109;133.5,57.75;340.75,230.5;89.25,131.5;199.75,99;221.25,117.25;348.75,80.5
28961;90.5,63;112.5,160.75;161.25,127.25;354,187.25;92.5,94;199.75,99;221.25,117.25;332.25,139.75
9079;90.5,63;91.25,232.5;130.25,168.25;354,187.25;21.25,69;161.5,91;266.75,88.75;318.5,127.75
1477;108.25,77.5;155,249.25;167,218.75;354.5,239.25;29,32.25;161.5,91;266.75,88.75;331.25,160.5
28808;91.75,140.75;164.5,278.5;199.75,216.5;353.5,183.25;29,32.25;161.5,91;228,151.5;348.75,214.75
27015;37.25,112.25;113.75,311.5;149,225.75;326.5,157.25;29,32.25;131,46.5;234.25,115.25;348.75,214.75
36960;37.25,112.25;113.75,311.5;144.25,224.25;326.5,157.25;10.5,4.25;186.5,0.75;247.75,169;292.75,169.25
49102;9.25,89.5;100.75,282.75;212.75,251.5;287.75,165;10.5,4.25;186.5,0.75;205.5,216;303.5,233.5
38029;32.5,74;120,233.5;148.25,261.5;340.75,167.25;10.5,4.25;186.5,0.75;202.5,217;353.5,292.25
21412;79.75,86;104.75,238.5;148.25,261.5;330.5,237.5;4.25,31.25;186.5,0.75;235,239.5;352.25,309.25
5499;60.25,58.5;73.75,248.75;95,282.25;258,238.25;4.25,31.25;158.5,31.25;235,239.5;339.75,311.25
26847;17,36.25;53,215.25;56,240.75;229,246.25;1.5,5.75;158.5,31.25;233.5,239.25;339.75,311.25
25202;74.5,49.25;80.5,223;100,294.75;160.75,225.75;1.5,5.75;135.25,19.5;159,226.25;339.75,311.25
7524;43.5,43.25;50.75,249;116.5,229.5;123.5,256.25;1.5,5.75;131,73.75;171.25,299.75;339.75,311.25
23697;0.25,83;63.25,183.5;71.5,201;113.25,253.25;1.5,5.75;113,115.25;114.5,307.75;339.75,311.25
22088;37.25,79.75;51.25,160.75;75,221.25;85.75,291.5;31.75,77.25;113,116.25;114.5,307.75;339.75,311.25
29266;31.25,134.75;57.25,74.75;64.5,231.25;115.5,223;24.75,68.5;36.75,120.25;114.5,307.75;339.75,311.25
24770;31.5,80;76.5,12.75;79.75,175.75;148.25,183.75;24.75,68.5;77.25,137.5;97.5,316;339.75,311.25
24095;39.25,121.75;76.5,12.75;112,163.75;119.75,200.25;47.5,90.25;99.75,189.5;108.5,308.75;339.75,311.25
34459;30.75,182.5;43.25,43.75;47.25,170.75;136.25,265.25;86,73.25;99.75,189.5;108.5,308.75;291.75,249.25
4502;2.75,215.75;43.25,43.75;47.25,170.75;139.5,239.75;142.5,91.5;152,225;174.5,304.25;250.5,291
42101;14.75,144.25;57,5.75;82.25,227.75;116.25,255.25;78.25,40.25;152,225;174.5,304.25;247.25,249.25
36637;14.75,144.25;52.75,8;82.25,227.75;99.75,296;75.5,19.75;104.5,237.25;228.5,275;291.75,199.5
25121;14.75,144.25;39,30;62.75,255.75;80.5,318.25;36.75,76.25;104.5,237.25;247.25,256;276.25,131
9289;4.25,215;39,30;100.5,285;116.75,273.5;70.75,125.75;104.5,237.25;188,255.5;343.5,94.75
42977;2.25,170;50.25,55;52,294;136.5,216;82,150.5;104.5,237.25;260,244;343.5,94.75
8225;2.25,170;62.5,5.25;72.5,317.75;96.5,189.75;63.5,96;78,188.75;244.5,292.5;343.5,94.75
16169;2.25,170;20.25,43.25;139.5,305.5;151,157.25;95.25,158;145,182.5;244.5,292.5;316.75,86.5
16300;52,171.75;69.5,49;94,298.5;162,163.25;75.75,212;145,182.5;244.5,292.5;324,81.5
27751;7.5,142.25;69.5,49;86,223.25;137.25,127;11.25,196.75;145,182.5;223,247.5;259.5,46.25
5921;16.25,169.75;16.5,75.25;48.5,229;199.25,139.25;20.75,203.75;182.5,163.75;223,247.5;259.5,46.25
98;16.25,169.75;16.5,75.25;50.25,237.75;159.25,147.5;64.25,166;177.5,169.5;205,224;217.75,108.25
33942;69.25,193.5;73.75,86;99.5,226.25;105.5,143.5;64.25,166;184.75,135;205,224;214,152
47613;69.25,193.5;160.5,99.75;161.5,223.25;193,137;105.5,112.25;109.25,128.5;129.5,251.5;214,152
18403;71,141.5;135.75,125.25;161.5,223.25;188,157;75.25,59.5;135.25,133;168.75,221;214,152
18987;137,127;168.25,152.75;170.5,276.25;209,131.5;4.75,59.75;135.25,133;168.75,221;213.75,153.25
45873;152.75,90;153.75,126;170.5,276.25;176.5,193.5;4.75,59.75;150,123.25;187.75,273.25;211,96.5
33306;159.5,173.25;186.75,176;209.25,284.75;229.75,252;79.75,13;150,123.25;187.75,273.25;239.25,71
20344;159.5,173.25;218.75,218.5;228,302.5;249.75,282;79.75,13;154.5,106.25;191,223.75;205,100
41492;171,137.75;195.75,174.5;228,302.5;228.75,236;79.75,13;183.75,69.25;254,215.25;267,75
38274;171,137.75;195.75,174.5;215,244.75;217.5,259;120.25,12.5;204.5,96;246.75,164.75;260,122.5
34759;134.25,155.75;236.75,124.5;245.75,246.75;277.25,309.75;147.5,53.25;236.75,52.5;246.75,164.75;260,122.5
22916;137.75,200.25;236.75,124.5;245.75,246.75;293.5,319;197.5,13.25;202.25,96.75;217.5,143.25;316.25,139.75
35976;117,228.25;236.75,124.5;251,253.25;293.5,319;145.75,39;152.75,42.5;191.5,180.75;266.5,89.25
11812;166,184.5;236.75,124.5;245.5,294.75;344.75,315;77.25,33;99.25,40;241.5,226.25;266.5,89.25
39926;88.5,177;221.25,53;245.5,294.75;320.75,318.5;77.25,33;85.5,104.75;199.75,242.75;211.5,105.5
9161;88.5,177;146,43.5;245.5,294.75;302.5,320.5;100.75,66;124.75,71.75;146.5,300.75;161.5,91.75
35922;57.25,240.75;116.5,67.25;318.25,276.5;365.25,311;100.75,66;130,69.25;146.5,300.75;208.25,96.5
30581;43.5,242;109.5,48.75;282,243;363.25,276;119.25,103;140.75,71.25;146.5,300.75;208.25,96.5
25847;48.75,190.75;52.75,75.75;240.75,225.5;327,319.25;119.5,71.75;133.5,74.75;146.5,300.75;208.25,96.5
18740;48.75,190.75;51,5;208.25,175.25;284.25,321.75;78,25.25;133.5,74.75;146.25,251.75;172.75,163
22445;48.75,190.75;76.5,13.75;208.25,175.25;284.25,321.75;39.75,2;107.25,47.5;148,182.25;232.25,184.5
8845;30.5,229;79.5,11;207.5,177.5;227.75,269.25;48,33.5;107.25,47.5;149,182.25;232.25,184.5
42583;2.75,226.5;13.25,50.5;218.5,104.5;227.75,269.25;30.25,104.75;59.75,41.75;123,122.75;232.25,184.5
14960;4.25,173.5;6.5,35;138.5,93.25;212,319.5;22,122.75;59.75,41.75;123,122.75;253.5,168.75
36550;16.75,138.75;31.25,18;77.75,146.25;212,319.5;15.75,150.25;26.5,38.5;130.25,107.25;253.5,168.75
13487;16.75,138.75;31,67.5;100.25,189.5;200.25,273;43.25,163.75;53.25,76.25;130.25,107.25;221.75,160
1222;23.5,121.25;67.75,44.5;146.75,189.25;146.75,262;43.25,163.75;72.25,58.5;195.5,96.5;221.75,160
1118;7.75,124.5;120,42.25;146.75,189.25;146.75,262;49.25,141.75;64,56.5;209.5,124.75;214.5,203
25142;35.75,66.25;78,40.5;96.75,159;100,281.5;49.25,141.75;64,56.5;209.5,124.75;277.75,238.75
44115;35.75,66.25;78,40.5;96.75,159;121.5,255.25;98,153;109.75,23.75;231,116.75;317.75,276.25
561;5,96.25;16,36.25;54.25,166.5;71.25,281.25;62,131.5;101.25,41.5;231,116.75;317.75,276.25
32932;10,103.25;15.25,31.25;18,144.25;144.75,319.25;38.25,176.5;101.25,41.5;231,116.75;326.75,199.5
9336;6.75,79;13,59;67.25,135.25;144.75,319.25;38.25,176.5;131.5,71.75;226,105.25;272.25,192.5
29082;6.75,79;20.5,64;104,82;146.5,315.75;79.5,151.25;82.5,24.75;226,105.25;280.5,231.75
12277;20.5,120.75;38.75,36.5;93.25,33;146.5,315.75;26.25,176.25;82.5,24.75;169,52.75;258.25,221.25
19003;62.75,147.25;64.25,4.25;64.5,23.5;82.25,297.5;25.5,177;82.5,24.75;169,52.75;212,188.75
16747;54,215.25;64.25,4.25;64.5,23.5;71,306.75;32.5,174.75;88.5,24.25;102,57.5;166,237
38214;54,215.25;89.5,57.5;91,19.5;162.75,313.25;72.5,101.5;81.5,120.5;124.75,18.75;166,237
10539;34.25,169.75;120,123;126.25,29.5;167,310.5;72.5,101.5;108,113;124.75,18.75;183.75,181.75
26515;7,160.5;75.5,177;101,70.5;223,303.25;43.25,111.25;75.75,128;124.75,18.75;183.75,181.75
6108;7,160.5;75.5,175.5;87,57.75;221.25,229.75;82,169;114,116.25;177,29;183.75,181.75
18366;31.75,200.5;41.75,125;139.25,20.5;245.25,260.25;74.75,89.25;82,169;177,29;263.25,174.75
9274;31.75,200.5;41.75,125;187,37.75;204.5,230;70.75,126.25;97,107;128.25,72.25;245.75,164.75
37851;1.25,180.5;32.5,129.75;217.75,4.5;223,190.75;70.75,126.25;105,111.75;144.5,87.75;245.75,164.75
10366;15.25,237;60.5,126.25;153.25,29.5;223,190.75;34.25,109.5;79.25,131.5;80.5,128;245.75,164.75
26880;15.25,237;93.5,85.75;153.25,29.5;269.25,164.25;40,139.5;61,174.75;83.75,124.75;223.25,220
38855;54,179.5;71.5,141;153.25,29.5;269.25,164.25;69.5,100;78.25,201.5;79.75,191;238.5,179
35308;40.25,239.75;60,179;216.75,13.25;313.5,151.75;69.5,100;78.25,201.5;79.75,191;279.5,114.25
41435;5.25,268.25;80.25,178.25;154.5,29.5;365.5,142;69.5,100;78.25,201.5;99.25,153.75;222,84
5178;5.25,268.25;105,143.75;154.5,29.5;365.5,142;35.25,53.5;89.25,221.75;124.75,116;150.25,87.25
15345;5.25,268.25;72.25,116.25;103,18.75;343,145.5;40.25,32;100.5,171;124.75,116;146.75,53.25
29908;56.5,217.5;72.25,116.25;84.5,66.5;357.25,82.75;40.25,32;80.25,164.25;107.75,127.25;192.25,10.5
17;1.25,221.5;70.5,170.25;127.25,24.75;295.25,119.5;13.75,16.25;25.25,202.25;107.75,127.25;192.25,10.5
3791;52,215.5;70.25,242.25;143.5,89;301.25,137.75;13.75,16.25;38.25,190.75;54.25,149;192.25,10.5
31151;52,215.5;110.5,209.25;132,101.25;301.25,137.75;4.75,22.75;24.75,173.5;46.75,111.25;189.75,40.5
37024;91,158.75;105,138.25;167.5,146.75;250.5,188.25;4.75,22.75;19.75,218.5;21.5,141.5;189.75,40.5
6350;17.5,128.25;101.25,74.5;169.25,200.25;311.5,145.5;4.75,22.75;19.75,218.5;49.75,141;153,52.25
31808;17.5,128.25;37.75,63.25;214.5,195.5;302.25,153.75;4.75,22.75;9.5,191.5;63.75,171;104.25,20.5
30697;17.5,128.25;29.25,56.75;169.5,163.5;298.75,111;17,13.75;36.25,251;75.75,118.25;104.25,20.5
12269;20.5,77.75;47.25,74.75;149,158.75;298.75,111;17,13.75;44,320.5;77.5,180.25;105.25,76.75
5765;36.75,77;91,103.25;185.25,155.75;286,164.75;17,13.75;44,320.5;88,220.25;118,35.75
28546;54,36;83.25,103.5;165.25,102.75;286,164.75;14.25,70.25;44,320.5;132.5,229.5;145,79.25
31005;66.5,24.75;90.5,119;152.25,129.25;342.75,162;19.25,54;33.25,280;132.5,229.5;145,79.25
11899;66.5,24.75;86,161.25;161,126.5;340.75,229;28.25,46.5;98.75,280.75;100.25,201;145,79.25
26350;16.5,62.25;40.75,113;175.75,60.5;354.5,289;28.25,46.5;98.75,280.75;159,223.5;177.5,32
34708;3.75,83.5;11.75,73.25;113,76.75;352,307.75;27,46.75;83.25,315;159,223.5;177.5,32
9326;5.5,26.5;44.25,35.75;113,76.25;355.25,321.25;4,69.5;20.75,306.25;159,223.5;177.5,32
17448;5.5,26.5;49.75,9.5;143.25,12.25;354.75,240.75;11.75,39.75;18.75,272;159,223.5;194.75,96.25
16153;21.75,64.25;124,5.75;170.75,18.5;354.75,240.75;2,5;13.5,308.25;159,223.5;237.75,77
35873;5.5,105.75;116.25,20.5;217.25,63.25;339.75,311.75;21.25,69;55.25,268.75;159,223.5;237.75,77
8104;30.75,124.75;166.75,5;167,22.5;281.5,318.75;21.25,69;41,317.25;159,223.5;237.75,77.75
2140;32.25,138.5;172.75,46.75;222.25,9.75;223.25,302.25;21.25,69;41,317.25;131,258.75;284.75,41
37950;50,170.25;172.75,46.75;222.25,9.75;223.25,302.25;39.5,80.75;44.5,320;147,186.25;352.25,15
3977;115,186.25;172.75,46.75;222.25,9.75;302.5,321;18.5,127.5;109.75,309.5;196.25,175.75;296,50.5
24322;115,186.25;172.75,46.75;222.25,9.75;292.75,318.75;4.5,146.25;124,295;149.5,152;259.25,67.5
17324;117.75,201.25;195.75,6.75;211,6.5;353.25,317.75;60.5,165;115.25,324.5;149.5,152;259.25,67.5
29991;85,140.75;262.75,31;271,29;353.25,317.75;9,139.25;115.25,324.5;125.5,153.25;322.25,124.5
34386;10.75,145.75;262.75,31;337.25,48.25;353.25,317.75;62.75,94.25;71,306.75;161.5,95.5;332.75,191.5
8934;9.75,142.75;272,74.75;337.25,48.25;353.25,317.75;93,103.75;96.75,284.25;110.25,124;329.75,150.25
11166;39.25,79;270,32.5;337.25,48.25;353.25,317.75;81.5,104.75;95,221.25;153.25,92.5;344.75,63.25
38461;114.75,75.75;271.5,74.25;276,63.5;333.5,283.75;81.5,104.75;95,221.25;218.25,95.25;341.75,52.75
12899;114.75,75.75;272.75,96.5;280.25,102.75;356.5,230.25;80.5,80.75;95.5,199.5;218.25,95.25;309,2.25
8656;58,68.75;239.25,126.5;291.25,101.75;356.5,230.25;18.5,70.75;78.75,215.75;185.25,110.5;309,2.25
22926;56.5,63.75;245,116.25;323,89.25;347,162.25;73.5,25.25;76.25,255.5;185.25,110.5;309,2.25
26584;52.25,75.5;306.5,113;314,112.75;361,128;73.5,25.25;85.25,319.25;185.25,110.5;311.25,5
7031;108.25,122.25;272.25,173;303.75,142.25;355.5,97.75;73.5,25.25;117.5,292.5;185.25,110.5;311.25,5
644;140.75,89.25;264.5,135.25;278.75,86;314.5,115.25;73.5,25.25;145,317.5;155.25,89;311.25,5
22059;140.75,89.25;290,169.25;307.75,54;314.25,101.5;17,11.5;145,317.5;177,28;311.25,4.25
16618;148,159.75;258.5,134.75;309,30;314.25,101.5;17,11.5;144.75,318.5;154.25,88.25;323.75,50.75
38305;188.25,111.75;279,129.75;293.75,106.25;314,111.25;17,11.5;105.5,268.5;154.25,88.25;326.5,131.5
3992;185.25,59.5;230.75,88;276.75,70.5;336.5,55.75;17,11.5;51.5,318.25;154.25,88.25;301.25,95
22639;192.75,87.5;265,94.5;274,19.5;276.25,33;17,11.5;51.5,318.25;188.75,108.5;339.5,160.25
11977;170.25,21;270.5,18;281.75,73.5;335.75,56.5;40,75.75;54.5,275;188.75,108.5;339.5,160.25
39664;225.5,34.75;253.75,79;278.25,129.25;282.25,57;40,75.75;100.25,269.75;188.75,108.5;355.5,167.25
26638;253.75,79;271.5,33;289.25,113.75;333.75,12.5;82.75,20.5;103.25,201;188.75,108.5;338.5,160.5
6741;276.25,102;277.75,104.75;330,98;368.25,50.75;83.75,14.5;103.25,201;160,116.75;338.5,160.5
7334;291.25,102.75;296.5,129.5;330,98;350,10.25;45.25,30.75;89,189.25;103.75,135.75;338.5,160.5
28312;282,52.5;285.5,75.75;316.5,22.25;319,24.25;24,8.25;89,189.25;103.75,135.75;296,185.75
10928;295.75,119.5;297.75,168;327.25,113.5;366.25,28.75;55.75,7.75;89,189.25;120,48.75;296,185.75
47019;234.75,118;249.75,116.25;280.75,165.5;366.25,28.75;55.75,7.75;128.5,196.25;145.25,50.75;246.75,226.75
26137;222.25,132.25;268.5,94.5;280.75,165.5;366.25,28.75;102.25,41.5;149.25,225;185.5,0.75;230.25,228.25
1098;222.25,132.25;268,178;292.75,155;366.25,28.75;115,78.5;146.75,172.25;174,42.5;212,187.25
19751;141.75,126;240.5,219.75;292.75,155;366.25,28.75;77,147.25;154,148.25;161,88.75;293.25,184.5
32893;121.75,146;299,211.5;322.25,151.75;325,51.25;77,147.25;154,148.25;172.25,70.25;259,169.25
21134;79.5,139.5;229,186;322.25,151.75;330.5,79.75;62.25,224;146.25,87.75;196,88.5;259,169.25
34476;63.75,183.5;200,245.75;283.5,143.5;361.25,20.25;62.25,224;124,50.75;196,88.5;214.75,209
37737;52.25,159.75;202.75,186.25;283.5,143.5;297.75,6;82.5,245.25;92,21.5;196,88.5;270.75,234.25
32287;107,104;170.5,117;307.25,111.25;314,16;82.5,245.25;116.75,10.5;196,88.5;270.75,234.25
17300;131.75,90.75;163.75,161.5;342.25,157.5;354.75,14.25;90.5,267.75;116.75,10.5;255.75,77;270.75,234.25
33301;157.25,144;198.75,161.75;350.5,227.75;354.75,25.5;47.75,251.75;116.75,10.5;255.75,77;270.75,234.25
29633;112.75,112;174.25,222.5;320,195.5;350,37.25;56.5,184.25;108.5,15;255.75,77;270.75,234.25
48790;61.25,70.25;133.25,216;320,195.5;350,25.25;16.25,134.75;51,35.5;224,122.75;270.75,234.25
25743;5.5,92.75;133.25,216;303.75,245.5;332.25,2;17.75,141.75;43.75,79.5;236.75,52.25;270.75,234.25
33528;5.5,92.75;133.25,216;289.25,253;332.25,2;7,68.5;7.5,128;283,35.25;286.5,221
39975;11.75,8.75;49,219.25;262,256.25;290,72.75;7,68.5;87.5,135.75;283,35.25;313,301.25
10856;11.75,8.75;65.75,291.25;240,215.5;337.5,15.5;74,84.5;135,168;243,5.25;313,301.25
25247;11.75,8.75;65.75,291.25;260.5,237.25;326.5,31.5;37.5,40;186,190.5;289.25,42;326,242.5
34429;4.5,2.75;129.5,291.5;291,209;292.75,52.5;76.75,15.75;212,147.5;289.25,42;326,242.5
42592;4.5,2.75;110.75,224;265.75,232.25;319.5,20.25;150,30;191.75,160.5;289.25,42;358.25,252.5
5723;53.75,44.75;170,220.5;205.5,199.5;315.75,68.75;150,30;233,159.5;289.25,42;338.25,310
44765;2.5,74.75;135.75,192;158.75,160.25;273.25,47;150,30;233,159.5;289,2.25;355.25,287.75
16438;83,71;137,124.25;148.75,208.5;297.75,98.25;195.25,87.75;233,159.5;266.25,5.75;355.25,287.75
38231;127.75,25.75;157,158;165.25,217.25;280.75,85;150.75,92;233,159.5;314,3.25;355.25,287.75
27336;114.25,67;163,194.25;170,220.5;328,88.75;150.75,92;225.5,131.75;310,50.5;355.25,287.75
41636;128.5,21.25;158.5,218.75;198,170;347.75,44.25;150.75,92;225.5,131.75;310,44.5;327.5,310.75
13452;128.5,21.25;158.5,218.75;286.25,168.75;347.75,44.25;200.5,22;245.5,219;262,117.5;363.25,263.25
49792;150.5,48.75;177,265.5;320.75,199;339.25,6.5;200.5,22;245.5,219;262,117.5;360.25,215.25
18459;166.75,97.75;177,265.5;308.75,230.5;365.25,21.75;253,35.5;268.5,192.25;279.75,186.25;360.25,215.25
30528;176.5,49;177,265.5;241.25,210.75;365.25,21.75;245,31.5;276,227.75;292.5,224.5;310.5,243.75
29121;165.5,22;190.25,234;220.75,259;325.25,90.5;245,31.5;276.75,217.5;292.5,224.5;306.75,241.25
44065;165.5,22;190.25,234;220.75,259;261.25,92;267,5.75;304.5,197.75;351.5,190;353.75,301.75
39121;165.5,22;190.25,234;211.75,246.25;293.75,92.75;233.5,36.25;331.75,137.25;337,196.5;339.25,309.5
40254;202.5,7.75;208,309.25;276.25,254.75;293.75,92.75;169.25,26;297,143.25;326.5,199;339.25,309.5
47065;202.5,7.75;208,309.25;219.75,226.75;293.75,92.75;133.5,73.5;274,166.5;318,138.75;321.75,311.5
35547;162,75.75;208,309.25;272,180.25;285,104.25;98.25,59.5;274,166.5;326.5,130;366.25,279.5
12817;141.5,41.25;208,309.25;303.25,135.25;304,91.75;39.25,41.25;320,210.25;360,171.5;366.25,279.5
43331;129.75,123.25;282,320.25;303.25,135.25;346.75,26.5;22.75,40;285.75,201.5;352.25,153.5;366.25,279.5
38187;105,113.5;300.5,249;308.5,133.75;316.5,25.75;71,29.5;285.75,201.5;352.25,153.5;353.25,279
29574;110.75,165.75;271.75,321.5;277.25,60;300.75,112.5;71,29.5;244.5,194.5;314.75,159.25;353.25,279
33060;51,179;222,316.25;270.5,24.75;270.75,71.25;71,29.5;223.75,135.25;314.75,159.25;343.5,218.5
17506;95.75,164.75;222,316.25;270.5,24.75;286,52.25;84.25,16.25;196.75,173.25;336.25,131.5;354.5,183.25
9921;62.5,229;203,295.75;233.5,55;353.5,7.75;7.5,31;238.25,133.75;336.25,131.5;354.5,183.25
2488;70.5,256.25;203,295.75;231.75,127.5;287,13.5;7.5,31;302.75,114.75;307.25,151;329.75,150.25
41490;68.5,318.25;122.5,301.75;212.25,200;287,13.5;7.5,31;248.75,164.75;265.5,107.25;294.25,170.25
11660;147.25,297.5;156.75,302;234,146;287,13.5;7.5,31;172,164.5;202,99;356.75,230.25
28636;134.5,255.5;220.5,278.25;300,148.25;353,7.75;7.5,31;170.25,139.25;206,124.75;356.75,230.25
38350;146,315;253,285.25;313.25,211.25;366.75,42.5;65.25,9.25;116.25,194.75;206,124.75;356.75,230.25
1640;207,308.25;223.5,266.5;255,200;366.75,42.5;65.25,9.25;78,208.5;168.5,90.25;360.25,172.5
39025;207,308.25;243.5,294;289.5,164;355.5,99.25;1.75,3;36,190.75;210,126.75;360.25,172.5
323;216.25,291.25;219,253;232.75,129.25;308.25,55;1.75,3;36,190.75;227.25,107;360.5,240.5
27488;211.25,252;228.25,302.75;292.5,113.25;335.5,62;1.75,3;8,173;267,170;360.5,240.5
30383;199,306.25;239.5,282.75;241.75,96.75;325,52;1.75,3;8,173;291.75,198.75;335,195
8543;199,306.25;219.75,230.5;235,21.75;367.25,44;1.75,3;8.5,92;324.75,264.25;327,207.5
30438;219.75,230.5;253,283.25;315.75,38;363,122.5;1.75,3;85.5,125.25;318.5,190;352,138.75
2087;234.75,260.25;281.25,283;358.25,16.25;359,129.25;6.75,39;151,91.5;318.5,190;352,138.75
5355;184.25,234.25;223,247.75;358.25,16.25;359,129.25;4.75,32.25;219.5,91;326.5,204.75;336.5,129.5
48169;162.75,219.25;229.5,169.75;331.5,18;354.5,137;4.75,32.25;239.75,75.5;300.75,234.25;336.5,129.5
29084;152,224.75;263.25,173.75;286,57;354.5,137;4.75,32.25;243.75,33.25;302.25,201.5;314.5,170.25
33865;99.75,188.75;201.75,178.25;280.25,105.75;293,113;4.75,32.25;243.75,33.25;254.25,225;267.5,168
32177;123.25,121.25;158.5,158;270.25,71;321,143.25;13.75,4.25;197.5,13.75;254.25,225;267.5,168
10745;93.75,91;138.5,124.5;273.25,19.5;315.5,149.75;13.75,4.25;197.5,13.75;227.5,247.5;229.25,190.25
27641;134.5,128.75;181,80.75;273.25,19.5;280.5,90.75;13.75,4.25;210.5,92.5;248,291.5;267.25,245.25
32180;119.75,124;181,80.75;300.5,54.25;323.5,89.75;13.75,4.25;182.25,152.75;197.5,319.25;229.75,185
27329;76.25,165;142.25,115;319,116;322.5,58.25;13.75,4.25;183.5,210.25;197.5,319.25;218.75,153.25
28417;10.5,177.5;148.5,109.5;244.75,116;269.25,6.75;13.75,4.25;183.5,210.25;202.25,275;241.5,164.25
32327;48.5,126;115,52;274.75,58;332.25,10.75;90.25,21.5;126.25,156.75;202.25,275;241.5,164.25
2402;48.5,126;152,83.25;255.75,98;332.25,10.75;83.25,21.5;113.5,97.25;201.5,256.75;220.5,187.25
30883;48.5,126;214.25,55;257,35.25;333.5,3;83.25,21.5;98.5,77;154.25,248.75;181.5,236.25
44480;48.5,126;232.5,21.25;303.5,35.5;360.25,12.5;83.75,21.75;98.5,77;128.5,276.75;146,247.75
4496;104,139.75;177,49.25;303.5,35.5;356.25,15.25;83.75,21.75;118.75,106.75;142.25,301.5;160,277.75
1068;49,125;180.5,59.5;235,21.75;364.25,27.25;83.75,21.75;94.75,153.75;142.25,301.5;160,277.75
24664;43.25,182;223.75,54;245.75,44;353.75,24.5;83.75,21.75;94.75,153.75;160,277.75;161.25,315.25
28351;43.25,182;164,10.5;256.5,54.25;335.25,37.25;25.25,68.5;83,210.5;160,277.75;173,319.75
4741;53.5,215.75;168.25,9;256.5,54.25;368.75,54.25;27.5,102.75;33.75,214.5;122.25,274.75;173,319.75
5857;49.75,209.5;168.25,9;246.5,77;364,58;4.25,150.5;33.75,214.5;123,294.5;143,302.25
45739;56.5,217.75;125.25,15.75;246.5,77;365.25,53.25;7,188.75;32.25,186;143,302.25;144.25,261.75
48883;43,215.75;124.75,44.75;277.25,29;365.25,53.25;13,202.25;32.25,186;109,323.25;185.25,230.75
19666;74.5,182;104,19.5;307.25,54;365.25,53.25;5.5,144.75;20.75,151;88,284;185.25,230.75
8546;35.25,242.75;111.25,21;330.25,81.25;336.75,64.25;5.5,144.75;80.75,131.5;125.5,259.25;185.25,230.75
20703;83.75,202;131.75,13;286,103;336.75,64.25;5.5,144.75;77,100.25;117.5,296;154.75,277.75
2898;35.75,190.5;131.75,13;286,103;337.5,6.5;28,118.75;63.75,47.75;82.25,317;130.75,296.75
20629;59.25,241.75;131.75,13;317.75,159;337.5,6.5;79.5,127.25;102.25,98;142,318;171.75,264.25
17303;59.25,241.75;68.25,38.75;317.75,159;350.75,44;71,89.25;103.75,48;162.25,317.25;239.75,283.75
12798;59.25,241.75;76.5,10.25;295.25,166.5;358.25,22;38.75,39.25;103.75,48;194.75,276.5;246.25,231
16774;17.25,263.25;143,38.75;237.25,190.75;334,41;22,35;91,19.5;194.75,276.5;246.25,231
47127;16.25,308;146.75,78.25;252.5,135.5;320.75,23;12.25,17.25;91,19.5;194.75,276.5;208.75,182.75
45441;22,310.25;168.25,101.25;266.5,178.5;362.75,89.5;12.25,17.25;91,19.5;223,273.75;224.75,249
41093;15.75,261.5;194.75,113;235.25,224.5;362.75,89.5;9.5,20;40.25,75.25;224.75,249;284.5,287.75
8915;15.75,261.5;128.75,122.5;255.75,248.25;363,82.75;40.25,75.25;63.5,11.5;214.25,193;228.5,275.5
13617;75.75,234.5;90,158.75;317.75,241;356,102.75;40.25,75.25;63.5,11.5;164,203.25;274.25,286.75
39864;66.5,255.75;90,158.75;351.75,277.75;363.75,141.5;15.25,140.75;43,75.75;196.25,174.25;274.25,286.75
8472;22.75,312.75;93.75,177;351.75,277.75;363.75,141.5;54.25,157.25;109.25,39.5;178.25,197.5;243.5,292
18189;6.5,283.25;62.5,128.75;351.75,277.75;363.75,141.5;51.75,132;63,77.75;122.25,259;314,269.75
50083;6.5,283.25;89.5,176.25;353.25,215.25;362.25,209;51.75,132;115,115.75;122.25,259;253.75,252
36021;6.5,283.25;14.5,128.5;353.25,215.25;357,128.5;9.75,195.25;75,162.75;80.5,255.25;274.5,276
39160;6.5,283.25;61.75,166.5;299.25,237.25;313.5,152;9.75,195.25;111.5,222.75;141.25,269;270.25,181.25
7619;11.75,232;132.75,156.25;234,242.25;355.25,174.75;9.75,195.25;111.5,222.75;193,235;293.5,216.75
16058;64.5,189;137.5,215.75;197.75,245;356.5,225.5;8.5,230.75;76.75,185;193,235;293.5,216.75
35742;10.75,153.75;161.75,228.25;176.5,281.25;323.75,260.25;8.5,230.75;97.5,136.25;193.5,236;293.5,216.75
28556;36.25,129.5;161.75,228.25;172.5,279.5;302.5,314.25;28.75,183.25;97.5,136.25;214.25,190.25;236,256
21475;36.25,129.5;161.75,228.25;238,272.5;243,296.25;21,127.25;118.25,137.75;184.25,174;262.25,290.75
48174;17,145.75;182.25,242.25;257.75,296;263.75,295;21,127.25;160.5,119;189.75,191;262.25,290.75
25483;51.75,153;154.25,216.25;229,316.25;263.75,295;8.25,56.5;168,40.5;189.75,191;329,314
26701;1.75,139.5;87.5,201.5;229,316.25;260.25,254.75;8.25,56.5;183.5,67;201.5,175;329,309.75
36802;54.25,159;129.5,188.75;260.25,254.75;286.5,320;16,42.25;147.25,50.75;274.25,192.5;329,309.75
21586;54.25,159;143.75,260.75;212.25,319.25;355.25,313.75;16,42.25;142.75,56;291.5,216.5;355.25,313
48804;105.25,153.75;109,294.5;203,295;323.25,294.5;16,42.25;142.75,56;339.25,169.5;355.25,313
4140;111.5,73.5;171.75,296;202,307.25;248.75,283.75;37.25,76.25;70.25,12.5;339.25,169.5;355.25,313
17565;111.5,73.5;168.5,324.25;202,307.25;248.75,283.75;2.5,55;68.25,9.75;334.75,129.5;356.75,289.25
32845;78.75,25.75;107.75,281.5;240.75,295.5;292.75,208;3.75,142;68.25,9.75;278,99;356.75,289.25
25532;78.75,25.75;141.5,314.25;240.75,295.5;292.75,208;2.75,149.5;43,59.5;316.75,132;328,313
14897;78.75,25.75;141.5,314.25;274.25,248.5;295,209.5;42.75,146.5;113.25,113.75;311.25,159.75;353.5,239.25
4167;131,21.75;183.25,317.25;248,217.25;321.25,232.5;81.5,169.75;143.5,146.5;311.25,159.75;353.5,239.25
19246;129.75,59.25;183.25,317.25;277.5,249;284,284.75;96.5,190.5;158.25,87.25;311.25,159.75;350.75,290.5
3950;168.25,8.75;247.75,313.25;253.25,249.75;291.5,304.25;144.25,223.5;161.25,84.75;311.25,159.75;350.75,290.5
11048;224.25,22;234.25,280.75;258.5,237.25;269.25,250;98,190;161.25,84.75;295.25,196;350.75,290.5
14576;224.25,22;263.75,301.5;267.5,228;302.25,270;98,190;147.75,58.25;286.5,233.5;322.5,314.25
24152;178.5,42.25;280.25,283.5;286.25,232.5;329.5,270.75;77.5,175.25;152.25,89.5;286.5,233.5;322.5,314.25
29148;210.75,71.25;254.25,301;316,201.5;352,290;77.5,175.25;204.75,107;286.5,233.5;292,296.25
867;259.5,114.5;278.5,286.25;292.5,131.5;293.5,317.75;40.75,197.5;151,91;286.5,233.5;292,296.25
4243;270.25,165.25;299,205.5;327.25,181.75;328.5,254.5;87,191;222,50;286.5,233.5;292,296.25
24898;270.25,165.25;299,205.5;321.5,125.25;328.5,254.5;86,251.5;262,77;280.5,217.75;300.5,233
12720;277.75,143;299,205.5;302,101.25;363.25,313;135.25,224.25;262,77;292.25,195.5;303,282
7595;272.25,169.25;283.5,261.75;333.25,100;338,313.5;155.25,242;247.25,93.75;292.25,195.5;303,282
11931;216.75,215.5;257.75,264.25;293,115.75;338,313.5;155.25,242;257.5,164.25;335.5,128.5;337.75,274.25
12246;196.25,267;236,206.75;357.5,89.5;363.75,253.25;155.25,242;230.25,230.75;334.75,148.25;337.75,274.25
1312;185.25,318;236,206.75;313,151;361,289.5;155,189;230.25,230.75;299,186.75;311.25,314.25
39829;188.5,317.75;193.25,179.75;256.25,156.75;361,289.5;90.5,190.5;225.5,230.75;299,186.75;320.25,301.5
17387;188.5,317.75;196.25,114;269.5,177.5;361,289.5;34.5,132.75;241.5,228.75;273.75,114.75;296,259.75
11638;188.5,317.75;243.25,127;343.5,178.75;359.75,290.25;34.5,132.75;229.5,272;232,134.5;239.25,310.25
37275;106,281.25;304.25,132.75;312.75,124;321.75,230;60,134.5;148.5,225.5;232,134.5;239.25,310.25
18736;63.25,312.5;309.5,161.25;355.75,174.75;364.5,229.25;60,134.5;148.5,225.5;160,96.5;288.25,248.75
36121;32.25,242;309.5,161.25;352.25,213.25;356,274.25;9,95;148.5,225.5;163,90.25;356.5,265.75
31158;34,311.25;309.25,98.25;352.25,213.25;363.25,319;9,95;128.25,266;191.75,99.25;354.75,291.25
11437;18,286.5;270.5,103.75;318,151;363.25,319;18.25,119.75;128.25,266;135.75,105.5;313.5,298.25
35224;12,242;268.5,178.25;270.5,103.75;304,307.5;21.75,198;112.25,259;135.75,105.5;291.75,227
19661;57,284.25;247.5,258.75;270.5,103.75;342.75,315;28.75,182;70,208.5;89.25,78.25;291.75,227
38891;77.25,300.75;212.75,202;252.25,134.75;291.5,301.25;28.75,182;109.25,199;143.25,91.25;291.75,227
25478;78,286;212.75,202;268.25,71;300.25,302;71,151.25;167.75,190;204.75,97.25;291.75,227
41863;60.75,295.5;166.75,204.25;281.75,85;349.75,273;71,151.25;166.25,165.25;206.25,48;291.75,227
15916;81.5,257.25;178,268.25;281.75,85;349.75,273;136.75,148;202.75,141;241.5,69.25;274.25,215.25
34897;133,216.25;167.5,232.5;269.25,34;300.25,246.25;136.75,148;212.5,86.75;253.5,50.75;274.25,215.25
20931;82.5,184.25;135.25,264.75;224.5,56.25;328.75,236.75;159.75,165;212.5,86.75;253.5,50.75;264.25,260.75
41124;55.75,240.75;186,232;224.5,56.25;314,263.75;161.25,222;173,28.5;245.25,33.5;264.25,260.75
18844;58,228.25;166.5,294.75;278.5,74;281.75,319.75;138,184;173,28.5;245.25,32.5;264.25,260.75
48786;68.25,248.75;197.5,283.25;276.25,101.5;281.75,319.75;83,168.25;185,43.75;245.25,32.5;320.25,242
1282;94.5,281.5;178,320.25;276.25,101.5;297.5,322.25;83,168.25;145.25,42.5;271,28;303.75,280
3381;87.75,308.25;206,310.75;213,57.25;297.5,322.25;56.25,112.25;128.75,19;271,28;354,268.25
32435;84.75,263.25;198,277.25;203,56.5;297.5,322.25;38.25,108.5;128.75,19;299,24.5;318.5,310
17644;54.75,249.25;160.75,280;181.5,23;338.25,311.25;26.75,79.5;82,26.25;299,24.5;318.5,310
12549;54.75,249.25;185,288.25;203.75,18;338.25,311.25;21.5,118.25;29,81.25;352.25,17.25;353,290.75
8287;98.5,296;171,265.75;203.75,64.25;338.25,311.25;12,170.75;72.5,133.75;340.75,82.75;353,290.75
33251;49.75,295;171,265.75;217.75,79;330,294.25;19.25,198.5;29,130;334.5,18.25;353,290.75
16306;25,315.5;168.25,280.75;222.25,86.75;330,294.25;18,202.75;25.25,186;330.25,60.25;353,290.75
44220;4.25,241;181.5,248.5;261.5,122.5;330,294.25;16.75,219;25.25,186;336.75,6.75;342.25,228.5
45834;40.5,238.75;229.5,316.25;309.75,120.5;330,294.25;23.75,219;25.25,186;303.25,87.75;317.5,196.25
30022;40.5,238.75;283.5,262.25;306.75,68;341.25,300;52.25,187;88.5,220.75;236.25,73;317.5,196.25
32760;30.5,308.5;233.5,313.25;306.75,68;341.25,239;18,144.5;156.75,224.75;243.5,5.75;317.5,196.25
5288;1,278;217.5,319.5;339,14.25;362.5,197;18,144.5;195.5,174.5;253.5,47.5;317.5,196.25
27058;1,278;157.75,306.25;283.75,57.5;350.5,272.75;18,144.5;224,106;303.5,14.5;321.25,132
4392;39.25,239;104.5,303.5;286,75.25;339.75,312.25;5.5,146.25;224,106;303.5,14.5;338.25,93.25
14594;35.25,240.75;88.5,284.5;288.5,75.25;299.25,320.25;23.75,108.25;224,106;296.5,61.75;338.25,93.25
40915;40,227.25;46,284.25;302,112.75;303.5,312.25;22.5,105.5;224,106;296.5,61.75;353,61
49797;17.5,177.25;46,284.25;254,61.25;303.5,312.25;8,156.25;238.5,80.25;326.5,47;329.75,81.25
19489;49.5,148.5;70.5,276;221,42.5;303.5,313.75;61.5,164;238.5,80.25;326.5,47;332.5,93.75
37914;48.25,107.75;82.25,298.25;257.25,11.5;311.25,262.5;61.5,164;221.25,15;326.5,47;339.25,148
27283;48.25,107.75;148.5,270.25;257.25,11.5;316.75,303.75;111,112.75;175,3;337,50.5;351.75,156
648;48.25,107.75;211,310.75;275.75,69;360.5,251.75;82,81.25;175,3;266.5,49.5;306,151.5
4814;87.75,92.5;235.75,313.25;303.5,21.5;350,231;82,81.25;191.25,4.5;266.5,49.5;306.25,151
8018;107.25,36.25;235.75,313.25;303.5,21.5;350,231;46.25,47.75;176.25,38;218.25,6.25;359.25,198
5946;129.25,23.75;235.75,313.25;303.5,21.5;350,231;21.25,29.5;189.75,69;202,5;350.5,167
24819;184,1.25;255.75,309.25;272,54.5;316.25,294.25;21.25,29.5;135,34.5;250.75,15.25;350.5,167
1699;175,38.75;255.75,309.25;284,103;355.5,320.75;21.25,29.5;161.75,28.75;320.25,30.75;343.75,139.25
11053;162,79;280.25,255.25;287.75,105.75;334.25,311.5;33.25,77.25;174.75,8;320.25,30.75;343.75,139.25
4423;180.75,59.25;256,288;268.5,132;341,239;24.25,119.75;120.75,39;320.25,30.75;343.75,139.25
6880;180.75,59.25;189,259.75;334.75,115.25;341,239;37.75,107.75;145.5,92;249,32.25;335,102.75
14630;105.75,35;203,185.25;333,50;345,239;37.75,107.75;145.5,92;269,104.5;319.75,82.25
13600;92.5,64.5;230.75,193.25;296,103.75;304,239.75;37.75,107.75;145.5,92;269,104.5;363.25,58.75
10226;92.5,64.5;244.5,218.5;254.75,138.25;304,239.75;32.5,142.5;142.25,50.25;231,66;333,94.75
2834;92.5,64.5;270.5,168.5;291,127.25;330.25,280;49.75,131;161.25,96.5;183.75,61.75;333,94.75
45182;61.25,58.25;265.75,241;277,132;292.5,232.25;23.75,107.25;125.75,107;183.75,61.75;333,94.75
12594;11.25,45.5;320.25,258.75;321.25,123;339,198.25;23.75,107.25;185,110;214.25,108.5;333,94.75
24101;24.25,42.25;277.25,256.25;285.75,168;355.5,138;23.75,107.25;185,110;245.25,164.25;305.25,86
37634;94,48.5;241,273.75;285.75,168;337.25,151.75;11.75,106.75;192,122.5;245.25,164.25;302.5,112.25
21990;94,48.5;241,273.75;246.25,117.5;316.25,209;66,101.75;174.25,160.5;263.5,116;273.5,170
38768;94,48.5;285.75,320.25;308.25,142.75;311.5,141;70.5,72.75;209.75,173.75;263.5,116;291.5,224.5
20363;94,48.5;252.75,284;287.25,165;314,112.5;70.5,72.75;197.25,239.25;224.25,65.25;265,218
26301;86.25,34.5;238.5,312.75;283.25,215.75;291,127.25;70.5,72.75;197.25,239.25;231.5,113.75;259.5,245.25
19166;146.5,31.25;239,306;270.5,248.25;290.5,168.75;70.5,72.75;133,265;184.25,99.25;259.5,245.25
25758;146.5,31.25;216.25,320.75;242.5,268.25;309.75,112.5;32.75,107.25;144.25,299.5;184.25,99.25;219.5,303.25
13603;98,19;216.25,320.75;293.75,321.5;337,75.5;16.75,119.25;144.25,299.5;237.75,121.25;242.25,317.25
12781;98,19;238.75,302;305.5,308;314.75,111.5;3,69.5;175.5,306.75;237.75,121.25;262,319.25
1053;175.5,36.75;203.25,260.75;250,301;277.5,169;3,69.5;149.5,240.75;200.75,173;262,319.25
13256;157.75,29;183,252;262.5,237.75;278,164.25;3,69.5;165.5,293.25;200.75,173;262,319.25
50282;117.75,32.5;183,252;231.5,184;273.25,167.5;50,77.25;160.5,289.75;175.5,90;262,319.25
22987;139.75,19.75;213.5,311.5;262.75,169.75;335.75,152.75;50,77.25;129,308.75;141.75,80;262,319.25
28043;115,6.25;213.5,311.5;276,230;353.75,215.25;62.5,100.5;113.5,273.25;141.75,80;207,297.25
30536;118,87.75;203.5,230;329,222.5;351.75,158.25;62.5,100.5;133.75,199;141.75,80;151.75,303.75
6705;64.25,146;203.5,230;329,222.5;356.5,128.5;63.25,40.25;115,241.25;125,113.75;130.5,324.25
49370;64.25,146;198.25,170;274,179.75;333.25,197;26.75,7.75;68.5,192.25;88.25,66.25;130.5,324.25
30973;16.75,108.5;135.75,127;294.25,111.25;326,139.25;10.5,14.25;68.5,192.25;88.25,66.25;176,310.5
50567;19.5,127.5;135.75,127;251.5,57.25;326,139.25;49.75,76.25;67.5,150.5;84.75,105.25;113.25,324
31063;19.5,127.5;135.75,127;251.5,57.25;291.5,104.25;27.5,105;41.25,76.75;95.75,36.25;116.5,258
4831;19.5,127.5;91.75,109.75;184,48.25;304.5,158;2.5,87.25;41.25,76.75;117,30.25;133.75,280.75
17672;19.5,127.5;65,70;131.25,8;273.5,165;2.5,87.25;14.5,18;67.25,9.5;112.75,275.75
26435;19.5,127.5;65.75,27;75.5,28.75;302.25,140.25;2.5,87.25;52.25,8;79,41.5;151,278.75
12238;19.5,127.5;65.75,27;114.75,17.75;299.25,212;5.25,30.75;8,70.75;120.75,77.75;220.5,254.75
46825;18.5,116.75;63.75,58;183.75,20.75;275.75,194.25;5.25,30.75;8,70.75;115.5,40.5;236.25,268
42713;9.5,145.75;89.75,86.25;238,26.5;275.75,194.25;5.25,30.75;72.25,75.25;150.25,46.25;266.75,306.5
9955;9.5,145.75;93.75,140.75;219.75,41.5;220.75,155;21.5,38.75;42.5,60;144.5,79.75;266.75,306.5
35953;9.5,145.75;98.5,117;265.25,18;268.25,105.75;8,58.5;19.25,70;97,109.5;266.75,306.5
20241;9.5,145.75;98.5,117;265.25,18;286.25,88.75;16.25,9.5;44.5,8.5;144.5,92.25;215.5,305.75
14258;53.5,171.75;57.5,170;201.25,11.25;273.25,23.5;16.25,9.5;44.5,8.5;138.25,150;151.75,319
9059;29.5,197.25;40.5,166.75;179.5,38.75;303.25,55.5;16.25,9.5;98.75,39.5;123.75,194;151.75,319
43702;56,219.75;61,217.75;124.25,12.75;359,36.5;16.25,9.5;98.75,39.5;142,221.25;196.25,303.75
1445;56,219.75;61,217.75;150.75,84.25;343,75.5;1,26.75;90.25,73.25;117.75,286;185.25,306.75
4407;50.5,218;59.25,172.25;107.5,109.5;343,75.5;33,32;41.25,75.25;82,286.25;185.25,306.75
39719;30.75,243.25;33.5,189.25;90.75,63.25;343,75.5;18,68.5;20.75,120;40.75,292.5;185.25,306.75
10193;1.75,293.25;3.5,153.75;91.75,12.5;342.75,75.75;26,14.25;40.5,60.25;40.75,292.5;185.25,306.75
38580;18.5,308;35,197.75;91.75,12.5;291,55.5;11.25,0.75;40.5,60.25;40.75,251.25;193.75,245.5
30998;18.5,308;21,123.25;91.75,12.5;336,20.25;8,35;8.5,145.75;61,161.5;152.25,288
17630;18.5,308;45.75,66.25;154.25,1.5;310.5,53.5;8.25,33.25;8.5,145.75;84.25,82;86,267.5
14395;23.5,311.25;89,120.5;218.75,37.5;310.5,53.5;5.5,68.75;8.5,145.75;32,81.25;67.25,259
38764;23.5,311.25;89,120.5;130.75,41.5;310.5,53.5;5,31.5;61.25,223;129.25,106.25;130.75,196.25
36201;23.5,311.25;89,120.5;178.5,43.5;310.5,53.5;36.75,75.75;38.25,280.25;86.75,109;87,169.25
15864;67,272.75;71.75,48.5;123.75,33;293.75,105;36.75,75.75;74,246;87,169.25;110.25,113.25
14308;69.75,310.25;74.5,95.75;123.75,33;230.75,81.75;36.75,69;54.25,296.25;87,169.25;97,95
33582;15.25,307;74.5,95.75;123.75,33;230.75,80.5;32,59;44.25,312.75;78.75,231;99,33.25
8616;15.25,307;81.25,118.75;183,50.5;273.25,70.25;14.25,71.75;44.25,312.75;124,252.5;174.75,5.25
38343;15.25,307;74.75,116.25;238.5,65.75;301.5,84.75;14.5,56;36,309.25;120.25,246.25;174.75,5.25
31308;31.5,311.25;74.75,116.25;292.25,56.25;357.25,83.25;14.5,20;19.25,297.5;79.75,279;174.75,5.25
1994;31.5,311.25;74.75,116.25;244.75,101.75;365.5,24.25;12,4.75;47,260.25;72.5,223.5;159,48.25
32676;1.5,271.5;74.75,116.25;274,58.5;330,67.25;4.5,69.5;16.75,226.75;21.5,191.25;159,48.25
35206;1.5,271.5;65,74.75;319.75,38;341.75,24.5;4.5,69.5;24.75,202;49.5,195.75;153,89
8061;25,189.5;114.75,121.75;318.75,17.75;340.75,9;9.5,156.5;33.5,123.75;49.5,195.75;153,89
47048;30.5,118.25;151.75,41.5;321.75,9;366.25,38.5;9.5,156.5;33.5,123.75;117,196.25;153,89
10524;65.25,67.25;128,21.5;309,52;366.25,38.5;10.5,236.25;33.5,123.75;185.5,230.25;206.25,40.75
28249;26.25,76.25;81.25,35.75;267.75,104.5;366.25,38.5;10.5,236.25;15.25,69.75;133.75,264.25;166.25,100
21239;13.75,85.5;46,90.5;300,83.5;348.5,23.5;10.75,188.5;15.25,69.75;158,237.25;166.25,100
44050;15.5,105.25;37.5,59;300,83.5;344.5,23.25;30.75,147.25;50.25,28;87.25,243;166.25,100
36303;31.5,144.25;67.5,47;311.75,14.25;366.75,91.75;18,145;50.25,28;87.25,243;142.75,52.5
1708;89.5,121.5;114.25,111;311.75,14.25;366.75,91.75;33.75,132.25;70.5,3.5;133.5,308;141.5,91.5
21091;30.5,181.5;39.5,103.25;317.75,5.25;366.75,91.75;33.75,132.25;107.75,67;117.5,259.75;208.25,99
17797;0.5,202.25;23.25,41.75;339.25,37.75;354.5,94.75;31.75,134.25;107.75,67;151.25,186;208.25,99
50311;20.5,258.25;84.5,37.25;334,119.25;336.5,32.5;31.75,134.25;107.75,67;153,224;158.25,101.75
35757;51.75,188.25;89,58.25;337,150.25;352,7.25;31.75,134.25;108.75,23.25;153,224;162.5,161.5
30379;33.5,241.75;116.75,78.75;337,150.25;352,7.25;16.75,226.75;83.5,105.75;123.25,251.75;159.75,92
11334;33.5,241.75;59,70.75;317.5,84.25;357.25,12.75;49.25,223.25;109.75,117.25;148.25,317.5;159.75,92
29888;62.75,182.5;64.5,89;248.5,75.25;342.75,74;8.75,196.25;109.75,117.25;148.25,317.5;162.75,29.75
29953;62.75,182.5;106.25,60.75;286,70.75;316.25,28.5;8.75,196.25;129.25,194;165,257.25;174.75,5.25
31206;62.75,182.5;78.25,47;303,56.75;311.75,14.25;8.75,196.25;151,248.25;153.5,277.75;162.75,51.75
19738;64.5,187;78.25,47;252.5,112.5;311.25,2.25;21.5,118.25;150,317.5;151,248.25;231.75,17
6947;60.25,208.75;104.25,18.25;270.5,98.75;334.5,48.5;21.5,118.25;151,248.25;161.5,302;240,88.25
47812;37.75,160.5;104.5,72.5;235.5,127;326.5,94.5;21.5,118.25;90,281.75;161.5,302;202.25,106.75
42309;16.25,107.25;66.75,70;268.25,105.25;271.75,102.5;59,168.75;115.25,223.5;161.5,302;202.25,106.75
6951;41.75,66.25;124,74.5;287.5,103.5;291.25,98.25;59,168.75;108.25,291;184,273.25;202.25,106.75
35546;5.25,6.25;91.5,19;260.5,59.25;303,116;28.75,202.25;108.5,323.75;184,273.25;202.25,106.75
25659;5.25,6.25;146.25,20.5;253.25,80.25;282.5,57.5;8,240.25;128.75,288.25;184,273.25;227.25,115.5
48494;5.25,6.25;124.25,40.5;276.75,19.5;278,102.25;46.25,260.5;113.5,276.25;184,273.25;274.25,112.25
32802;5.25,6.25;67.25,84.5;264.25,66.5;295.5,126.5;16.25,279.5;154.75,302;161.25,299;274.25,112.25
35501;0.75,85;17.25,63.25;223.5,21.25;292.5,128.5;16.25,279.5;103,283.25;171,265;274.25,112.25
32501;1.25,85;17.25,63.25;200.25,5.75;300.75,111.75;56.25,250.75;91,245.5;171,265;302.75,100
43187;1.25,85;9,62.75;212.75,57;306,166.5;58.25,247;104,276.75;114.75,214.5;302.75,100
42619;1.25,85;9,62.75;212.75,57;253.25,182;28.25,301.25;79.75,318.25;99.75,222.25;313.75,65.5
6879;48.5,124;51.5,9.25;159.5,2.5;239.5,192.5;35.5,239;79.75,318.25;99.75,222.25;282.75,137.5
2914;21.5,170.5;91.75,8.5;102.5,9.5;278.25,144.25;4.75,306.5;79.75,318.25;100,222.5;282.75,137.5
2990;30.5,128;134.75,62;135.25,76.25;283,141.75;16.25,233.75;79.75,318.25;117.25,196.75;282.75,137.5
12614;79.75,175.75;128.5,50;135.25,76.25;358.5,127.5;10.25,189.25;19.5,323.75;166.75,224.5;282.75,137.5
47182;100.75,208.5;135.25,76.25;147,8.75;358.5,127.5;9.75,188.75;82.75,315;204.5,290.5;212.25,158.75
35702;58,219.5;92.75,141.25;147,8.75;318.25,135.75;9.75,188.75;108.5,259.25;182.5,290.25;188.25,190.5
12577;99,207;103.25,160.75;152,2.5;318.25,135.75;19.25,120.25;108.5,259.25;184.5,307.25;232.75,151
25500;61,241.5;103.25,160.75;149,2.5;318.25,135.75;81.25,129.25;144.5,224.75;163.25,299.75;172.75,162.25
48303;51.5,295;89.5,223;192.5,55.5;269,149.5;81.25,129.25;124.75,197.25;163.25,299.75;238,177
14248;112.5,313.5;118.5,220;134.5,47.75;287.5,168;33.75,89;83.5,211.5;163.25,299.75;238,177
6985;121.75,280.5;123.75,236.25;182.5,59;271.25,106.25;49.5,145;83.5,211.5;163.25,299.75;186.25,175
3348;162.5,298.5;172.25,230;184.75,113.75;327,104;49.5,145;83.5,211.5;117.75,291.5;148,202.25
4962;117.5,302.25;172.25,230;264.5,92;339.25,172.5;49.5,145;72,296.25;84.75,314.5;161,185.75
32939;55,317.75;126,246.75;257,112.25;300,112.5;49.5,145;72,296.25;144.75,300.75;165.25,238
40765;12,301.25;52.5,238.5;264.25,59.75;272.5,148;49.5,145;72,296.25;152.25,314.75;189.5,282
2534;8.5,308;83.5,223.5;246.5,3;274.5,165;49.5,145;72,296.25;128.5,284.75;146.75,255
27697;76.25,300;101.5,254;316.75,6.75;324.75,158.75;12.25,171.75;44.25,320.75;128.5,284.75;146.75,255
8492;65.75,310.25;152,206;245.75,18.5;353.25,95.25;12.25,171.75;44.25,320.75;88.5,255.25;160.75,319
26616;65.75,310.25;134,128.25;236,34;354.5,135.5;12.25,171.75;56.25,247.5;115.25,222.5;143.75,272.5
14865;100,296;120.5,120.5;216.25,67;354.5,135.5;12.25,171.75;69,296.75;91,169.5;113,216.75
10866;160.5,275.25;175,161.25;240,47.75;354.5,135.5;18.25,192.75;36.25,254.25;91,164;113,216.75
37593;87.75,297.5;196.25,166.5;240,47.75;354.5,135.5;19.5,233;58.75,273.25;72,163.5;89.75,189.5
40264;93.5,234.25;196.25,166.5;240,47.75;294.75,103.75;18.5,274;20.75,220.5;65.25,204.75;96.75,156.25
47594;114.5,292.5;170.75,220.5;283.25,15.75;286,169.5;19,271.5;29.75,222.75;65.25,204.75;96.75,156.25
4065;162.25,266.25;241.75,261.25;325,13.75;369,167.75;19,271.5;29.75,222.75;81.75,253;96.75,156.25
5642;100,220.25;241.75,261.25;325,13.75;369,167.75;23.75,207.25;80.5,236;89,220;99.25,136.25
4122;100,220.25;248.5,277;307,56.5;328.25,215.75;9.25,149.75;19.5,205.75;89,220;109,153.5
49487;148.25,187;248.5,277;336.75,38.5;352,288;9.25,149.75;22.75,231;56.5,242.5;150.75,158.5
18100;129.75,200.5;202.5,307.5;298.5,98.25;352,288;9.25,149.75;53.75,224.5;108.25,294;111.75,93.75
5191;174.75,136.75;266.75,323;290.75,113.5;302.25,302.75;0.5,173.25;53.75,224.5;108.25,294;146.5,168.25
2232;151.25,124.75;306.5,313.25;351.75,161.25;356,290;17,202.75;53.75,224.5;123.75,279;146.5,168.25
7136;172,161.5;290.25,318.5;297.75,111.5;356,290;33.5,231.25;57,255.75;95.5,268.5;146.5,168.25
42371;161.25,163.5;290.25,318.5;297.75,111.5;356,290;33.25,278.25;34.75,216;44.5,295;94,136.25
11884;163,166.75;240.5,289.75;319,113.75;364,260.5;10,306.25;34.75,216;38.75,318.5;94,136.25
34866;145,139.75;175.75,318;342.5,133.75;364,260.5;14.25,307.75;67.25,248.5;67.75,274.25;94,136.25
19437;108.5,83;203,309.25;342.5,133.75;364,260.5;13.75,310;33,233;67,273;70.75,153.5
32621;91.75,86.75;185.75,254.75;345,158.75;355.25,298.25;20,310;33,233;67,273;108,196.5
25143;83.5,86;172.75,242.75;327.25,94;354,317.75;20,310;22.25,205.75;36.75,222.75;108,196.5
1091;101.75,3.75;220,230;320.75,138.75;331.5,237;20,310;23.5,124.5;36.75,222.75;160.25,223.25
3785;101.75,3.75;273.5,179;294,135.75;295.25,241;19.25,292;20.75,94.75;37.75,223;160.25,223.25
45999;31.5,40.25;273.5,179;290,72;301.25,212;20.25,307.75;60,101.25;82.25,190.5;160.25,223.25
27963;63.75,103.5;273.5,217;311.25,101.25;364.5,171.5;20.25,307.75;60,101.25;95,190;152.25,222
6743;42.25,106;234.75,252.5;241,102.75;360.5,137;13.5,272.5;60,101.25;95,190;155,203.75
37989;77.5,59;177.25,268.5;293.5,53.75;355,135.25;15.5,252;60,101.25;62,164;155,203.75
1363;118.25,82.25;165,310.25;293.75,53.75;335,179.25;48.5,281.75;60,101.25;82.5,189.5;155,203.75
31799;107.75,24.25;136.75,267;293.75,53.75;335,179.25;81,255.25;113,115.75;118.75,228.75;125,153.75
24618;64,4.5;89.25,286.75;270.75,73;293,230.25;45,308.25;113,115.75;118.75,228.75;175.75,145.5
29877;53,19.75;58.5,242.25;270.75,73;279.5,231.5;19.75,251.25;146.75,91;150,277.75;175.75,145.5
46979;31.25,77.75;58.5,242.25;235.25,129;267.5,180;19.75,251.25;155.25,170;160.25,303.75;190.5,110
12450;52.25,64.75;60,216.25;289.5,115;289.75,238.75;27.5,309.75;99,152.75;160.25,303.75;190.5,110
27279;5.25,73.5;73.25,188.5;290.75,114.75;307,270;27.5,309.75;135,177.75;160.25,303.75;180.75,160.5
46395;35,124.25;73.25,188.5;290.75,114.75;307.5,317.25;4.25,311;78.25,186;116.25,274.25;247.75,132.75
34119;24.25,82;125.5,184.25;335.75,152.75;341,290;4.25,311;111.75,126.75;112.25,244.5;247.75,132.75
42454;24.25,82;125.5,184.25;335.75,152.75;338.25,315;13.5,309.5;61.5,101.5;110.5,314.5;178.75,165.25
14047;84,95;114.5,166.75;282.5,167.5;338.25,315;13.5,309.5;28,93.75;161,277.75;183,241.75
44242;68.75,86.5;114.5,166.75;282.5,167.5;338.25,315;47.25,290.5;94.75,94;109,318.5;247.75,214.5
23187;68.75,86.5;150.5,205.75;253.75,207.5;349.25,241;8,284.75;94.75,94;168,299.75;273.25,169.75
21631;68.75,86.5;160.75,145.5;280,218;294.5,230.25;8,284.75;95.25,107.25;126.5,307.75;321.25,162
46875;108.5,61.5;120,88.25;218.25,215.5;326.25,270.5;29.25,246;95.25,107.25;126.5,307.75;356,213.25
40191;64.75,89;124.25,149.5;219.25,198;359,215.25;90.5,245.25;95.25,107.25;117.5,237.25;356,213.25
1285;38.5,48.25;130.75,167;219.25,198;353.5,165.5;45.25,296;61.25,111.75;146.75,299;356,213.25
1365;43,105.25;158.75,200.25;190,263;366.5,172;28.25,301.75;61.25,111.75;108,292.5;356,213.25
38617;43,105.25;113.5,161.75;146,319.5;363.5,198;23.25,288.75;71,163.5;144,224.5;356,213.25
45841;3.5,54;141.25,96.75;159.25,306.75;331.5,137;23.25,288.75;71,163.5;144,224.5;315.25,162.75
7119;3.5,54;147.75,75.75;188,267.75;331.5,137;3.25,310.5;56,150.25;128.5,197.5;328.25,159.25
48038;7.75,62.25;116.25,35.5;176.25,210.25;260.25,133.25;5.5,245.5;17,201.75;128.5,197.5;328.25,159.25
28596;64.5,67.25;106.5,51.75;159.75,187.25;304.75,139.25;17,201.75;30.25,265.25;92.75,190.5;328.25,159.25
19609;39.25,78;88.75,69.25;101.5,201.75;263,135.25;42.75,198.25;71.25,263.5;92.75,190.5;328.25,159.25
3407;39.25,78;88.75,69.25;156.25,225.25;231.5,188;35.25,216.5;54.5,297.5;137.75,150;339.25,124.75
8976;17.75,35.25;42.5,48.75;147,225;300.75,210;53.25,171.25;54.5,297.5;94,190.5;339.25,124.75
14291;20,73.5;35.25,22.5;147,225;323.75,149.25;15.25,220;21.75,308;94,190.5;338.5,124.75
5599;20,73.5;30.75,44.75;197.25,266.5;323.75,149.25;18.25,214.75;34.75,233.75;126,133.25;315,51.5
16276;15,24.25;32.5,59;263.5,299.75;264,177;7,239.75;26.25,201.75;126,133.25;315,51.5
4228;54.25,45.75;81,23.75;272.75,323.5;315.25,156.75;7,239.75;26.25,201.75;143.75,89.25;256.5,55.25
10662;54.25,45.75;139,22.25;226.75,265.5;314,115.25;37.25,275.75;45.25,273.5;85.5,58;256.5,55.25
47749;59.5,6;82.25,26.5;213,311;283,89.25;37.25,275.75;117,289.5;127.75,23.25;256.5,55.25
12426;102.5,18.75;114.75,78.5;213,311;325.5,136.25;82.25,231;125.25,324.5;127.75,23.25;310,87.25
30959;64.5,67.25;91.5,8.25;294,319.5;356,100.25;82.25,231;116.25,308.5;127.75,23.25;276.5,108.75
20152;5,58;90.5,27;316.75,315.5;340,25;59,152.75;116.25,308.5;127.75,23.25;277,108.5
7209;3.75,5.75;90.5,27;291.75,318;350.5,41.25;110.75,127.25;122,246.75;127.75,23.25;254.5,60.75
12914;19.5,64.25;46.5,48.75;299.75,322.25;341.25,74.75;60,108.25;122,246.75;127.75,23.25;213.75,57
46766;19.5,64.25;121.5,76.5;253.25,303.75;341.25,74.75;63.5,100.5;87.5,221.75;143.5,53;171,8.75
41353;81.5,23.75;110.75,126.5;309.25,245;351,31.5;11.5,129;86.25,222.5;143.5,53;171,8.75
21938;28.75,23.5;110.75,126.5;298,208;351,31.5;6.75,201.75;61,203.5;121.75,105.25;144.25,56.5
11264;10,7.75;126.5,55.5;298,208;351,31.5;48.75,181;84,170;125,51.5;139.75,68
2003;11.5,64.25;126.5,55.5;270,179.25;351,31.5;11.75,143;26.5,123.75;164,30.75;172,107
7298;2.75,6.75;185.5,47.25;273.25,232.25;291.75,8.5;11.75,143;56,149.75;164,30.75;216.25,140.75
22714;51.75,48.25;194.25,61.25;287,166.25;341,4.75;11.75,143;71,115.75;164,30.75;258.25,163.25
5512;64.75,103;252.75,27.5;273.25,112.5;296,14.5;15.75,170.75;71,115.75;147.25,12;258.25,163.25
4351;51.5,138.75;268,56.5;317.75,74.75;330.75,25.75;69,190.75;71,115.75;147.25,12;289.5,187.75
29420;53.25,188.75;204,70.5;254,40;265,18.5;69,190.75;71,115.75;80.25,12;360.25,174
12363;97.25,253;170.25,136.25;294.25,75.5;316.75,38.5;69,190.75;102.75,47;153.75,52.5;360.25,174
32769;93.75,283.5;115,162.75;336.5,113.5;364.5,51;69,190.75;102.75,47;157,96;360.25,174
43306;123.25,236.75;174.25,183.75;293,70.25;355.75,21.5;69,190.75;73.5,81;157,96;306.5,204.25
12924;123.25,236.75;158,129.75;293,70.25;328.5,32;20.5,145;111.5,113.25;205.5,92.5;281,249.75
6346;96.75,204.25;158,129.75;293,70.25;346,24.75;6.75,190.5;126.25,156.75;259.75,105;310,257
48259;96.75,204.25;158,129.75;308,13.5;332.25,30;24.5,227.25;125.75,153.75;274.25,50.75;321.25,313.5
35932;51.75,248.5;125.75,200.25;350.25,31.25;353.5,42.75;1.5,239.75;125.75,153.75;229.75,10.5;321.25,313.5
40364;15.25,271.25;125.75,200.25;336,14;356.75,85.75;1.5,239.75;60.5,176.75;278,9.5;334,287.75
31515;4.75,241;155.25,157.25;297.25,75.25;320.25,22.25;6.5,294;60.5,176.75;278,9.5;348.75,214.75
25601;47,294.5;155.25,157.25;297.25,75.25;320.25,22.25;10.75,297.75;123.5,156.75;339.5,32.75;351,160.25
41090;7.75,226.75;92.25,166;266,19.5;317,80.75;10.75,297.75;152,88.5;299,25.5;351,160.25
7234;56.5,241.75;76.75,125.75;270,73;319.5,113;10.75,297.75;158.5,57.75;299,25.5;323,178.5
38422;63,230.75;94.5,159.25;270,73;319.5,113;39.25,295.5;210.25,53.25;306,94.25;341.25,170
5167;75.5,255.75;94.75,178;290,23.5;319.5,113;39.25,295.5;212,99;311.25,127;352.75,179.75
1620;97.75,250.5;111.75,108;250.75,20.75;257.25,86;39.25,295.5;145.5,135.5;303.75,201.5;311.25,127
6988;124.75,200.25;153.75,126.25;214.5,6;276,44.25;39.25,295.5;174.25,142.75;303.75,201.5;328.75,82.5
19456;116.75,199.25;152.75,119.5;251.5,65;335.75,50;39.25,295.5;220.75,174.25;276,250.5;328.75,82.5
29448;68.5,209.25;206.75,80.75;273.5,19;286,73.25;39.25,295.5;240.75,181;276,250.5;304.75,92.75
32418;82.5,221.5;235.5,26.5;309,15.5;339,44.25;39.25,295.5;182.5,160.5;289,287.75;304.75,92.75
13181;82.5,221.5;272.25,75.75;333.75,24.25;341,75.25;94.5,267.75;218.75,107.25;237.5,264;304.75,92.75
43594;143.75,240;251,58.25;311.75,18.5;339.25,103.5;34,242.75;220.5,85.5;237.5,264;304.75,92.75
22931;153.75,227.25;204,57;298.25,72.75;356.5,112.25;34,242.75;212.5,147.5;224.25,258;304.75,92.75
26410;153.75,227.25;239.25,88;292.25,56.75;302.25,155;34,242.75;187.25,99.5;250.5,293;308.25,32.75
4415;147.75,240.75;184.5,104.75;291.5,55.75;296,149.75;27.75,191;187.25,99.5;250.5,293;355.25,7
14309;141,287.75;246.25,79.25;276.75,85;335.25,136.5;11.25,142;221,95;250.5,293;355.25,7
24274;160,226.75;246.25,79.25;308.5,36.25;343.75,209.25;65.75,151.75;221,95;276.5,294;281,14.25
2465;161.25,182;210.5,6.25;272,70.25;343.75,209.25;124.25,105.75;221,95;267.75,306.5;306,15.75
31181;163.25,216.25;166.25,22.25;252.5,26.25;349.75,241.5;124.25,105.75;261.5,100.5;267.75,306.5;305.25,6.5
50610;89.25,173;106.25,11.5;202.5,71.5;365.75,312.75;171.5,180;261.5,100.5;267.75,306.5;305.25,6.5
4735;37,148;106.25,11.5;202.5,71.5;306.5,309;202,154.75;221.25,89;297,305.25;302.75,51.75
30503;7.5,109;106.25,11.5;170.5,60.25;363.25,323;224.25,135.25;250.25,55.25;282.25,249;302.75,51.75
50597;75,114.5;76.75,44.75;185.75,91.25;366.75,323.75;194.5,181.5;250.25,55.25;255.25,287.75;302.75,51.75
24794;67.25,62.75;130,91;147,114;366.75,323.75;197.75,174;250.25,55.25;309,253.5;315,3.25
35961;52.75,75.25;116.5,143.5;186.25,157.5;361.75,313.25;197.75,174;250.25,55.25;319.25,312;355,8
18453;52.75,75.25;116.5,143.5;182.25,230.75;361.75,313.25;232,114.25;276.75,48.75;288.5,286.25;354.25,5.5
10566;33,130.25;67.25,157;224.5,215.5;361.75,313.25;261,184;316.25,115.25;327.25,309;354.25,5.5
12186;42.5,159.5;84,139.5;153,261;363.75,312.75;261,184;267,70.5;327.25,309;353.25,1.5
21867;93.5,141.25;119.75,202.25;148,306.5;365.5,246.5;261,184;267,70.5;326.5,319.5;347.5,64
23566;89.25,177.25;137.75,224.5;205.5,260.5;354.75,239.25;247.75,237;267,70.5;326.5,319.5;335.75,59
26774;81,201.5;129.75,202;274,246.5;291,206.5;247.75,237;276.5,31.5;326.5,319.5;327.25,34
41091;75,145.25;162,260.75;293.25,245.25;339.75,246.75;209,251.75;232.5,9;326.5,319.5;327.25,34
4751;137,127.5;211.75,260;295.25,249;340.75,257;161.25,202.75;232.5,9;256.5,309.75;327.25,34
49907;90.25,165;281,229.5;297.5,319.75;360.25,294.75;178.75,164.5;232.5,9;256.5,309.75;309.5,85.5
25841;18,143.25;225,217.25;295.25,249;324.5,251.75;178.75,164.5;232.5,9;291.5,317.5;356.25,150
6496;2.75,177.75;160.25,206.25;261.75,241.5;324.5,251.75;197.75,173.75;232.5,9;327,313.5;350.25,144.25
23789;9.25,153.75;185,272.5;198.75,246;274,261.25;149.75,115.25;232.5,9;327,313.5;341.5,98.75
70;14.25,99.25;158,254.75;175.5,270.5;341.25,246.75;193.25,177.25;249.25,76.5;327,313.5;341.5,98.75
998;1.75,90;158,254.75;180.5,316.5;361,276.5;152.5,226.5;181.75,87;322.25,309.75;341.5,98.75
9731;43.25,61.25;101.5,256.5;169.25,275;355.25,317.5;186.5,226.75;243.5,69.5;322.25,309.75;341.5,98.75
22743;20,62.25;134.75,286.25;182.25,316.25;355.25,317.5;128.75,216.75;258.25,131.75;319.5,276.25;341.5,98.75
12982;9.75,89.5;153.75,235.25;245.25,286.5;365.25,240;128.75,216.75;251,169.25;306,304.5;341.5,98.75
11865;9.75,89.5;157.75,159.5;178,320.75;360.25,208;156.25,172.25;244.75,129;339.75,314.25;341.5,98.75
12386;9.75,89.5;108.75,168.75;179,318.5;365,171;96.5,221.75;244.75,129;304.75,291.25;326.25,51.5
12359;14,84.5;73.5,161.75;205.25,295.5;365,171;146.25,272.5;244.75,129;346.25,277;359,110.5
27815;14,84.5;139.25,150;264.25,293.5;351.25,95.75;160.75,318;281.75,173.25;290.5,224.5;359,110.5
9371;54.75,75.25;139.25,150;285.5,319.25;333.75,80.5;160.75,318;308.5,234;319.75,162.75;326.5,43.75
29572;78,97.75;78,147;247.75,313.25;278.25,75;160.75,318;311.5,270.25;325.5,204.75;326.5,43.75
21969;57.75,74;91.25,142.25;199.5,296.5;276.75,70.5;213.25,275.5;320,313.75;325.5,204.75;326.5,43.75
43475;16.75,32;159,110.5;199.5,296.5;298.5,111.5;213.25,275.5;276,284.5;336,288.25;342,99.75
2950;12.5,42.75;159,110.5;199.5,296.5;283.25,120.5;170,222;228.25,247;344.75,277;357.5,165.75
14080;12.5,42.75;120.5,57;197.5,268.75;229.5,89.75;186,174;202.75,173.25;344.75,277;350,174.75
19150;53,49.75;157.75,30.5;197.5,268.75;285,85.5;186,174;210.25,250.75;340,233.5;358.75,199.25
24744;6,90.75;214,3.5;252.25,315;275.5,129.5;186,174;268.25,284.25;314.5,300.5;358.75,199.25
10677;6,90.75;262.5,7.25;317.75,313.75;328,136.25;186,174;267.75,284.5;320.25,314;355,156.75
21088;69.75,154.25;221.75,44.5;293.75,319.25;328,136.25;105.75,171;236.5,321;320.25,314;359.25,149.75
40595;112,204.75;181,105.25;293.75,319.25;355.75,164.75;88.25,183.5;275,314.25;320.25,314;360,145.25
14875;156,213.75;157.75,144;293.75,319.25;355.75,164.75;49,192.5;228.5,283.75;285.5,301.5;336.75,124.25
18116;196.25,169.5;209.5,203.5;293.75,319.25;334.75,215.75;58.25,131;272.25,218.75;285.5,301.5;327.5,134
36091;158.75,158;227.75,237.5;274.25,322.25;277.5,236.75;58.25,131;272.25,218.75;289.5,310;326.75,137.5
5222;100.5,188.25;223.5,181;298.5,304.5;355.5,242.5;37,79.75;272.25,218.75;289.5,310;354.75,185.25
49359;50,172.25;192.5,238.5;273,261.75;355,255.25;52.75,92.5;272.25,218.75;352.75,298.25;354.75,185.25
2784;0.5,218;192.5,238.5;306.25,303.75;355,255.25;64,91.5;265.75,239.25;312.25,254.25;312.5,235.5
5048;52.75,238.5;192.5,238.5;306.25,303.75;355,198.25;90,26.25;217.5,214.75;280,295.25;315.25,311
40187;47.25,270.75;192.5,238.5;306.25,303.75;324.75,149.25;154.25,42.5;192.75,218;260.25,277.5;353.75,302.75
8810;47.25,270.75;228,185.5;269.25,323.75;293.5,133;121.25,32.25;192.75,218;268.25,318.75;341.5,319.5
12735;51.75,238.75;208.25,169.5;255.75,285.25;307.25,55;100.75,108;192.75,218;303.25,282.5;341.5,319.5
9226;53.25,294;224.5,153;264,270.25;336.25,37.75;100.75,108;188.25,174;258.25,263.5;341.5,319.5
29789;71.75,298.75;262,157.75;275.75,222.25;322,70.75;144.5,55.75;188.25,174;279.25,287.25;341.5,319.5
5485;124,302.75;272,168.75;275.75,222.25;336.25,112;87,24.75;142,194;243.75,230;341.5,319.5
39113;81.5,300;269,101.25;313.25,259.25;343,156.75;49.5,5.25;142,194;273.25,173.5;341.5,319.5
36056;69.25,309;257.5,122.5;305.75,237.25;364.5,142.75;49.5,5.25;114.5,259.75;273.25,173.5;364.5,277
22087;69.25,309;243.5,164.25;281.5,232;329,203.25;15.25,18.75;82.25,314.5;326.5,158.75;364.5,277
1854;88.5,238;243.5,164.25;313,252.75;329,203.25;35,88.25;121.5,276.75;354.25,181.75;356.5,265.75
24873;88.5,238;291.25,173.5;313.75,226.5;340.25,235.5;83.75,81.25;150.5,298.75;354.25,181.75;362.25,227
9755;88.5,238;291.25,173.5;313.75,226.5;346.5,312.75;63.25,150.75;161.5,300;323,217.25;353.25,295.25
17037;114.25,312;244.5,218.75;338.5,254.25;342.5,315;63.25,150.75;228.5,256.75;323,217.25;339,268
8676;114.25,312;244.5,218.75;342.5,315;343.25,230;52,77.25;156.5,290.5;275.25,235.5;277.75,223.75
26135;129,242.25;272.75,262;333.25,319.25;343.25,230;47,159.5;126.5,223.5;260.5,199.75;275.25,235.5
1328;170.25,261.75;272.75,262;351.5,288.5;352.25,160.25;27.5,98.75;144.75,272;180.25,198;275.25,235.5
17646;226,276.5;290.5,252;335.25,213.75;366.25,122.25;27.5,98.75;159.75,301.75;180.25,198;275.25,235.5
30678;239,219.5;301.5,246.75;325.25,271;329.25,117;27.5,98.75;132,314.25;180.25,198;247.5,229.25
8973;193,175.5;254,218.75;327.25,313.5;328.5,149.25;27.5,98.75;132,314.25;180,241.75;300.75,242.25
17652;231.75,120.5;254,218.75;306,304;328.5,149.25;20.75,57;184.25,300.75;194.5,275;232.5,257.5
38685;178.5,85.5;204.25,235.5;286.5,319.75;336.25,81;20.75,57;174.25,281.25;194.25,318.75;232.5,257.5
6163;199,49.75;204.25,235.5;286.5,319.75;358,131.75;3.25,30.75;108.5,291.5;192.5,250;289,233.5
15708;187.25,83;220.5,243.75;286.5,319.75;354.5,129.5;3.25,30.75;105.5,274.5;162.75,201.75;306.25,244.5
39730;187.25,83;259.25,294;345.5,319;354.5,129.5;39.5,79.25;68,289.75;229,199.25;302.75,198.25
1612;166.75,92.25;279.75,284.5;281.5,317.25;357.5,127.75;39.5,79.25;145.25,301.25;170.25,221.25;302.75,198.25
36745;191.5,157;242,303.75;309.25,319.25;317,120.25;39.5,79.25;145.25,301.25;148,246.5;258.25,157.5
5328;155.25,126;179.5,267.5;247.5,312.75;309.75,95.75;100.25,66.25;145.25,301.25;185.25,248;258.25,157.5
2250;175,85.5;179.5,267.5;247.5,312.75;288.25,72.25;54,90.25;126.5,264.75;173,296.5;265.5,104
38107;217.25,64.25;219.5,244.75;297.5,317.5;319.25,37.25;56,95.25;126.5,264.75;173,296.5;267.75,119.25
12317;217.25,64.25;244,281.5;289.25,319.5;303.25,54.25;56,95.25;113.5,254.5;141.25,303;319.75,86.5
1940;217.25,64.25;237.25,283.5;297,294.5;323,4.5;55,41;113.5,254.5;187.75,273.25;268.75,44
31045;185.5,81.25;290.5,322.75;303,302;323,4.5;56.5,90.25;93.5,316.25;187.75,273.25;249,17.75
50309;155.25,125;289.25,304.75;306.25,250.25;325.25,16;56.5,90.25;90.25,319.5;187.75,273.25;295,63
29652;207.75,79.75;261.25,244.75;298.25,230;340,7.25;39.5,111.5;90.25,319.5;187.75,273.25;310.5,83.75
31334;186,49.25;190.75,278.75;333.25,235.75;358.75,42.25;70.5,102;90.25,319.5;162.5,298.5;310.5,83.75
24583;159.5,7.75;228.25,235.5;351,230;358.75,42.25;14,127.25;99,316.25;162.5,298.5;284.75,89
44255;226,47.75;228.25,235.5;349.5,224.5;351.75,102.25;8,136.75;110,316;162.5,298.5;295.75,95
34955;226,47.75;252.75,249.75;265,241.25;349.5,37.25;3.75,197;110,316;116.5,244.25;360.75,48.25
7158;185.5,19.75;214,318.5;259.5,177;357.75,118.75;63.25,211;110,316;189,248;360.75,48.25
12926;104.5,20;270.75,322;295.5,238.75;357.75,118.75;28.75,264.5;110,316;173.25,170.5;305.5,85.75
11560;45.5,47.75;270.75,322;295.5,238.75;357.75,118.75;68,259.75;109.75,242;173.75,116.75;360.75,140
732;13,4.25;266.75,321.5;292.25,262.75;330.25,91.5;68,259.75;123.5,298.5;212.25,108;360.75,140
6736;8.75,59.25;259.25,322.25;292.25,262.75;330.25,91.5;76.5,303.25;159,295;186.25,96.75;320.25,163.5
9517;8.75,59.25;198.5,310.25;315.25,304.75;330.25,91.5;37.5,310.75;218,319.5;226.5,106;314.75,160.5
24045;8.75,59.25;197.25,234;279.75,262.5;285,56.75;9,244;218,319.5;247.5,12.75;352.25,143.25
39415;23.5,64.25;143.5,223.75;225,301.75;298.5,14;9,244;162,284.5;247.5,12.75;284,130.25
27453;5.25,93.5;173,278.25;180.25,318.75;278.25,19.5;1.75,308.5;177.25,270;247.5,12.75;284,130.25
8424;5.25,93.5;173.25,224.5;197,266.25;265.5,65.25;1.75,308.5;159.5,250.25;249.25,10.5;333.75,131.5
40439;5,83.25;131.25,177.75;225,266.5;232.5,33.75;1.75,308.5;152.75,295.25;238.25,39.75;333.75,131.5
30855;30.25,40.75;146,240;162.5,298.5;276.5,89.25;26.25,301.25;87.5,270;238.25,39.75;333.75,131.5
2417;52,99;156.5,223;158.5,240.75;271.5,70.75;26.25,301.25;86.25,235.75;256,9;333.75,131.5
23110;71.5,86;121.25,275;156.5,223;218.25,37.5;22.25,289;48.75,293.5;258.25,51.25;333.75,131.5
8382;54.75,97.25;69.25,242.5;156.5,223;218.25,37.5;23.25,311.25;30.75,273;223.5,99.75;294.75,84.5
33131;14.25,142.25;31.75,257;227.75,206.25;263,62.25;23.25,311.25;30.75,273;231,117.25;270,99.75
22196;42.75,167.5;74.75,200;152.5,225;278.75,87;23.25,311.25;30.75,273;250,41;304.5,129.5
23484;42.75,167.5;118.25,252.25;132.5,291.5;209.25,62.75;2.5,306.75;94.25,318.25;250,41;359.75,164.75
15597;42.75,167.5;58,281.5;80.75,266.5;274.25,19.5;4.5,243.5;33.25,321;250,41;315.75,114
7748;37.25,189;37.5,308.5;52.75,239.75;312,63.75;4.5,243.5;33.25,321;316,82.5;346.25,78.25
29016;39,183.25;46,303.25;49.5,235;358,40.25;4.25,172.75;33.25,321;316,82.5;346.25,78.25
24741;36,212;43.75,267.25;57.75,294;358,40.25;36,141.75;55.5,309.5;259.75,51.75;346.25,78.25
16474;29.5,138.25;57.75,294;79,247.75;365.75,73.75;36,141.75;41.5,265.25;258,9.5;269.25,94.75
25679;29.5,138.25;40.25,298.75;53.75,209.25;336.75,134.5;31.25,197.25;41.5,265.25;253.25,72.75;270.25,22.5
12866;29.5,138.25;35,297;53.75,209.25;364.75,74.25;42.75,144;57.25,213.25;194.75,97;333,25
11427;29.5,138.25;35,297;44.5,181.25;333.5,99;30.25,124.25;59.25,195.75;185.25,98.5;298.25,59
11475;29.25,170.75;30.25,306;49.5,230.75;332.5,99.5;30.25,124.25;59.25,195.75;169,50.5;277.5,28.75
29407;32.25,86.5;45,285.5;129.25,200.5;350.25,98.25;30.25,124.25;33.25,231.75;169,50.5;306,95
46410;1.75,36.25;8,310.5;117.25,145;350.25,98.25;14.25,71.75;33.25,231.75;114.75,40.5;270,76
11718;12,30.75;27.75,318.75;94.5,189.25;363.25,123;14.25,71.75;33.25,231.75;115,45.25;310.75,101.5
15730;4.75,27.25;27.75,318.75;121.75,183;363.25,123;35.75,33.75;61.25,287.75;161.25,89;308.75,64.5
33960;4.75,27.25;61.5,318.25;121.75,183;324,92.75;5,30.5;31.5,306.5;125,116.25;251,48.25
24125;55.75,8;61.5,318.25;103,237.5;316.25,69.5;66.25,11.75;79.25,316.5;140.75,143.75;251,48.25
24905;103.5,5;107.5,243;121,251.25;364,39.5;13.5,69;79.25,316.5;140.75,143.75;251,48.25
4887;115.75,43.25;125.5,186.25;176,201.5;364,39.5;13.5,69;40,308.75;162.75,163;273.5,48.75
14718;80,66.5;142.25,113;224,185;366.75,74.25;13.5,69;90.25,314.5;162.75,163;299.25,113
48809;125.5,28;147,126.25;164.25,183.25;315.75,119.5;13.5,69;90.25,314.5;159.5,160.25;249.75,102
19729;166,10.5;190.25,156.25;229,183.5;250.75,107;57,89.5;90.25,314.5;159.5,160.25;261.25,113
27557;166,10.5;191.75,152.75;252,154.75;294,131.75;51,77.25;62.75,267.25;159.5,160.25;331.75,97.25
10447;113.75,15.75;177.75,114;280.5,165.25;304.75,136.25;51,77.25;96.25,221.75;159.5,160.25;348.5,44.75
44718;76,12.75;123.75,122;280.5,165.25;331.5,150.25;68.25,11.5;143.25,225;149.75,223.5;348.5,44.75
16133;11.75,3.25;184.75,114;234.75,188;284,103;68.25,11.5;95.25,262;149.75,223.5;300,22.5
37994;11.75,46;140.25,147.75;257.75,155.25;326.5,159.25;73.75,11.5;95.25,262;191.5,161.25;300,22.5
44886;23.25,77.25;88.5,175.25;212.25,179;304.25,134.25;8.75,15;95.25,262;209,99.5;300,22.5
16944;23.25,77.25;91.75,149.25;225,146;292.75,71.75;8.75,33.25;95.25,262;266.75,72.75;351.75,7.5
7301;21.5,101;91.75,149.25;246.5,127.5;274.25,89.25;73.75,10.5;95.25,262;254.75,141;313.5,38.5
21455;4.5,62.75;118,143.5;290,72.25;295.25,155;73.75,10.5;130.5,199.5;286.75,150.75;313.5,38.5
30233;34.5,9.25;138.75,129;247.25,47.25;267,178.5;73.75,10.5;130.5,199.5;321,198;334.75,62.75
19181;2.25,26.25;199.5,178.25;202.75,72.25;324.5,212.75;118,74.5;130.5,199.5;296.25,184.75;334.75,62.75
21964;11,84.25;222.75,208.25;243.25,7.5;324.5,212.75;105,151.75;113.75,276.5;247.5,197;334.75,62.75
50262;32.5,74.75;170.25,219;243.25,7.5;334.25,279.75;57.75,202.75;160,230.75;195.75,177.25;334.75,62.75
22308;52.5,137.5;226.5,252.5;240,45.75;283.75,321.25;32.25,252;160,230.75;195.75,177.25;354,78.5
15529;52.5,137.5;146,263;210.25,77.25;236,270.5;46.25,310.75;160,230.75;204.75,201.5;334.75,0.75
24529;98.5,190.75;112,308.5;214.5,41.5;297.25,235.25;90.75,319.75;161.5,186.25;204.75,201.5;334.75,0.75
40368;139.75,226.25;140.75,299;154.5,84;296.25,237;90.75,319.75;118.5,156.25;151.5,221.75;334.75,0.75
15116;91.5,267.75;112,311;154.5,84;254,191.25;113.5,258.75;123,207.5;197,213.75;334.75,0.75
41713;66,231;112,311;185.5,18.25;254,191.25;48,250.75;139.75,269.25;240,215;358.5,3
8297;62.25,177.75;109.5,307.5;185.75,1;276,134.25;48,250.75;138.5,266.5;200.5,174.5;358.5,3
36484;38,137.25;44.75,312.5;125,32.25;335.25,112.25;2,236.25;142.25,238.75;200.5,174.5;358.5,3
10306;13.5,84.5;28.75,311.5;73.5,85.5;333.25,92.75;19.75,272;142.25,238.75;200.5,174.5;301.75,14.5
43895;15.75,140.75;28.75,311.5;110,111;333.25,92.75;71.25,250;158.5,303;158.75,225.5;269.75,55.25
4424;15.75,140.75;81,274.25;110,111;333.25,92.75;72,284;116,323.75;198.75,221;222.5,6
22205;29.75,122.75;59,248.75;163.25,112;333.25,92.75;79,212;162.25,279.25;181,296.5;222.5,6
38551;86,115.25;95.5,282.75;174.25,163.5;285.75,53.75;79,212;150,318.5;162.25,279.25;242.25,14.75
21720;35,64.75;51.25,285.75;143,190.75;322.25,3.25;71.75,141;150,318.5;162.25,279.25;176,7.25
46901;35,64.75;60.5,210.25;143,190.75;322.25,3.25;144.5,143;170.75,298.25;193.75,248;206.75,5.25
23839;7.5,60;19,152.75;143,190.75;326.75,32;167.25,87.75;193.25,246.5;195.25,251;206.75,5.25
1871;6,78.75;21.25,228.5;137.25,213;284.5,75.75;100.75,48;193.25,246.5;195.25,251;195.75,13.25
799;6,78.75;21.25,228.5;90.5,247.75;243,99;84,72.25;153.25,300.5;168,237;184.25,25.75
45760;10.5,5.75;18,177.25;68.5,256.25;269.75,138.25;97.25,40.25;153.25,300.5;168,237;184.25,25.75
15696;10.5,5.75;18,177.25;116.25,314;244,82;90.5,21.5;144.75,225;158.25,300.25;195,88.5
285;10.5,5.75;76,209.25;109,316.5;244,82;92,21;118.25,236.5;158,318;183.5,132
48191;30.25,15.25;58,230.25;65.25,281.25;185,92;29,13.75;60,290.25;158,318;183.5,132
23310;31.5,89.5;37.5,213.5;69.75,242.5;148.25,152.75;6,69.5;55.75,248.5;158,318;183.5,132
20971;6.25,46.5;51,216.5;77.25,233.75;90.5,156.25;6,69.5;55.75,248.5;184.5,306.25;186,191
20500;6.25,46.5;70.25,297.5;89.75,249.25;111.25,123.25;6,69.5;39.25,205.75;147.5,283;265.5,170.5
46367;6.25,46.5;70.25,297.5;116.75,232;141.75,150.75;39,40.75;55.25,275;71.25,252.5;195.75,175
42474;54.75,98.75;63.75,268.75;154.75,248.75;171,90;39,40.75;55.25,275;137.5,288.5;163.75,111.25
23833;82.25,165;103,295.25;160.25,324.25;161.25,108.25;39,40.75;78.75,222.25;137.5,288.5;222.5,85
35456;82.25,165;103,295.25;160.25,324.25;172.5,138.5;67,3.5;68,290.25;124.5,225;289,98
43348;17.75,191.25;45.25,276;101,314;172.5,138.5;32.75,61.75;68,290.25;140.25,154.25;269.5,38.5
3764;17.75,191.25;34,243.25;73.25,243.25;112.5,165.75;38,80.75;53.5,249;140.25,154.25;243.25,23.25
17690;0.75,198;39,284.25;73.75,297.5;98.25,191.25;38,80.75;53.5,249;165.75,163.25;262,6.25
28948;3.25,170;39,284.25;88.25,227.25;168.75,231.5;48.5,7.25;80.75,268.75;232.5,200.25;262,6.25
28284;3.25,170;84.25,320.75;91.5,261;203,246.25;80.5,25.75;80.75,268.75;234.5,254.75;286.75,35.75
40104;10,102.75;52.75,304.5;91.25,275.25;203,246.25;74.25,57;80.75,268.75;225,213;292,23.5
2048;10,102.75;52.75,304.5;143.75,223.25;171,280.75;45.75,113.75;111.25,281.25;201.75,275.5;300.5,23
12573;10,102.75;52.75,304.5;117,284;120.5,253.75;88.75,153.25;135.25,286.75;192.25,249.5;249.5,57
16743;10,102.75;12.75,298;79.5,223;149.25,299.75;88.75,152.75;130.5,317.75;148.75,224.25;249.5,57
8032;12.75,86;12.75,301.5;14,264.5;188,246.25;88.75,152.75;122.5,324.25;183.25,289.5;249.5,57
41319;11.5,5.75;12.75,301.5;14,264.5;203.75,266.25;73.75,177.5;77,278.5;168.75,310.5;305.25,88
40047;29.25,59;51.75,279.75;55.5,200.25;203.75,266.25;120.75,205.5;140.75,226;150.5,303;305.25,88
24081;32,107.25;51,277.75;109.75,154.75;162.25,323;120.75,205.5;140.75,226;150.5,303;311.25,107.25
44982;86.5,116.25;87.75,314.5;116,150;194.5,265.25;47.75,180.5;149.75,224.75;150.5,303;311.25,107.25
28793;85.5,58;87.75,314.5;107.25,127;211.5,260.75;32,118.75;175,238;201,257;311.25,107.25
35648;38,50.25;52.5,305.75;107.25,127;236,224.75;76.75,126;171.5,239;262.25,257.25;311.25,107.25
6790;27.5,107.75;94.75,282;100.5,189;296.75,256.25;62.25,113.75;195,275.5;262.25,257.25;311.25,107.25
35984;15.5,58;38,284;70.25,148;246.75,297.25;62.25,113.75;195,275.5;236,213.25;355.25,66.75
47481;15.5,58;50,285;70.25,148;247.75,297;127.25,72;203.75,296.25;274.5,272.5;312.25,31
37515;15.5,58;92.25,243.5;135.75,102;270.75,255.25;152.5,49.75;153.25,302.75;274.5,272.5;350.25,82.25
8330;60,74.75;96.5,196.75;130.5,50.5;241.5,308.75;152.5,49.75;153.25,302.75;311,269.75;333.25,96.25
156;60,74.75;89.25,261.5;182,43.25;281.5,318.5;95.75,33.25;126.25,265;311,269.75;335.75,118
23076;32.5,56;121.5,263.5;184.5,22.75;281.5,318.5;76.25,21.5;110,316.75;311,269.75;313,162.75
26073;13.5,9.75;51.25,280.25;143,19.5;325.75,271;16.5,8;110,316.75;311,312.5;313,162.75
4744;13.5,9.75;51.25,280.25;177.5,37.75;343,198.75;21.5,25.5;76.25,268.75;286,313.75;328,163.75
12073;49.25,32;86.75,297.25;132,64;343,198.75;44.5,80.25;76.25,268.75;228,319.75;358.5,210.75
25748;11.5,5.75;125.5,280;132,64;291.5,208;40.25,135.25;76.25,268.75;243.25,309.25;357.25,149
27747;4.75,9.75;100,227.5;108.25,56.5;315,151.25;40.25,135.25;76.25,268.75;315.5,312.75;354,142.75
23195;4.75,9.75;119.25,201.25;121.25,18.75;262.75,122.75;20.5,123.25;80.25,315;315.5,312.75;327.5,205
3571;4.75,9.75;108.25,162.75;163.5,16.75;206.25,167.25;30,45.25;80.25,315;318.25,259;323,243
33333;8.5,68;141.5,188;163.5,16.75;216,246.75;30.75,49;80.25,315;261,317.25;360.25,171
49725;25.5,86.25;94.25,234;131.75,2.75;253,281.25;30.75,49;44,307.75;187.25,304.25;360.25,171
4583;13.25,63.25;53,280.75;131.75,2.75;310.25,229.75;30.75,49;68.25,247.5;114,276.75;337.5,159.5
36780;6.5,105.75;9.75,305;149.25,15.25;310.25,229.75;30.75,49;77,278.5;83,252;339.25,168.5
46073;6.5,105.75;42.75,242;149.25,15.25;338,225;19.25,19.25;104.25,229.75;149.25,224.75;320.75,139.25
1317;49.75,51.75;58.25,208.75;149.25,15.25;366,172;81.25,14.75;93,282.5;182,277.25;320.75,139.25
33513;49.75,51.75;51.75,247.5;150,15;366,172;32,59;99.25,318;236.75,308.75;318.75,88.5
13501;39.25,105.5;51.75,247.5;135.5,96.75;361,91;106.25,39;152,298.25;171,309;318.75,88.5
34661;39.25,105.5;51.75,247.5;192.75,134.5;361,91;113.25,76.75;175.25,302.75;176.5,275.25;301.75,109
19718;38.25,58;87.75,213;181,105.25;361,91;113.25,76.75;232.5,254.75;242.5,292.25;320,90
20545;38.25,58;39,238;150.75,146.25;372.5,74.25;143,91.75;232.5,254.75;318.75,309.5;364,77.5
34592;38.25,58;60.75,295.5;150.75,146.25;337.75,80.75;124.75,19.5;183.5,301.75;281.25,260;308.5,36
29594;18.5,119.25;60.75,295.5;206,93.5;316.5,25.75;124.75,19.5;207.75,252;231.25,257;245,73
5359;11.75,170.25;110.5,311.5;149.25,55;243.75,19.25;167.25,52;198.25,181.75;231.25,257;245,73
208;1.5,231.5;82.75,274;141.5,12;243.75,19.25;167.25,52;227.5,207.5;241,317;250.75,87.75
2374;47.75,238.75;56,218.5;143,76.75;203,6.25;152.25,31.75;227.5,207.5;241,317;244.25,116.5
42698;52,294.25;56,218.5;89,108.25;203,6.25;108.75,22.75;191.5,162.25;238.25,315.25;278.25,186
23606;68.5,219;109.25,167.25;140.75,75.75;180,48.5;108.75,22.75;164.75,185.5;238.25,315.25;341.75,173.5
31561;125.25,201.75;135.25,226.25;157.75,145;158,33.75;108.75,22.75;146,188.5;217.75,247.5;341.75,173.5
24891;74.25,165.5;84.75,273;93.75,130.25;223.25,54;116.5,62.25;127.5,115.25;217.75,247.5;341.75,173.5
10245;9.5,142.75;43.75,279.5;151,97.5;233.75,10;116.5,62.25;127.5,115.25;217.75,247.5;339.5,150.75
10844;39,111;43.75,279.5;107,104;287.5,24;92.25,24.25;151.25,60.25;217.75,247.5;295,199
41312;5.75,63.75;8.25,307.5;54,75.25;220.75,21.75;92.25,24.25;151.25,60.25;220.5,304.25;341.5,231.25
13611;10.75,29.25;40.5,305;85,89.75;213.5,6.25;92.25,24.25;168.75,92;220.5,304.25;306.25,237.75
41549;57,6.5;65,293.5;85,89.75;177.5,16;143.75,32.25;187,95.25;220.5,304.25;313.5,183.75
35774;40.75,12;82.5,303.5;94.75,159;177.5,16;174.25,1.75;181,160.75;277.25,311.25;313.5,183.75
42492;40.75,12;76.75,297.25;102.25,194;224.75,30.75;174.25,1.75;205.75,174.25;219.5,313.25;350.25,155
5987;40.75,12;57,293.5;70,131;302.5,55.25;206.25,71.75;210,95.5;268.75,320.25;350.25,155
41268;40.75,12;89.75,267.75;154.25,110;306.25,69.25;141.75,28.75;222.75,64.5;268.75,320.25;356,149
11191;6.75,90;89.75,267.75;208,61.5;363.25,54.75;141.75,28.75;226.75,127;249.75,292.75;294,186.75
9253;6.75,90;71,294.5;208,61.5;369.75,122.75;169.25,7.5;231.25,206;305,249;317,199
39907;6.75,90;10.75,287;208,61.5;369.75,122.75;115.25,6.25;197.75,228.75;345.75,206.25;355.5,164.75
23908;68,74.75;82.25,300.75;208,61.5;369.75,122.75;139.25,21;257.5,218.5;336.75,265.5;365.25,234.25
15549;80,32;116.75,308;233.5,21.75;369.75,122.75;188,65.5;283.25,199.25;336.75,265.5;352.5,162
31688;18.75,25.25;90,324;246.5,37.75;302.5,154.75;188,65.5;321.5,162;336.75,265.5;341.25,142.25
23551;18.75,25.25;90,324;177,49.25;280,87.75;221.25,108.25;296,199.25;300.75,291.25;332.5,98.75
50134;18.75,25.25;24.25,304.75;177,49.25;280,87.75;205.75,106.75;265.75,257.25;290.5,284.75;294,37
19735;18.75,25.25;24.25,304.75;177,49.25;260.25,156.25;147,92;287.5,225.5;341,321.75;358.5,6
11600;18.75,25.25;51.25,322.25;181.25,17;245.25,159.75;147,92;286,224.5;356.25,289.25;357.25,2.5
5443;18.75,25.25;114.75,314;181.25,17;306.25,158.25;166,116;241.5,300.25;314,243.25;356,77.75
21658;15,57.5;114.75,314;181.25,17;336.25,152.75;229.75,135.25;255.5,253;265,225.5;301,85.75
20196;16.25,57.5;114.75,314;181.25,17;361,136;232.5,50.5;271.75,294.5;282.25,141.25;307.5,53
35955;16.25,57.5;60.75,318;232.5,53.75;361,136;242.75,9.75;294,246;304.75,132.25;356.75,2.5
8794;0.25,146.5;36.75,312;250.75,7.25;361,136;242.75,9.75;292.5,246.25;321.75,163.25;323.25,42
38926;52.25,148;57,238.75;310.25,55.25;355.75,175.75;242.75,9.75;318,229.5;321.75,163.25;335.75,59.5
39435;32.5,90.75;76.25,234.25;299,112.75;330.25,118.5;242.75,9.75;317.25,230;321.75,163.25;334,63
17819;32.5,90.75;73.25,286.25;286.75,74.75;330.25,118.5;203,48.75;276.75,187.25;282.75,196.25;340.25,139.25
20436;32.5,90.75;73.25,286.25;286.75,74.75;299,110.75;250.25,15.25;287.5,151.5;309,169.75;317,98
19674;31.5,30.5;94,297.5;284.75,102.75;286.75,74.75;268.75,10.75;287.5,151.5;310.25,146.75;313.25,85.5
829;51.5,49.25;94,297.5;286.75,74.75;320.25,136.75;286,31.25;295.25,217.5;313,188.75;317,139.25
19280;20,109;169,279.5;286.75,74.75;351,209.75;224.75,84.75;232.5,256.5;259,146;313,188.75
5065;19.25,62.75;144.75,319.25;286.75,143.75;364.5,242.5;200.25,96.75;232.5,256.5;281.25,143.25;313,188.75
30968;62.25,97.5;144.75,319.25;286.75,143.75;355.75,261.75;219.5,140.5;250.75,187.5;256.5,106.25;357.25,163.5
9896;141.5,89.5;161.25,278.25;266.75,59;345.75,230.75;207.5,139.25;250.75,187.5;256.5,106.25;346.75,81.25
35610;102.5,18.25;133.25,246.5;248.75,27.75;348.25,235.75;184,176.75;245.25,252.5;256.5,106.25;346.75,81.25
17158;102.5,18.25;177.5,219.5;184.25,20.25;357.25,294.75;166.25,199.75;251,309.25;299.25,150.25;346.75,81.25
43474;84.25,42.25;188.5,246.75;205.75,19.5;357.25,294.75;185.5,226.75;272.25,231.75;317.25,223;346.75,81.25
8740;78,32;266.25,244.75;266.5,55.5;353.5,319;192,226.75;272.25,231.75;334.5,205;346.75,81.25
36589;32.5,50.25;251.5,285.25;252,108.25;300.25,288.75;162.25,289;271.25,218.75;334.5,205;346.75,81.25
26632;5.5,4.75;251.5,285.25;286.25,168;300.25,288.75;117.75,286;234.25,153.5;292.25,219.25;312.75,98.5
36184;43.25,23;251.5,285.25;286.25,168;335.75,271.5;64.25,310;212.75,176.5;283.25,217.25;340.25,52.75
26851;43.25,23;279.5,231.75;299.5,206;335.75,271.5;51.75,247.5;168.75,186;277.75,192.5;287.5,42.75
28434;93.5,26.5;264.5,256.25;316.25,216.25;333,258.75;100,284.25;116,194.5;277.75,192.5;287.5,42.75
36346;93.5,26.5;286.5,318.25;322.25,150;333,258.75;68.75,267;100.75,136.25;290.75,170.75;302.75,113.5
25307;125,68.75;241.75,293.75;275.5,189.75;339.5,298.75;68.75,267;98,132.25;262.25,113.25;290.75,170.75
14243;75.25,85.5;232.5,280.5;232.75,202;285.75,320.75;15,291.5;98,132.25;262.25,113.25;325.5,123.5
13724;142.75,124.75;201.75,235.5;232.5,280.5;285.75,320.75;14.75,295.75;44.5,92.5;310.25,82;341.75,61
36337;142.75,124.75;201.75,235.5;232.5,280.5;264.25,303;35.75,233.5;56.75,31;290,98.25;357,2.5
42259;140,62.25;161,226.25;162.75,265.25;277.25,310.75;38.75,311.25;56.75,31;291,97.25;357,2.5
41888;117,47.5;131.25,182.75;163.5,243.75;297.5,318.75;7,238.25;77.5,89.25;291,97.25;357,2.5
2593;55,8.75;78.25,142.5;163.5,243.75;358.25,307.25;23.25,227;43.25,55.25;262.25,97.5;357,2.5
2584;5.75,24.25;117.25,89.75;166.25,219.25;358.25,307.25;5,196;27,91.75;248.25,133.75;357,2.5
16716;11.25,53.25;131.25,10;228,237.25;340.75,257;5,196;27,91.75;239.5,82.25;353,68.75
20052;11.25,53.25;112.25,22;276.25,214.75;280.5,284.75;5,196;19,118.75;204.5,98.5;365.5,83
43919;17.5,126.75;85.5,59;274,149;280.5,284.75;32,265.75;40.5,55.5;269.75,114;365.5,83
49105;55.5,181.25;85.5,59;237.5,196.25;293,230;30.5,307;41.5,57.5;269.75,114;341.75,51.75
4893;55.5,181.25;85.5,59;238,197;343.25,242.25;4.5,309;68.75,11;274,175;285.5,31.5
4158;54.5,177;63.75,58.75;238,197;336.25,225;4.5,309;94.25,66.75;314.25,159.25;315,20
1172;112.5,164.25;114.25,87;277,250;368,172;4.5,309;48.25,112.25;301.75,113.5;315,20
49235;48.25,190.75;150.25,48.25;312.25,299;368,172;45.25,273.25;58.75,134;244.25,114.75;315,20
22425;37,224;155.25,125.75;315,243.25;368,172;96.25,314.25;106.75,117.25;242,121.5;315,20
33776;75.5,175;143.75,126.5;274,214;327.75,209.5;96.25,314.25;106.75,117.25;199.75,95;346.25,60.25
37842;50.75,176.25;143.75,126.5;254.5,219;288,229;82.75,318.75;106.75,117.25;243.25,48.5;347.25,50.75
27321;63,148;168.25,134.75;248.25,188.5;258,269;122.25,276.5;126.25,106;243.25,48.5;347.25,50.75
17779;6.25,126.5;108.25,164.25;256.25,246;277,256.75;122.25,276.5;131.25,106.5;206.75,85.75;347.25,50.75
19687;14.5,74;143.75,127.5;201.75,294.75;307.75,320.75;116.5,320;131.25,106.5;206.75,85.75;356.75,82.5
35165;13.5,51.5;94,73.5;137.5,285.5;307.75,320.75;104.5,235.25;139,66.75;163.25,116.75;356.75,82.5
16285;13.5,51.5;135.25,21.25;137.25,228;291.5,317.75;99.5,258;140.5,74.25;163.25,116.75;301.25,52.25
3070;14.75,6.75;137,62.75;152.75,157.75;220.75,319;99.5,258;140.5,74.25;223.75,143.5;270,55
39036;14.75,6.75;105.75,18.5;146,226.75;252.25,275.5;108,273.5;168.5,37;223.75,143.5;251,6.25
35758;65.75,38;108.25,32.5;146,226.75;249.75,247.75;108,273.5;155.5,49.75;236,90.25;255.75,12.75
8422;22,43.25;39.25,45.75;111.5,239;269.25,322.75;153.25,298.5;155.5,49.75;237.5,133.75;255.75,12.75
16719;42.5,126;105.5,17.75;117,181.25;328.75,315;153.25,298.5;155.5,49.75;283,173.75;324.25,58
48175;4.75,64.25;56.75,5.75;63.75,158.25;298.5,319.5;153.25,298.5;155.5,49.75;304.75,128;326.25,52.5
42331;42.25,44.75;44.25,48.25;63.75,158.25;307.25,321.75;145,300.5;155.5,49.75;289,28;314.5,126.25
19533;36.25,110.25;72,88.5;86.75,197.75;364,288;145,300.5;155.5,49.75;245.75,23.5;346,80.5
13881;32.75,168.5;39.75,23;112,209.25;350.75,317.5;62.25,298;102.25,39;245.75,23.5;346,80.5
34580;22.25,153.25;88,62.75;112,209.25;369.75,320.75;62.25,298;64.25,53.5;261.75,5.75;345.75,79
11089;7.75,89.5;88,62.75;155.75,257.75;299,319;27.5,307;70.25,125.75;244.25,71.5;345.75,79
35415;7.75,89.5;123.25,121.25;155.75,257.75;300.75,320.5;1,248.25;22.5,119.75;231.25,16;271,45
13584;0.5,174;73,116.75;162.25,320;246.5,259.25;1,248.25;12.25,52.25;231.25,16;335.25,31.5
8078;35.75,190;67.5,190;162.25,320;270,229.5;1,248.25;20,46;248.25,80.75;339.75,82.75
16486;63.5,230.75;134.75,202.25;206.5,308.75;270,229.5;21.25,308.25;32.75,88.75;231,135;339.75,82.75
48686;63.5,245.5;134.75,202.25;206.5,308.75;345.25,235.5;21.75,308.5;59.25,14.25;272.25,194.25;345.5,78.5
2562;60.5,243.25;120.75,260.75;206.5,308.75;325.75,225.25;5.25,315.5;59.25,14.25;249.75,260.5;345.75,82
14365;107,281.75;141.75,299.5;166,279.75;304,235.25;22.75,287.75;38.25,33.75;249.75,260.5;345.75,82
25290;139.25,272;153.5,266.75;216.25,259;332.75,224;11,268.5;38.25,33.75;210,261.5;345.75,82
16309;173.5,210;178.5,311.75;217,261.25;337.75,199;11,268.5;106.5,20.5;233,256.25;345.75,82
41417;223.75,206.75;240.5,308;248.75,269;348.25,235.75;11,268.5;106.5,20.5;231,274.25;345.75,82
11176;236.5,198;284,283.5;304.75,256;354,175.5;11,268.5;167.75,2.25;245,219.5;345.75,82
31284;178.75,138;239.25,281;243.25,199;349.25,209.5;11,268.5;133.5,71.75;211.5,275.5;345.75,82
2760;135.5,127.75;270.5,256.25;294.5,139.5;301,209.5;11,268.5;144.5,88.75;176.25,295.5;345.75,82
34440;120.75,145;309.75,317.25;321,104.5;322,195;14.5,262.25;144.5,88.75;225,318;345.75,82
26718;120.75,145;292.5,317.25;317.25,54.75;355.25,239.5;14.5,262.25;146.5,83.5;194.25,276.25;332.25,149.25
43261;120.75,145;300.75,288.5;349.5,27.25;365,185.75;14.5,262.25;167,88.75;225,311.25;332.25,149.25
40826;54.75,178;283,319.25;354.75,24.25;357.75,121.75;3,307;167,88.75;225,311.25;332.25,149.25
23150;54.75,178;284.5,322.25;313.5,24.75;348,39;3,307;173.25,11.5;240,274.5;256.5,99.25
48073;54.75,178;284.5,322.25;295.25,53;319,112.25;46.75,292.5;249.25,10.5;274.75,295.5;277,134
31520;47.5,113.75;222.75,260.5;251,17.75;274,60.5;18.5,273.5;249.25,10.5;274.75,295.5;277,134
20305;1.5,108;223.5,260.5;251,17.75;279,104.75;89,281.25;249.25,10.5;307.75,239.25;329.5,95.75
19866;3.75,74.25;219.75,226.5;261,19;264.75,110.25;49.25,294;249.25,10.5;282.25,288.25;329.5,95.75
19742;12.75,4.75;219.25,252.5;281.75,72.75;293.5,53.75;63.25,259;249.25,10.5;280.25,269;329.5,95.75
13519;55.25,7.5;210.25,245.25;252.25,55.75;309.75,94.25;63.25,259;269.75,15;280.25,269;329.5,95.75
27700;6.75,63;158.5,267.25;196.75,6.25;331.5,137;31.25,252.75;271.25,14.25;280.25,269;329.5,95.75
13935;6.75,63;158.5,267.25;263.25,17.5;275.25,102.75;21,286.25;189,7;210.25,296.25;363.25,82
33680;4.25,9.25;153.75,241.75;280,10.75;309,113;21,286.25;189,7;192.25,275;363.25,82
18609;66,9.25;82,280.75;280,10.75;328.75,105.75;72,221.25;180.5,8.25;205.25,221.25;363.25,82
31728;66,9.25;100.25,282;201.75,18;308.75,92.75;8,173;107.25,15.25;205.25,221.25;294.25,34.75
1347;128.75,31;156.5,227.25;190.5,36.5;339.75,106;62.5,180.25;107.25,15.25;235.75,233.5;294.25,34.75
34030;110.25,21;157.25,223;177.5,47.25;333.75,65;8.75,172.75;107.25,15.25;178.25,233.25;294.25,34.75
7569;115,88;148,200.5;155.25,59;356,127.25;5.25,230;107.25,15.25;145.25,203.25;294.25,34.75
15871;82.75,43.5;164.5,145.5;185.5,37;356,127.25;70.75,260.25;116.5,77.5;145.25,203.25;337,78.75
40655;26.5,31;168.25,98.25;178.5,42.5;356,127.25;91.75,189.5;119.25,19.25;186,241.75;337,78.75
31220;73,48.5;157.25,30.5;210,106.75;297,119.75;91.75,189.5;127.75,78.25;140.75,271.75;337,78.75
16347;118.25,15.75;140.5,101.25;145.75,124.5;333.25,103;119,163.75;139.75,73.75;140.75,271.75;337,78.75
22730;49,8.75;83.75,44.75;148.5,193.25;340.25,131;76.5,100.5;115.25,91.75;140.75,271.75;337,78.75
12910;17,73.25;79.25,38.25;172.75,268;330.5,88.75;76.5,100.5;115.25,91.75;213,296;354.5,44
40337;4.25,5.75;64.25,5.75;161.5,307.25;368.5,53;76.5,100.5;115.25,91.75;186.5,290;310.25,30.25
34927;1.25,74.5;64.25,5.75;114.75,313.5;324,31.5;93.25,51.5;120,40.5;141.75,301.75;310.25,30.25
46300;4.5,111;27,30;114.5,302.25;335,14.25;93.25,51.5;120,45;141.75,301.75;239.25,15
21524;8.75,153.25;53.75,97.25;162.25,266.25;289,23.5;89.25,72.25;120,45;145,298.75;239.25,15
35552;9,153.75;35,118.25;172.75,323;351.75,30.25;89.25,72.25;120,45;183,274.25;247.75,4.75
16609;18,119.25;62.25,170.75;221.5,270.5;337.25,32;67.75,41.25;120,45;126.5,298.5;247.75,4.75
33521;14.75,99.25;19.75,170.75;241.5,308.25;273.25,48.75;71.5,80.5;120,45;178.75,301.25;247.75,4.75
32495;2.75,91.5;35.5,241.25;262.5,255.75;273.25,48.75;39.75,107.75;154.5,50.25;178.75,301.25;190.5,26.5
745;16.25,153.75;105,282.5;207,260;273.25,48.75;91.5,157.5;138.75,21;178.75,301.25;185.75,98.75
18550;16.25,153.75;124.75,299.75;137.5,223;227.75,54;125,195.5;161.75,53.25;178.75,301.25;196.75,39.5
20495;16.25,153.75;124.75,299.75;137.5,223;212.5,31.25;170.5,162.25;184.25,26.75;215,250.5;249.5,9
5404;16.25,153.75;52.5,306.75;123.5,254.25;264.75,88;89.75,195.5;145,50;156.5,318.5;249.5,9
38451;9,175.5;39,240.75;175,316.75;264.75,88;27.5,228.5;145,50;220.25,279;240,83.25
20130;2,109.5;67.25,242.25;168,243;214.25,92;63.75,290.25;113.25,91.75;220.25,279;240,83.25
15034;12.5,43.25;35.5,242.25;156.25,309.25;221.5,35.25;53.75,221.5;118.5,73;220.25,279;240,83.25
32768;27.5,99;49.75,234.75;172.75,280.25;195.5,93;9,189.5;118.5,73;220.25,279;258.5,90.5
3001;27.5,99;98.25,213.25;142,309.75;187.25,112.75;19,155.75;118.5,73;151.25,301.75;320,132.5
34244;47.25,170.75;48.75,238.5;83,299.5;190.5,49.75;19,155.75;64.75,84.75;164.25,239.5;320,132.5
1010;82.75,202;90.75,275;115.25,285.5;128.75,41.5;19,155.75;53.25,122;154.25,279.25;320,132.5
4676;51.75,248;129.25,257.75;145.25,226.75;153.5,33.5;19,155.75;58,80.75;173.75,309;320,132.5
26235;30.25,182;69,287;145.25,226.75;196.25,85;41.5,104.5;111.75,126.25;130,317.75;320,132.5
3073;30.25,182;44.75,312.5;198,279.5;249.25,99.75;84.5,71.25;111.75,126.25;129.75,285;312.5,79.75
36300;30.25,182;75.75,298.75;174.25,222.25;293,119.75;107.75,81;122.5,198;158.25,241;312.5,79.75
19639;42.25,122;75.75,298.75;165.5,186.5;236.5,127;107.75,81;113,194;149.25,180.75;353.5,48.5
49600;22.5,123.25;54,318.25;165.5,186.5;236.5,127;71.5,46.25;120.5,240;167,163.25;314.75,114.25
44719;40.25,123.75;77,286.5;145,129;277.75,167.25;71.5,46.25;158.25,226.25;187,111;314.75,114.25
8387;40.25,123.75;56.25,234.25;96.75,159.5;277.75,167.25;122.5,9.5;172,197.5;193.5,173;323.25,59.5
2391;1.25,178.75;32.75,243;164.25,178;277.75,167.25;122.5,9.5;131.5,251.5;232.5,149;342.75,50.25
17237;1.25,178.75;32.75,243;160.5,126;277.75,167.25;166.75,41;199.75,242.25;237.75,164.25;355.75,4.5
27312;31.5,137.5;50,252.5;160.5,126;251,220;166.75,41;178.25,306.75;216,125.75;334,38.5
17706;28.5,212.25;73.5,255.75;202.75,185;244,223.5;97.25,41;97.75,319;216,125.75;334,38.5
8324;62.25,256.25;122.5,241.5;157.75,146.5;187.25,250.25;74,25.25;97.75,319;219.75,152.25;334,38.5
5394;30.5,217;75,272.75;157.75,146.5;176.5,317.25;73.75,12;142.5,298.75;254.25,164.25;334,38.5
46303;49,179.5;74.5,228.25;97.25,195.25;131.75,286.75;73.75,12;142.5,298.75;222.75,125.5;334,38.5
14284;32,243.25;71.25,300.75;84.75,207;162.25,304.25;82.75,26.25;142.5,298.75;244,93.5;334,38.5
46011;7,177.75;71.25,300.75;84.75,207;162.25,304.25;26,51.5;154,319;224.25,45;326.75,33
34610;1.25,170;54.25,322.25;63.75,145.75;114.25,315.5;15.5,62;154,319;224.25,45;326.75,33
27548;6.5,172.5;11,307;49.25,112;129.75,285.25;15.5,62;154,319;163.25,49.5;354,48
17378;5.75,85;11,307;99.25,189.5;129.75,285.25;86.75,103.25;110.5,260.75;142.25,29.5;337,98.75
16536;5.75,85;45,285.5;72.25,134.25;77,317.25;84.25,32;110.5,260.75;167.75,89.25;358.5,166.5
34820;5.75,124.5;99.5,237.5;112.75,108;114.75,311.5;84.25,32;112.75,280.75;167.75,89.25;292,199.25
26108;68.25,171.25;75.25,300;112.75,108;153.25,292;84.25,32;170,303;220,135.25;250,231.25
49175;77,205.5;109.25,294.75;136.25,158.25;153.25,292;84.25,32;148.75,247.75;184.25,172.75;243,232.75
1658;26.5,207.25;78.5,276;110.5,221.5;147.5,228;84.25,32;141.75,198.5;149.25,248.25;243,232.75
27228;31.75,182.5;64.5,217.75;112.5,162.25;153.5,225.25;84.25,32;117,154.25;149.25,248.25;287,217
23257;30.75,241.75;63,146;122.25,213;144.5,225;84.25,32;117,154.25;178.5,232.25;311,243.25
17196;9.5,232.25;33.25,192.75;58.5,219;89.75,196.75;84.25,32;117,154.25;178.5,232.25;299.75,206.5
27104;29.25,273.5;30.25,139;54.25,146.75;65.25,242.5;82,31.75;117,154.25;194,247.5;299.75,206.5
31819;17.25,191.25;25.5,112;28,228.5;29.25,273.5;40.5,88;52.25,140.75;148.25,319;299.75,206.5
45228;23.75,152.75;68,142.75;83.5,263.25;91.75,243.5;15,18.25;52.25,140.75;148.25,319;237.75,231.25
12812;14.5,174.75;16.5,128;66.5,294.5;78.5,248.75;16.5,14.25;96,171;148.25,319;237.75,231.25
34295;34,121.25;59.5,116;103.75,228.75;118.25,254.25;10.25,16.25;96,171;148.25,319;223,297
4523;37.25,108.75;85,161.75;103.75,228.75;123.5,286;70.25,20;96,171;125.75,314.25;238.5,267.5
34604;37.25,108.75;133.5,126;135,201;175.25,318;47.75,7;58.75,132;125.75,314.25;234.5,218.25
32570;63.75,171.25;115.75,126.75;180.75,205.75;181.5,251.5;53,79.75;108.25,77;125.75,314.25;234.5,218.25
44562;44.25,230.5;111.5,68;115.5,181.5;216,202.5;26.25,125.5;108.25,77;125.75,314.25;194.25,242.5
24569;44.25,230.5;73,47.5;81.5,165.75;216,202.5;49.75,76.25;56.75,84.75;138.25,264.75;170,312
36617;49.5,171.25;74.5,114.5;146.5,126.25;165,223.25;49.75,76.25;56.75,84.75;79.25,318.75;176.75,306.25
7918;75.5,177.5;82.75,165;94.5,150;166.75,182.75;51,77.5;56.75,84.75;79.25,318.75;271.25,305.75
41850;26.5,85.25;28,215.25;88,177.25;264,177;49.75,28.75;56.75,84.75;79.25,318.75;234.5,210.5
35174;28.25,57.75;70,223.25;88,177.25;287,103;49.75,28.75;85.75,105.25;109.75,280.75;210,275
30755;3.5,62.75;74,228.25;112.5,202.75;287,103;2.75,18.25;85.75,105.25;176.5,309.75;229.5,272
15010;3.5,62.75;20.25,189.75;171,231.75;278.25,148;18.5,54.75;85.75,105.25;145.25,270.25;169,300.75
11892;3.5,62.75;31.75,207.5;148,187.5;313,150.75;12,128.75;85.75,105.25;117.5,295;127,298.5
35445;3.5,62.75;62.25,209.75;161,104.25;356.75,229;12,128.75;88.75,164;88.75,255.25;194.25,317.25
7663;3.5,62.75;62.25,209.75;106.25,125;327.25,211;11.25,92.25;73.5,202.25;84.5,255.25;130.25,323.5
46091;39.75,108;78.75,248.75;91,59.25;365.5,239.5;11.25,92.25;30.75,264.75;70.25,252.5;130.25,323.5
39482;16.75,30.5;35.25,240.75;39.75,108;365.5,239.5;20.75,119.75;48.75,278.25;125.25,197;160.25,272.75
1417;16.75,30.5;83.25,177.5;110.75,123.75;345.25,210;18.25,149.75;48.75,278.25;79.25,131.5;201,217.75
39379;16.75,30.5;83.25,177.5;110.75,123.75;353.25,272.25;3,127.25;16,303.25;114.75,91.75;246.75,231.25
3092;49.5,30.5;87.25,188;151.5,50.25;353.25,272.25;13,135.5;44.5,317.25;162,80;246.75,231.25
43850;49.5,30.5;87.25,188;177.5,36.75;354.25,320.25;27.25,186.75;46.25,275.75;145.75,50.25;190,256.25
3602;5.75,28.25;147.75,228;181.75,1.75;294.5,321.75;27.25,186.75;46.25,275.75;80.25,20.5;180.75,288.25
39928;28.5,30.5;170.75,236.75;232.25,22.25;238.5,312.75;27.25,186.75;46.25,275.75;81,21.75;193.25,277
11347;13.5,54;170.75,236.75;232.25,22.25;251.75,297.25;18.5,205.75;36.25,319.5;86.25,19.5;121.75,287.75
44116;72.25,58.5;161.75,310.5;264.5,95;292,255.75;18.5,205.75;35,273;106.5,51.5;121.75,287.75
41468;12.75,62.25;161.75,310.5;264.5,95;336.75,284.75;38,222;47,280.5;73.75,20.5;107,308.75
1789;79,8.5;117.25,311.5;264.5,95;356,259.25;37.5,307.25;38,222;132.75,48.5;185,304.25
16632;64,1.75;111.5,316;282,53;356,259.25;10.75,307;62,221;132.75,48.5;220,319.5
19728;11.25,3.25;52.25,285.75;310.75,115.75;311.25,318.25;10.75,307;99.25,199;132.75,48.5;266.25,320.75
21798;45,46.25;61.75,247.75;250,100;313.75,304.75;10.75,307;99.25,195;123.75,18.25;266.25,320.75
1819;62.5,4.5;103.25,212.75;251,53.25;363.75,262.25;10.75,307;84.25,140;106.25,67.5;266.25,320.75
3102;62.5,4.5;147.25,184.25;246.5,32;363.5,190;7.75,317.5;94.5,189.5;121.75,18;266.25,320.75
26923;105.75,33;145.25,127.5;277.75,71.5;364,198.25;35.5,308.25;77.75,248.5;121.75,18;266.25,320.75
29538;115.5,67.5;131.5,151.75;308.75,77.75;364,198.25;5.25,317.5;49.5,319.5;185.75,25.75;266.25,320.75
34260;133.5,125.25;183.25,113.5;289.5,115;336.25,209;5.25,317.5;120.25,283.75;233.5,36.25;266.25,320.75
17689;133.75,127.75;240,126;260.75,98.25;336.25,209;5.25,317.5;67.25,274.25;228.5,9.75;235,290.5
20963;74.75,168.75;200.75,92;283.75,53.5;336.25,209;28.75,302;93.5,225;229.5,41;235,290.5
17147;2.25,175.5;200.75,92;315,115.5;364.5,169.5;71.75,286.75;149,242;229.5,41;231.75,258.25
4292;37.5,161.75;151.25,44.25;351.25,101.75;364.5,169.5;71.75,286.75;161.75,319;183.75,91;216.5,184.25
41573;37.5,161.75;65.25,42;295.5,139;364.5,169.5;64.25,287.75;148.5,318.5;190.5,5.75;284,220.25
18821;69.5,219.75;82.25,22.5;277.75,148;309.25,210;57,235;148.5,318.5;190.5,5.75;304.75,248.75
46977;118.75,252.25;120.5,17;277.75,148;337,225.5;37.75,305.75;153.75,301.25;190.5,5.75;312.5,309.75
10606;94.75,191.75;120.5,17;248,109.25;357.5,290;31.75,266;143.75,224.75;190.5,5.75;304.75,242.75
50051;129.25,203;168.5,21;238.25,170.25;358.25,231;8.25,229.5;187.75,177.75;190.5,5.75;304.75,242.75
8668;66,223.25;168.5,21;226.25,202;364.25,235.75;8.25,229.5;137,197;257.75,10;309.75,194.25
2206;66,223.25;105.75,36.25;269,254.75;342,209;8.25,229.5;129.5,264;222.25,20;348,177.5
15586;88,263.25;150.5,29.75;228,237.25;355.5,164.25;7.25,230.5;72,283.25;222.25,20;348,177.5
17024;152.25,289.5;160.25,10.5;228,237.25;357.5,176.25;14.25,293;43,274.25;203,6.25;348,177.5
43405;115.75,258.25;143,74.25;202,283.75;370,190.75;14.25,293;84.5,220.25;150,28.75;348,177.5
46659;138.5,223.75;143,74.25;154.25,214.25;370,190.75;82.75,283.5;120,204.5;219.25,19;340.75,206.5
44781;100.5,283.5;138.25,19.5;154.25,214.25;357.5,216.25;46.25,309.25;113.75,228;289.5,2.5;340.75,206.5
27573;100.5,283.5;138.25,19.5;186.25,272;299.25,220.75;11.75,310.25;162.5,202;279,25;356.5,154.75
39973;100.5,283.5;151.5,42.5;179.25,317.25;289.25,208.5;11.75,310.25;221.75,206.75;303.75,13;315.5,115.75
37931;66,218.5;181.5,47;196.75,284.25;329.75,198.5;33.5,297.5;216.75,170.5;303.75,13;315.5,115.75
46125;27.25,278;188,38.5;201,307.5;357,171.25;33.5,297.5;216.75,170.5;284,20.5;326.5,131.5
39410;27.25,278;161.25,6.25;205,308.25;363.5,194;11,310.25;204.5,97.25;252.5,41.5;326.5,131.5
1718;27.25,278;167,33.25;205,308.25;348.5,214.25;9.75,271;273.75,93.75;298,25.5;329.75,95.25
48553;67.75,313;167,33.25;205,308.25;348.5,214.25;76.25,283.25;293.75,143.75;343.25,100.25;356.75,172.5
44164;56.5,229;167,33.25;205,308.25;366,194.75;27,215;279.25,142.75;343,66.5;359.25,199
34848;101.5,206;178.5,37.25;223,246.75;335.75,247.5;27,215;329.75,115;351.75,25;359.25,199
17462;138,154.75;217.5,9.75;277,277.5;278.5,283.25;61.5,270.5;322.75,159;351.75,25;359.25,199
34533;138,154.75;258.5,57.25;288,296.25;344,288.5;125.5,224;272.75,218;297.75,22.75;359.25,199
4611;158.75,157;249.75,98.5;288,296.25;340.25,313;163.75,238.5;272.75,218;341,78.25;349.75,163.75
3853;158.75,157;268.5,72.25;288,296.25;316.75,305.75;223,279.25;328.5,206;339,80.25;359.5,164.75
36076;158.75,157;209.25,91.75;288,296.25;316.75,305.75;281.25,244.25;318.75,188.5;334,81.5;357.5,174.5
26882;148,200.5;180,105.25;276.5,232;316.75,305.75;249,160.75;281.25,244.25;326.5,137;333.25,81.75
43890;148,200.5;161.5,128.75;281,194.5;316.75,305.75;189.5,198;220,290.5;296.25,103;354.5,9.5
34306;148,200.5;185.25,110.5;251.5,218.75;305.75,318;210.25,207;245,253.75;255.75,55.25;354.5,9.5
27103;140.25,225;201,135.75;251.5,218.75;275.5,295;142.75,223.25;189.75,274.25;243.5,70.25;354.5,9.5
19492;73,193.25;195.25,135.5;245,161.5;269,244.75;80,211;177.25,294.25;243.5,70.25;354.5,9.5
23577;82,134.25;151,158.75;198.75,113.25;226.75,206.75;139.5,243.5;140.75,318.5;243.5,70.25;354.5,9.5
6815;30,181.5;155.75,202;181.75,156.25;273,143;118.25,225.5;122.75,302.75;243.5,70.25;354.5,9.5
27041;59.25,241.75;85.25,227.75;145.75,193.5;247.75,158.75;118.25,225.5;147.25,319;202.75,58.75;354.5,9.5
16301;72.75,305;133.75,212.5;147.5,264.75;265,182.75;141.75,291;160.75,300.5;202.75,58.75;354.5,9.5
27456;87.75,298.5;133.75,212.5;141,286.25;280.5,213.75;141.75,291;204.25,275.5;206.5,26.75;307,50.75
26734;37,257.25;132.75,170.75;144,240.25;326.5,159.75;112.75,280.75;147.75,272.25;206.5,26.75;307,50.75
20471;14,308.5;155,227.25;162.25,234.75;357.5,137;92,283.25;147.75,272.25;206.5,26.75;341.25,52.25
3376;80.25,286.25;202.5,250.75;223,243.75;348.25,214;113.75,301.25;127.75,266.25;206.5,26.75;341.25,52.25
38155;9.75,273.75;215.75,203;218,311.25;366,170.5;113.75,301.25;127.75,266.25;168,48;343.75,47.25
19509;9.75,273.75;174.25,135.25;299.25,322.75;332.5,254.25;60.5,271;99.75,233.75;168,48;291.75,13.25
12761;9.75,273.75;175.25,143.5;289.25,320.5;293.75,320.75;97,281.25;120.25,197.25;140.5,56;291.75,13.25
41747;89.75,297.25;175.25,143.5;247,250.25;250.25,308.75;84,249.75;120.25,197.25;155.25,15.5;239,36.5
35482;56.75,272.25;175.25,143.5;250.25,308.75;272.5,267.5;118.5,223.5;145.25,278.25;170.5,96.5;275,107.5
19982;24,208;175.25,143.5;264.75,292.5;274.25,309.25;118.5,223.5;154.75,271.5;174.75,164.5;245.75,133
31168;35,212.25;112.25,104.5;264.75,292.5;274.25,309.25;84.5,220.25;115.5,287.75;125.5,198.25;186.25,97.75
42344;40,239.5;109.5,47.5;264.75,292.5;285.5,322.75;70.5,150.75;115.5,287.75;133.75,199.25;171.5,49.75
25734;44.5,303.5;73,83.5;291,232.25;354.5,320.25;70.5,150.75;119,295;133.75,199.25;146.75,48.5
25813;60,252.5;73,83.5;280.25,256.25;344.5,319;22,201.5;119,295;134,172.25;167.75,1.25
18054;60,252.5;93.5,26.5;236,210.25;281,319.5;23.75,123.5;46.5,308.25;95.5,195.5;167.75,1.25
29086;70.75,280.75;93,70;218.5,266.5;259.75,297.5;6.25,59.25;46.5,308.25;96.75,242.5;167.75,1.25
41039;25.5,318;49.25,101.25;218.75,246.25;276,255.75;14.75,20;23.25,306.25;96.75,242.5;167.75,1.25
9306;25.25,312.75;57.5,97;218.75,246.25;255.75,322;14.75,20;91,283.5;103.75,308.5;126,13.5
1427;26.5,311.75;57.5,97;272,285.75;301.75,243;10.25,109.5;43,317.75;103.75,308.5;146.25,89
383;14,263;16.25,140.75;211.5,276;301.75,243;6,142.75;33.25,250.75;103.75,308.5;202.75,58.25
33500;39.25,183;45.5,65.75;219.5,310.75;292.5,320.5;23.75,91.75;33.25,250.75;143,319.5;202.75,58.25
17332;27.75,148.25;37.75,67.25;246.25,302;260.75,321.5;19.5,122.75;33.25,250.75;84.25,318.25;202.75,58.25
25556;30.25,146;76.25,118.25;201.25,232.5;262,237.75;19.5,122.75;89.75,189;151,303.75;202.75,58.25
12878;30.25,146;70.25,58.75;201.25,232.5;243.75,308;33.25,141.5;92.5,135.75;97.25,316.5;166.5,91.75
39142;27.25,128.25;50.5,74.25;154,205.75;162,303.25;33.25,141.5;94.25,221.25;106,305;166.5,91.75
7281;74.75,83.5;80,139.5;121,231.5;224.25,313.25;33.25,141.5;90.25,234.25;106,305;223,115.25
20926;42.75,44.75;120.75,81.75;130.5,190.25;235.25,275.75;54.75,97.75;90.25,234.25;106,305;164.25,114.5
14493;113.5,32.5;143.5,55.25;149.75,127.25;267.75,323;54.75,97.75;90.25,234.25;123.5,323.75;194.5,175.75
37650;52,4.25;147.25,8;213.75,156;214,310;44.5,25;90.25,234.25;123.5,323.75;175.75,165
41110;126.75,29.5;162.25,38;165.75,92.25;214,310;44.5,25;60.75,249;76.75,245.25;226.5,115.5
31188;109.25,34.75;109.25,44;204.5,40.5;214,310;44.5,25;48,320;78.25,231;210.5,45.25
6439;86.75,86;126,4.5;277.5,59.5;279.75,309.75;44.5,25;48,320;97.5,153.25;280,24.25
21421;116.5,72.5;135.75,42.5;238.5,73;301.5,259.5;44.5,25;48,320;108.5,140.5;244.5,23.75
26066;76.5,86;105,36.25;200.25,83.75;283.5,310.75;44.5,25;48,320;55.5,96;250.75,90.75
25199;19.25,29.75;77,111.25;203.5,7.5;283.5,310.75;55.5,96;81.25,301.25;93.5,25.75;240,168.75
14935;19.25,29.75;77,111.25;203.5,7.5;308,318.75;26,94.75;62.25,270.75;71.75,13;246.5,213.5
18712;48.75,66.25;56.75,57.25;210.75,72.75;266.25,295;35.25,107.5;60.25,272.75;71.75,13;246.5,213.5
39207;56.25,6.5;111.75,46.5;215.5,17.5;223.75,237.5;35.25,107.5;59.25,271.75;71.75,13;166.25,239
171;25.25,85;131.25,27.25;215.5,17.5;281.25,262.75;36,170.5;59.25,271.75;123.5,24;158.75,197
34382;77,59.75;162.5,51;183.25,78.25;320.75,262.75;8.75,142;59.25,271.75;73.25,13;158.75,197
1944;90.5,11.75;157.25,2.5;183.25,78.25;298,320.25;8.75,142;10.5,244.5;60.25,68.5;124.75,198.5
7727;63.5,39.75;116.75,15.75;143.25,15.25;338,270.25;8.75,142;33,282.25;60.25,68.5;133.25,131.75
40043;63.5,39.75;165.5,17;199.75,15.5;365,230;14,141;33,282.25;62.75,93.25;114.75,112.25
12162;2.5,4.75;165.5,17;212.25,91.75;337.75,149.75;19.25,141.25;33,282.25;60.5,93.5;122,93
16102;12,79;184.75,3;260,153.5;271.75,73;17.25,201.75;33.5,283.5;60.5,93.5;122,93
27147;6,3.75;231.75,47.25;260,153.5;294,2;17.25,201.75;32,307;59.5,95.25;100.75,136.75
17639;78.75,20.5;196.5,50.25;236.75,147.5;251.25,55.75;17.25,201.75;32.25,300.75;57.5,128.5;100.75,136.75
16979;5.25,7.25;176.5,44.75;180.75,205.75;252,58.25;25,231.5;32.25,300.75;57.5,128.5;98,132.25
19892;36,61.75;130.75,101;257,220;278,64.75;3.5,288;7.5,246.5;57.5,128.5;98,132.25
24840;70,27.25;130.75,101;288.75,169;310.25,57.25;3.5,288;11.75,172.5;12.5,185.5;111.5,93
29878;55.25,32.5;126.75,181.75;288.75,169;310.25,57.25;11.75,311.25;31.25,207.25;50.75,128;73.75,86.25
21974;72,83.5;87,116.25;280.5,168;310.25,57.25;11.75,311.25;46.5,166.25;64.75,96.25;69.75,31.75
7864;71.5,28;136.5,125.25;264,154.25;344.75,113.25;45.5,293.5;46.5,166.25;64.75,96.25;103.25,38.5
270;45.25,50.25;171.5,197.5;291,115.25;304.5,96.75;33.5,276.5;64.75,96.25;85,168.75;103.25,38.5
1421;32.5,49.75;121.75,182.5;249.5,81.5;302,55.75;52.25,321.5;64.75,96.25;85,168.75;99.25,35.25
38681;14,36.25;78,120.25;202.5,44;286.5,55.75;34.25,298.25;36,134.75;85,168.75;99.25,35.25
14321;12,42.75;77.5,119.25;217.25,63.25;286.5,55.75;16,252.25;20.75,201.75;57.25,177.25;99.25,35.25
22291;40.75,13.75;77.5,119.25;158.5,98.75;270.5,60.5;6.25,187;8.75,203.75;82.25,221.75;99.25,35.25
41991;17.75,33.25;81.75,126.25;158.5,98.75;270.75,1.25;8.75,143;39.25,198.25;67.75,268.75;99.25,35.25
26793;73.75,32.5;88,149;170.5,20.75;239.75,44;8.75,143;39.25,198.25;87.5,254.75;149.75,89.75
46002;49.25,93;130.5,188.75;187.75,59;239.75,44;8.75,143;19.25,212.25;138.75,269.5;157.75,142
44318;73.25,96;138,158.75;142.25,90.25;197.5,38;8.75,143;28.5,215.5;113.5,241.75;157.75,142
17888;33.75,144.75;77.5,136;97,114;197.5,38;8.75,143;93,234.25;93.25,258.25;205.25,173.25
22453;2.25,147.5;77.5,136;97,114;238.25,74.5;27.25,94.75;144.75,225;158.25,221.25;163.5,145.5
40058;8.75,93;35,130.75;97,114;292.25,36.75;27.25,94.75;127,294.5;145.25,269.75;180.75,162
31531;10,141.25;33.75,157.5;155.5,108.25;268.25,102.75;11.5,129;127,294.5;145.25,269.75;189.5,221
35645;38.25,115.75;72.5,221.5;201.75,169.25;232,79.25;50.25,68;123.75,264.5;127,294.5;189.5,221
29244;38.25,115.75;79,221.25;146.5,224.75;232,79.25;55.25,139.75;99.25,200;112.75,229.25;247.75,218
30396;91.75,93.5;115.75,250.75;187.25,230;232,79.25;21,177.25;72.5,211;107.5,276.5;247.75,218
12364;86.25,149.25;122.75,275;187.25,230;244.25,116;35,222.5;77,154;143.5,300.5;247.75,218
34550;100.75,189.5;161.75,257.25;200.25,178.25;271.5,56.5;35,222.5;82,154.25;112.5,291;247.75,218
21768;119.5,237.25;121.25,230.5;239.5,153;255.25,97.75;64.5,211.5;82,154.25;154.25,300;247.75,218
39688;119.5,237.25;121.25,230.5;188.5,153.5;300.75,113;8.5,243.5;86.5,90;144.5,318.5;230.25,228.75
8429;156.75,223.5;163.5,223.5;171.75,89.25;357,153.25;25.75,265.25;67,100.25;144.5,318.5;230.25,228.75
29397;109.75,164.75;139.75,286.25;151.75,125.25;322.75,156.75;25.75,265.25;87.25,157;144.5,318.5;181.75,181
32521;78.75,141.5;110,315.5;154.25,126.5;316.25,136.75;25.75,265.25;138.25,191.5;144.5,318.5;203.5,185
31847;72.25,97;172.5,304.5;172.75,124.75;261.75,134.75;27.5,309.25;112.25,198.75;144.5,318.5;203.5,185
25891;100.25,161.75;179.75,319.25;227.5,146.5;273,167.5;27.5,309.25;139,183.25;144.5,318.5;221.5,146.25
8303;62.25,121.25;180.25,251.75;290.5,139;293.75,103.5;27.5,309.25;83.75,182.5;144.5,318.5;240.5,76.75
19655;62.25,121.25;212.5,240.75;277.75,73.25;280.5,74.25;49,247.5;83.75,182.5;141.25,300.75;223.25,70.75
22057;72.25,103;173.25,222.25;216.25,63;280.5,74.25;83.75,283.75;93.25,120.75;141.25,300.75;246.5,77
47582;106.75,89.5;189,232.75;263.25,14.25;325.25,29;27,309.75;93.25,120.75;167,320.25;246.5,77
18428;90,121.5;261.75,233.25;320.5,21;335,61.5;27,309.75;89.75,47.25;167,320.25;228.5,134.25
41083;143,125.5;261.75,233.25;270,30;320.5,21.5;23.5,245.75;27.75,71.5;167,320.25;241.5,90.75
1249;162.5,161;231,186;246.5,34;336,4.5;10,246.5;48.25,76.25;167,320.25;241.5,90.75
4732;164.25,115.75;186.75,151.25;279.25,74.5;336,4.5;16.25,172;31,118.75;167,320.25;172.25,107.75
22273;169.25,37.75;177.25,110.75;238.25,88;296,34;11.5,128;16.25,172;167,320.25;217.25,140.75
10478;161.25,7.25;178.5,45.75;223.5,53.75;271.25,30.5;11.5,128;58.5,180.25;167.75,253.75;217.25,140.75
25313;109.75,23;143.5,10.75;223.5,53.75;325.25,20.5;11.5,128;79.25,232;140.75,199.25;232.75,186
17278;109.75,23;143.5,10.75;253.25,78.75;318.25,37.75;51,144.75;51.25,247;152.5,201.75;201.5,189.25
34321;60.5,6.75;177,46.25;257,112.75;354.75,14.25;51,144.75;77.25,249.75;152.5,201.75;228,247.25
35083;40,62.75;223,61.75;302.75,134.75;336.5,30;51.25,145.75;77.25,249.75;152.5,201.75;219.75,283.25
22919;40,62.75;178.25,87.75;349.25,162.25;358.75,38.75;56.25,198.75;77.25,249.75;179,232.5;227.5,254.75
6833;36.5,94.75;222.75,105.5;358.75,213.5;364.25,51.25;56.25,198.75;77.25,249.75;197.25,235.25;256,310.25
20334;36.5,94.75;236.75,170.25;363.5,240.5;364.25,51.25;76.5,207.25;87.5,234.25;187,252;312.5,312
20664;91.5,63;163,145;328.75,195;369,54;59,224.5;87.5,234.25;182.5,301.25;312.5,312
10535;31,85.25;202.75,175.75;298.25,164;341.5,8;59,224.5;141,178;182.5,301.25;338.75,311.25
222;5,54.75;213.5,219.5;270,102.25;341.5,8;59,224.5;87.25,137.75;177.25,305.25;287.5,276.25
36028;52.25,56.75;227.5,188.25;252.5,154.25;341.5,8;104.5,273.5;159.75,95.5;220,316.75;287.5,276.25
13679;5.75,86;270,130.5;317.75,154.5;341.5,8;144.25,300.25;162,31.75;220,316.75;346,291.5
23400;94.75,90.5;284.75,101.75;317.75,154.5;341.5,8;200,275;242,75.5;307,305.75;348.75,212.75
45368;93.25,34;284.75,101.75;307,136.75;341.5,8;183,242.25;221.25,108;285.5,288.25;313,164
33015;152.75,1.5;271.25,70.75;273,110.25;341.5,8;185.5,305.25;226.75,115.75;285.5,288.25;334.5,206.5
21319;210.25,4.75;271.25,70.75;281.75,165.75;333.25,33;185.5,305.25;246.5,133.75;277.5,322.75;360.75,235.5
47581;211.25,4.25;271.25,70.75;281.75,165.75;297,34.75;171.5,300.25;214.25,105.25;348.75,279.5;359.75,156.5
40054;174.5,35.75;202.5,92.5;259.25,230.25;297,34.75;171.5,300.25;251.75,133.75;313,298.25;355,145.25
48764;195.75,5.75;226,129.25;238.5,277.25;271.5,105;171.5,300.25;265.5,106;313,298.25;355,145.25
41989;195.75,5.75;266,122.5;272.25,225.5;298.25,74.75;224.75,296;270.25,54.75;340.5,287;355,145.25
40745;251.25,27.5;266,122.5;272.25,225.5;298.25,74.75;235.25,225.25;258.5,92.5;309,299;356.75,146.5
18345;207,81;275.75,106.5;326,210.75;355.25,81.75;235.25,225.25;256,9.5;309,299;331.5,217.5
21535;207,81;275.75,106.5;354,186.75;355.25,81.75;201.5,276.5;316.25,18.5;336,235.25;358.5,164.75
49253;264,129.5;280,143;359.75,184;372,142;201.5,276.5;319.75,41;343,205.25;358.5,164.75
11172;239,196.75;277.25,74.25;320,201.5;329,149.75;186.25,249;319.75,41;343,205.25;351.5,176.25
19483;223.5,229.75;234.25,124.5;249.75,190;251.25,130.25;186.25,249;319.75,41;343,205.25;357,147.25
36870;226.25,171.25;236.75,36.5;238.25,126.5;313.5,152;255.5,204.25;324.25,52.75;343,205.25;357,147.25
795;213.5,245.75;262.5,17.5;317,134.25;356,102.25;318.5,217.5;324.25,52.75;352.25,180.25;357,147.25
42399;164.5,291.25;213.5,21.5;317,134.25;367.25,42;318.5,217.5;321.25,28.5;336.5,192.25;358.75,79.25
34482;175.5,295.75;214,6.25;301,209;365,52.5;251.5,254.75;326.25,50.75;336.5,192.25;358.75,79.25
50178;196,296;209,56.75;281.25,168;309.25,53.5;219.25,172;234.5,41.5;336.5,192.25;358.75,79.25
49238;147.5,305.5;209,56.75;260,177.5;342.5,17.5;184,156.25;289.25,51.75;336.5,192.25;347.5,79.25
20136;147.5,305.5;209,56.75;215.25,197;342.5,17.5;207.75,107.25;298.25,13;335,158.75;358.5,146
10234;175.75,280;186,49;211.5,239.75;345.5,18.5;207.75,107.25;248,4.75;335,158.75;358.5,146
23997;175.75,280;186,49;282.5,192.5;331.25,100.25;230.25,95.5;246.25,71.5;284,216.25;359.5,158.5
42522;176.5,202.5;184.5,105.25;271.75,122.75;309.25,53.5;206.75,108;246.25,71.5;284,216.25;337.25,178.5
14461;148.5,223;184.5,105.25;267,101.5;277.5,70.25;204.5,75.5;246.25,71.5;318.75,178.75;335.75,115
28920;148.5,223;156,83.5;277.5,70.25;291.5,112.75;169.75,88.25;255,55.25;327.5,206.25;351.25,155
5972;77.5,232.75;148.75,116.25;233.5,85.25;325.25,128.25;183.5,98.75;255,55.25;303.25,198.25;351.25,155
49724;117.75,225.5;148.75,116.25;233.5,85.25;363.5,185;190,164.5;228.75,54;309,138.25;359.75,190.5
34736;117.25,149;134.25,125.25;278.5,87.75;346.25,172;190,164.5;228.75,54;285.75,122;353,168.5
33964;73.75,118.25;134.25,125.25;277.5,71.5;369.5,122.25;222.25,177.25;228.75,54;257,163.25;350.75,119.5
26750;94.5,91.25;144,144.75;309,120.25;325,158;222.25,177.25;234.5,7.5;257,163.25;355.25,158.75
31451;56.75,62;144,144.75;310.75,116;358,214.25;222.25,177.25;243,46.25;304.5,172.25;359.5,156
18275;3.5,103.25;149,108.75;264,92.5;363.5,227.75;222.25,177.25;243,46.25;342,217.75;359.5,156
49391;3.5,103.25;149,108.75;264,92.5;356,264.5;243.5,197;270.5,18.25;292,277.75;358.75,170
27438;51.75,75.75;149,108.75;308.75,78.75;355.25,241.75;255.75,141;270.5,18.25;322.25,309.25;362.75,211.25
15638;114.25,108;207.75,71.5;303,56.5;355,298;231.5,127;270.5,18.25;322.25,309.25;347,210.75
31145;72,140;180,38.5;287.75,74.25;355,298;238.5,147.25;295.25,4.5;340,320.75;347,210.75
24265;65.75,82;214,54.75;302.75,134.75;360.5,279.5;277.75,118;295.25,4.5;338.25,321.25;347,210.75
18077;40.5,84;243.25,8.75;302.75,134.75;350.25,227.75;277.75,117.5;295.25,4.5;317,288.75;357.25,264.25
32892;6,4.25;240.5,23;294.75,55;341.5,315;230.25,124;295.25,4.5;317,288.75;359.75,276.25
35766;47.5,68.75;240.5,23;294.75,55;347.25,321.25;146,89.75;298.25,4.25;328,320.25;354,302.25
48777;9.75,28.25;221.25,93.25;223.25,0.25;347.25,321.25;74.5,49;221.5,21;328,320.25;334.5,224.25
20764;16.5,84.25;183.5,104.75;223.25,0.25;359.75,288.75;11.25,57.5;221.5,21;320.5,300.5;360.25,278.25
38723;16.5,84.25;236.75,122;248,5.75;362,288.5;22.25,55;221.5,21;257.75,308.25;299,291.25
19660;16.5,84.25;273,180.75;293,2;362.75,277.5;22,54.5;243.25,15.25;257.75,308.25;285.75,311.25
44327;75.5,58;269.25,165;293,2;338.5,301;22,54.5;252.25,11.5;254,244.75;254.75,257.25
21235;19.75,43.25;257,112.25;264.75,65.5;266.25,297.5;22,54.5;252.25,11.5;254,244.75;263.25,304.75
41401;35.75,21.75;207.75,79.75;238.75,149.5;277.25,322.75;17.25,4.75;209.75,45.5;254,244.75;263.25,304.75
22247;117.5,59.75;206.5,79.5;238.75,149.5;277.25,322.75;95.25,24.75;247,12.5;251.25,247.5;318.25,244.5
14472;90.75,3.75;158.5,126;238.75,149.5;260,270.25;160.75,53;247,12.5;285,287.75;339.75,172.5
9080;90.75,3.75;92.5,98.5;165.75,108.5;212.5,217;197.75,23.25;220.5,41.25;229,272.75;339.75,172.5
31552;107.75,42.25;113.75,86.25;163,178.25;274,164;136.75,20.5;150,92.75;229,272.75;339.75,172.5
3621;52,13.75;131.75,77.25;151.75,227.75;310.5,110.75;136.75,20.5;161.75,53.5;229,272.75;339.75,172.5
20177;5,7.75;161.25,128.25;177.75,221;311,112.5;117.5,30.25;161.75,53.5;250.5,292.5;339.75,172.5
202;6.75,25.25;180.5,84;180.75,146.25;282.75,54.75;131.5,48.5;161.75,53.5;250.5,292.5;341.5,231.25
28166;9.25,27.25;180.5,84;180.75,146.25;282.75,54.75;184.25,37;194.25,40.25;283,264.75;333.5,270.75
1903;9.25,27.25;105.25,120.25;264,179.75;356.5,94.75;164.75,28.75;194.25,40.25;202.75,297;357.25,229
32414;9.25,27.25;20.25,153.25;203.5,131.5;321.75,22.5;146.5,89;152.5,29;163.5,280.5;357.25,229
32220;11,59.25;37.25,182.5;206.5,169.75;328.25,8;86.75,100.25;152.5,29;192.75,310.25;357.25,229
35392;44,21.75;49,227.25;154.75,125.25;292.25,35.75;98,153.25;152.5,29;192.75,310.25;327,206.25
5826;13,5.25;42.5,258.5;160.25,125.25;271.75,34;79.5,194.5;108.5,23.5;192.75,310.25;327,206.25
31186;10,7.75;38.25,302;160.25,125.25;325,13.75;83.5,125;143.25,32;192.75,310.25;271,240
22603;35.75,36.5;38.25,302;191.25,144.25;268.5,8;114.25,185.25;165.25,78.75;174.25,240.5;271,240
24856;39,121.25;52.75,318;191.25,144.25;344,3.25;69.5,207.75;111.75,10.5;190,236.5;271,240
25699;7.5,54.25;32.75,315.5;191.25,144.25;333,77.75;40,139;111.75,10.5;216.5,194;257,291.5
230;35.75,102.5;55.25,294;148,196.25;297.75,7;16.5,201.75;111.75,10.5;216.5,194;227.75,323.5
12540;51.25,167;59.5,240.75;148,196.25;354.5,40.75;2,188.25;92.5,94;216.5,194;225.25,303.25
5670;13.75,109.5;38.5,205;134.25,214;333.75,30.5;2,188.25;92.5,94;162.5,165.25;228.25,254.75
38485;13.75,109.5;107.75,222.75;157,209;356,98.25;46.75,253.25;92.5,94;179.75,95.5;304,259
19897;7,60;85.25,187;120.75,179.5;334.5,34.5;46.75,253.25;127.25,153;212.5,99;304,259
30378;61,71.25;126.25,243;137.25,128.25;334.5,34.5;76.75,276.5;117.5,154.5;211.5,107.75;304,259
8257;85.25,139.25;126.25,243;140.75,63;279.25,32.5;72,288.75;117.5,154.5;183.75,87;318.75,310.5
777;16.5,170;83.75,227.75;142.5,125.25;354.25,44.25;17.25,272;117.5,154.5;228.75,94;318.75,310.5
36799;13,163;71.5,175.5;179.25,112.5;354.25,44.25;58,320;133.75,106.5;228.75,94;323,310
2214;13,163;91,115.25;179.25,112.5;316.25,30.5;45.75,307.25;188.25,91;218.75,80.5;318,301.5
32467;13,163;91,115.25;213.25,53;289.75,74.25;21.75,254;201.5,95.5;222.5,15.5;337.5,269.5
4631;19,190.25;36,123.25;235,130;312.25,145.75;21.75,254;165.5,40;224,49.25;337.5,269.5
30131;21,222;36,123.25;171.75,85.75;356.5,103.75;21.75,254;129.75,19;155.75,55;317.75,226.5
21401;17.25,248.5;36,123.25;178.25,87.75;328,58;21.75,254;146.5,59.75;186,1.25;258.25,265.75
29190;26,233.25;74.5,70;178.25,87.75;294.75,53.25;21.75,254;120.75,38.5;149.5,56.5;302,296.75
20956;27.75,233.5;112.75,16.25;178.25,87.75;325.75,22.25;19.75,252.75;118.75,18.5;161,89.5;302,296.75
6867;43.25,284.75;74,17;178.25,87.75;367.25,69.25;13.25,285.25;79.5,46.25;161,89.5;315.25,270.75
42174;42.5,301.75;97,27;178.25,87.75;355.5,135;13.25,285.25;121,12;122.25,45.75;353.75,297.25
5319;2.5,299.5;116.25,16.25;178.25,87.75;302,93.25;13.25,285.25;74.5,41;143.25,88.5;363,266.25
10009;36.75,272;141,12.25;172.75,117.5;262.25,31.5;13.25,285.25;52.5,12.75;109.5,112.75;363,266.25
25495;36.75,272;141,11.75;179,63;266.75,17.5;13.25,285.25;89.25,19.25;139,183.75;353.5,296.25
13167;99.25,249.5;141,11.75;152.75,110.5;246.75,2;67.5,289.75;131,77.5;135.25,128;353.5,296.25
40220;143.5,310;150.25,53.5;162,187.5;246.75,2;92.75,258.5;139,7.5;144.75,76.75;353.5,296.25
37830;143.5,310;150.25,53.5;212.25,242.25;215,45;150.25,318.5;152,30.5;242.75,48.5;273,264.25
37904;143.5,310;150.25,53.5;216.75,259;267,64.75;159.25,303.75;183.25,96;184.75,97;277.25,206.25
29960;143.5,310;158.5,7.75;216.75,259;267,64.75;225,320.5;241,98.75;254,72.75;288.5,218.75
16949;114.5,284;136,66.75;199.5,272.75;255.75,116;225,320.5;241,98.75;303.25,18;343.75,276.5
9976;51.25,238.75;136,66.75;151,237.25;255.75,116;207.5,254.5;210.25,97.5;256.5,57.25;312.75,311.75
12653;52,294.25;114.25,34.5;162,194;255.75,116;224.25,283.75;228,150.5;298.75,6.5;312.75,311.75
35211;52,294.25;120.25,80;130.75,166.5;258,133.75;176.75,286.5;186.5,191;263,33.5;312.75,311.75
17977;52,294.25;65.25,74.75;130.75,166.5;272.5,129.5;114.25,274.5;116.75,194;249.75,55.25;338.5,270.75
24250;52,294.25;86,62.75;164,147;272.5,129.5;63.75,318.25;125,153.75;264.5,42;325.5,206.25
29799;80.75,261;109.25,22.5;125.75,147;272.5,129.5;37.25,300.75;131.75,196;256.75,26.25;325.5,206.25
1264;115.75,292;123.75,53;166.25,183.5;240.25,190;37.25,300.75;132.25,197;256.75,26.25;355.5,150.5
40250;115.75,292;125.5,24;134,124.5;293.75,147;37.25,300.75;125,196;323.5,47.75;327.5,210.25
38627;39.75,243.25;52.75,46.25;134,124.5;253.75,197.5;5.5,306.5;125,196;331.25,37;335,128.5
17947;12,178.25;55.25,5;134,124.5;253.75,197.5;84.25,318.25;175.75,166;260.75,14.75;347.5,53.5
40556;51.5,217.5;55.25,5;130.25,120.5;306.5,241;98.5,314;175.75,166;313.5,4.25;337.5,80.75
22945;10.75,269.75;84,30.25;113.25,111.5;341.5,225.5;98.5,314;175.75,166;311.25,4.25;316,130.75
6360;57,228.75;70,96.75;155.25,158.25;362.75,241.75;98.5,314;160,90.5;311.25,4.25;362.5,82
22641;55.5,239.75;65.25,58.75;162.75,213.25;347,271;98.5,314;143.25,81;300.5,61.25;362.5,82
39423;6.75,264.5;37,80.75;162.75,213.25;317.75,312.75;46.5,295.5;204.75,100;255.75,49.5;362.5,82
45662;35,189.25;59.5,4.5;195.5,178.25;363,272.75;46.5,295.5;204.75,100;270.75,2.5;362.5,82
27565;56,228;59.5,4.5;227.5,101.25;363,272.75;110.5,294.5;237.25,27.25;253.25,41.25;354.5,19
34690;26.75,241.5;59.5,4.5;210,24;363,272.75;78.5,273.5;242.75,16.75;262.5,78.5;348.25,81.75
25322;22.75,295;59.5,4.5;210,24;332,306.75;77,273;257.5,9.5;295.75,137.5;311.5,79.25
31635;67.75,318.5;106,55;222,82.5;332,306.75;83.75,305;257.5,9.5;308.75,185.5;363.25,81
26375;40.25,281;141.5,20.25;185.5,105.25;288.25,271;142.25,271;257.5,9.5;308.75,185.5;346.5,51.5
36909;16.25,230.5;90.75,19.25;208.25,80.25;225,259;159,313.25;257.5,9.5;261,141.75;346.5,51.5
9563;49.25,241.5;90.75,19.25;268.25,95;275.25,283;151.75,248.5;240.5,35.75;261,141.75;339.5,62.25
5062;40.25,227.75;90.75,19.25;291,111.25;347,288.5;127.25,295.25;240.5,35.75;302.75,150.75;355,16.5
36330;10.25,295.5;90.75,19.25;244.5,83.25;334,319;47.5,308.75;240.5,35.75;317,130.75;325.25,4.75
7339;96.25,315.75;103.25,5;211.5,56.5;317.75,226.5;54.75,296.75;240.5,35.75;317,130.75;347.5,66.5
27272;148,261.25;155.25,10.5;167.25,90.25;322.75,303.5;45.75,309.75;238.5,37;317,130.75;347.5,66.5
36289;146,237.25;155.25,10.5;234.5,71.5;322.75,303.5;144.25,303.75;204,122.5;253.75,159.5;307,18.25
32260;78,222.75;155.25,10.5;273.5,132;316.25,303.75;144.25,303.75;217,115.25;230.25,226.75;291,30.25
11057;42.5,263.75;144.75,13;279.5,184.25;316.25,303.75;162.75,303;186,181.5;245,310;291,30.25
25106;7.25,287;144.75,13;253.25,154;282.5,322.75;162.75,303;254,146.5;305.5,291.25;320.5,37
23485;58.75,318;145.5,12;253.25,154;282.5,322.75;193.25,320.25;262.25,214.75;347,224.5;356.5,9
16249;12.75,287;145.5,12;253.25,154;303.5,263.25;206.75,276;210.25,252;322,180.25;339.5,82.5
25992;12.75,287;107.75,20.25;292.75,188.5;320.75,300.5;183.25,289.5;203,296;332.75,180.75;339.5,82.5
26857;28.75,307.75;121.75,11.25;272.5,261.5;336.5,311.25;202.5,275.75;231.75,247.5;332.75,180.75;339.5,82.5
36650;44.75,313.25;181,38.75;286.5,322.5;357,288.5;218,318;272,274.75;332.75,180.75;339.5,82.5
16695;61.5,279.5;114.25,33.75;206.5,311;360.25,264.5;144.5,299.25;250.75,291.75;332.75,180.75;339.5,82.5
13122;26.25,316;127.75,27.25;282.5,322;289.5,322.25;73,271;244,290.75;332.75,180.75;339.5,82.5
4129;110,310.5;127.75,27.25;288,256.25;289.75,238.75;116.25,252.25;169.75,265.5;331.25,160;339.5,82.5
37789;57.75,274;127.75,27.25;288,256.25;327.25,164.5;134.75,310.5;225,319.5;336.75,132;355.25,61
12510;11.5,306.5;127.75,27.25;283.25,188.5;332.25,143.5;103.75,265;225,319.5;308.75,186;367.25,81.25
34631;11.5,306.5;127.75,27.25;286.75,122.75;297.5,116;70.5,273;170.5,294.25;356,149;357.75,57.25
50135;42.25,306;127.75,27.25;294.25,151;316.25,156.75;47.25,248;170.5,294.25;339.75,142.25;341.5,17.5
30558;84.25,261;123.75,16.5;298.5,94.25;299.5,212.5;31,189.25;203.5,299.75;339.75,142.25;341.5,17.5
17264;48.5,302.25;53,11.75;271.5,61.5;327.25,214.5;31,189.25;213.75,271.75;339.25,149;341.5,17.5
13379;48.5,302.25;58.25,74.25;248.25,22.25;303.5,245;4.5,241.25;213.75,271.75;267.5,196.5;291.25,84.5
1382;78.5,287;80.75,64.75;248.25,22.25;293,321.75;4.5,241.25;219,256.25;248,244;264,27.5
8365;49.75,306.75;104.25,5;226.25,92;293,321.75;4.5,241.25;232.5,258;234,273.75;301.5,15.5
34212;49.75,306.75;104.25,5;181.25,43.25;302.25,300.75;7.75,193;251.25,292.75;288,300;361.25,59.5
35006;89.25,284.25;124.25,30;130,55.75;341.5,301;7.75,193;198.75,238.25;288,300;361.25,59.5
40266;141,306;146,21.25;203,46.25;328.25,283.75;51.25,173.25;221.5,275.25;288,300;361.25,59.5
28984;171.5,294.5;172.75,85;196.25,6.75;328.25,283.75;51.25,173.25;223,271.75;243,293.5;296.5,51.5
6434;155.75,230.25;178.25,112.25;196.25,6.75;366.25,312;87,169.5;150.75,239.25;186.75,254.75;296.5,51.5
28952;155.75,230.25;159.5,108.5;167.75,86;322.75,304.5;134.25,172.75;134.5,309.25;252.25,308.25;296.5,51.5
26019;183.5,271.5;185.75,90.25;200.75,62.25;315.75,224.75;141.25,158.5;145,318;252.25,308.25;296.5,51.5
9089;133.25,239;150.75,128.25;270.75,72;293.75,207.5;141.25,158.5;145,318;239,284.25;242.75,9.25
50180;77.25,286.75;144.25,184.75;294.75,101.25;365.25,255.5;141.25,158.5;145,318;309.5,300.75;322,43.5
36676;15.75,295;71.5,231;314.75,138.75;363.5,247.5;90.75,104.25;145,318;309.5,300.75;350.25,119.25
22646;94,308.75;148,225;314.75,138.75;355.25,317.5;95.5,171.5;144.5,263;342.5,234.25;350.25,119.25
26609;61.75,293.5;86.75,168.5;314.75,138.75;355.25,317.5;84.5,167.25;167,285.25;328.75,180.75;330.75,92.25
47952;79.5,286;170.25,204.75;231,126;346.5,313.25;84.5,167.25;167,285.25;316.25,187.5;355.25,9
22837;3.75,285;116.75,187.25;204.75,142.5;289.75,321.25;93.25,136.25;173.5,238;316.25,187.5;355.25,9
27364;49.25,307;60.5,229.75;204.75,142.5;281.5,313.5;110.25,171;248.25,227.75;316.25,187.5;336.25,41.25
10846;109.5,284.25;134,244.75;245.25,167.5;281.5,313.5;143.75,225;223.25,151.25;243.5,175.75;336.25,41.25
21011;60,294;137.75,222.75;277.75,165.5;281.5,313.5;145.25,225.5;154.5,154;179.75,198;336.25,41.25
29327;123,292;137.75,222.75;241.25,199.75;245,268.25;79.75,191;128.75,94;197.25,244;336.25,41.25
706;133.75,214;212.25,242.25;241.75,168.5;315.25,305.75;79.75,191;157,67;194.75,221;336.25,41.25
36297;137.75,184.5;218.5,230.75;278.75,130.5;299.75,288.75;124,234.5;157,67;249.75,256;336.25,41.25
50460;202.75,186.25;221.25,226.75;279.75,168.75;355.5,272.5;124,234.5;208.75,36.25;263.5,220.5;336.25,41.25
721;201.25,152.25;216.5,196.5;288.5,169;304.75,252;174.75,237.5;208.75,36.25;263.5,220.5;329,92.75
26872;204.5,168.25;248,245.5;307.75,233.25;364.25,254.75;206,250.5;252,69.25;263.5,220.5;329,92.75
12902;204.5,168.25;249.25,277.25;309.75,232.75;364.25,254.75;185.75,258.5;206,67;238,168.25;327.25,161.75
27530;164.75,214.25;205,311.75;270.25,164.75;364.25,254.75;131.5,264.5;206,67;293.5,219.25;305,197.25
7419;159.75,210.25;270.25,273;272.75,122.75;350.75,198.5;131.5,264.5;206,67;225,248.5;305,197.25
3913;195.25,246;287.75,261.5;301.5,113.75;359,131.25;83,267.75;206,67;225,248.5;252.5,145.75
19174;237.5,194.75;284.25,321;291.25,55.5;358.75,90.25;84.25,252.25;166.25,90.25;225,248.5;252.5,145.75
18728;237.5,194.75;254.5,290;351,29;367.75,51.25;60.5,240;207.75,144.25;225,248.5;244.5,121
17292;243,220;257.75,297.5;300.5,13.5;302.75,111;16,271;207.75,144.25;236.25,232.25;244.5,121
6982;215,131.25;257.75,297.5;300.5,13.5;364.5,172;19.5,292.5;152,92;154.25,202.25;249.25,96.25
12106;147,139.75;198,320.25;326.25,37.75;364.5,172;56,255.75;100.75,135.5;154.25,202.25;297,58.25
41182;147,139.75;255.25,322.75;272.5,73;359,134.25;88.25,299;93.75,152.75;129.25,163;297,58.25
48439;147,139.75;272.75,323;316,119.75;356,129.5;88.25,299.75;90.5,157;108.25,126;297,58.25
32982;147,139.75;204.75,317.75;305,98.25;313,145.5;82,278.25;96,170.25;113.75,101;297,58.25
11341;184.25,140.25;220.5,252.5;315,138.25;370.5,146.25;17.5,303.25;110.25,224;113.75,101;297,58.25
20011;226.5,133.25;262,180.25;296.25,166.5;330,150.75;35.25,309.75;78.25,190;113.75,101;297,58.25
49862;261.75,112;281.5,171.75;286,192.5;330,150.75;28.75,309;76.25,215.5;152,87.25;297,58.25
27610;258.75,42.5;279.5,217.75;331.75,216.25;365.75,146.75;12,310.25;76.25,215.5;151,32;297,58.25
28826;239.25,42.5;241.75,271;293.75,211;354,159.5;12,310.25;76.25,215.5;82.5,21;304,22.5
20964;154,29.5;181.5,248.5;274.75,133.75;278.25,148.75;12,310.25;76.25,215.5;87.75,65.25;322.75,0.75
50340;125.75,46.75;181.5,248.5;274.75,133.75;278.25,148.75;2,244;34.75,252;58.25,112.25;339.5,63.75
35841;158,33.75;177.25,242.25;262,153.25;274.75,133.75;27.5,178.75;61,322.75;64,101.75;339.5,63.75
29245;117,8;177.25,242.25;261.25,151.75;274.75,133.75;9.25,143;18.5,267.5;71.75,31.75;288.5,92.5
21277;117,8;125,291.5;278.25,133.75;294.25,177.5;16,120.25;18.5,267.5;134.75,20.25;237,62.5
2413;183.5,9.25;184,316.25;276.75,103.5;340,177.75;16,120.25;22.5,249;82.75,21;237,62.5
6505;111.5,57.5;236.75,259.25;279.5,103;364.5,230.25;16,120.25;24,285.5;82.75,21;219.25,106
23610;47.25,66.25;254,296.75;302.75,137.75;354.75,242;16,120.25;80,285.5;82.75,21;188.75,90.5
48629;45.5,30.5;227.5,302.5;309.75,97.75;366.25,318;16,120.25;31.75,265.25;82.75,21;223.75,47.75
25328;13.5,6.25;266.25,322.25;272.75,63;366.25,318;13.75,94.75;31.75,265.25;85.25,55.75;204.75,95.5
43159;13.5,6.25;259.5,241.25;293.25,111.75;366.25,318;1.5,128;18,323.25;119.75,101.75;214.25,175
20047;64.5,5.75;244,281;271.5,35.5;292.5,319.5;1.5,128;91.25,301.25;169.25,88;214.25,175
18125;64.5,5.75;278.5,276.75;279.25,35;305.75,259.5;1.5,128;21.5,282.5;146.5,65.75;205.25,175.75
34004;47.75,76.25;246.75,273.5;332.25,56.5;359,217.75;1.5,128;10.5,307.25;146.5,65.75;157.25,139.25
24438;11,108;242.5,272;309,102.25;321,212.25;1.5,128;10.5,307.25;218.25,107.5;218.5,201
13307;42.75,46.75;161.25,298;270,101.75;271.5,229;4.5,156.5;10.5,307.25;218.25,107.5;280,217
26849;86,62.75;177,316.75;270,101.75;342,209.5;4.5,156.5;34.25,301.75;268,116.75;336.75,228.75
43912;77.75,99;176,279;284.75,74.25;333,214.25;4.5,156.5;34.25,301.75;319,127.75;333.5,287.5
10129;85.25,142.25;217.75,231;225.75,57.25;365.25,257;47.75,196.75;58.5,296;319,127.75;333.5,287.5
3576;95,201.5;261,176.75;261.75,18.5;351.75,252.5;48.5,196.25;133.5,252.5;319,127.75;333.5,287.5
32076;95,201.5;270,133.25;272,72.25;297.5,289.5;59,163.5;133.5,252.5;322.25,136.75;352,291.25
9641;122.5,251.25;272.75,130;286.75,55.25;287.75,309.25;59,163.5;166.75,299.25;300.5,114.5;352,291.25
14195;135.5,226;245.75,127;333.25,75.5;363.25,322;133.5,180.75;230,304.5;300.5,114.5;352,291.25
37368;186.25,206.75;245.75,127;267.25,59;295.75,301.25;100,136.25;170.5,299.25;315.75,144;352,291.25
41533;186.25,206.75;267.25,59;314.75,113.5;336,271;14.5,150;104,273.75;271.25,210.75;359.75,227
22267;202.5,227.5;280,59.5;321.5,143.25;365.25,246;14.5,150;69,285.25;271.25,210.75;358.75,276
40875;193.75,280.25;255.5,107.5;321.5,143.25;342.5,254.75;14.5,150;45.25,294.5;319.5,217.5;353.75,289.75
16860;193.75,280.25;294.25,104.25;321.5,143.25;346,290;38.75,92.25;39.75,295;258.5,219;321.25,301.5
17185;246,283.5;326.25,142.75;345.25,112;350.5,321.25;38.75,92.25;41,294.5;236.25,266;321.25,301.5
12410;257.5,280;291.25,153.75;299.5,115.5;300,304.5;38.75,92.25;51,315.75;236.75,201.25;321.25,301.5
11265;181,246.75;284.5,57.25;291.25,153.75;300,304.5;39.5,75.25;57.75,290.25;251.25,132.5;321.25,301.5
6673;216.25,198;279,33;288.5,130;304.25,262.5;8.5,137.25;57.75,290.25;251.25,132.5;286.5,286.25
24745;209.25,179;294.75,106;319,64.25;358.75,229;8.5,137.25;111.25,323.5;251.25,132.5;282.5,281.25
28404;242.5,116.25;309.5,110.75;333,133;349.5,275.5;8.5,137.25;116,320;251.25,132.5;271.5,323.25
29832;228.25,85;269,165.5;329.25,187.25;367.5,208;62,162.5;116.75,281;251.25,132.5;271.5,323.25
37458;168.5,136;223.5,129;303.75,120;353.25,257;48.5,192.25;116.75,281;202.25,89;271.5,323.25
4551;163,144.5;210.75,91.75;287,73.75;309.5,213.5;48.5,192.25;82.75,283.5;168.5,87.25;271.5,323.25
39290;136.75,183.5;210.25,39;328,88.75;332,275.5;48.5,192.25;54,298;140.5,46.5;271.5,323.25
21627;153,168.25;210.25,39;275.25,89.25;364.25,319;48.5,192.25;116.25,275.5;139.5,4.75;289.5,299.25
50338;188.25,112;229.5,13.25;289,89.25;327.25,275.75;72.25,216;93.5,221.25;139.5,4.75;289.5,299.25
19663;199.75,61.75;236,73.5;245.75,47;342,284;16.75,217;93.5,221.25;139.5,4.75;289.5,299.25
37417;251.25,77;259.75,135.25;263.75,60.75;361.75,323.75;16.75,217;93.5,221.25;145,55.75;243,309.75
16103;244.5,107;273,171.25;291.25,106.25;300,286.75;16.75,217;64.25,171;145,55.75;260.25,291.75
12319;226.75,119.5;229.5,188.25;247.25,126;266.5,227.25;17,186.25;64.25,171;148.25,7.75;260.25,291.75
3459;172.5,149.5;242,191.75;300,110.75;343.25,256.5;6,156.75;61.5,112.5;148.25,7.75;260.25,291.75
7587;227,211.25;249,218.25;275.5,131.5;332.75,311.25;6,156.75;69.25,176;146.75,49.75;260.25,291.75
951;164,253.25;199,174.5;295.25,120;332.75,311.25;51.75,222.5;52.75,131;174.25,8;260.25,291.75
48119;206,309.5;274,179;302.25,156.75;332.75,311.25;8.5,192.5;48.25,142.75;146.25,48.75;260.25,291.75
43389;230,282.5;273.25,113.75;323.25,135.75;342.5,242.75;8.5,194.25;48.25,142.75;155,12.25;260.25,291.75
48281;215,259.5;280.75,168.5;301.25,113.75;358.75,179;8.5,194.25;48.25,142.75;155,12.25;316,301
13973;259.25,302;270.5,105.5;283.25,171.25;358.75,179;26,188.25;48.25,142.75;95.5,36.25;354,267.75
16007;277,263;290,75;317.5,149.5;318.5,151.5;26,188.25;107.75,122.25;139.75,74.25;354,267.75
50193;228.5,313.25;293.25,75.5;296,133.75;302,114.75;38.25,147.25;107.75,122.25;139.75,74.25;354,267.75
8464;200.5,309.5;293.25,75.5;296,133.75;302,114.75;30.5,221.5;169.5,116;184.25,26.75;341.75,278
7371;161.5,256.75;227.75,36;261.5,153.25;263.25,171.25;15.25,206.75;171.5,116.25;184.25,26.75;341.75,278
32538;148.25,182.75;268.25,61;301.75,137.75;327.75,207.5;15.25,206.75;117.5,91;167.75,87.75;341.75,278
2861;136.25,239.25;267.5,105;269.5,134.75;281.5,239.25;15.25,206.75;135.25,34.25;167.75,87.75;340,228.5
28955;135.75,227.25;275.75,103.5;313.75,145.75;337.5,224;15.25,206.75;135.25,34.25;188.5,160.75;358.25,206.75
33625;125.75,268.25;280,101.75;296,149.75;337.5,224;56,171.75;135.25,34.25;219,195;358.25,252.5
8106;137.5,272.25;309.75,119.5;354.25,185.5;357,172.25;56,171.75;83,71.75;219,195;322.25,267
26060;160,273.75;266,179;292,212;357,172.25;23.25,232;40.5,31.75;219,195;346.25,205
44036;146.25,266.5;226.25,236.5;342.25,229.5;368,185.25;5.75,287.5;40.5,31.75;191.75,190.5;346.25,205
20043;85.75,262.5;217.5,159.5;345.25,313;368,185.25;5.75,287.5;48.75,3.25;246.25,227.25;290.25,216.75
18922;126,243.25;193,153.25;278.25,286.75;324,140.25;5.75,287.5;48.75,3.25;318.25,197.25;339.25,149.25
41054;126,243.25;192,134.5;210,311.75;321.75,187.75;31.25,308.5;48.75,3.25;299.75,137.5;331.25,82
26814;105.25,160.25;192,134.5;203,309.25;260.5,176.5;30.25,293;48.75,3.25;253.5,98.25;263.75,38
14255;185.5,126.75;187,155;192,281;288,104.5;30.25,293;48.75,3.25;263.75,38;295.25,121.75
23266;141.75,201.75;147,227.5;246.5,219.5;269.5,132;15.5,207.25;80,52.5;263.75,38;295.25,121.75
8270;90.75,269.25;204,176.25;313.5,226;334.25,178;15.5,207.25;80,52.5;204,52;356,77.5
30157;32,300.75;190.25,112.25;286.75,261;356.25,199;32.25,215;68,89.25;204,52;356,77.5
25240;32,300.75;133,89.5;351.75,229.75;366.5,193.5;52.75,221.25;68,89.25;222,70;335.5,130
2749;116.75,302.25;155.5,112.75;296.75,164;325.75,149.75;52.75,221.25;65.5,89.25;203.75,105;335.5,130
24879;116.75,302.25;155.5,112.75;261.5,176.75;357,131.25;11,156.25;60.25,149.75;275.5,103.75;340.75,81.25
22279;73.5,317.75;201,56.75;278.5,237.25;315.5,149.25;11,156.25;85.25,210.5;260.5,86.25;340.75,81.25
30120;73.5,317.75;222.75,129.5;242.75,297.75;258,154;38.25,93;115.75,216;251.25,106.5;340.75,81.25
35059;11.75,298;222.75,129.5;242.75,297.75;258,154;15.75,18;111,292;268.5,116;322.25,160.75
3563;45.25,313.25;257.5,188.5;263.75,208.5;295.25,106.5;8,20;151.5,224.5;268.5,116;322.25,160.75
4695;35.5,241.25;235.5,258.5;303.5,246.75;317.75,120.5;8,20;151.5,224.5;296.75,103.5;313,160.75
4291;4.25,189.5;235.5,258.5;303.5,246.75;317.75,120.5;3.5,70.25;184.5,287.25;326.75,124.5;327.75,138.25
29818;4.25,189.5;242.25,300.75;258.5,186.5;272.5,168.75;0.25,44.75;181.75,303.75;327.75,138.25;362.25,78
26608;4.25,189.5;239.5,287;272.75,189;276.25,215.25;6.25,59.75;183,288.5;327.75,138.25;328.25,9.75
41461;59,219.25;230.5,316.25;254,190.25;278.5,166.25;6.25,59.75;183,288.5;328.25,137.5;359.25,1.5
44794;144,225;236,274;258,237.25;296.25,120;33.25,44.75;183,288.5;285.75,194.5;359.25,1.5
18240;152.25,177.75;252,218.5;275.5,191.75;294,90;33.25,44.75;154.5,317.5;285.75,194.5;339.5,31.75
2219;130.25,189;275,221.75;277.5,249.25;308.75,97.25;9,33.5;154.5,317.5;285.75,194.5;297.75,88.25
5143;80.75,168.5;274.25,169.25;274.25,255.25;290.5,168.5;5,68.5;154.5,317.5;285.75,194.5;290.5,20.5
30424;6,175.25;285.75,229;293.5,248.5;300.25,207;5,68.5;154.5,317.5;260.25,249.25;317.75,16.5
15065;16.75,231;341.25,230;342.5,248.25;352.5,228.5;5,68.5;154.5,317.5;260.25,247.25;319.5,34.5
36079;16.75,231;253.5,218;282.5,282.75;294,263.25;5,68.5;159.25,273;238,175.25;349.75,44.25
17356;16.75,231;262.25,146;270.75,255.75;318.75,300.5;61,93.25;107,237.25;182,181.75;349.75,44.25
44909;33.25,242.5;250.5,160.75;296.5,238.75;362.25,313.5;62.75,116;107,237.25;171.5,161.5;349.75,44.25
36476;65.25,295.5;293.5,125;300.25,231.25;344.5,315;62.75,116;107,237.25;171.5,161.5;341.25,50.25
22031;80.5,256.75;292.25,114.25;301.25,264;359.25,289;95,169.5;121.5,198.75;171.5,161.5;341.25,50.25
11329;51,249.25;235.25,127;280,231.75;364,267;51.5,134.5;67.25,182.25;171.5,161.5;341.25,50.25
31092;82.5,176.25;282,117;287.75,169.5;308.5,215.25;67.25,182.25;69,101.75;226.25,186;341.25,50.25
5189;119.75,231.25;239,75;293,237;341.5,162.25;67.25,182.25;69,101.75;269.75,166.75;350,80.75
4757;119.75,231.25;245.75,80.75;330.75,244.75;341.5,162.25;71.25,183.75;74.75,40.25;318.25,136.25;354,13.5
15394;117.5,291;243.5,73.5;341.25,247;341.5,162.25;142.75,168;154.75,48.5;318.25,136.25;362,82
46238;176,290.75;290.25,57;339,214.25;358.5,228.75;116.5,196.75;161,49.75;318.25,136.25;362,82
40756;120.75,303.75;272.75,33;339,214.25;358.5,228.75;83.25,129.25;180.5,30.5;275.5,143.25;357.75,147.5
705;96,299.25;238.75,83;339,214.25;358.5,228.75;53,195.75;150.5,87.5;242.25,75.5;346,80
519;96,299.25;238.75,83;276.5,249.25;325.75,198;122.25,199.25;152.5,148.25;314.25,103;356.75,148.25
21372;115.75,312;170,59.75;281.5,230.75;355.75,230;96,268.5;152.5,148.25;294.5,35.75;356.75,148.25
35694;128.75,292;167.75,118;281.5,230.75;355.75,230;32.5,242.25;184,96.25;223.75,37;305,86.5
13272;200.5,280.5;225,144.75;330.75,284;356,162.25;7,303.5;184,96.25;223.75,37;257.75,133.75
27497;261.75,255.25;264,97.5;317.75,240;320.5,154.75;7,303.5;119.75,106.75;223.75,37;247,168.25
10679;249,281.5;301.25,110.5;344.75,288;352.75,103.25;7,303.5;81.25,125.25;223.75,37;248.25,106.25
8556;300,320.25;316.5,41;316.75,258.75;352.5,172.5;7,303.5;45.5,75.75;223.75,37;232.25,133.5
17485;212,318.5;240.75,42;290.75,165.75;355.5,129.75;7,303.5;121,116;223.75,37;289,187
1609;201,307.75;214.25,57;248,182.75;292.75,104.75;21.75,289.5;121,116;228,78.25;289,187
44522;201,307.75;214.25,57;220.75,230.25;290,72.75;79.75,321.75;155.5,48;194.5,84.5;340.75,142.25
13692;201,307.75;214.25,57;255.75,156.75;307.75,111.5;17.5,271;165,78.5;255,25.5;292.25,105.5
39885;185.25,256;216.75,17.25;280.25,75.5;285.75,191.5;17.5,271;109.5,52.5;255,25.5;287.25,184.75
27420;135.5,200;187.5,6;305,68.25;315,152.25;17.5,271;103.25,40.25;215.75,16;287.25,184.75
40044;134.5,125;187.5,6;287.75,70.5;323.25,195;17.5,271;141.75,90.5;195.5,5.25;245,175.5
1730;70.75,110;126.75,21;354.5,97.25;355.75,225;72.25,297.5;141.75,90.5;195.5,5.25;217.5,122
34254;36.75,56;101,74;286,105;352.5,229.5;72.25,297.5;141.75,90.5;232.5,37.75;254,99
271;36,55.5;36.75,92.5;261.5,57.25;347.5,214.25;72.25,297.5;141.75,90.5;201.75,40;248.5,81.25
14444;11,106.25;32,137.25;329,30;343.75,231;20,295;141.75,90.5;201.75,40;248.5,81.25
27410;38.5,106.5;110.25,127.5;359.75,22.75;370,188.75;20,295;141.75,90.5;196,84;309.25,76
47158;38.5,106.5;111,79.5;359.75,22.75;362.5,229.25;14,306.5;161.25,50;217.25,140.75;339.5,32.75
15018;15,105.75;77.5,59.5;315,6;362.5,229.25;78.5,285.5;161.25,50;171.25,143.75;343,52.75
32425;18.25,142.25;33.75,90.5;315,6;337,266;110,275.25;120,73.5;150.75,223.5;343,52.75
49498;18.25,142.25;54.5,36;260.5,18.25;345.25,197;60.5,234.5;120,73.5;129.25,286.5;332.75,62.25
13073;27.5,144.25;35.25,55.25;308.75,52.5;360.5,261.25;60.5,234.5;120,73.5;175,274;342.25,144.25
34606;62.75,146.25;72,98.25;308.75,52.5;356.5,288.5;15,202.25;120,73.5;210.75,275;337,148.25
16662;30,208.5;87.5,116.25;355.75,80.75;362.75,316.25;15,202.25;185,96.25;226,279.75;337,148.25
42788;75.25,243.25;80.5,177.25;321.75,54.75;353.5,239.5;15,202.25;201.5,95.25;226,279.75;337,148.25
23601;42.5,271.25;57.5,177.25;269.75,57;348.75,288.25;11.25,197.25;146,90;226,279.75;337,148.25
45870;6.75,308.5;38.5,160.5;280.5,33;322.25,306.75;11.25,196.25;146,90;226,279.75;337,148.25
23871;34.75,240.5;38.5,160.5;280.5,33;327.25,314.5;19.5,203.75;146.25,90.5;185.75,253;327,205
46418;14.25,219;32,133.5;257.25,86.5;306.25,302.25;81.5,171.25;104.25,119;185.75,253;327,205
32360;14.25,219;32,133.5;232,150.75;271.75,321.5;96,131.75;144,146.25;236.5,241.5;357.25,164
24223;14.25,141.75;18.25,152.75;236,128.75;269.5,244.75;96,131.75;144,146.25;235.75,241.75;324,124.25
33127;14.25,141.75;48.5,170.25;163,111.25;213.25,224.75;108.25,126;206.25,146.75;300.25,281.25;324,124.25
19910;5.5,191;17.5,190;163,111.25;248,216.5;38.75,104.25;237.75,133.25;267,246.75;324,124.25
21215;16.25,264.5;34.25,189;219.25,84.25;244,200.5;38.75,104.25;195.5,180.5;278.75,191.75;324,124.25
15934;16.25,264.5;57,138.25;219.25,84.25;298.25,169.5;45.75,112.25;204.5,178.25;271,170.5;275,99.25
34882;10.75,303;111.75,110.5;181.5,36.5;227.25,156.75;45.75,112.25;193.25,242;231.75,200.5;275,99.25
39092;48.25,241;113.25,43.75;190,76;199.75,174.5;36.75,36.25;193.25,242;231.75,200.5;250,73
43647;12.75,302;48,68.75;213.75,49.75;218.5,230;1.5,4.25;193.25,242;231.75,200.5;282.5,15
3238;12.75,302;14,34.5;268,106.25;277.75,194.25;13,39;143.5,302.5;261,247.75;282.5,15
493;1,218;14,34.5;244.75,47.25;307.25,114;8.25,41.5;166.5,224;250.5,309;282.5,15
20171;6.75,219;8.75,27.25;267.75,12.25;307.25,114;47.75,30.75;166.5,224;286.25,322.75;290.5,51.5
48894;6.75,219;39.75,11.25;235.5,69.5;269.75,72.25;47.75,30.75;228.75,186.5;253.75,288.75;273,89
41781;2,184.5;4.25,20.25;169,44.25;334.75,100.75;47.75,30.75;228.75,186.5;253.75,288.75;306.25,131.75
7540;2,184.5;4.25,20.25;136.5,22.25;335.75,34.5;110.5,77.5;211.5,185.25;237.5,317;347.25,187.25
38718;7.5,111;53.25,56.5;83,19.5;269.5,70.25;118,8.75;211.5,185.25;218.5,270;347.25,187.25
4864;26.5,102.75;59,62.75;69.75,98.5;273.5,148.5;139,51;211.5,185.25;227,315.25;347.25,187.25
45765;7.5,84.25;13.75,30.5;108.75,122.25;310.75,98.75;139,51;165.75,241.5;178.25,301.25;347.25,187.25
23225;9,27;75.5,40.25;79.5,140.25;257,72;144.25,115.25;165.75,241.5;178.25,301.25;349,186.75
32701;1.5,35.75;75.5,40.25;79.5,140.25;257,72;88,162.5;172.75,294.75;181,241.75;347.5,181
12685;1.5,35.75;75.5,40.25;137,188.25;326.5,89.25;107.25,111.75;118,320;141.25,272;273,192.25
36606;1.5,35.75;124.75,31.5;156.5,223;322.75,155;58.5,121.75;80.25,320.75;138.25,271;273,192.25
31141;1.5,35.75;83,23.75;135.25,239.75;308.75,207;58.5,121.75;104.75,305.25;200.5,275.5;319.25,159
49195;41.25,23;130.75,27.25;138,159.25;331.75,247.5;84.5,152.25;123.75,265;200.5,275.5;319.25,159
26624;71.75,83.5;130.75,27.25;133,96.25;339.5,256.5;84.5,152.25;144.75,272.5;166.25,238.5;298.75,111
4540;61,76.25;130.75,27.25;168.75,162.25;360.5,260.75;128.75,199;162.5,203.5;169.5,188.25;298.75,111
50388;23,63.25;91.25,10;234.5,129.5;315.75,224;128.75,199;141.5,244.5;196.25,175.75;298.75,111
4623;5.75,86.5;117.25,18.25;260.75,74.25;315.75,224;95.5,171.25;122.25,196.25;196.25,175.75;237.75,85.75
45719;12,6.25;117.25,18.25;260.75,74.25;315.75,224;36.25,138.5;140,168;196.5,99.75;225.5,134
9760;12,6.25;121,17.75;260.75,74.25;324.75,197.25;38.75,190.25;119.25,104.75;212,107.25;253.75,70
36634;12,6.25;140.25,96.25;279,127;346.75,165.5;31.75,213;119.25,104.75;214.25,52;273.25,27.75
40219;48.25,54.5;156.5,112.75;281.5,166.25;356.5,122.75;31.75,213;119.25,104.75;244.75,86.75;266.75,79.25
42941;66.5,1.75;189.75,156.25;298,212.5;365.25,148.5;31.75,213;174,44.25;210.25,72.75;266.75,79.25
10249;75.5,13.25;227,184;302.75,142.75;355.5,100.25;92.75,221.25;144,88.25;210.25,72.75;266.75,79.25
6933;75.5,13.25;231,252.5;288.75,141.75;365.75,143;68.75,290.25;144,88.25;233.75,120.75;254.5,76
44811;76.25,86;208.75,284.25;340.5,97.5;355.5,174.25;78.25,221.25;144,88.25;254.5,76;262.75,121.5
36691;80,63.5;158.75,293;292.75,113.25;305.25,156.25;31,198.5;130.75,19.75;254.5,76;262.75,121.5
36536;76.25,64.5;126.75,266.75;327.75,117;356,138.25;4.5,246.5;75,29;254.5,76;262.75,121.5
32914;70.75,110.25;139.75,239.75;357.5,122.25;363.25,121.5;50.25,222.25;115.5,30.25;254.5,76;262.75,121.5
32054;94,114.5;128.75,204.5;357.5,122.25;363.25,121.5;19.25,268.5;83.25,102.25;205.25,95.25;213.75,126.5
29570;82.75,169;83.25,135.25;272.75,130.25;337.75,179;19.25,268.5;40.75,41.75;205.25,95.25;209.25,160
13057;11.5,191;36.25,189;299.5,56.75;308.75,232.25;19.25,268.5;100.25,41;140.5,73.75;209.25,160
18760;17.25,232;77,158.25;255.25,25.25;295.5,235.5;19.25,268.5;115.25,12.5;169.25,14.75;209.25,160
45093;31.75,241.75;77,158.25;260,60.25;325,283.5;44.5,284.5;115.25,12.5;153.25,6;164.5,163.75
46746;76.75,291;77,158.25;260,60.25;325,283.5;100.75,268.25;139,67.25;157.25,11.5;201.25,176.75
1779;76.75,291;100.5,208;260,60.25;340.25,239.5;71.5,224.25;151,11.75;189.5,1.25;225.5,115
49841;18.75,231.75;70.25,171.25;290,127.25;328,279.25;71.5,224.25;78.25,20.25;189.5,1.25;211,150.5
17122;103.5,234.75;135.75,126.5;270.75,71;365.25,312;26,262.25;78.25,20.25;189.5,1.25;231.75,133.75
33728;162.75,289;172,60.25;212.5,54;365.25,312;26,262.25;134.75,34.75;145.25,52.25;191,104
22831;176.25,317;181,50.25;271.25,35;352.5,290;13.75,220.25;134.75,34.75;145.25,52.25;228,121
15403;159.75,290.25;261,27.25;341.5,3.5;353.25,260.75;13.75,220.25;167.25,37;185.25,26.75;228,121
15789;159.75,290.25;321.25,38.75;339.5,86.25;343.5,254.75;32.75,213.5;175.25,114;185.25,26.75;213.25,174.5
42662;76.25,299.5;324.5,20;365.75,91.5;365.75,209.25;59.25,174.25;101.75,67;185.25,26.75;213.25,174.5
57;3.75,284.75;276.25,66;290.25,147;348,214.75;59.25,174.25;103.5,36.25;201,65.5;213.25,174.5
4331;3.25,261.25;221,70.75;273.75,86.75;364.5,241;59.25,174.25;70.5,34.25;201,65.5;269,145
45304;2.75,299.75;215.5,8;273.75,86.75;364.75,275.25;106.25,128;119.25,17.5;229.25,19;269,145
2986;2.75,299.75;141.75,19.5;269.5,32;353.75,320.75;107.75,97.5;119.25,17.5;185.25,15.5;206.5,185.5
26387;2.75,299.75;195.5,84.25;277.75,74.25;353.75,320.75;81.75,88.5;93.75,90;143.25,65.75;234.25,257.75
10759;2.75,299.75;195.5,84.25;298,110.5;364.25,321;76.75,32.75;113.75,103.75;135.25,19.5;224.25,219.75
33323;1.75,271.75;219,44.5;300.75,153.75;364.25,321;20.5,8;113.75,103.75;176.25,39;243.5,291
29249;40.75,238;158.75,2.5;322.25,186.75;365.5,245;20.5,8;109.5,78;141,98.25;243.5,291
30242;69.25,286.25;98.25,9;262.5,179.25;344.5,251.75;20.5,8;91.5,53.25;159.5,51.5;243.5,291
4763;69.25,286.25;98.25,9;207.25,169;323.25,208;21.5,72;130.75,106.75;135.5,98.75;197.5,322.75
5848;83.75,291.5;108.75,63;183.25,151.25;323.25,208;36,137.25;54,132.5;129.5,161.75;197.5,322.75
38027;86.75,300.25;133,21.25;164.75,163.5;347,162.25;14,127.75;25.75,188.5;129.5,161.75;197.5,322.75
22234;32.25,243;53.5,46.25;194.25,138.75;361.25,120.25;25.75,188.5;33.75,105.25;129.5,161.75;197.5,322.75
11769;44,183.25;108.5,25;153.25,125.75;311,114.5;24.5,127;25.75,188.5;73,100.75;197.5,322.75
9942;94.25,159;103.5,40.75;142,126.5;239,127;24.5,127;25.75,188.5;56.75,35.5;176.25,302.75
49192;76,209.25;89.75,3.75;175.5,162.5;241.5,100.75;25.75,188.5;79.75,135.5;92.25,67.75;176.25,302.75
30049;76,209.25;148,13.5;175.5,162.5;217.5,82.25;10.25,248.5;142.75,154.5;156.25,14.75;228,317.75
43333;53.25,155;78.5,14;105.5,114.5;146.75,117.25;10.25,248.5;81,115.75;114.75,22.75;228,317.75
25387;41,193.25;52,45.25;78,69;80.5,175;10.25,310.5;81,115.75;114.75,22.75;229.5,258.25
5170;41,193.25;52,45.25;84.75,84.25;133.25,129.5;10.75,306.75;96.25,153.75;168.25,15.5;188.75,198
44734;1,181.75;52,45.25;113.75,109.5;143.75,126.25;48.75,294;81,121.75;168.25,15.5;179.5,197
20452;1,181.75;52,45.25;113.75,109.5;179.5,60;11.25,310.75;72.25,141;139.25,12;153.25,221
30768;5.5,105.25;7.75,63.75;128,140.5;142,126.75;11.25,310.75;28.25,205.75;139.25,12;183,197.75
34278;0.25,185;34.5,37.75;85,119.5;151.25,129.25;11.25,310.75;74.5,208.25;139.25,12;224.25,132.75
16125;16.75,140.75;35.75,15.75;146.25,119.25;161,108.5;11.25,310.75;94,269.5;139.25,12;224.25,132.75
40972;16.75,140.75;18.5,75.5;170,181.25;185.5,50.25;21.25,310.75;131.75,263.5;139.25,12;201.25,99.75
20996;16.75,140.75;58,6.5;137.5,226.25;165.25,44;102.25,304.25;113.25,225;139.25,12;230.75,132
3262;32.75,97.75;36.75,24;87,261.5;119.75,72.5;102.25,304.25;144.25,221.75;171.5,50.25;230.75,132
25442;51.25,55.25;64.5,86.5;80,299.75;135.5,19.75;102.25,304.25;115.75,170;171.5,50.25;276,174.25
25520;43.75,125.5;49.5,47.75;68,231;214,11.25;102.25,304.25;115.75,170;195,97.25;309.5,196
19267;7.5,173.25;10.25,8.25;79,230.5;203,41.5;102.25,304.25;113.25,167.5;195,97.25;295.25,187.25
24121;18.5,176.25;45.75,32;79,230.5;182.25,4;102.25,304.25;139.5,229;159.5,51.5;349.75,155
13906;58.75,176.25;89.5,58.5;130.75,204.5;196,11.75;112,307.75;137.5,162;159.5,51.5;349.75,155
44729;58.75,176.25;105,44.25;130.75,204.5;248.75,32.75;39.25,294.5;61.75,177.25;154.5,48.5;351.5,190.5
12469;57,229;113.75,12.75;119.75,201.25;297.25,70.5;39.25,294.5;115.25,115;201.25,99.5;351.5,190.5
8250;34,162.75;112.75,17.25;119.75,201.25;325,41;91,301.75;126.5,127.25;173.75,161.25;351.5,190.5
26871;34,162.75;112.75,17.25;177,201.5;298.75,14.25;111.75,245;180,106;189.75,102.5;359.75,155.25
3298;76.75,165;105,16.5;254.5,193.5;292.75,8.5;111.75,245;180,106;198.25,39.75;366.75,83
2651;50.25,123.5;131.5,2.25;235.75,207.75;292.75,8.5;124,194.5;180,106;191.5,21.75;320.25,109.5
16678;94,147.75;105.25,19;299,208;329.75,25.75;124,194.5;180,106;194.75,20.25;287.25,140
22963;54.25,176.75;105.25,19;251.5,173.5;326.75,94;141.75,272.25;180,106;261,61.75;280.25,116.5
39265;54.25,176.75;115,49.25;245,133;326.75,94;177.25,305.75;180,151.75;214.5,45.75;242.5,76
42023;68.5,153;182,69.5;244,93.25;304.5,68;177.25,305.75;180,151.75;229.25,70.25;252.25,69.5
10701;132,147.5;182,69.5;272.25,134.25;277.5,26.5;134.75,282.25;166.75,187;229.25,70.25;299,110.75
33978;130.5,147.5;183.25,89.5;287.75,143.25;324.75,22.75;98,281;182.75,163.75;229.25,70.25;299,110.75
47944;130.5,147.5;216.25,130;253.25,117.5;309.5,24;98,281;179.75,169.75;243.75,118.5;309.75,121.5
11821;67.75,165.5;274,144.5;286.75,70.75;325.25,36.75;98,281;179.75,169.75;260.75,69.75;366.25,82.75
47215;66.5,165.25;316,141.25;339,25;367.5,26;98,281;179.75,169.75;245.25,96.75;318.25,128.5
13474;25,177.75;334.75,101.75;358,43.25;365,24.75;84.75,320.25;179.75,169.75;245.25,96.75;267.25,169.25
24635;25,177.75;311.75,92.25;345.5,18.5;358,43.25;38.5,291.5;165,240.5;262,23.75;320.25,178.75
48255;25,177.75;311.75,92.25;356.75,83.75;364.5,32.5;56.5,254;235.75,212.25;255.5,17.25;281.25,254.5
19183;38.25,140;259,122.5;300,83.5;316.75,69;86,170;235.75,212.25;255.5,17.25;352,289.25
29462;60.5,70.75;236.75,192.5;278.25,19.5;327,33;155.5,147;225.25,181;255.5,17.25;352,289.25
17211;86.25,64.5;155.75,228.25;193.5,38.75;327,30;182,185.5;228.25,229.75;255.5,17.25;352,289.25
34722;157.5,28.5;202.5,227;266.5,19.5;304.25,67;113.5,217.75;228.25,229.75;320.75,31;352,289.25
30846;157.5,28.5;253,219;266.5,19.5;357.25,15.75;68.75,268.5;159.25,243;270,77;352.75,301.25
5380;157.5,28.5;259.25,270.25;294.75,72.75;357.25,15.75;117.5,318;143.75,223.75;280.5,120;352.5,309.25
26834;143.5,76.5;259.25,270.25;310.25,111;357.75,8.75;120.25,324.5;173,215.25;337,100.75;352.5,309.25
32860;108,104;277.25,309.5;345,75.5;367.25,40.5;146.25,300;171.5,214.5;337,100.75;352.5,309.25
29989;53,92.5;283.75,277.5;357.75,38.5;365.25,70.75;108.5,295;171.5,214.5;337,100.75;340.5,320.75
393;100,161.5;236,314;330.75,56.5;332.75,94;129.75,215.75;135.25,265;337,100.75;340.5,320.75
48622;81.75,169;236,314;284.5,89;330.75,56.5;66.5,248.5;79.25,296.75;275,50.75;321.5,300.5
6720;133.75,208;236,314;238.25,136;358.25,27.75;51.75,189.25;58,308.25;275,50.75;327.25,314.25
10723;147.75,224;167,323.5;315.5,155.25;357.5,103.75;24.5,201.75;56.75,289.25;275,50.75;327.25,314.25
7465;84.5,286;147.5,288.5;319.25,208;357.5,103.75;24.5,201.75;100.75,313.5;214.5,72.5;336,290.5
4100;13.25,263.75;117.25,255.25;301.75,241;354.75,38.75;56,152.75;126.5,307.75;214.5,72.5;336,290.5
23460;69.75,281.25;92,203.75;291.5,206.5;344.25,7.5;38.25,156;126.5,307.75;214.5,72.5;303.25,282
6949;74.25,243;77,231.75;273.5,263.5;292.5,53.75;38.25,156;120.75,292.5;164,53;303.25,282
44587;36.5,260.5;90,222.75;273.25,322.75;311,21.75;38.25,156;91.75,318.5;111.25,14.75;303.25,282
14071;50.25,242.25;143,266.25;218.5,270.5;311,21.75;70.25,122;88.75,255.25;98,18.75;303.25,282
8398;54.5,216.5;139,313;218.5,270.5;247.75,2.5;33.25,123.5;98.25,280.75;100.25,65.75;303.25,282
17070;54.5,216.5;139.5,289.25;161.5,214.75;283,54.75;84.5,109.25;99.5,281;143.25,57;303.25,282
21003;53.75,209.25;155,297.75;168.75,200.25;280.25,32;84.5,109.25;130,317.75;143.25,57;337.25,294.75
10316;3.5,158.25;155,297.75;168.75,200.25;319.25,40.75;119.75,105.5;180.5,287.75;203.75,99;342.75,279.25
26378;37.25,145;184.75,254.5;220.5,155.25;301.75,56.5;119.75,105.5;160.25,300.75;203.75,99;352.75,292.75
36760;81.75,178;215,277.5;281.75,168.75;301.5,56.75;119.75,105.5;208.25,296.25;240,46.25;352.75,292.75
16914;81.75,178;153,260;294.25,240.75;301.5,56.75;146.25,68.75;150.25,252.5;211.5,95;312,312.5
863;90,201.5;153,260;317.5,319.75;325.5,89.25;146.25,68.75;158.75,318;232.75,50.25;265.75,320.25
7870;146,240.5;148.5,209.25;317.5,319.75;326,31.5;134.5,48.5;195.25,322.25;249.5,15.75;265.75,320.25
43369;164.25,279.5;224.5,217.25;244.5,295.75;269.25,72.75;101.75,20;196.75,303.5;249.5,15.75;265.75,320.25
30749;129.75,243;218.5,155;241.75,270.5;284.5,25;174.5,29.5;232.5,255.5;249.5,15.75;265.75,320.25
8349;214,238.75;247.5,218.25;266.75,201.25;274.75,95.25;174.5,29.5;209,285.25;235.75,11.25;265.75,320.25
23719;217.75,203;221,191;325.75,162.5;355.5,98.25;204.25,105.5;209,285.25;235.75,11.25;335.5,314.5
2520;251,219;265.25,240.5;325.25,150.5;356.25,159.75;204.25,105.5;227.75,219.25;235.75,11.25;288.5,287.25
26025;188.75,255.75;305.75,320.5;325.25,150.5;370,172;113.5,81.5;187,256;273.25,26.75;288.5,287.25
37783;220,311.75;301.75,256.5;324.25,205.5;335,244.25;43.5,69;187,256;241.25,46;288.5,287.25
4357;250.25,313.25;289.75,301;345.25,160.5;365.25,252;43.5,69;187,256;254.75,14.75;288.5,287.25
6255;246,219.75;267,273;275.5,216;361.5,231.25;43.5,69;128.25,248;254.75,14.75;303,282.5
27524;205,266;218,310.75;242.75,255.25;361.5,231.25;6.75,14;149,263;242.75,16.75;303,282.5
8192;161,305.75;200.5,311.75;257.5,244;363,195.75;6.5,15;94.25,228.75;242.75,16.75;303,282.5
1269;160.5,305.5;214,310;278.5,173;363,195.75;3.75,30.75;48.25,300.75;230.25,54;303,282.5
21880;146.75,227.25;156,295.25;275,256.25;363,195.75;3.75,30.75;71.5,297.25;184.75,65;237,226.25
22559;130.5,190.25;163.25,225.75;275,256.25;355,135.25;2.75,3;40,291.5;215.5,119.5;237,226.25
46424;191.75,152.75;193.25,170;307.75,232.75;356,138.25;2.75,3;52.75,298.25;215.5,119.5;294.75,169.75
5204;247.5,116.5;263,134.75;337.25,210.25;357.75,216.5;2.75,3;52.75,298.25;167.75,165.5;272,113
9709;274.5,133.75;275.25,69;329,149.5;357.75,216.5;2.75,3;94.5,315.5;117,195.75;239.75,69.25
20873;224.25,207.25;256.5,116.25;329,149.5;366.5,193;32,60;109.5,294.5;117,195.75;243.75,15.5
12244;242,219;267,95.25;359.25,151;367,145.5;12.25,70.75;109.5,294.5;117.25,201.5;243.75,15.5
35133;212.75,200;215.25,53.75;321.75,195.25;324.5,149.5;12.25,70.75;105.75,304.75;117.25,201.5;205.5,69
20485;160,217.75;209.5,62.25;312.5,223.5;322.25,150.25;4.25,55.75;105.75,304.75;117.25,201.5;249.25,85.75
15875;165.5,144.5;187,48.75;258.25,201;322.25,150.25;8.25,44.75;98.75,280.75;141.75,194.5;249.25,85.75
34762;169,163.75;187,48.75;258.25,201;322.75,205.5;30,123.25;64.5,211.5;219.75,195;262,82
2581;230.5,211.25;258,30.5;266.25,137.75;335.25,197;45.75,104.75;49,164.75;219.75,195;262,82
44761;225.5,188.25;270.75,66.25;286.25,101.75;342,177;45.75,104.75;75.5,208.75;219.75,195;257.5,14.75
16603;204,143.75;268,34;287.5,166;327.75,127.75;33,120.25;126.5,225.5;219.75,195;257.5,14.75
19891;217,135.75;268,34;283.25,143.25;353.75,159.5;91.25,66.25;109.25,281;219.75,195;223.75,83.75
15729;167.75,98.75;213.25,12.75;291.5,116;294.75,114;91.25,66.25;109.25,281;256.5,173.5;268,147
48692;205.5,42.5;220,1.25;290.75,147;294.75,112.25;91.25,66.25;115.5,259.25;262.75,169.5;268,147
13313;213,30.75;220,1.25;277,63.5;325.75,164;91.25,66.25;142,226.5;301.5,196.25;343.5,139.75
18928;220,1.25;224.25,72.75;267.5,17.5;330.75,141.75;137.25,107;142,226.5;230.75,185;358.75,172
39243;220,1.25;261.75,15.25;271.25,71.75;322.75,92.5;106,51.75;185.5,248.5;233.25,202.75;358.75,172
2481;189.5,49.25;223.25,21.5;296.75,120.5;360.25,122.25;106,51.75;152,225.5;188.75,235.5;358.75,172
33708;189.5,49.25;223.25,21.5;299.25,136.25;350.75,101.25;53.75,92.5;140.75,202.75;147,278.75;349.5,169.5
15758;152,51.25;257.75,81.5;276.75,75.25;350.75,101.25;9.75,112.25;71.5,224.25;92.75,268.75;349.5,169.5
20217;79.75,33.75;222,53;236.75,12.25;364.25,141.75;9.75,112.25;75.75,226.25;122.5,309.25;349.5,169.5
14871;46.5,31;192,48.25;235.5,50.5;301.25,133.75;0.25,145.5;108.75,245;122.5,309.25;349.5,169.5
20049;11.75,5.75;251,36;254.75,57.75;277.5,70.25;0.25,145.5;108.75,245;129,294;305.75,151.75
47910;67.25,16.5;210.25,8.75;221,37.25;335,21.5;0.25,145.5;108.5,243.25;129,294;354,202.5
4739;103.25,54;228.75,57.25;234.5,70.5;265.5,59.25;0.25,145.5;129,294;150.5,242;311.25,238.5
40276;143,21;214.75,34.75;226,71;265.5,59.25;2.5,194;111.75,295.5;194,180.5;311.25,238.5
19802;79,69.25;254.5,73.5;282.25,53.5;284,106.5;2.5,194;55.5,297.5;194,180.5;312.75,161.25
1873;33.25,38.5;236,27.75;295.25,92.75;317.5,151;2.5,194;18,297.75;194,180.5;311,198.25
10072;7.5,6.75;197.75,7.75;253.5,46.5;317.5,151;2.75,192.75;67.75,269.5;145.5,160.5;311,198.25
17603;2.25,63.25;131.75,10;253.5,46.5;273.75,132;2.75,192.75;93.25,269.25;122,164.25;350.5,175.75
3080;38,134.25;179.5,38.5;253.5,46.5;260.25,95;19.75,171;68,209;75.75,198.25;350.5,175.75
42308;23.25,170.75;244,81.5;277,129.75;287.5,168;58.25,107.75;64.75,212;75.75,198.25;350.5,175.75
38784;23,229.25;243.25,23;277,129.75;303,189.25;60.75,173.25;82.75,215.75;107,273.25;350.5,175.75
30615;36,281;207.5,62.25;262.5,180.25;330,152.75;60.75,173.25;95.75,220.25;108,228.5;350.5,175.75
19621;106.5,284.25;173,49.75;262.5,180.25;330,152.75;82.75,212;119.25,203.5;177,230.25;291.75,172.25
112;104,319.25;173,49.75;208.5,166.25;330,152.75;70.75,170.25;103.75,197;185.75,288;330,159.5
35861;88.75,297.25;120.25,16.5;170.25,188;330,152.75;69.5,150.75;103.75,197;179.75,295.75;335.75,205.25
7556;85.75,312;103.75,12.25;175.5,163;330,152.75;69.5,150.75;82,202.75;146.25,283.75;301,197.5
33007;137,264.25;142.75,1.75;157.25,145;330,152.75;15.25,201.75;105.25,122.5;144,225.25;301,197.5
44397;64.5,312.25;87.75,67;116.75,186.75;361.25,69.75;57,249;105.25,122.5;144,225.25;287.25,280.75
32026;55.75,294;87.75,67;144.75,146.25;361.25,69.75;79.75,315;135.75,105.5;145.25,255.25;221.25,261
40318;55.75,294;66.25,21.25;200.25,83.75;314.5,3;108.5,314.25;137.25,107;166.5,298.75;221.25,261
10500;44.25,238.5;123.5,20.5;126.5,45.75;273.25,51.75;108.5,314.25;129.5,97.75;166.5,298.75;221,271
18441;96,300.5;139,97.25;196.5,7.5;247,62.25;108.5,314.25;129.5,97.75;176,287.25;183.25,198
37965;33.25,314.75;179.25,110.5;197,37.75;239.25,35.75;45.25,320;129.5,97.75;169.75,266;183.25,198
19293;18.5,283.25;172,161.5;180.5,47.5;245.75,80.25;45.5,305.75;129.5,97.75;159.25,299.75;183.25,198
30980;3.5,240.5;172.5,196.75;235,54.25;315.5,41.5;14.25,310.75;129.5,97.75;138.5,250;183.25,198
13460;3.5,240.5;172.5,196.75;269.5,70.25;366.75,68.25;64,271;105.25,103;107,276;146.5,262.5
35448;27.25,273.25;170.5,193.75;286.25,55.5;360,20.75;71.5,224;105.25,103;107,276;117.25,237.25
4124;27.25,273.25;170.5,193.75;314.25,98;353.5,43.75;49.75,252;112.5,93.5;113.75,216.5;159.5,252.5
32070;27.25,273.25;185.25,219.5;268.5,67.5;356,17.75;49.75,252;55.75,130;140.5,152;144.5,302
2770;67.75,295.5;217.75,261;309.75,55;356,17.75;14.5,227.25;55.75,130;115.75,196;126.25,316.75
21016;67.75,295.5;188.25,201.75;309.75,55;364,37.75;44.25,160.75;82,190.5;127.75,228;150.75,302
37660;13.5,300.75;168.5,260.25;247.25,41.25;339,81;44.25,160.75;95,171.5;130.75,215.25;150.75,302
14134;70.75,318.5;108.5,243.5;280.5,10.25;300.5,55.5;99.25,135.75;109.25,100.5;130.75,215.25;150.75,302
45637;70.75,318.5;145.75,238.25;266.25,18.5;276.5,122.5;33.75,109.25;67.5,109.25;98.75,282.5;130.75,215.25
1175;11.25,279.75;74.25,280.75;270.25,77.5;333.75,102.25;11,60;87.5,136.75;98.75,282.5;130.75,215.25
5795;13.25,298;32.25,307.5;278,45.5;316.5,151.25;11,60;59,101.75;98.75,282.5;171,184
7929;42.25,238.5;51.25,240;240.5,23;301.5,84.75;11,60;85.5,116;98.75,282.5;154.75,122.25
5975;8.75,190.75;41.25,241.75;277.75,18;291.75,98.25;11.25,60.5;85.5,116;98.75,282.5;125.25,107.25
23660;20.25,240.5;26.25,273;270.75,74.5;277.75,18;11.25,23;61,191.5;100.5,231.25;125.25,107.25
12945;34,273.5;67.5,307.75;231.75,124.5;272.5,55.5;11.25,23;59.5,223.75;72,183.75;125.25,107.25
33427;49.75,285.75;52.75,322.25;270.75,149.75;272.5,55.5;12,4.25;30,280;74.75,184.75;125.25,107.25
48097;8,300.75;126.25,287.5;261,219;272.5,55.5;12,4.25;37.75,312.25;80,207.5;196,174.75
46281;75.25,280.75;75.75,234.5;200,246.25;230.75,129;12.25,11.25;37.75,312.25;52.75,133;196,174.75
41841;43.5,238.25;89.75,168.5;245,218.25;270,148;37.25,54.75;37.75,312.25;45.25,138;196,174.75
49377;81.5,261;87,142.75;235,252;272.75,166;37.25,54.75;37.75,312.25;55,176.75;190.5,213.5
3170;12,307.5;90,155.25;172,294.25;248,170.75;37.25,54.75;40.25,292;94,157.75;190.5,213.5
5553;2.5,294;73.5,174.75;211,279.5;268.5,128.25;37.25,54.75;40.25,292;109.25,144.5;148,179.25
33884;73.5,304;143.25,128.25;183.5,208.25;257.5,53.25;22,35.5;40.25,292;109.25,144.5;129.5,259.75
4645;82,267;143.25,128.25;199,230;257.5,53.25;6.5,3.5;84,235.5;90,196.5;123.5,197.25
14007;82,267;143.25,128.25;199,230;224,39;14,18.25;71.5,289.75;84,167;171.5,162.5
35325;95.5,201.25;104.75,62.5;167.5,224.5;224,39;7,71;65.5,288.75;71,242;171.5,162.5
30730;38,193.25;72.25,32.75;137,264.75;224,39;7,71;17.25,273;88,314;184.25,162
20486;24.5,127;44.5,31;137,264.75;160,59;3.75,45.25;16.75,215.75;20.25,297.5;184.25,162
20494;3.75,158.75;66.75,67.25;92.75,243.25;160,59;13.25,4.5;18.25,202.75;20.25,297.5;223,219.5
29231;31.25,197.5;56.75,8;114.5,279;146.75,15.75;13.25,4.5;18.25,202.75;31.25,304;222,219.75
20643;41.5,228.5;82,80;122.5,227.5;146.75,15.75;13.25,4.5;40.75,292;106,318.5;294.75,277.75
21609;30.75,301.75;50.75,46.25;57,216.75;192.75,10.25;13.25,4.5;40.75,292;101.5,268.5;293.25,270.5
27694;34.25,239.75;73.75,45;77.75,146.25;175,18.75;8.25,34.75;30,309;101.5,268.5;293.25,270.5
50056;34.25,239.75;43.25,23;137,127.25;175,18.75;31.75,78.5;38.75,320.25;125,247.5;314.5,208.5
27067;34.25,239.75;66.5,87;108.5,76.75;181,38.75;31.75,78.5;47.75,319.25;160.5,223;322,261.75
40715;17.25,248;126.5,55.5;153.75,119.25;195,62.5;31.75,78.5;75.5,284.5;89,221.25;322,261.75
28145;8.75,240.5;126.5,55.5;145.5,125.5;195,62.5;73.5,72.75;93.25,269.25;97.5,170.75;359.75,213.25
1538;41.25,312;63.5,1.25;117,69;173.75,89.5;18.25,18.5;93.25,269.25;97.5,170.75;295,216.5
1487;41.25,312;125.75,11;136.75,129.5;229.5,101.25;18.25,18.5;18.75,310.75;64.25,164.5;236.5,205
36888;16.5,309.5;146.25,78.5;197.25,85.5;222.5,64;17,4.5;53.25,263.25;64.25,164.5;236.5,205
5377;61,318.25;73.5,115.75;181.75,11;203.5,8;17,4.5;53.25,263.25;94.25,152.75;188.25,190
2255;54,279.75;140,150.5;173.25,16.5;181.5,5.75;17,4.5;53.25,263.25;86.25,132;188.25,133.5
32591;33.75,207.25;162,195;183.75,78.25;218.25,30.25;17,4.5;29.5,279.5;86.25,132;136.5,188.25
50326;112.5,206.75;214.75,203;242.5,28.75;260.25,57.75;17,4.5;29.5,279.5;138.5,143.5;193,184.75
39417;147,223;163.25,228.25;202,93;313.5,24.25;17,4.5;29.5,279.5;169.75,89.5;184,176.25
40937;79.75,240.75;163.25,228.25;176.5,47.25;285.25,74.25;7,61;39.25,308.25;126,129.75;184,176.25
25689;79.75,240.75;167,271.75;171.75,115.75;324.5,32.5;15,98.75;39.25,308.25;71.25,125.75;212.75,186.5
47935;11,251.5;108.5,295.75;171.75,115.75;333,97.5;8.5,70;39.25,308.25;131,98.25;186.5,221
45733;48.25,239.25;97.5,303.75;187.75,158.5;293.75,166;8.5,70;39.25,308.25;103,156;214.25,193
20780;30.25,170.75;140.5,286.5;154.25,224.75;276.25,101.75;52.5,92.5;58,288.75;103,156;214.25,193
30937;23.5,120.25;67,255;160,296.5;300,55;5,145.25;58,288.75;103,156;190,221
33938;30.5,72.5;50.5,295;107,310;332,56;5,145.25;20,306.25;89.25,177;190,221
8276;7.5,107.5;74,318.25;77,281.25;367.25,71.75;5,145.25;20,306.25;68.5,194.5;241,274.75
27511;8,175.5;33.75,297.75;94.75,309.75;331.5,112.5;5,145.25;20,306.25;82.25,214.5;290.75,286.75
32185;0.5,201.5;56,284.25;151.75,320;364.5,196;5,145.25;7.5,284.25;82.25,214.5;290.75,286.75
13797;34.75,264;72.25,297.75;164.5,310;364.5,196;4.5,69.75;22.75,311;83.75,215.75;290.75,286.75
45892;47.5,198.5;50,230.25;214,259;314.75,139.75;15,71;22.75,311;92,169.75;290.75,286.75
13018;38,252.5;52.5,226.5;232.75,230;306.5,157.25;15,71;18,322.75;52.25,222.25;290.75,286.75
5406;42.25,297;58.75,277.75;232.75,230;298.25,114.75;15,71;36.75,306.75;71.75,211;293.5,287.75
40498;29.25,299.5;55.5,242.5;162.75,200.25;365.75,74.25;14,68.5;32.25,251.25;71.75,211;293.5,287.75
43566;2.75,261.25;74,175.5;170.5,184.25;335.75,137;14,68.5;94,284.25;128.75,161.5;293.5,287.75
6924;2.75,261.25;61,176.75;207.25,169.75;335.75,137;50.75,129;127,307.75;163.25,230.5;354.75,294.75
31721;7.25,273.75;98,159.25;251.75,153.5;366.75,145.25;69.75,152.75;113.25,224.5;127,307.75;354.75,294.75
16853;7.25,273.75;139.5,223.5;308,137.25;352,229;74.75,168.75;84,234.5;127,307.75;321.25,311.5
49079;83.5,286;100.25,252.5;301.5,211;314.25,305.25;70.5,189.75;84,234.5;127,307.75;266.75,319.75
22977;30,227.5;74.75,291.5;301.5,211;368.25,311;67.25,247.5;70.5,189.75;89.5,299.5;228.5,304.5
28623;57.75,157;140,311.75;227.5,211.25;368.25,311;24.75,279.5;70.5,189.75;84.25,320.75;307.75,306.5
31516;44.75,138.5;164.25,322;277.5,241.25;341.5,252.25;5.5,280.25;73.5,141;84.25,320.75;307.75,306.5
19054;66.5,75.25;94,297.5;287.75,231.75;334.75,224;5.5,280.25;73.5,141;161.5,299;307.75,306.5
32126;42.25,30.25;42.25,284.75;278,180.75;365,231.25;43.75,254.25;101.75,107.5;161.5,299;307.75,306.5
23314;42.25,30.25;50.5,284.25;329,151.25;365,231.25;15.25,317;91.25,65.5;119,275.75;329.5,314.25
49779;94.75,32.5;118.75,260.25;261,180.5;337.25,149.5;15.25,317;83.25,16.25;125.75,246.25;329.5,314.25
38898;113.75,53.25;116.75,315.5;276,222.75;281.25,164.5;43,264.5;83.25,16.25;167,303.75;329.5,314.25
9766;104.25,47;116.75,315.5;236,210.25;281.25,164.5;10.5,272;22.25,60;171.75,290.25;288.75,288.25
34048;146,19.25;199.5,311.5;215,230.75;234.75,136;67.5,289.25;87.75,66.5;171.75,290.25;288.75,288.25
24248;146,19.25;247.75,291.25;305.5,235.75;317,111;67.5,289.25;86.75,131;226,274.5;330.5,218
18036;173,89.75;247.75,291.25;332.75,278.25;356.25,152.75;10.75,294;86.75,131;197,307.75;351,156
6992;145.75,124.25;249,218.25;291,321.25;294.25,164.75;10.75,294;86.75,131;146.25,299.5;358.75,167.25
17343;103,141.5;210.75,259.5;300.5,320.25;314,225.75;10.75,294;120.5,161.75;173,239;358.75,167.25
25591;148.25,158;207,311.75;300.5,320.25;359,202;87,303.5;120.5,161.75;195.25,176;308,171.25
2969;148.25,158;165.75,281.25;300.5,320.25;359,202;79,220.75;83.5,147.5;121.25,161.5;357.5,158
4455;143.75,126.5;165.75,281.25;260.75,255.25;326,136.25;72,241.5;141.5,150.5;160.25,89;357.5,158
37643;93.5,90.75;168.5,322;260.75,255.25;267.75,106.5;115.5,217.75;141.5,150.5;163.75,101.25;341.25,171.5
7410;150.25,137;202.5,310.75;225.75,193.25;295.25,98.75;70.5,194.5;119.5,113.75;163.75,101.25;341.25,171.5
36858;162.75,125.75;258.25,322.25;272.25,166.25;282.5,167.75;91.5,248.5;119.5,113.75;163.75,101.25;341.25,171.5
31911;161.5,60.25;184.25,317;332,112.5;343.5,142.25;91.5,248.5;113.25,55.25;172,162.25;341.25,171.5
12768;134.75,127.25;215.5,278.75;269.25,101.5;362.75,208;91.5,248.5;96.75,131.5;196,176.5;341.25,171.5
40848;181.75,154.25;248,218;268,34;359.5,126.75;91.5,248.5;96.75,131.5;243.75,230.5;290.75,234.25
2036;199.5,184.75;226,281.5;244.75,44;359.5,126.75;62.25,316.75;63.25,177.5;221.25,200.5;290.75,234.25
16788;136.25,187.5;220.75,219.5;221.75,92;360.75,118.75;62.25,316.75;63.25,177.5;146.25,189;271.25,214.25
2053;136.25,187.5;195,225;210.25,30.75;341.75,79;62.25,316.75;71.25,171;125.25,116;251,141.25
19447;111,220.25;167.5,234.5;177,37.5;341.75,79;62.25,316.75;81.5,190.5;104.5,163;307.75,122.5
2458;95.75,161.25;116.75,186.75;122.75,57.25;341.75,79;39.75,293.5;81.5,190.5;120.5,174.75;260.5,121.5
19457;42.25,222.5;100.25,162.75;186.5,59.25;341.75,79;54.5,254;64.75,216.25;87.75,156.25;260.5,121.5
45096;42.25,222.5;153.25,177.5;253.25,78.75;341.75,79;6.5,287.75;43.75,162.5;58.5,172.75;247.75,176.25
41656;24.5,266.5;174.25,181.75;285.25,101.75;341.75,79;21.5,307.5;29,122.75;39,190;247.75,176.25
36915;28.25,278.25;183.25,155.75;295.5,92.25;361,29;21.5,307.5;39,190;59,152;187.75,176
9396;28.25,278.25;152.75,227.25;310.5,13.5;367.75,70.75;6.5,307.75;11.25,228.5;87.5,125.5;187.75,176
44580;36,206.5;115.25,251.25;251.25,19.25;367.75,70.75;6.5,307.75;11,203.5;148.25,176.5;192.75,254.75
37518;76.75,184.5;99,188.75;242.75,12;367.75,70.75;6.5,307.75;74,196.75;175.5,249.5;185,197.5
14704;76.75,184.5;155.25,194.25;257,44.5;350.25,34;6.5,307.75;78.25,167.25;128.5,313.75;192,165.5
5102;55.5,177;119.25,230.75;262.75,13;273.25,39.75;6.5,228.25;126.25,157.25;128.5,313.75;192,165.5
20081;50.25,183;177.25,270.5;249,11.5;299.75,112.75;52.75,222.5;76.25,215.5;128.5,313.75;192,165.5
23832;32.25,190;176.25,269.5;204.25,60.75;270.25,168.25;52.75,222.5;141.5,223.75;179,289.25;192,165.5
42782;47.25,208.5;202.25,319.25;226.25,54;272.25,173;38,265;149.25,225.75;179,289.25;192,165.5
27247;11,227;214.5,302.75;244.25,45.75;300.75,231.25;10.25,308;96.5,228.25;179,289.25;192,165.5
12507;11,227;165.5,279;253.25,36.5;274,201.25;10.25,308;130,194.25;143.25,223;144.25,223.25
42329;35.5,223.25;199.25,277;226,81.75;250,258.25;10.25,308;143.25,223;164.25,165.5;204.5,231.75
43800;35.5,223.25;222.25,230.25;237.25,33.25;283,321.25;31,309.75;82.5,235;97,136.25;204.5,231.75
33690;17.5,306;207.75,261;286,73.25;292.5,319;31,309.75;65.25,265.75;186.75,134.5;204.5,231.75
44636;82.5,303.5;235.25,258.5;239.5,29.25;287.75,229;31,309.75;108.5,295;158.75,73.75;204.5,231.75
16021;82.5,303.5;225,302.5;239.5,29.25;349.25,227.75;41,279;70.25,270.75;172.75,96;174.5,237.5
39100;107,309.5;216,319;302,53.5;368,193.75;41,279;70.25,270.75;166.75,92.75;169.75,190
28773;107,309.5;291.75,320.5;302,53.5;351.75,259;34.5,231;119.5,259.75;125.75,150.25;184,233.25
6830;65.5,311.75;302.75,321.25;342.25,21.75;369.5,195;20.25,296.75;119.5,259.75;125.75,150.25;185.5,231.25
14710;65.5,311.75;302.75,321.25;342.25,21.75;355.75,118.25;18,297.75;68.75,298;132.25,195;161,202.25
48598;65.5,311.75;273.5,250.25;357.5,7.25;367.75,53.75;15,292;16.5,222.5;132.25,195;159.75,204
42909;42,306.5;202.25,283.25;304.75,34.75;358,134.25;16.5,222.5;38.75,307.25;130.75,194.25;159.75,204
14439;90.25,286.25;203.5,311;280.5,33;299.75,110.5;16.5,222.5;38.75,307.25;154.25,120.5;159.75,204
24954;18,286.75;234.75,268.5;280.5,33;299.75,110.5;15.25,141.25;39.5,297.5;187.25,178.25;240.5,176.75
31625;35.5,239;235,267.5;280.5,33;299.75,110.5;27.25,123;34.25,231.25;247,219.5;248.25,129.75
25354;35.5,239;213.5,259;268.75,60;274,142.5;27.25,123;45.5,293.5;179,239.25;312.25,164
31178;38.25,197.25;213.5,259;270.25,26.5;307.5,112;24.5,94.75;45.5,293.5;170.75,257.5;356.5,174.5
278;80.5,230;191.75,213.5;240.25,61.25;305,100.75;24.5,94.75;55,297;158,295.25;356.5,174.5
29400;42,201.25;191.75,213.5;240.25,61.25;299.5,55;2.5,40.75;36.5,265.75;146,299.75;339,163
26668;2.5,262.25;148.25,188;195.25,5.75;334.5,34;2.5,40.75;11.5,242.75;146,299.75;343.25,141.25
36532;2.75,280.75;88,176;131.25,29.5;280.25,61;2.5,40.75;16.5,270.5;146,299.75;265.25,147.5
20333;2.75,280.75;52.5,218.5;136,20;204,42.5;7,4.25;16.5,270.5;186.75,290;286.75,84.5
21339;14,263.75;69,294.5;136,20;220.75,35.75;7,4.25;75.75,288.75;271.5,269.5;294.25,98.75
36176;8.5,310;44.25,242.5;46.25,31.25;211,45;7,4.25;75.75,288.75;208.75,207.75;348,52.25
10324;17.75,226.75;27,268;37,123.25;242.5,118.25;7,4.25;58,255.75;184.5,274.75;348,52.25
3513;7.5,177;27,268;45.5,123;242.5,118.25;41.5,49.5;65.5,259.25;179.5,231.25;337,52.75
35990;12.75,228.5;16,262.75;33.5,122.25;279,129.25;37.5,76.25;65.5,259.25;179.5,231.25;290.5,42.5
14244;9,262.75;43.5,239.75;52.25,177;249.5,166;37.5,76.25;65.5,259.25;181,213.75;324.25,50.5
22935;59,216.25;74.5,176.25;100.75,189;249.5,166;61.5,15;70.5,252.75;181,213.75;357.25,1.5
4791;36.25,276;52.5,219.25;100.75,189;216.75,229.75;15.75,12.5;52,195.75;181,213.75;329.25,9.75
17763;14.25,273.75;110,222;155.5,202.5;177.25,173;30.25,75.75;51,193;181,213.75;329.25,9.75
5356;60.5,282;110,222;123.75,142;147,118;5.5,71.75;51,193;141.25,197.75;350,82
26086;76.75,312;80.5,255.25;82,174.75;176.5,162;5.5,71.75;60.5,174.75;141.5,191.5;350,82
1712;7.5,306;66.75,304.5;93.5,178.25;176.5,162;5.5,71.75;95,194.5;188.75,176.75;353.75,77.75
44487;11.75,263.75;30.75,307.75;93.25,214.25;146,226.5;5.5,71.75;133.25,196.25;231,149;353.75,77.75
21602;11.75,263.75;30.75,307.75;162,213.75;207,177.75;2,129.25;187.75,197.5;205,93.5;343.25,140.25
4469;42,239;45.75,280.75;128,204.5;250,205;2,129.25;229.25,227.75;250.25,75.5;343.25,140.25
47256;2.75,180.5;27.25,315.75;64.5,219;210.75,239.25;20.25,180;187.5,226.75;250.25,75.5;343.25,140.25
3874;22,189.5;28.25,301.75;35.5,258.25;210.75,239.25;21,201.75;187.5,226.75;316.5,85.5;359,159
45347;2,106.25;28.5,284;35.5,258.25;154.75,309.75;28.5,215;221,271.5;316.5,85.5;352.5,190.75
13826;18.75,41.75;45.5,216.75;97.5,281.5;185.25,317;29,222;221,271.5;323.75,66.25;352.5,190.75
40523;15.5,74.75;37.5,286.5;118.25,254.25;200,311.75;6.75,279;221,271.5;323.75,66.25;352.5,190.75
7069;13.5,8.25;30.75,228.75;51.75,242.5;221.25,228;53,253;297.75,258;323.75,66.25;352.5,190.75
37568;13.5,8.25;79.25,227.75;87.5,203;271.5,215.25;64.75,212;297.75,258;355.75,83;367.5,234
48877;13.5,8.25;79.25,227.75;87.5,203;275.75,219.25;8.5,243.5;315.25,309.75;331.75,58.5;363.5,262.25
24078;13.5,8.25;39.75,162.25;41.5,201.25;288,262.25;19.75,171;315.25,309.75;328.25,124.75;348,187.25
11689;13.5,8.25;41.5,201.25;71.75,147.75;296.75,167.5;26.75,165;220.5,280.25;247,128.25;360,263.75
16175;5.25,10.25;41.5,201.25;43,122;343.25,113.25;10,129.25;220.5,280.25;285.25,151.25;319.5,261.5
21909;35.75,66.25;37.75,123.75;73.75,88.5;274,134;60.5,93;220.5,280.25;285.25,151.25;354.5,296.75
46463;50.5,138.75;76.5,147.25;114.75,141;274,168.5;60.5,93;266.25,274;285.25,151.25;359,278.25
32460;6,103.25;56.25,97.75;123,124.75;274,168.5;75,45.75;266.25,274;339,115;340.75,223.5
29833;8,38.75;16.75,145.25;165.5,162.25;275.25,120.25;56.75,30.25;266.25,274;311.5,126.75;340.75,223.5
977;19,30;38,181.25;123,124;326.25,191.75;91.5,52.75;266.25,274;311.5,126.75;366.25,276.5
13432;57.5,67.25;121.5,149.25;167.5,135;252.75,153.5;108.5,11.25;266.25,274;354.25,56.5;366.25,276.5
24523;106,18.5;121.5,149.25;172.5,148;252.75,153.5;116,36.25;283.75,203;300.5,3.75;340.25,314
12554;61.25,5.5;77,176.5;137.75,125;284,142.25;116,36.25;234,273.5;258,5.75;340.25,314
28970;61.25,5.5;94.75,255.5;110.5,109;213,197.5;43.5,41;256.75,310.25;257.5,45.75;340.25,314
45970;12.5,32.25;51.25,295;56.75,171.25;213,197.5;40.75,31.5;222,271;253,21.25;340.25,314
8876;76.5,6.75;80,221.75;93.5,202.25;271.75,134.75;40.75,31.5;190.5,180.75;253,21.25;353.75,291.75
38240;5,4.75;22.25,153.75;71.5,257.25;271.75,134.75;97,35;151.75,153.25;253,21.25;316.5,222.25
12402;5,4.75;11.5,104.75;81.25,248.75;271.75,134.75;119.25,8;131.75,227.75;307.5,4.25;356.75,232.5
47563;27.5,31;82.25,63.75;87.5,322;190.25,111.75;74.5,56;131.75,227.75;307.5,4.25;356.75,232.5
34228;12.25,63;56.25,9;93.5,295.5;153.75,124.5;74.5,56;133.25,252.25;266.5,10;356.75,232.5
32593;4,4.25;5.25,42.25;93.5,295.5;142.5,126.25;31.5,29.5;178.5,288.75;242.5,76.5;356.75,232.5
31712;4,4.25;5.25,42.25;122,284;142.5,126.25;0.75,45;245.25,320.25;268,125.75;352.5,298.25
20349;47.25,46.25;96.25,8;128.25,287.5;194.25,85;0.75,45;227,275.25;230.5,159;352.5,298.25
10507;73.75,70;114.5,42.5;123.75,243;272,73;0.75,45;227,275.25;289.75,132.5;305.75,291.25
22759;74.5,141.75;114.5,42.5;147,226.25;267,111;0.75,45;170.5,265.25;300.25,184.75;356.25,262.75
29434;1.75,177.75;51.25,57.5;147,226.25;310,70.5;0.75,45;144.25,223.25;284,175.75;349.75,186.25
20391;41.75,190.5;84.75,97.5;102,207;338.75,23.5;7.5,95;80.25,216;284,175.75;349.75,186.25
23584;41.75,190.5;42.75,93.5;152.25,159.5;285.25,38.25;61.5,100.5;61.5,194.5;253,121.5;349.75,186.25
15766;43.5,242.75;117.25,53.75;152.25,159.5;356.5,7.25;9,148.25;124,152;300,114.5;349.75,186.25
13278;42.5,285;71.25,70;142,118.25;356.5,7.25;32.75,80.5;112,224.75;304.75,84;349.75,186.25
12846;0.75,276.75;63,130.5;142,118.25;356.5,7.25;7.25,138;69,175.75;306.5,150.5;316,195
22328;32.25,238;75,141;86.25,181.5;356.5,7.25;81.25,99.25;91.5,109.25;316,195;328.25,163.75
36990;32.25,238;105,137.25;142.25,177.75;356.5,7.25;117.25,118;119.25,163;305,233;341,230.5
30325;38.75,311.75;52.25,176.5;185.75,157.5;350.5,10.25;71.75,181.75;175.5,213.5;305,233;341,230.5
10186;65.75,295.5;85.5,191.75;185.75,157.5;312.25,52.5;97.75,220.25;112.5,194.25;273.25,173.5;341,230.5
29911;30.25,312.75;107.25,234.75;208.75,201;273,66.5;76.75,251.5;112.5,194.25;273.25,173.5;336,174
28428;71.75,281.25;173.75,233.25;207.75,186.25;308.75,55.5;21.75,201.75;112.5,194.25;273.25,173.5;341.25,170
502;40.5,317.75;97.75,253;223,183.5;361.75,116.75;31.75,146.5;112.5,194.25;238.75,164.75;341.25,170
15457;17,309;26.5,258.5;223,233;356,95.25;31.75,146.5;112.5,194.25;232.5,127;301.5,95
17446;3.75,285.25;34.5,239.5;237,281;356,95.25;27.5,192.25;112.5,194.25;222.25,99;247.25,131.75
18942;3.75,285.25;58.5,241.5;246,292.5;287.75,75;27.5,192.25;142.5,202.75;222,166.75;235.25,150
13145;18.5,310.5;106.5,194.5;177,316.75;336,7.75;27.5,192.25;110,153.75;222,166.75;241,132.75
25590;27.25,261;59.5,175.25;252.75,313.5;336,7.75;7.5,279.25;147.5,202.75;182.75,161;241,132.75
27857;57.25,285.75;59,218.5;221.75,260.5;336,7.75;7.5,279.25;159.75,231;161,225.75;185.75,174.25
32197;30.75,241;44,261.5;221.75,260.5;357.25,10.25;11.5,228.25;148,262.5;161,225.75;220,203.5
332;7.5,176;116.75,281.5;221.75,260.5;308.25,33.5;19.25,203.5;138.75,197.5;148,262.5;225.5,134.25
9967;7.5,176;156.75,302.5;221.75,260.5;272.25,75.75;75.25,182.25;77.75,173.75;118,215.25;284,93
48658;7.5,176;140.25,315.75;221.75,260.5;235.5,80;35,222.5;89,247.25;144,240;340.75,148
18800;8,190.5;167,323;222.25,200;224.25,92;3.75,288;35.75,254;144,240;340.75,148
48070;11.75,262.5;167,323;197.75,244.5;235.25,129;58,306.5;67.25,210.5;181.25,235.75;340.75,148
27897;11.75,262.5;103.25,317;197.75,244.5;269.5,178.5;105.5,319.75;114,222.75;127,225;291.75,198.75
6919;11.75,262.5;102,252;197.75,244.5;334.75,134.5;72.25,297;106.25,281;153.75,221.75;248.5,195
43490;11.75,262.5;102,252;196,294.75;356.25,198.5;5.5,303.75;89.5,267.5;103,197.5;249.75,266
657;17.5,263;105.5,237;196,294.75;356.25,198.5;14.5,294;24,226.5;114.75,245.5;302,194.75
11403;42.75,226.75;152.25,299.5;186.75,239.75;320.25,260.5;14.5,294;24,226.5;151.25,203.75;301.25,135.75
18430;48.25,203.25;152.25,299.5;186.75,239.75;348.75,290;13.75,288.25;23.25,218.5;147,185.25;315.75,121
47316;48.5,270;178,238.75;249.75,210.75;310.25,317.5;13.75,288.25;23.25,218.5;141,147.75;260.5,107.5
29857;48.5,270;138.25,227.25;246.25,134.25;251.75,275.5;13.75,288.25;29.5,215.5;152.25,222.25;230.5,45.75
32808;48.5,270;174.75,293.25;246.25,134.25;300.5,320.25;7,240.75;71.75,173.75;222,212.25;234.75,50.5
26969;0.5,273.25;162.75,319.5;246.25,134.25;300.5,320.25;20.25,294.75;87,197;185.25,175.5;208.75,57
20901;73.25,299.5;178,316.25;299.75,180;300.5,320.25;20.25,294.75;135,223.5;212,99;265,36.75
44511;25.25,269.75;152.75,318.5;345.75,224.5;358,307;20.25,294.75;145.75,269.5;212,99;265.75,37.75
47689;48.5,191;120,287;316.5,151.75;322.75,228;20.25,294.75;122.5,298.5;212,99;352.75,9.75
8692;48.5,191;120,287;293.5,127.5;341.75,215.5;47,308.75;184,306.75;242.25,72;359.25,55.25
23591;12,153.25;179.75,317.75;282,138.5;341.5,242.75;47,308.75;162.25,317.75;252,12.75;359.25,55.25
34516;0.75,177.75;174.5,265.75;357.5,138;364.75,313.75;47,308.75;180.25,296.5;252,12.75;359.25,55.25
5862;64,145.5;242.25,286.25;285.25,141.75;313,245.75;47,308.75;156.75,222.75;252,12.75;337,78.25
3440;47,95;242.25,286.25;285.25,141.75;352.25,227.75;112.75,274.75;212.75,173.75;229.75,68.75;347.75,77.5
6643;68.25,129.25;242.25,286.25;301,114.25;302,210;129.5,308.75;160.75,231;229.75,68.75;326.25,6.75
4925;134,150.25;290.75,246.5;332.75,141.25;353.5,242.75;127.25,317.75;160.75,231;229.75,68.75;298,9.75
41138;184.75,111.75;290,320.75;308.5,135.25;315.75,243.5;127.25,317.75;185.5,288;246.25,133.25;298,9.75
41677;184.75,111.75;290,320.75;326.5,53.75;335.5,218.5;142.75,269.75;159.25,298.5;296.5,196.75;340,22.25
4317;247,126;256.75,304.5;312,14.5;336,298.75;142.75,269.75;159.25,298.5;296.5,196.75;306.25,85.5
45495;250.75,181.5;256.75,304.5;295.25,8.5;367.75,312.75;146.75,299.5;163,300.5;302.5,186.25;306.25,85.5
22496;250.75,181.5;306.5,300.75;330.75,3.5;354.75,298.25;195.75,319.75;241,320.5;299.75,153.5;306.25,85.5
21105;260.25,230.5;261.25,322.25;330.75,3.5;347.5,320.5;199.75,254.75;240,310.25;300.5,126;306.25,85.5
8502;248.5,177.25;251.25,297.5;269.75,65.25;341.25,228;199.75,254.75;279.5,287.75;306.25,85.5;329.5,130.5
46854;245,172.75;305.25,304;329.5,17;365,173;239.75,257.25;279.5,287.75;306.25,85.5;317.25,183.75
7394;298.75,148.25;305.25,304;328.5,17.5;365,173;282,175;292,288.25;346,79.5;357.25,148.75
10870;217.5,202.5;238.75,284.25;278.75,75.25;367.75,122.5;282,175;313.5,243.75;343.5,62.5;357.25,148.75
16497;217.5,202.5;238.75,284.25;315.5,145.5;327.75,126.5;205,173.5;251.25,308.25;267,35.75;330.25,150.75
30277;198,246.25;219.5,244.75;280.25,168;327.75,126.5;161,222.5;251.25,308.25;262.75,6.25;291.25,105.75
23619;198,246.25;264.25,300;274,180.75;344.75,167;156.75,221.25;243.75,249;262.75,6.25;334.25,40
1130;115,282;295.5,263.25;325.75,242;371.5,120.75;128.75,223.75;243.75,249;262.75,6.25;329,118
40555;51,235;295.5,263.25;325.75,242;371.5,120.75;181.5,236.25;283,245.5;328.75,50.5;354.25,81.25
40816;16.75,241;293,265.25;335,280.5;371.5,120.75;181.5,236.25;309.25,196.25;331,43.5;347.25,79.75
27534;45.25,285.75;288,231;343.5,278.75;356.5,96.25;181.5,236.25;319,196.75;335.25,2.75;347.25,79.75
3081;45.25,285.75;281.25,166;343.5,278.75;356.5,96.25;117.5,252.5;339.5,147.75;363.5,42.75;365.25,82.75
32085;94.5,303.5;345.25,240.5;368.25,310;370.5,72.75;117.5,252.5;240.5,117;271.25,20.25;365.25,82.75
35443;29,269.75;345.25,240.5;345.5,311.25;348.25,112;114.5,215.25;206.75,74.5;271.25,20.25;349.75,81.25
5751;29,269.75;322.75,300.5;324,260.5;348.25,112;96,225;143.25,32.25;329.25,5.75;343,143.75
17869;5.75,293;282.5,284.25;285.75,321.25;293.75,153.75;121.75,281;137.75,39.75;329.25,5.75;343,143.75
44389;93.5,299.5;222.5,279;285.75,321.25;315,112.75;25,262.5;137.75,39.75;305.25,87.5;354,180.75
45955;117.75,281.5;203.25,316.25;285.25,318;332,89.75;58.5,307.5;137.75,39.75;294.5,3.75;354,180.75
33247;136.5,213.5;193.75,278.25;319.75,306.25;371,72.75;58.5,307.5;173.75,8.5;294.5,3.75;354,180.75
43894;70.25,188.5;211.5,260;319.75,306.25;371,72.75;92.75,318.5;121.25,19.25;240,6.75;292.5,198.25
28230;70.25,188.5;216.25,247.25;319.75,306.25;325.5,29;167,320.25;190.75,4.5;246.5,73;328,160.25
25133;123.25,233.75;163.5,226.75;319.75,306.25;325.5,29;166.5,237;171.25,11;288.25,121.75;355,197
14532;140,313;142.25,240.25;327,271.25;370.5,68.75;145.5,176.5;152.5,5.75;288.25,121.75;355,197
37743;91.5,287;135,265.25;327,271.25;362.25,34.75;145.5,176.5;163.5,31.75;312,112;345.5,142.75
32352;51.25,240.75;79,231.75;285.25,261;310.75,57.25;145.5,176.5;229.25,11;258.75,133.25;345.5,142.75
31637;15.75,222;103,194.75;285.25,261;356,130.75;145.5,176.5;175.5,4.25;318.5,81.25;338.25,59.25
2068;20.25,154.25;137.25,228.25;299.25,220.5;340.5,164;161.25,195.25;175.5,4.25;266,50.25;338.25,59.25
42000;73.5,147.5;103,247;228.75,171.25;337.75,136.5;161.25,195.25;185.75,18.5;223,56.25;338.25,59.25
33839;15,175.25;40.5,214;217.25,202;296.25,164.5;136.5,189.75;149.25,29.75;223,56.25;338.25,59.25
46633;29.5,137.25;31.5,196.25;169,224.25;240,215.25;118.5,215.25;149.25,29.75;223,56.25;314.75,53.25
28829;87.75,90;105.25,164.75;120.25,274;256.25,191.75;70.5,190;149.25,29.75;224,56.25;314.75,53.25
49810;70,103.25;99.75,160.75;108.75,283.75;256.25,191.75;70.5,190;209.5,68.25;257.5,12.75;277.75,12.75
540;1,109.25;140.25,225.5;179.75,307.25;243,225;52.75,223;161.5,87.5;257.5,12.75;277.75,12.75
38099;8,107.5;169.75,223.5;172.25,265.25;215.25,291.25;11.75,284.75;200.25,98.75;257.5,12.75;277.75,12.75
9949;70.5,102.75;100.75,222.25;174,268;212.75,291.75;28,322.25;200.25,98.75;257.5,12.75;349.25,24.75
3926;67.5,86.5;141.75,149.75;176.25,317;183.5,288.25;69.75,255;200.25,98.75;257.5,12.75;314.75,30.75
37375;114.25,123.75;157.75,134.5;176.25,317;195,225.5;140.75,251.75;200.25,98.75;294,2.5;359.25,2
32047;105.75,54.5;142.75,184;167.5,280.25;170.5,184.25;157.75,303.25;200.25,98.75;282.75,7.75;359.25,2
22956;81.5,23.25;136.75,151.75;138.5,239.25;190.75,232.75;123.75,208;200.25,98.75;220,16;359.25,2
15689;73,83;74.5,175.75;100,295.75;190.75,232.75;168,199.75;172.5,52.75;200.5,85.5;359.25,2
44907;5.25,50.25;39.5,126.5;44.5,242.5;184.75,269.75;166.75,224.25;176.75,52.25;200.5,85.5;359.25,2
42419;50.25,54.75;54.75,95.75;124.75,201.75;184.75,269.75;139.5,172;149,31.5;152.75,119.25;359.25,2
7117;40.5,124.25;45,158.75;52,176;251,274;83,131.75;149,31.5;218.5,131.5;359.25,2
33482;36.75,100.25;39.5,101.25;109.75,128.5;283.75,261.25;57.25,111.25;149,31.5;216.75,62;359.25,2
32398;20.25,103.25;79.25,124;136.5,128.25;283.75,261.25;14,50;145.5,4.75;216.75,62;349.25,24.75
6367;8.25,23.25;47,74.25;175.75,111.5;309.75,247.5;29.5,119.25;145.5,4.75;216.75,62;309.5,80.25
46239;31.25,40.75;47,74.25;151.5,34;310.25,161.25;29.5,119.25;225.25,5.75;258.25,20.25;342.75,100.25
26308;26.75,126.75;86.5,31;151.5,34;258.5,154.5;5.25,145.5;152.5,29.75;316.25,42.25;342.75,100.25
10703;26.75,126.75;131,32.75;223.5,49.25;307.25,114.5;14.5,94;82,20.5;316.25,42.25;349.75,78
684;26.75,126.75;180.5,0.75;197,83.25;355.25,162.75;34.5,77;82,20.5;255.25,4.75;279.5,110.25
21717;29,206.75;191.5,70;263.25,111.75;299,114.25;25.75,8;115.5,41.25;255.25,4.75;279.5,110.25
23445;95.75,228;191.5,70;331.25,129;352.25,100.75;64.5,55;67.75,8.5;255.25,4.75;279.75,109.75
43655;95.75,228;248.5,42.5;321,134.25;359.25,25.25;39.5,120.25;67.75,8.5;267.75,74.25;315.25,148.25
12542;76,175.25;274.75,104.75;288.75,169.5;307.75,52.25;37,75.25;108.75,56.25;267.75,74.25;315.25,148.25
36636;78.75,123;271.5,106.75;297.75,167.25;341,8;26.5,48.5;108.75,56.25;267.75,74.25;314.5,159.75
9164;85.25,107;221.25,92.75;291.25,221;341,8;76.75,21.5;113.5,30.25;267.75,74.25;351.75,205
20212;54.75,57;254,118.25;355.25,231;364.5,27.75;76.75,21.5;113.5,30.25;236.75,118.5;351.75,205
50418;62.25,68.25;317,151.75;321.75,230.75;334,29;75.5,21.75;113.5,30.25;236.75,118.5;352.75,191.5
46100;8.5,23.5;317,151.75;321.75,230.75;363.5,89.5;74.75,12;190.5,5.25;258,141.5;298,152.5
16179;11.5,42.25;306.5,104;330.25,290.25;336,48;74.75,12;190.5,5.25;248.25,122.5;330,94.75
18129;1,79.5;298,110.5;316.75,315.5;317.75,114.5;74.75,12;190.5,5.25;196.5,173.5;330,94.75
18534;5.25,62.25;260.25,110.25;265,242.5;317.75,114.5;86,17;190.5,5.25;229,209.25;267.25,148.5
14272;49.25,58.75;253,81.5;291.5,211;313,151.5;86,17;214.25,53.25;237.25,179;267.25,148.5
20957;120.75,59.5;212.25,105.75;264.25,254.75;328,115.75;46,79.75;214.25,53.25;237.25,179;313,161
2090;112,70;203.25,62.75;258,219.25;290,114;3,71.25;214.25,53.25;256.5,131.75;313,161
14918;149,48.25;159.25,108.25;214,275;290,114;2.75,134.75;150.75,28.75;256.5,131.75;351.5,203
10360;159.25,108.25;178,47.5;264.25,294;280.5,60.5;26.75,124.75;150.75,28.75;223.25,154.75;310.25,162.5
35800;185.25,58.5;215.5,45.25;227.75,252;314.5,86.75;26.75,124.75;150.75,28.75;163.75,161.25;360.5,162
26438;176.5,34;198.5,50.25;253,200.75;334.75,33.5;35.25,146;150.75,28.75;214,178.25;360.5,162
46970;204.25,19.5;225.75,38.5;275.5,180;371,69.25;18.75,120.25;107.25,20;214,178.25;360.5,162
30442;218.75,4.5;224.75,71;292,213;350.75,26.75;76,111.25;107.25,20;175.25,232;360.5,162
28027;170.5,38;185.25,90.25;292,213;350.75,26.75;89.75,64;119.5,73.25;224.5,229.25;285,201.75
14446;117.5,75.75;222.25,32.75;284.5,251.75;364.5,54.5;73.25,113.25;121.25,112.25;224.5,229.25;285,201.75
6660;70,31.25;258,61.25;316,217;316.75,16.5;63.25,93.5;148.75,169.5;224.5,229.25;285,201.75
18556;114.5,50.25;285,74;364.75,259.75;368,53.5;63.25,93.5;183.75,165.5;240.5,300.25;285,201.75
4330;145.5,6.75;242.25,118.5;358,305.5;368,53.5;52.75,135;183.75,165.5;247,309.25;317,217.75
50522;145.5,6.75;242.25,118.5;347.25,306.5;370,70.75;91.75,189.5;234.75,208.75;263.5,319.75;289.25,286.25
23558;156,83.5;242.25,118.5;264.75,300;370,70.75;112,197.5;261.25,287.25;266.25,287.75;269.25,215.25
46666;156,83.5;242.25,118.5;273.5,312.25;320.25,22.25;73.5,266.75;202.75,224;204.25,275.5;345.5,210.75
15716;156,83.5;232.25,47.75;273.5,312.25;320.25,22.25;134,214.5;141.25,197.75;169,255.5;358.75,188.25
28104;156,83.5;232.25,47.75;305,313.75;327.5,32.5;82,169.75;150.25,270.75;150.5,319.5;283.25,185.75
36810;113.25,23;182.75,89.5;272.5,243.75;360,100;82,169.75;117,296;150.25,270.75;270.25,106
9228;87.25,63.5;182.75,89.5;214,198.5;360,100;31.75,217.5;59,316.75;141.75,303.75;210,86.5
23815;105.25,20.25;182.75,89.5;203.25,232.75;360,100;15.5,279.25;106.5,320.75;129.5,308.75;231.5,39.5
9147;74.25,87;146,126.75;168,260.25;327.5,61;15.5,279.25;63.75,316.75;129.5,308.75;209.75,93.25
45194;74.25,87;146,126.75;168,260.25;339.5,22;10.25,287.25;56.75,308;75.75,289.75;254.75,47.5
44711;42.5,137.5;134,149.75;239.75,295.75;339.5,22;12.75,303.5;27.5,310.5;75.75,289.75;287.5,83.75
3227;45.25,182;179.25,110.5;276.5,278.25;299.75,33.5;12.75,303.5;27.5,310.5;72,288.75;226.5,65.5
47237;29.5,138.25;136,66.75;336.25,270.25;348,36.5;12.75,303.5;30.5,311.25;79.5,279.25;226.5,65.5
728;8.5,108.5;99,57.75;316.25,257;325.25,40.75;5.75,310.75;17.75,297.25;79.5,279.25;226.5,65.5
20516;8.5,108.5;162,72.5;282.25,186.75;299.5,82.5;17.75,297.25;25.5,320.75;58,203.5;250.25,130.5
31982;8.5,108.5;182,11.5;272.25,171.75;273.25,13.75;23.5,279.75;58,297;70.5,191;250.25,130.5
24888;65,84;127.5,33.75;283.75,103;353,8.25;25.5,279.75;58,297;70.5,191;278.25,107
15673;85,40.75;186.75,18.25;206.5,94;353,8.25;44,309.75;48,293;65.75,151;278.25,107
15090;87.5,120;160.75,38.75;206.5,94;295.75,55.25;44,309.75;61.25,221;111.25,82;272.5,50.25
20235;107.5,74.5;177.75,43.25;233,56.25;272.5,34;14.25,307.75;90.75,160.5;111.25,82;272.5,50.25
28218;153,29.5;196.25,11.5;272,1.5;272,2.5;22.5,249.75;46.75,121.5;111.25,82;272.5,50.25
1200;141.5,22.25;186,48;308.25,55.5;313.5,18.75;26,186.5;46.75,121.5;59,11;272.5,50.25
33534;79.5,8.25;162.75,129.75;325.5,30;353,87.5;31.25,253.25;46.75,121.5;73.75,21.5;272.5,50.25
6036;117.75,34.25;221.25,129.5;325.25,11.75;328.25,40.75;2.25,231;46.75,121.5;73.75,21.5;273.25,51.5
13195;142.75,10.5;229.5,186.5;285,56.75;346.75,22.75;45.5,247.5;46.75,121.5;77.75,21;273.25,51.5
32028;127.25,26.75;245.5,205;257.5,96.75;319,63;10.25,306.5;46.75,121.5;77.75,21;219.75,68
45820;80.75,84;239.5,153;258.25,26.75;319.75,105.75;4.25,288;58.25,133;77.75,21;219.75,68
20881;133.25,129.5;252,92.5;269.5,71.75;364.75,54.75;30.25,300.75;58.25,133;77.75,21;254,5.25
33694;162,188;201.75,61.25;284,57;309.75,13.75;30.25,300.75;58.25,133;141,46.5;317.5,14.75
14893;207.5,175.25;212.75,15.25;291.75,8.5;359.25,21.75;18.25,274.5;83.75,135.5;141,46.5;317.5,14.75
47994;164.5,147.5;212.75,15.25;291.75,8.5;354.75,43.75;19.75,212.75;61.25,96.75;159.75,89;355.75,5
30511;186.25,113;212.75,15.25;291.75,8.5;326,116.25;44.25,146;55.25,169.25;89,115.75;342.25,79.5
46895;127.25,123;295.25,8.5;320.25,32;354.25,183.5;44.25,146;55.25,169.25;81.25,59.75;248,77.5
39967;90.75,141.75;233,39.75;320.25,32;354.25,183.5;4,155.75;63.5,207.75;75.5,26.25;242.75,15.75
12872;47.75,99.25;230.75,22.25;320.25,32;354.25,183.5;14.75,203.25;55.75,223.75;119,40.5;321,47
50124;116,144.5;192,54.75;327,20.75;340,225;16.5,206.25;77.75,216.25;119,40.5;321,47
27966;50,139.25;177.25,114;362.25,31.5;363.5,288;16.5,206.25;77.75,216.25;119,40.5;354,8.5
42271;82.75,174.75;207.5,61.75;330.5,4.5;363.5,288;7.5,241.25;19.5,268.5;171.25,91.75;354,8.5
39231;76.25,205.5;261,55.25;284.25,55.25;304.75,304;7.5,241.25;77.75,237.75;171.25,91.75;314.75,41
2563;150.75,206.5;261,55.25;284.25,55.25;287.75,313.5;18.25,186.75;36.75,197.5;172,161.75;354.5,24
36826;180.5,207.25;256.75,38.25;284.25,55.25;287.75,313.5;18.75,124.75;67.75,148.75;221,195;354.75,72.5
40759;180.5,207.25;256.75,38.25;284.25,55.25;300.75,320.25;38.75,49;106.25,112.75;180.75,165.5;327.25,1.75
46973;163.5,216.75;215,40.25;269.5,19.5;284.25,312.25;20,17;119.75,171;180.75,165.5;327.25,1.75
38600;163.5,216.75;215,40.25;269.5,19.5;368.25,322;29.5,48.75;95.25,153.75;146.5,203.25;303.5,10.75
43720;133.75,148.5;136,39;271.5,33.5;368.25,322;29.5,48.75;127.5,131.25;130,281.75;240.5,46.25
23008;134.25,178;139.25,21;325.75,32.5;368.25,322;29.5,48.75;177.5,187;184.25,299.75;246,71.5
21385;61.25,161.25;81,25.75;274.75,106.25;330,293.5;29.5,48.75;117,214.75;184.25,299.75;277.5,34.5
2236;3,174;93.5,76.25;302,96.75;313.75,297;47.75,6.5;117,214.75;163,300.25;277.5,34.5
53;1.25,177;94.5,75.5;281,72.75;342.75,230.75;7.75,20;117,214.75;163,300.25;290.75,27
25161;1.25,177;94.5,75.5;302.75,74.75;343,198.25;3.5,5.75;102,200.5;112.5,252;262,17.75
13469;1.25,177;77.75,122;280.75,32.5;343,198.25;31.5,76.25;34.25,240.25;84.75,195.5;324,5.25
13940;4.25,194.5;75.75,103.5;280.75,32.5;355,242.25;25.75,70;34.25,240.25;92.5,221.75;342.5,79
7046;54.5,245.5;117.25,113.25;264,58.25;315.5,274.5;19.25,47.75;68,307.75;92.5,221.75;342.5,79
9209;76.5,272.5;117.25,113.25;218,41.25;308.25,319;19.25,47.75;36.25,301.25;48.5,195.75;352.75,144.25
2941;76.5,272.5;132,21.75;161,106.75;341.5,266;19.5,69.5;73.25,254.5;130.75,214.75;352.75,144.25
31271;58.25,294;62.5,39.5;161,106.75;363.5,297.5;71,99.75;73.25,254.5;104.5,164;356.5,166.5
29526;58,210.25;62.5,39.5;161,106.75;365.5,239;9,129.25;72.5,192.25;187,164.5;356,149.5
26695;83.5,159.25;90.75,66.25;91.75,86.25;365.5,239;9,129.25;60.75,201.75;195.25,174.75;301,194.75
7482;15.5,139.75;56.25,97.25;159,124.25;297.25,251.75;2.5,138;7,137.75;195.25,174.75;301,194.75
9176;58,154.25;119.25,39.25;201.5,177.25;312.25,242.25;2.5,138;30.5,123.5;195.25,174.75;281,235.25
1826;93.5,114.5;95,9.75;230,185.5;312.25,242.25;1.25,62;2,137.5;121,198.25;281,235.25
15653;73.5,140;93.25,33.5;172,234.25;348.75,317.75;7,134.75;20.5,70.75;121,198.25;281,235.25
7625;2,158.25;57.25,61.5;118,291.5;348.75,317.75;20.5,70.75;26.75,120.25;183.5,181.5;291.25,194.25
2744;65.5,121.75;79.5,31.25;173.75,319;348.75,317.75;10,16.25;28.75,130.25;181.25,161.25;291.25,194.25
28140;2.75,63.75;115,89.5;219.25,319.75;324.75,282;0.75,29.5;28.75,130.25;181.25,161.25;244,225.5
29773;2.75,63.75;142.5,35;284.75,322;337.25,257;9,45.25;26,156.75;121,162.25;244,225.5
42595;70.25,58;82,53;266.5,255.75;314.25,300.5;49.25,90.25;50.25,122;121,162.25;244,225.5
11539;7.5,57.75;67.5,123;266.5,255.75;334.25,245.75;49.25,90.25;95.5,170.5;182.75,163.5;199.25,240.25
7802;7.5,57.75;7.75,143.25;193.75,279.75;334.25,245.75;88.25,66.5;107.25,113.75;203,100;254,291
37924;57,61;69,153.5;235.5,284.75;286.75,278;57,14;107.75,162.75;203,100;254,291
33546;75.5,126.25;105.5,142.25;178.75,320.75;309,207.25;57,14;164.25,162.75;170.75,162.25;254,291
41462;75.5,126.25;89.5,176.75;243,282.5;355.5,239;5,3.25;136.25,166;152.75,90.75;254,291
8585;30.25,139;76,228;180.5,318;359,284;5,3.25;57,189.5;152.75,90.75;239,291.5
23240;9.5,93.25;22.5,242;142.75,315;319.75,293.25;32.5,39.75;57,189.5;152.75,90.75;239,291.5
322;0.25,138.5;37.25,203;142.75,315;352,305.75;84.75,41.25;120.75,197.75;218.25,72.75;239,291.5
24233;0.25,138.5;21.5,176;186.5,272.25;347.25,308;19.75,18.25;148.25,223.5;228.75,19.5;239,291.5
18950;26.75,153.25;61,230.75;120.25,224.75;336,311.25;98.75,40;178.75,264.5;228.75,19.5;239,291.5
2453;6.75,143.75;32.75,241.75;105.5,238;336,311.25;103.75,46.75;221.5,321;228.75,19.5;267,287.5
5053;29.25,92.25;40.75,300.5;105.5,238;351.5,288.25;104,35.5;221.5,321;248,15.5;313,310.5
46176;21.5,101;40.75,300.5;153.25,224.75;314.75,307.25;69.5,34.25;242.5,318;248,15.5;315.5,314.5
5374;21.5,101;49.5,308.75;144,197.5;249.75,246.25;154,52.75;242.5,318;298.25,23.25;300,296.75
28819;26.25,73.25;83,240.75;164.25,118;310,289.5;150.25,119.5;242.5,318;252,41;300,296.75
30332;34.5,64.75;88.25,281.75;148.75,134.5;355,289.5;206.75,139.5;242.5,318;262.5,33.25;300,296.75
12066;38,144.75;133.25,239;142,125.25;364.75,245.75;206.75,139.5;242.5,318;252.75,76.5;314,271
17532;24.75,170.75;154,259;184.75,110.5;349,241;218.75,119;242.5,318;252.75,76.5;358.25,207
19422;5.25,159;154,259;184.75,110.5;316.75,222.25;183.75,162.75;251.75,309.75;329.25,58;355.5,174.5
36806;11.25,232.5;154,259;192.75,180;272.75,262;183.75,162.75;279,268.5;320.25,30.75;359.5,146
2414;7.5,176;176.5,202.75;230,136.25;243,219.25;183.75,162.75;279,268.5;304,2.5;356,78
32890;13.5,170.5;161.5,223.5;208,57;243,219.25;203,156;300,195.75;304,2.5;324.25,47.75
14408;9.25,215;139.5,299.25;208,57;275,277.5;222.75,84.25;259,132.75;304,2.5;324.75,124.5
12477;10.25,144.25;147,240.5;187.25,87.75;264.75,291.5;222.75,84.25;259,132.75;304,2.5;352.5,168.5
28384;24.5,128;143.75,184.5;187.25,87.75;259.75,261.25;185.75,152.5;295.75,195.75;304,2.5;357.25,163.75
40271;7.5,190.5;157.5,156.75;180.5,80;321.75,299.5;185.75,152.5;255,256.75;255.5,16.5;357.25,163.75
27555;26,270;157.5,156.75;180.5,80;364.5,256;229.75,117;238.5,291.75;298,61.75;306.25,170.5
26679;26,270;114.25,110.5;131.75,46;352.25,227.75;170.25,89.75;238.5,291.75;247.25,83.75;294.25,196.5
12320;41.5,280.75;114.25,110.5;131.75,46;355.25,229;109,39.75;164.75,319;220.5,141.25;236.75,244.5
1388;17.25,247.5;75,84;148.25,43;337.25,283;109,39.75;183.25,287.75;206.25,156;236.75,244.5
36446;32.5,199.5;75,84;158.25,108.75;294.25,320.75;146.5,4.75;159,230.75;206.25,156;224,214.75
11602;74.5,205.5;155.25,86.25;200.5,169.5;363.25,320.5;72.5,21.5;159,230.75;206.25,156;257.5,235.25
16393;63.5,229.75;168.75,63.25;175.75,110.25;353,275;72.5,21.5;164.25,163.5;183,104;257.5,235.25
38253;13,178.25;103.75,16.5;182,42.5;364.25,319;72.5,21.5;137.5,195.5;161.25,53.25;257.5,235.25
21092;41.25,227.5;81.5,92.25;201.25,62.75;364.25,319;143,60.25;149.75,115.75;186,0.75;257.5,235.25
24326;12,284;144.5,127.5;229.5,39.25;316.75,260;88.25,31.5;91.5,107.75;186,0.75;257.5,235.25
34496;76.75,299.5;146.25,125.75;237.25,38;344.25,230.75;88.25,31.5;91.5,107.75;174.75,30.75;199.5,237.5
37358;7.25,265;114.5,139.5;237.25,38;344.25,230.75;107,41.25;143.25,50;159.75,92.75;187,198
25693;40.5,235;124.25,200.75;308.75,13.75;354.25,289;61.5,41.5;92,53.25;159.75,92.75;187,198
2023;40.5,235;124.25,200.75;262,15;298.25,320.5;24.25,13.75;87.5,52.25;152.25,52.75;172.75,164.5
32485;80.5,178.25;138.25,184.75;291.75,8;298.25,320.5;2,72;87.5,52.25;140.75,7.75;171.5,230.75
45509;80.5,178.25;138.25,184.75;267.25,1.5;298.25,320.5;10.75,34.25;23.75,107.25;127.5,93.25;185,176
7093;58.75,155;135.75,228;267.25,1.5;298.25,320.5;12.5,5.5;62,170.75;156.75,31.75;229.5,157
20396;69,140.25;119.25,292;267.25,1.5;294.75,322.75;43.75,45.75;62,170.75;115.5,30.25;214.75,205.75
30294;37,134.5;119.25,292;228.5,55;246.75,297.25;125.75,72.75;138.5,179.25;144,4.75;214.75,205.75
41281;31.75,123.75;157.25,267;173.75,87.25;241.25,285.75;125.75,20.5;138.5,179.25;155.75,66.75;214.75,205.75
17678;61.5,171.75;154.75,300;173.75,87.25;254.25,275.5;76.25,11.5;138.5,179.25;150,88.75;256,222.5
27330;39.5,207.25;172.5,296.5;176,47;252.25,313.5;76.25,11.5;132,217;204.25,95;256,222.5
39253;55,167.5;172.5,294.5;203,7.75;219.5,310.75;76.25,11.5;99,256;204.25,95;303.5,195
46804;55.25,95.75;203.25,259.5;214.25,1.25;219.75,260;17.25,11.25;99,256;204.25,95;295.75,199.25
23704;30.5,33.5;182.75,247.25;186.5,37.75;264.25,315.5;17.25,11.25;148.75,279.25;204.25,95;254.25,163.75
47458;9.5,100.75;182.75,247.25;197.25,83.5;284.75,319.5;17.25,11.25;99,261.5;272.25,126.75;278.25,210.75
30778;66.75,103.5;173.5,316.75;177.75,109.25;337.25,270.75;12.25,3.5;115.75,237.25;272.25,126.75;278.25,210.75
37960;87.25,177.25;173.5,316.75;198.75,113.5;353,224;12.25,3.5;167.25,161.5;184.75,134.5;355.5,156.75
37802;103.5,251.5;131.75,281.75;182,41.75;360.25,308.75;17.25,29.5;167.25,161.5;253,121.5;355.5,156.75
6906;145.5,302.25;148.25,320.75;182,41.75;293,319.5;99.5,50;103.25,120;223.25,90.75;355.5,156.75
3236;148.25,320.75;154.5,233.25;182,41.75;292.25,318.5;37,28;75,125.75;186.5,56.75;285.75,122
1935;148.25,320.75;176.5,163;182,41.75;336.5,267.25;19,44;59.75,173.25;119.25,105.5;339.5,83
34511;94.75,311.75;171.5,220.5;182,41.75;336.5,267.25;4,95.5;13,137.5;113.5,101.5;274.5,13.75
24059;118.25,323.75;160.25,289;165.75,37;271.75,256.25;4,95.5;13,137.5;131.25,23.75;352,59.5
29079;118.25,323.75;160.25,289;177.75,110.5;283,317.5;54.75,164.75;61,192;146.25,7.75;334.5,9.25
24644;141,302.75;169.25,230.5;177.75,110.5;261.25,321.75;51.25,222.25;87.75,179;148,12.75;334.5,9.25
2855;74.75,300.5;129.75,191;139.25,150;238,277;51.25,222.25;84,182.25;124.25,19.25;334.5,9.25
33046;38.75,311.75;129.75,191;139.25,150;274.75,321.5;92.75,190;115.75,170.5;146.75,49.75;360.75,59.5
26522;81.5,299.5;86.5,223.5;94.5,159.25;300,300.75;48,180.25;117.25,173.75;146.75,49.75;360.75,59.5
28399;32.25,238.75;58.25,171.25;74.5,84;363.25,318;60.5,235;117.25,176.25;146.75,49.75;360.75,59.5
42107;32.75,208.25;44.25,224.5;103.75,16.5;315.25,264;60.5,235;98.25,135.75;214.75,81.75;360.75,59.5
11559;36.25,261.25;61,178.25;161.25,10.5;326.25,322.75;18.25,292;104.25,122;214.75,81.75;360.75,59.5
1685;36.25,243;99.5,232;158,30.5;326.25,322.75;51.25,249;90.75,53.75;214.75,81.75;319.25,41.25
31817;8.5,305.5;57,242.25;212,50;326.25,322.75;61.5,268.75;90.75,53.75;181.75,84.5;262.5,23
26311;9.25,261.25;41.5,201.25;276.75,15.75;306.25,250.25;61.5,268.75;144,12.25;207.75,85.75;262.5,23
5156;60.5,243;66,221.75;262,14.75;280.5,232.25;76.25,247.75;144,12.25;207.75,85.75;244.5,29.25
1441;39,182.75;44.75,213;216.25,8.25;333.75,247;76.25,247.75;101.25,55.25;207.75,85.75;254.75,15.25
34584;22,176;73.5,177.75;219.75,56.5;273.5,300;50,286.25;101.25,55.25;158.75,92;254.75,15.25
45607;1.75,192.5;73.5,177.75;286,105;313.25,300.5;2.5,306;37.25,80;222.5,131.5;254.75,15.25
9654;34,271.25;49,103.25;297.25,88;320.75,318.5;2.5,306;37.25,80;171.75,197.5;323.75,59
42735;47,267;72.25,58.75;297.25,148.25;363.25,318;35,319.5;68.25,129.75;171.75,197.5;323.75,59
43958;28.5,210;139,102.5;225,189.25;344.75,315;70.5,298.25;86,163.75;171.75,197.5;323.75,59
8359;28.5,210;137.75,126;224.75,129.5;344.75,315;91.5,281.5;103.75,164.25;166,188.75;257.75,76.5
8610;53.5,218;110.75,123.75;246.25,179;264.75,305;69.75,297;103.75,164.25;172.5,164.25;257.75,76.5
25682;32.75,242.5;51.25,171.25;202.75,174.5;264.75,305;69.75,297;71.75,223;200.5,176.5;205,27.75
25913;32.75,242.5;43,92.25;139.5,224;201,308.25;36.75,305.75;80.5,253.75;121.25,198;205,27.75
24841;28.5,261.75;72,37.75;134,291.5;190.25,237.75;55.25,251.25;117,296.5;121.25,198;205,27.75
7602;27.25,284.75;107,35.5;142,312.5;266,239.25;19.75,306.5;57.25,247;121.25,198;205,27.75
30926;21.75,315.75;81.25,89.75;110.75,283.25;224,260;13,273.5;57.25,247;183.25,197.5;205,27.75
48447;21.75,315.75;107.5,110.5;109.5,315.5;204.75,317.5;13,273.5;56.25,253.25;185.75,137.5;249.75,12.75
10969;64.75,291;81.75,170.75;139,258.75;201.75,278.5;4.25,229.5;13.25,310.25;185.75,137.5;249.75,12.75
1771;96.5,231.5;116,239;146.75,312.5;154.25,267.5;4.25,229.5;13.25,310.25;195.5,182;330.75,52
45316;96.5,231.5;96.75,313.25;122.25,229;195,250.25;4.25,229.5;84.5,273;130,162.25;302.25,83.5
19037;70.5,205.5;75,275.25;83.25,174.75;275.5,231.5;4.25,229.5;84.5,273;134,170.25;245,70.75
850;42,242.25;43.5,286;83.25,174.75;351.75,263.75;4.25,229.5;143.25,303.5;151.25,244.75;204.5,98
8862;115.5,181.5;116.25,317.5;123.5,204.5;361.5,188;32.75,252.75;143.25,303.5;150.5,244.75;204.5,98
36267;59.75,248;75,275.5;199,186;362.5,231.25;6,241.25;87,282.75;150.5,244.75;204.5,98
33443;75.25,193.5;93,298.75;175.75,113;365.25,309.5;6,241.25;110.25,308.5;191.75,311;204.5,98
36478;47,250.5;92.75,234.25;125.75,61.5;328.75,293.25;6,241.25;120.25,293.5;151.75,300;204.5,98
47961;16.75,306;43,234.5;75,59.75;281.75,301;4.25,309.75;120.25,293.5;151.75,300;166.25,89.5
14716;16.75,306;43,234.5;75,59.75;228.25,267;3.25,288.75;40.75,319.75;236.25,257.25;250.5,115.75
2435;56.5,294;77.25,233.25;106.25,59.75;240,195;3.25,288.75;40.75,319.75;177,304.75;288,115.5
4584;49.5,215.25;50.25,308;143.25,77.25;182.75,158.5;3.25,288.75;40.75,319.75;143.5,300.5;260.75,164.25
47774;19.5,222;48.75,308.25;143.25,77.25;182.75,158.5;41.75,318.5;84.25,313.5;173,322.25;317,211.75
43626;34.25,205.5;48.75,308.25;151.5,13;265.75,134.5;6.25,308.25;28.75,307.5;173,322.25;311,301
17197;45,124.5;74.75,281.25;200.75,62.25;309,102.25;6.25,308.25;33.25,215.5;228,272.25;311,301
20924;0.75,139;64.25,209.75;265.5,19.5;309,102.25;18,297.25;54.75,268.75;227.5,272.75;311,301
19241;2,64.25;64.25,209.75;279.5,17.5;304,101.75;21.5,309.25;37,292;186,231.5;311,301
37627;12.75,3.25;35.5,238;310.75,52.5;342.75,143.5;21.5,309.25;50.75,275;113.5,241.75;311,301
20012;10.25,62.25;35.5,238;244.75,42.75;368,209;15.75,282;50.75,275;83,221.75;353,302.75
49869;16,141.25;20.75,229.5;228,127;322.5,191.5;15.75,282;99.75,319.25;144.5,226;353,302.75
20835;38.75,59;39,197;246,183.25;294.5,112.75;57.25,204.25;120.25,281.75;144.5,226;353,302.75
24239;44.25,44.75;57.5,228;300.25,187.25;342.25,112.75;57.25,204.25;167.5,316.5;186.75,177;353,302.75
30135;25,84.5;90.5,243.5;240.5,218.5;320,139.25;57.25,204.25;134.75,280;186.75,177;358.75,240.5
12112;20.75,31;52.25,238.75;240.5,218.5;289.25,166.5;117,199.25;134.75,280;216.25,154;318.5,196.5
42627;12.5,5.75;66.5,306.25;240.5,218.5;344,163;61.25,216;134.75,280;239,85.25;279.25,258.75
711;6,4.25;49.25,250;240.5,218.5;365,165.25;31,206.25;136.5,247;239,85.25;248.75,252.5
35683;3.5,7.75;16.75,284.75;240.5,218.5;305.75,162;89,168.25;104,198.5;229.75,131.75;248.75,252.5
20695;3.5,7.75;76.25,299.5;199,167.75;305.75,162;133.25,99;157.5,225.75;224,107.25;317.75,226.5
49093;3.5,7.75;20.5,283.25;245.75,169.75;331.25,198;164.25,49;174.75,267.75;297,115.5;317.75,226.5
38870;5.25,8.75;44.5,242.75;237.5,170.75;294,249;129.5,91.75;174.75,267.75;297,115.5;316.75,270.75
37498;5.5,20.5;64.25,312.5;266.75,104;313.25,258.75;141.5,177.75;166.5,226.5;297,115.5;316.75,270.75
37014;14.5,8.25;74.5,280.5;230.75,49.75;334.25,312.75;166.5,226.5;187.75,162;297,115.5;306.75,241
16201;14.5,8.25;86.25,298.25;248,40;334.25,312.75;164.75,161.75;171.25,96.5;249.75,169.5;337.25,313.75
41802;1.5,34.5;117.75,271;248,40;334.25,312.75;129,164.25;159.75,68.25;222.5,219;355.5,288.75
8187;5.75,62.75;72,280.25;277,106;334.25,312.75;159,100.5;205.25,96.75;207.25,152.75;355.5,288.75
30105;5.75,26.25;30.25,272.5;326.25,172;353.75,274.25;83,71.75;205.25,96.75;268.25,185;355.5,288.75
39625;9.75,62.75;14.25,226.75;275.75,106.75;293,230.25;83,71.75;206,175.75;248.25,125.5;355.5,288.75
22962;9.75,62.75;14.25,226.75;252,135.5;351.75,264.5;90.25,53.75;266,218.75;294.5,195.25;356.75,212.5
14803;41.75,77.5;72,209.75;290.75,110.5;351.75,225.5;90.25,53.75;262,247.5;270,272.75;356.75,212.5
28815;66.75,132.5;72,209.75;306.5,116;332,151.25;90.25,53.75;250.5,254.75;310,298.25;323.5,243.5
29123;33,117.25;74.25,300.5;296.25,169.25;311.75,236.75;5.75,16.25;178.25,239.25;310,298.25;323.5,243.5
11145;40.25,126.5;74.25,300.5;294.75,243;296.25,169.25;6.5,15;146.25,302.75;328,321.25;358.75,197.5
39661;32.25,170.75;74.25,300.5;257,298;307.75,112;44.25,8.75;109.5,244.25;288,301.5;358.75,197.5
38712;57,218.75;80.75,311.75;283,317.75;348.25,167.5;39,76.25;152.75,202.25;288,301.5;358.75,197.5
15263;57,218.75;85.5,314;272.25,321.75;313,198.5;39,76.25;186.5,220;339,288.25;359.25,146
35603;57,218.75;101,318.25;278.25,322.75;313,198.5;83,24;244.75,164.25;356.5,262.75;358.75,145.25
8940;25.5,281;179,319;278.25,322.75;327.75,194.25;98.25,10.25;244.75,164.25;324.5,319.25;344.25,145.25
13659;39,235;179,319;278.25,322.75;293.5,131;111.75,94.25;171.75,96.5;279.75,270.5;323.5,162
16576;99.25,190;154.5,296.25;278.25,322.75;293.5,131;152.5,49.5;234.25,115.25;256.75,308.75;359.75,187.25
41582;123.5,147.5;184.5,318.25;278.25,322.75;281,154.75;152.5,49.5;200.25,97.5;224.5,318;328.5,192.25
40951;67.75,98;204.5,311.25;298,250.5;299.25,208.5;100.75,39.75;142,58.25;224.5,318;328.5,192.25
21612;67.75,98;217,268.5;298,250.5;306.5,193.5;80.75,3.75;91.75,78.75;236.75,309;350.5,169.5
19458;76.5,58;217,268.5;267,256.75;369.5,170;66.25,10.25;91.75,78.75;215.75,255.75;353,184.75
16293;13.5,55.75;149,224;223.5,301.75;309,163;12.5,54.25;91.75,78.75;215.75,255.75;350.5,163.75
19275;42,47.25;185.75,238.25;200,307.25;248,167.5;8,58.5;39,80.25;215.75,255.75;350.5,163.75
26628;5.25,93;161.5,240.75;193.25,296.5;213.75,198;7.75,59.5;39,80.25;215.75,255.75;303.75,196
7739;56,74.25;118,292;165.75,310.75;273,218.75;7.75,59.5;74.75,141;215.75,255.75;296.25,144.25
15913;40.25,54.25;146.5,317;149.75,306.5;246.5,177.5;22,91.75;77.25,126;215.75,255.75;296.25,144.25
41840;106.25,20;183.5,287.25;220.25,319.75;303.75,138.25;22,91.75;78,166.5;215.75,255.75;353,162.25
30715;72.75,34.25;200.5,311.75;215,310.75;325.25,151;41.75,76.25;113.5,196;215.75,255.75;353,162.25
3468;72.75,34.25;181.75,317.25;215,310.75;286.5,105.25;37.25,69;73.25,215;150.75,301.5;279.5,120.25
27538;99,19;181.75,317.25;261.25,311.25;286.5,105.25;108.5,97.75;130.5,199.5;152.5,223;231.5,135.25
9562;64.25,74.25;181.75,317.25;282,322.25;360.5,138.25;108.5,97.75;144.5,177.75;199.25,257;254.25,71.5
28063;64.25,74.25;195,280.5;355,308.75;360.5,138.25;121.25,29.75;141.25,202.75;149.25,259.25;285,95.25
32029;64.25,74.25;243,218.5;345.75,229.5;360.5,138.25;74.75,11.25;87.5,171.25;112.75,275.5;307.75,115.75
17651;61.75,70.5;264.25,147;279.25,192.25;290.5,110.5;74.75,11.25;90.75,162.75;112.75,275.5;254,163.75
784;124,49.75;227.25,202;284.75,231.75;303.25,86.75;74.75,11.25;109,199.5;110,295.5;254,163.75
33862;183,12.75;298.75,169;350.75,240.75;361.5,135.75;11.75,18.5;71.5,171;110,295.5;254,163.75
31176;237.25,47;277.5,180;345.75,225;352.25,89;11.75,18.5;71.5,171;186.25,276.75;245,176.75
35993;275.75,65.5;285.5,159.25;355.25,163.75;367.25,121.25;14.25,42;71.5,171;186.25,276.75;190.5,197.5
17587;271.75,35.5;288.75,166.25;341.5,163.5;355.5,102.25;25.25,108;72.25,173.75;186.25,276.75;190.5,197.5
22207;276,42.75;304,91.75;360,85.75;360,121.25;15.5,127;72.25,173.75;190.5,197.5;195,276
45149;232.25,44.5;289,169.5;335.5,61.5;345.25,165;15.5,127;72.25,173.75;129.75,214.75;134.25,229.75
46968;264.5,24.25;283.5,105.25;293.25,72.25;329.75,198;15.5,127;72.25,173.75;120.75,194.5;126.75,176
24331;264.5,24.25;281,168.25;353,87.25;356,138.25;40.5,59.25;77.5,119.25;79.25,141;120.75,194.5
42863;286.5,53.75;299,210.5;309.5,116;367.75,121;41.5,60;79.25,141;120.75,194.5;165.25,110.25
49996;284.5,89;287.75,277.25;304.75,160.5;363.5,184;14,135.5;41.5,60;50,168.75;165.25,110.25
10906;284.5,89;312.25,198;321.25,230.5;341.25,239;15.5,120.25;41.5,60;80.25,125.75;185,98.25
18411;278.5,103.75;303,162.75;343,156.25;345,284;15.5,120.25;103.25,12.75;108.25,125.5;185,98.25
8525;272.25,169.25;279.5,164.25;328,145.5;360.25,294.75;15.5,120.25;67.75,54;108.25,125.5;144.5,88.75
33364;248,117.5;267,92;328.75,103.75;338,270.25;15.5,120.25;67.75,54;89.5,196.25;138.5,72.75
18251;296.75,71.25;306.5,69.75;324,158.75;338,270.25;5.5,171;33,79.75;55.75,184;138.5,72.75
17274;229.5,9.75;234.5,82.25;279.25,104.5;338.25,270.5;8,243.5;28.75,24.5;55.75,184;138.5,72.75
19091;161.75,38.75;219.5,75;226.25,78.5;339.25,229.75;8,243.5;15,17.5;55.75,184;138.5,72.75
39455;111,47.25;179.5,107.25;226.25,78.5;349,215.25;7.25,308.25;24.25,34.5;55.75,184;84.75,24.25
19983;115,83.5;136,129;208.25,92;279,245.5;7.25,308.25;24.25,34.5;85,220.75;130.75,20.75
20946;70.5,96.75;147.75,50.75;278.5,106;306,303;7.25,308.25;24.25,34.5;82.25,275;111,11.75
30841;142.5,39;154.75,129.5;243.25,164.75;351.25,319.5;23.25,219.5;24.25,34.5;72,271;111,11.75
47220;134,27.5;212,199.5;225.5,214.75;274.75,276;12.25,172.25;69.75,47.75;72,271;111,11.75
14798;176.75,59.5;200,138.75;223.5,241.75;312.75,233.75;10,241.75;69.75,47.75;70,208;111,11.75
17789;176.25,17.25;243.25,164.75;264,295.75;312.75,233.75;26.5,309.5;69.75,47.75;121,198.75;154,53.5
5093;188.25,10;293.25,101.75;294.75,264;306.25,289.25;26.5,309.5;69.75,46.5;121,198.75;225.25,36
40015;176.75,1.25;272.75,166.5;291.5,309.5;307,313.75;21.5,307.5;69.75,46.5;174.75,162.25;225.25,36
17510;126,20;245.5,218;348.25,288.5;360.25,266;81.25,269.75;90.75,67.5;174.75,162.25;225.25,36
46606;106,18.5;173,210.75;298,314.25;360.25,266;80.75,314;103.25,140.25;131.75,125.25;225.25,36
19301;106,18.5;167.5,143.75;298,314.25;362.75,264.25;123,323.75;145,92.75;188.5,162;193.5,68.75
35987;105.75,33.75;143.5,224.25;300,318.25;359,176.75;71.75,286.75;139.75,71.25;188.5,162;193.5,68.75
40856;37,14.75;100.5,188.5;300,318.25;356,136.5;110,324.25;147.25,52;188.5,162;212,86
34972;72.75,38;100.5,188.5;281.75,256.75;298.25,155.5;110,324.25;167.25,95;192.75,109.5;204.5,158.5
30915;62.25,40;100.5,188.5;281.75,256.75;298.25,155.5;115,323.25;240.75,82.75;254,146.5;283.5,176.5
24696;49.75,54.25;160.5,227.75;319,259;331.25,210.25;115,323.25;240.75,82.75;294.25,202.5;311.25,122.25
12022;12.25,35;213,218.25;320.25,320.5;331.25,210.25;115,323.25;216.75,140.75;317.25,178;336,161
3873;12.25,35;250,183.25;320.25,320.5;349,164.5;177.25,263.5;235,228;315.25,248.75;340.25,78.75
27078;82.5,27.75;278.25,194.5;316.75,319;349,164.5;177.25,263.5;180.75,170.25;297.25,294;347,120
31639;107.25,34;239.5,175;316.75,319;365.5,142;177.25,263.5;211,173.75;279.5,217.25;338.75,198
41000;35.5,36;238.25,223.5;316.75,319;365.5,142;227,267.5;236,121.5;256,197.25;270.5,201.5
10929;35.25,36.5;238.25,223.5;316.75,319;352.25,170.75;155.25,317.5;238.25,143.75;281.25,260.25;300.75,282.75
30176;4.5,60;235.25,192;316.75,319;352.25,170.75;115,276.25;211.5,105.75;252.75,251.5;261.75,255.75
43695;4.5,60;154.5,214.75;316.75,294.75;352.25,170.75;112.75,196.5;203.25,152.5;247.75,238.75;276.25,220.25
3906;4.5,60;154.5,214.75;316.75,294.75;371.75,150.5;191.5,166;204.25,108.25;220.5,314.25;293.5,195.25
38889;18.5,85.25;170.25,289.5;294,230.5;324.25,119.5;196,227.5;204.25,108.25;235.75,309.75;293.5,195.25
2972;2.75,91;216.25,302.5;220.25,251.5;324.25,119.5;137.75,196.25;181,108;235.75,309.75;260.75,164.25
30279;2.75,91;188.5,320.25;220.25,251.5;324.25,119.5;167.25,237;193,182.25;246.25,252.5;269.5,103
25060;2.75,91;155.5,259;160,250.5;268,159.25;146.75,318.5;190.5,181.75;242.5,320.5;269.5,103
46013;72,95.75;208.75,265.75;215.75,247.25;292,161.5;116.5,318;190.5,181.75;260.75,306.5;269.5,103
25951;74.5,125.5;203.5,223.5;269.75,230.75;292,161.5;110.25,291.5;190.5,181.75;247.25,309.75;327.75,160
23042;144.5,124.75;146.75,225;200,248.25;278,134.75;53,318.25;190.5,181.75;247.25,309.75;310.5,180.25
13916;159.25,145;177.25,271.5;239.25,224;243,92.75;53,318.25;214.25,106.5;273.5,247.25;310.5,180.25
41587;159.25,145;170.25,274;216.5,253;223.25,56.5;4.25,311.5;217.75,171.5;273.5,247.25;355.75,150.75
20155;164,224.25;176.5,194;184.75,317;239.75,99;4.25,311.5;201,173.25;273.5,247.25;355.75,150.75
46918;148,196.25;164.25,246.75;165.25,266;239.75,99;73,251.75;195.75,99.25;260,217.75;355.75,150.75
22734;144,227.25;174.75,319;216.5,253;269.25,166.75;73,251.75;195.75,99.25;260,239.25;350,160.5
15326;132.5,292;135.75,264.5;246,189.25;253.25,98.75;73,251.75;165.75,164.75;238.5,256;350,160.5
2229;71.25,299.25;218.25,279.5;248.25,130.75;262.75,17.5;73,251.75;165.75,164.75;198,307;324.5,211.75
2438;87.25,298.5;230,235.5;273.25,46;283,101.25;41.25,300.25;165.75,164.75;198,307;351.5,175.25
13411;148,271.75;260.5,179;314,113.75;332.25,63;41.25,300.25;108.75,227.75;124,295.5;351.5,175.25
2997;114.5,212.5;280.75,167.25;293.75,92.75;329,13.25;2,241.25;46.5,249;124,295.5;351.5,175.25
48141;185.75,235.75;309.75,92.25;325.5,124.25;327,65.5;2,241.25;53.75,257.75;83,249.25;351.5,175.25
46159;157,228.25;273.5,55.5;356.5,134.25;359.5,134;2,241.25;33.25,244;83,249.25;309.25,198.25
46720;157,228.25;319,115.25;343,156.25;352.25,160.25;10.25,308.25;33.25,244;83,249.25;350.5,169.5
30910;118,274.5;277.5,71;309,243.75;352.25,160.25;10.25,308.25;89.5,189.5;139.5,243.5;291.25,195.75
39592;139.75,225;297.25,20.25;298,289;317.75,165.25;10.25,308.25;64.25,148.75;122.5,276.25;291.25,195.75
39514;69,222.75;250.5,11.25;326,224.25;355.25,210.25;17.75,285;20,94.75;122.5,276.25;291.25,195.75
5202;50.25,158;277.25,35;362,196.25;362.75,121.75;17.75,285;20,94.75;145,303;360.75,245
16945;25.75,76.5;276.5,106.5;295.25,169.5;306,110.75;17.75,285;54.5,101.5;227.75,284.75;360.75,245
37648;68.75,75.75;271.5,106;274.75,101.75;325.75,164;25,231.5;54.5,101.5;227.75,284.75;355,171
3928;123.5,33.25;219.25,49.5;249.25,64.5;299.25,135.25;18,294;54.5,101.5;231,257.75;355,171
50011;125.25,32.5;268,73.5;280,61.5;297.25,75.25;6.5,287.25;73.5,44.75;231,257.75;355,171
3761;106.25,18.25;271.25,135.25;306.75,55.5;319.5,57;6.5,287.25;73.5,44.75;278.5,235.75;355,171
27914;53.5,16.5;297.5,157;316.25,37.75;357.5,101.25;6.5,287.25;153.5,79.75;223,271;355,171
26519;36.75,70.5;247,132;253.25,19.75;283.5,101.75;6.5,287.25;131,73.75;143.75,290.75;355,171
19884;18,99;217.5,84.75;292.5,23.5;326,89.25;6.5,287.25;142.75,53.5;207.75,276;355,171
22810;3.25,63.75;162,76.75;258.25,26.25;326,89.25;7.5,279.25;149.5,32.25;151.75,318.5;355,171
35207;52.75,46.25;132.25,9;258.25,26.25;332.75,79.75;66.5,276.75;144.5,7.75;170,302.25;355,171
17027;4.25,5.75;132.25,9;258.25,26.25;295.25,75.25;46,247.5;72.25,25.25;231.25,283.25;305,114.5
38811;4.25,5.75;173.75,16.5;332.75,38.5;349,83.5;60.75,246.75;72.25,25.25;187.25,273.25;358,173
25424;66.5,17.25;183.5,23.5;331.75,21.25;364.5,91.25;47,291;72.25,25.25;125.25,317.25;358,173
41961;88.75,3.75;130.75,24.75;293.75,92.75;296,135.75;61.25,290.25;72.25,25.25;144.25,245.25;358,173
32304;109.25,15.25;135,43.75;235.5,129.5;319.75,214.75;61.25,290.25;62.25,68.5;142.75,303.5;358,173
17959;109.25,15.25;193,50.5;207.75,91.75;319.75,214.75;19.25,296.75;52.25,136.5;67.75,266.75;296,184.75
2160;140.5,90;220.5,61.25;253,40;357,288.75;19.25,296.75;52.25,136.5;73,202.75;304.25,121.25
47794;140.5,90;253,40;268.25,105.5;363,261.5;19.75,273;49,75.25;93.5,158.25;351.5,156.5
24391;134.5,129.5;206.75,81.25;271,69;359.5,277.5;26.5,310.5;49,75.25;91.75,136.25;351.5,156.5
31453;189,153.5;270.25,74.25;294.75,112;368,208;26.5,310.5;49,75.25;86,132.25;358.75,145.5
45842;126.5,123;232.25,21.5;286.5,142.75;353.75,274.25;23.25,309.75;46.75,144.25;49,75.25;358.75,145.5
9022;135.75,128.25;246,75.75;259,180.5;309.75,319.25;23.25,309.75;46.75,144.25;120.5,73.75;292.5,148.75
1900;86.75,148.75;271.75,63;277.5,236.75;282.25,277;23.25,309.75;52,132.5;106.25,115.5;292.5,148.75
30155;89,121.5;253,83.25;282.25,277;353.25,241.25;23.25,309.75;24.75,72;43.5,79.75;234.25,152.5
47437;67.75,84;213.25,13.75;266.5,256.25;364,183.75;23.25,309.75;27.25,70;43.5,79.75;303.5,198
44203;67.75,84;169,67.5;266.5,256.25;328.5,222.25;29.5,286;41.25,59.5;46,33.5;360,157.5
13247;6.5,84.25;184.75,89.5;285.25,231.75;322.5,259.25;6.25,307.75;41.25,59.5;87.5,21.5;360,157.5
34498;85.5,63.25;184.75,89.5;350,228.5;355.75,198.5;16.75,282.25;40.5,76.75;107.5,80.75;360,157.5
3443;108,25;184,20.5;349.25,172.5;360.25,266;16.75,282.25;71.5,33;107.5,80.75;283.25,184.5
8264;64,5.75;164.5,110.25;310.25,114;320.75,197.5;16.75,282.25;23.75,0.75;44.75,146.25;283.25,184.5
24484;64,5.75;164.5,110.25;257,160.75;324,158.75;5.25,309.5;77.75,10.75;81.5,73.25;321,196.25
29655;95,65;223.5,60.75;292.5,110.75;364,168.25;5.25,309.5;53,12.5;55.5,41;321,196.25
40154;143.25,47;220.25,30.25;284,26.5;323.75,208.5;5.25,309.5;55.5,41;77.75,19.5;343.5,228.75
8683;143.5,46.25;185.25,3.75;367.5,28.5;369.5,170.5;5.25,309.5;14.5,71;102.5,48.5;343.5,228.75
18901;140.75,90.25;224.75,56;283.25,56;336.5,73.5;5.25,309.5;73.5,21.5;82.25,32.5;343.5,228.75
47811;170.5,124.75;185,11.25;283.25,56;350,25.75;5.25,309.5;145.5,53.25;149.5,57.5;308.25,267.5
42992;170.5,124.75;207.75,22;306,134.25;327.25,31.5;5.25,309.5;181.25,109.5;194,96;271.5,311
45285;170.5,124.75;207.75,22;311.25,111.5;342.75,50.5;39.5,309.75;119.25,112.75;223.25,156.5;254.5,293.5
43164;170.5,124.75;200.25,6.75;291.5,57.25;311.25,111.5;44.5,311.75;108.75,53.5;217.75,106.25;245.5,309.25
33918;170.5,124.75;184.5,21;231.25,42.25;287.75,104.75;50.25,281;108.75,53.5;232.5,48.5;245,316.5
48116;141.25,99.25;182,20.5;204,47.75;226.5,89.75;27.5,271.25;108.75,53.5;225.75,17.5;245,316.5
15122;160.75,144.5;222.75,74;239,22.25;270.5,168.25;27.5,271.25;106.75,55.25;225.75,17.5;327.25,309.75
48948;133.5,127.25;217,6.5;222.75,74;270.5,168.25;55.5,248;72.5,21.5;251.75,97.75;352.25,278
24373;133.5,127.25;152.25,28;162,59.75;249.5,219;86.25,254.75;120.25,17.75;289,103.25;352.25,278
33565;48.25,151.25;126,21;135.25,129.75;248.5,281;86.25,254.75;120.25,17.75;289.75,103.5;313.75,309.5
7292;44,99.5;105.75,33.5;120.75,145;221,247.75;86.25,254.75;148.25,81.25;289.75,103.5;322,314.25
15842;78,68;81.75,28.25;124.75,143;203.75,179.5;76.75,202.5;171.5,90.25;289.75,103.5;322,314.25
6397;27,56.5;90.75,3.75;91.75,141.5;144.25,184.25;127.5,164.25;171.5,90.25;289.75,103.5;322,314.25
48940;27,56.5;58,6.5;89.25,78.75;137.5,214;95.25,153.75;144.5,108.75;221.25,113.75;322,314.25
20506;27,56.5;58,6.5;151.25,126.25;166,243.75;130,198.75;189.5,160.5;195,96;261.5,322.25
3723;27,56.5;58,6.5;106.25,125.5;169.25,224.5;159.75,203.75;203.25,107;242.75,140.25;283,255.75
36317;38.75,57.5;58,6.5;144,126.25;169.25,224.5;113.5,259.75;169,48;205,97;284.5,288.25
12261;27,119.25;58,6.5;134.5,125.5;157.75,312.75;54,252;169,48;246.25,164.25;276.75,215.5
42646;27,119.25;58,6.5;143.75,186.5;169.5,305.25;36.25,190.75;175.75,5.5;272.25,188;325,205.75
3243;4.5,54.75;71,66.75;143.75,186.5;225,291.25;36.25,190.75;147.75,49.5;278.25,186.75;282.75,185.5
1023;4.5,54.75;60.25,6.75;162,166.75;213.25,228;3.75,195.5;147.75,49.5;310,198.25;340,141.75
15262;60.25,6.75;65.75,79;152,127.5;174,196.75;3.75,195.5;164.5,104.5;306.25,133;356,170.5
39377;49.25,47.75;65.75,159.75;133.75,158.25;146.75,183.5;60.5,237;164.5,104.5;305.5,133;356,170.5
22660;41.5,46.75;65.75,159.75;99.25,196.75;160.5,127.75;86.25,252.25;164.5,104.5;311.25,199.5;316.25,210.25
25296;36,30.5;38,181.5;136.5,187.75;160.5,127.75;69.75,298;164.5,104.5;334,149.75;355,259
40801;20.25,80.25;40.75,237.75;80.25,176;138,62.25;35.5,309.25;164.5,104.5;327.25,128.5;355,259
11850;5.25,32.75;40.75,237.75;63.75,146.75;125.75,47.25;1.75,306.25;164.5,104.5;324.25,56.25;346.5,210.75
11702;43.5,66.75;64.5,295.5;65.25,208.75;125.75,47.25;73.25,247;164.5,104.5;282.25,127.5;308,284.5
45128;21,101;31.5,284;77,147;125.75,47.25;54.75,247;164.5,104.5;270.5,181.5;362,234
40262;26.75,85.5;34.5,240.25;39.25,133.75;125.75,47.25;32,307.75;125.75,151.75;220,114.25;362,234
7226;26.75,85.5;39.75,201.5;112.5,163.25;125.75,47.25;109.25,302.25;195.5,174;206.25,183;354.75,276
10992;2.25,124;16.75,189.5;111.75,110.5;174.75,112;109.25,302.25;181.25,156.5;246.5,200.75;354.75,276
49989;11,57.5;51.5,138.75;154.25,129;162.5,129;70.75,242;103,137.75;246.5,200.75;354.75,276
34738;47.25,68.25;56.25,139;154.25,129;162.5,129;119.25,294;133,137.25;173.5,163;352,265.75
12188;44.5,22;56.25,139;188.5,74.75;196.25,85;78.25,239.25;133,137.25;238.25,209.5;320.5,192
43818;44.5,22;100.75,208.5;188.5,74.75;246,93.5;150.75,221.5;188.25,130.5;191.5,256.75;278,203
48360;54.25,57.25;93.75,177.25;254,47.5;280,72.5;150.75,221.5;188.25,130.5;238.5,283.75;358.25,187.25
25531;53,4.25;143.25,129;200.25,61.25;271.25,75.25;150.75,221.5;193,173.25;238.5,283.75;358.25,187.25
47364;53,4.25;159.25,184;189,48.5;287.5,75.25;150.75,221.5;219.25,207.75;260.25,265.5;357.5,172
28229;53,4.25;144,223;158.25,28.25;314,25.25;150.75,279.25;219.25,207.75;303.5,233.5;356.25,149.25
15881;53,4.25;144,223;158.25,28.25;273.25,15.5;176,314;237.25,141;245.25,184.25;326.75,136.75
25936;53,4.25;144,223;159,110.5;270.5,13.75;133.5,263.75;273.5,140;314.5,180.75;315.5,206.25
14224;113.25,44.5;144,223;159,110.5;270.5,13.75;144.75,226.5;318.75,186.5;351.5,193;359.75,194
40382;86,111.5;97,197.5;219.75,53.75;247.25,73.75;164,240.5;287,194.25;351.5,193;359.75,194
28592;125.5,143.5;153.5,173.25;167.5,22.5;269,18.5;125.5,273.75;287,194.25;336.5,129;359.75,194
13763;69,141.25;133.75,246;134,63.25;325.25,15.5;175,306.25;269.25,127.5;287,194.25;359.75,194
30284;43.5,199.75;133.75,246;134,63.25;325.25,15.5;127.5,275.25;294.25,152.5;314.75,163.5;358.75,182.75
22248;6.5,173;133.75,246;151.5,125.75;325.25,15.5;145.5,254.25;220.75,159.75;259.75,111;350.25,218.25
35024;20.25,103.25;171.5,196.75;171.75,161;251.25,19.25;114,222.75;220.75,159.75;259.75,111;295.75,185.75
43575;32,168.75;135.25,127.75;171.5,196.75;297.25,71.25;114,222.75;251.25,180.5;262.5,62;277.5,109.5
12000;32,168.75;111.25,169.75;148.25,261.5;369.5,69.75;114,222.75;253.75,218.25;258.5,53;259.25,118.25
42368;33.5,238.25;111.25,169.75;144.25,226;369.5,69.75;72,203.75;189,221;227.75,85.25;305.5,50.5
35376;50,284;111.25,169.75;132,240;337.25,13;70.75,260.25;189,221;248.5,131.75;337.25,5.75
48595;11.75,267.25;112.75,107.5;135.75,224;358.25,9.25;103.5,274.75;189,221;248.5,131.75;356.25,9.5
49243;50,295.5;62.5,123.25;135.75,224;331,47;55.5,250.75;189,221;296,142.75;346.25,52.75
3497;36.5,273;95,92.5;126.25,287.5;331,47;5.75,283;189,221;241.75,164.75;337,80.25
10618;55.25,302.75;59,116.75;147.5,303;328.25,8;12,296.25;132.25,228;241.75,164.75;337,80.25
23419;0.5,297.5;114,164.25;203.5,246;363.75,30.5;12,296.25;146.75,303.25;241.75,164.75;337,80.25
40974;25.25,233;80.75,178.25;208.5,259.5;355.25,84.25;12,296.25;219.5,302;267,180;337,80.25
2694;50.75,182;99.5,222.5;208.5,259.5;321.25,55.75;16.5,302.5;219.5,302;309.5,181.75;329.25,51.25
8914;7.5,160.5;131,244.25;172,278.25;321.25,55.75;16.5,302.5;239.25,256;282.25,186.75;350.75,82
515;7.5,160.5;131,244.25;165.25,281;355,101.25;43.25,307.75;278,225;321,199.75;335.5,51.5
22162;17.5,127.75;126.5,185.25;126.75,263.5;355,101.25;43.25,307.75;224.75,189.5;258.75,218;317.5,50.5
25115;29.5,177.75;68.25,153.25;154.75,318.5;341.75,48.5;39.5,296;224.75,189.5;316,217.75;317.5,50.5
2152;29.75,120.75;120.75,150.25;154.75,318.5;287.75,73.25;91.75,258;196.25,250.5;316,217.75;349.75,77.5
14883;29.75,120.75;144.75,127.75;224,313.25;253.75,109.25;152,302.75;152.5,224.75;316,217.75;355.5,146.25
11301;63,170.5;192,119.25;285.75,318;304.25,40.75;118.25,295;145.75,174.25;316,217.75;355.5,146.25
941;63,170.5;145.75,108.75;301.5,322;369.5,41.25;118.25,295;155.75,155.5;300,186.25;354,83
27627;57.5,229.5;69,97.25;301.5,322;358.25,82.75;102.5,221.75;155.75,155.5;329.75,161;362.75,80.75
25909;7.5,175.5;8.5,47.25;262.75,309;337.75,106.5;102.5,221.75;120,111.75;329.75,161;362.75,80.75
8498;37.25,188;58.5,74.75;288,309.25;337.75,106.5;67.25,181.75;120,111.75;264.5,107.25;358.25,158.5
30609;51.5,176.25;62.5,103.25;239.25,302.25;350.25,166.5;73.5,180.25;120,111.75;298.75,86.75;358.25,158.5
12091;34.5,157;51,44.75;251,248.5;307.5,112.25;73.5,180.25;82.25,88;312.25,111.75;358.25,158.5
4720;75.5,209.25;103,19.25;272.75,212.5;347.75,104.75;36,228.75;82.25,88;282,142.75;358.25,158.5
22846;123.5,202;151,8.75;240.25,204.25;347.75,104.75;11.25,295.5;53,93.75;270,196;358.25,158.5
31705;171,236.25;213.75,2;240.25,204.25;336.25,177;11.25,295.5;55.75,113.5;232.75,185.5;352,192.75
21161;130.25,178;213.75,2;240.25,204.25;358.5,215.75;46.75,295;90.75,109.25;292.5,169.5;357,146.5
2218;151.25,205.5;213.75,2;217,238.75;294.5,231.5;46.75,295;60,107;324.75,137.25;328,179.25
10257;68.5,210.25;199,73.5;230,244.75;318,151.25;11,292;12.25,145.5;324.75,137.25;328,179.25
22364;19,190.25;199,73.5;230,244.75;287.75,183;7.75,279;47.75,75.25;277.5,173;296.25,249.25
14779;57.75,193;166.25,135.75;255.25,300.75;314,140.25;7.75,279;47.75,75.25;330.75,228.75;352.25,247
1355;39.75,243.25;161.5,173.25;205.5,283.5;290,92.75;7.75,279;20.75,29.25;291.5,265.5;352.25,247
35063;85.5,188;161.5,173.25;253,219.5;280,31.5;7.75,279;92.25,19.5;283.25,217.25;291.5,301
3724;71.5,187;177.25,112.25;201.75,259.5;280,31.5;57.75,322.75;92.25,19.5;255,288;273,264.75
44924;71.5,187;177.25,112.25;201.75,259.5;317.25,36.75;10.75,307.5;60.75,93;242.5,292.75;250,293.5
49461;15,178;134.75,160.75;246,292.5;317.25,36.75;10.75,307.5;72.25,10.5;184.5,304.25;189.75,272.75
39733;0.25,149.5;85.5,193.75;264.25,256.75;333.25,101;10.75,307.5;85.25,25.25;184.5,304.25;208.5,207
21517;35.5,137.5;40.5,241;317.75,312.25;365.25,31;10.75,307.5;55.5,92.75;184.5,304.25;222.75,252
33935;35.5,137.5;44.25,205.75;220.75,320;365.25,31;21.75,213.25;96.25,65;149.5,223.25;312.75,298.5
36062;53.75,74.75;68.75,185.5;291.5,287.25;365.25,31;21.75,213.25;153,68.75;165.75,199.75;269.25,286.25
32182;26.25,42.75;68.75,185.5;286.25,320.25;321.75,39;68.5,185.75;76.75,32.25;165.75,199.75;266.5,288
27368;26.25,42.75;68.75,185.5;223,302.75;273.75,24;47.25,113.5;91,20.5;168,225.5;336.25,321
34659;26.25,42.75;89.25,171.5;266.25,323.25;327.25,29.5;110,144.25;110.75,47.75;126.25,274.5;336.25,321
33651;2.75,25.25;51.5,190;266.25,323.25;273.25,110.25;84.75,80.5;93.25,15.25;218,246.5;336.25,321
2362;2.5,47.25;34.25,157.75;203,260;309.5,139.75;28.25,118.25;66.75,9.75;218,246.5;336.25,321
440;36.25,21.25;41,181.25;217,319.5;276.75,148.25;35,206.75;145,55.75;218,246.5;336.25,321
41884;36.25,21.25;90.75,155.5;206.75,276.25;260.25,173.75;19,159;174.5,108;179.75,304.25;336.25,321
1740;53.25,46.25;75,141.5;216.5,311.25;239.75,144.75;87.5,171.25;144.25,155;179.75,304.25;336.25,321
5889;55,8.75;111,225.25;225.75,293.75;228,183;131.75,197.25;133,74.5;179.75,304.25;336.25,321
6909;53,8;126.75,284.5;146.5,301.75;165.5,146;88.75,268.75;159.5,52.75;179.75,304.25;336.25,321
13554;51.25,44.25;117.75,272.5;146.5,301.75;165.5,146;80.25,220.25;137.25,107.25;149.75,222.25;362.75,243.75
28772;57,96;126.5,246.25;155.75,318;162.5,140.5;84.25,283.25;137.25,107.25;149.75,222.25;311,199.25
47656;38,34.25;126.5,246.25;169.5,306.75;187.5,88;3,309.5;89,36;149.75,222.25;231.25,204.5
38098;77.5,8.75;102.75,313.25;126.5,246.25;151.5,126.75;39.75,295.5;89,36;215.25,215.25;277.75,194.75
37787;5,41.75;105,248;198.25,294.5;206.25,169.75;39.75,295.5;180.25,32;254.25,233;277.75,194.75
24307;31.25,40.5;115,281;178.75,320.75;296.25,153.75;1,248.25;163.5,72.25;254.25,233;277.75,194.75
28938;39.25,120.75;115,281;251.5,268.75;286.75,85;1,248.25;229.25,15;329.75,199.5;359.25,195
48926;49.5,102;132,242.25;289.5,320.75;292.75,56;1,248.25;229.25,15;312.5,244.5;328.5,148.5
33399;49,76.25;133.5,213.5;289.5,320.75;353.75,24.5;1,248.25;276,14;283.25,178.25;355.75,82
30461;133.5,57.75;153.5,129.25;259.75,256.25;287,11.5;21.5,306.25;276,14;283.25,178.25;302,87.25
26077;133.5,57.75;161.5,102.75;244.5,165.25;294.25,55.5;21.5,306.25;245,26.75;333,124.5;337.5,174
7834;115.75,122.25;180,35.25;244.5,165.25;267.5,92;21.5,306.25;294,4.25;349.5,169.5;363,211
39010;115.75,122.25;213.25,17.25;244.5,165.25;329,119.25;67.75,289.25;355,24.5;358.25,183.5;358.25,203.25
25623;115.75,122.25;213.25,17.25;244.5,165.25;356.5,95.25;91.25,297.5;342.5,78.5;352,204.5;359.25,199
5685;115.75,122.25;187,20.25;246,166.5;356.5,95.25;49.5,267.75;305.5,2.5;318.75,163.75;355,285
15092;115.75,122.25;187,20.25;279.25,169;298.75,167.75;61.75,311;274,45;303.5,194.75;355.25,289.25
48379;165.25,162.25;225.5,80.75;293.75,241.75;349,164.5;61.75,311;213.75,106;313.75,162.5;355.25,289.25
9988;134.25,125.5;273.5,132;290.5,263.25;355,128.5;97,267.5;213.75,106;351.75,119.25;355.25,289.25
37261;162.75,150.5;219.25,79;283.5,310;350.75,199;65.75,223;249.5,173.75;351.75,119.25;355.25,289.25
28273;146.75,193.25;256.25,42.75;273,269.75;342,198.25;93,280.75;249.5,173.75;352,68.25;355.25,289.25
23502;180.75,255.5;268.25,104;315.75,245.75;356.75,229;93,280.75;193.25,197;305.75,15.5;355.25,289.25
11627;130.25,215.75;268.25,104;293,237;313,199.5;150.75,318;224,255.75;257.75,23.5;355.25,289.25
17722;44.25,225;285.25,71.25;289.5,319.75;347,214.75;200,319.25;224,255.75;334.25,60;355.25,289.25
42417;81.25,171.25;268.75,31.5;342.25,313.75;347,214.75;220.5,319;224,255.75;297.75,10;313.75,244.5
42523;81.25,171.25;268.75,31.5;285.25,263;347,214.75;167,302.25;208.25,277;213,5.75;308.25,197.75
11766;95.5,85.25;243.25,28;259.5,240.25;349,272.75;167,302.25;208.25,277;258.5,51;300,185.75
44023;84,78.5;227.75,76;263.25,154.5;305,309.5;163.25,303.75;213.25,284.25;258.5,51;300,185.75
15117;33.5,19.75;200,69.25;263.25,154.5;290.75,322.75;172.5,286.5;213.25,284.25;226.5,19;282.5,198.5
7742;41.25,93.25;160.25,140;269,134.75;290.75,322.75;120.75,281.5;124.5,308;226.5,19;329.75,178.5
36302;41.25,93.25;215.5,201.5;234.75,186.5;242.25,300.75;54.5,275;66.75,271;269.25,27.25;329.75,178.5
226;9.5,90.25;188.75,181.25;247.25,178.25;298.75,300.75;16.5,296.5;66.75,271;269.25,27.25;294,199.75
48596;2.5,36.25;112,206.25;251.5,201.5;321.25,307.25;16.5,296.5;46.75,293;269.25,27.25;308.25,126
31266;47.25,33.25;59.5,241.5;238.5,260.25;321.25,307.25;32,220.5;62.5,315.75;269.25,27.25;358.25,79
22946;19.75,74;77,177;227.75,266.75;321.25,307.25;16,202.25;54.75,322;269.25,27.25;353,162.75
39491;17.25,31;36.25,131.75;227.75,266.75;273.5,310.75;10.5,270;53.25,290.25;269.75,30.5;353,162.75
49581;14,34.5;26.5,116.25;226.75,203;267.75,301;10.5,270;142.25,318;269.75,30.5;299.5,196
29298;26.25,42.25;62.25,117.75;260,175.5;280.25,261.75;75,284.5;220,321.5;269.75,30.5;299.5,196
7507;68,9.25;72,24.75;237,156.5;280.25,261.75;34.5,206.25;220,321.5;250.5,37.5;283.25,186.5
17338;5.5,4.25;72,24.75;181.75,113.25;237.25,289;71.5,273;220,321.5;324.25,56.5;358,146.75
10807;5.5,4.25;72,24.75;217.5,57.25;236.75,289;61.25,223.5;161.75,300.25;350.25,79.25;353,156
26567;66.5,47;87.25,92.25;168,57.5;199,308.5;61.25,223.5;161.75,300.25;310.5,79.75;350.25,81.5
4002;49.5,46.25;74,47;114.75,19.5;124,302.75;32.5,277.5;105,282;310.5,79.75;350.25,81.5
2392;13.25,5.75;74,47;114.75,19.5;134.5,285.5;113.25,244;132,323.25;278,37.5;347,82.5
33745;49.75,56;74.5,146.5;88.25,63;134.5,285.5;172.25,232.75;179,289.75;245,118.25;347,82.5
39518;68,28;79,132;88.25,63;161.75,324.25;160.25,225;233.5,232.75;263.75,175;347,82.5
26501;26.25,77.5;29.5,105;57.75,58.25;161.75,324.25;160.25,225;251.75,252;321.75,210.25;341.25,80.25
2284;2.5,91.25;17,145.75;57.75,58.25;146,265;160.25,225;265.75,306;290.25,246;341,138.75
33396;66,75.75;73.25,115;113,88.5;144.25,195;140.25,199.5;265.75,306;290.25,246;350.5,157
7889;11.5,84.25;73.25,115;113,88.5;180.25,241.25;89.5,168.25;241.75,319.75;357.25,287.25;359,211.25
6034;25.25,140;33.75,43.75;66,116.5;223.75,235.5;89.5,168.25;268.25,318.75;326,218.25;357.25,287.25
18209;3.25,186;33.75,43.75;41,131.75;214.5,279;89.5,168.25;222.5,313.25;307.75,233.25;344.5,223.5
10661;29.25,108.5;53,43.75;53.75,57.75;244,307.25;89.5,168.25;232,273.25;263.5,176.5;344.5,223.5
4747;0.25,180.25;45.5,95;120.25,70.5;291.5,301.25;89.5,168.25;232,273.25;323,163;347.25,291.75
26810;34.5,105.5;38.5,181.25;150,34.75;219.5,270.5;58,255.75;256,202;323,163;347.25,291.75
979;49.75,56.5;49.75,171.75;120.25,68;192.75,277.75;47,297;256,202;323,163;331.25,314
49116;8.25,43.25;10,227.25;129.75,90.75;192.5,261.25;20.75,310;256,201.25;323,163;331.25,314
6051;8.25,43.25;57.25,243.25;76.5,48.25;214,318.5;33,315.75;256,201.25;335.75,194.5;348,269
18351;21,85.75;44.5,318.25;82.5,20;244,306.25;38.5,292.5;256,201.25;335.75,194.5;348,269
26357;32.25,138.5;67.25,305.5;82.5,20;296.75,256.25;38.5,292.5;206.25,203;317,197.25;334.75,293.75
38804;77.75,193.5;118.5,275;119.5,45.75;315.75,262.5;3.5,282.25;231.75,268.25;317,197.25;334.75,293.75
14618;60.5,231.25;118.5,275;121.75,13;260.5,296;23,289;176.5,238.5;312.5,160;334.75,293.75
30602;26.75,197.75;118.5,275;121.75,13;319.75,294;11.5,273;150.5,223.25;238.25,150.25;362.5,235.75
41743;26.75,197.75;99.25,309.75;121.75,13;282.5,320.75;19,294.75;192,241.75;222.5,219;316,271.5
20025;20.25,189.75;99.25,309.75;136,101.25;234.75,302;88.5,247.75;122,274.25;222.5,219;273.75,304.5
14957;21.25,169.75;33.5,274.5;162,129;242.5,280.75;112.5,194;141.5,199.5;222.5,219;273.75,304.5
27231;39.25,213.75;39.5,240.25;132.75,173;262.25,322.75;115,144.5;141.5,199.5;176,240.5;273.75,304.5
10455;39.25,213.75;39.5,240.25;177.75,172.5;262.25,322.75;107.5,199.5;116.25,244;182.75,302.75;215.25,306
730;39.25,213.75;50.25,241.75;232.25,122;262.25,322.75;84.25,191;104,274.5;228.25,278.25;238,293.25
39180;39.25,213.75;50.25,241.75;215.25,161.5;282.5,318.25;138.25,249.5;153,224.25;159,314.25;186,236.25
18462;39.25,213.75;40.5,239.5;162.25,240.75;201.5,311.25;138.25,249.5;149.75,143.75;182.5,317.5;230.25,251.75
1029;33,240.75;48.5,226.75;145.75,286;251,287.75;120,234.5;149.75,143.75;162.5,303.75;230.25,251.75
26864;33,240.75;75.75,186.5;175.25,270.75;224.25,271.25;134,198.75;149.75,143.75;154.75,270.75;157,246
28706;33,240.75;82.5,231.75;151,203.75;213.25,244.25;120.25,162;134,198.75;141.25,225.25;205.75,284.5
46434;17.75,251.5;33.5,188.75;132.75,170;233.5,251.5;120.25,162;141.25,225.25;185.75,196.75;218.5,275
22032;65,234.5;75,248.25;132.75,170;292.25,248.25;104.75,151.75;180.5,196;193.25,174.75;218.5,275
46433;64.75,188.5;75,248.25;132.75,170;317.75,319.5;47.75,113.5;167.5,238.5;175.25,107.75;270.75,219.5
34713;46,253;89.5,303.25;132.75,170;311.25,293.5;47.75,113.5;113.25,225;126.5,92.75;249.5,163.75
36563;79.5,222.5;86.75,291;171.25,162.75;249.75,259.75;47.75,113.5;75.75,278.25;113.5,80.5;249.5,163.75
9020;78,280.5;79.5,222.5;135.75,127;266.75,243.5;52.25,129;81.25,316;113.5,80.5;261,139.5
20579;2.5,276.75;8.5,227;137.75,126.5;266.75,243.5;52.25,129;108,309.75;139.75,34.25;227.5,131.5
16083;2.5,276.75;8.5,227;137.75,126.5;289.75,321.75;4.25,104;148,319;175,31.5;291.5,170.5
14684;15.75,190;75.5,190;99,188.75;212,311.25;4.25,104;89,284.25;175,31.5;291.5,170.5
18640;3,158;9.75,145.75;139,238.5;292.25,321.25;4.25,104;41.5,292;175,31.5;231.25,114.25
31258;1.25,79;24.5,201;112,310;305.75,256;29.75,107.25;41.5,292;134.75,20.25;231.25,114.25
6954;3.75,3.25;9.5,174.5;112,310;306,255;69.5,80;106,283;134.75,20.25;156.75,124.5
30716;4.75,64.25;35.5,189.25;112,310;282.5,239.5;17.75,18.5;53.5,297;93.5,35;156.75,124.5
23535;4.5,68.25;53.5,228;137.25,241.25;217.5,260.5;17.75,18.5;29.5,217;93.5,35;111,143.25
22200;31.25,17.5;88.75,263.25;203.25,195.25;242.25,259;17.75,18.5;29.5,217;143,87.5;159,88
44500;23.5,42.25;125.25,291.5;203.25,195.25;255.75,299.25;4,30.5;6.75,292.5;143,87.5;191.5,7
3302;13.5,119.75;125.25,291.5;160.5,225.25;255.75,299.25;12.75,69.25;40.75,253.75;158.5,90.75;168,38
23681;33.5,72.75;127.5,285;156.5,250.5;283.75,317.25;38.5,104.5;40.75,253.75;120.75,113.75;168,38
13926;35.5,8.75;76.25,286.75;122.75,282.5;283.75,317.25;45.5,75;50.75,180.5;167.75,96;168,38
19741;5.5,20.5;39.75,226;85,256;301.5,318;45.5,75;50.75,180.5;165.25,37;172.25,36.5
45082;13,5.25;40,279.5;50.5,228;335,277;37,88.5;50.75,180.5;125.5,6.25;172.25,36.5
45608;4.25,8.75;59,248.75;65.75,295.25;297.75,237;37,88.5;87.75,196.75;121.5,39.25;172.25,36.5
42455;15.75,25.25;26.5,296.75;73.75,242.5;290,207.5;37,88.5;49.75,247.25;91.5,32;172.25,36.5
28212;15.75,25.25;40.25,274.25;73.75,242.5;290,207.5;8.5,155;14.25,214.75;41.25,69;118.75,20.25
43173;15.75,25.25;40.25,274.25;61.75,155;257.75,275;39,197.25;47.5,180.75;90,25.25;118.25,20.5
36017;16.25,81.25;22.75,302;60.5,76;190.25,240.25;29,217;65.75,247.5;90,25.25;118.25,20.5
25473;42,46.25;65.25,261.75;91.75,96;177.25,212.5;13.75,215.75;44,294;90,25.25;118.25,20.5
43770;5.75,7.25;47,294;70,132.25;201.5,189.5;2.5,192.25;53.5,253;90,25.25;118.25,20.5
34534;7.5,57.75;76.25,243;92.25,64.25;156,215.75;2.5,192.25;103.75,304.25;113.5,91;118.25,20.5
8195;18,84.5;74.25,298.25;92.25,64.25;93.5,231.75;36.5,193;95.25,261.25;103.5,153.25;118.25,20.5
15897;5.5,84.25;36,241.5;68.5,140;133.25,189;21.25,270.5;36.5,193;80.75,173.75;118.25,20.5
1977;29.75,74;36,271.75;146.75,159;207,169.75;10.25,279;72.75,221;80.75,173.75;118.25,20.5
44383;7.75,35.5;35,238.5;129.5,203.25;163.75,210.25;7.75,229.5;72.75,221;80.75,173.75;104.25,76.75
16928;7.75,35.5;14,261.25;156.75,211.25;216.75,246.25;7.75,229.5;70.5,150;71,150.25;143.5,87.75
21950;15,84.5;78.5,205;201.75,261;256.25,248;5,229.25;70.5,150;87.5,168;143.5,87.75
46033;4,111;78.5,205;240,273;261.75,305.75;5,229.25;93,152.75;102.75,201;131.25,77
44926;27.5,89.5;78.5,205;239.5,307.5;305.75,320.75;47,269.25;70.25,129.25;102.75,201;159.5,92.25
23888;71.75,84;122.5,251.25;178.75,268.25;325.75,242.25;48.5,269.25;51,134.5;102.75,201;159.5,92.25
25507;102.75,34.75;160.5,188;178.75,268.25;299.25,188;9.75,318.5;51,134.5;160.5,225.5;225.5,134.5
27753;111.25,87;118.25,214;223,315.25;316.5,151;9.75,318.5;51,134.5;175.75,237.5;193,100.25
26337;108.25,125.5;118.25,214;146.5,317.5;277.5,164.25;21.25,306;51,159.75;175.75,237.5;187,95
6629;67,88;166,280.75;167.25,289;246.5,83.25;10,311;21.25,203.75;175.75,237.5;187,95
11916;10,145.25;173.25,270;215,302.25;228.75,145;45.5,296;64.5,175;175.75,237.5;187,95
13946;10,145.25;169.25,289.75;206.5,310.5;228.75,145;20.75,217;60,101.25;162.25,300;196.25,6.25
9629;10,145.25;101.5,315.75;167.25,298.25;228.75,145;69.5,168.75;82.25,31.5;238.75,266;261.75,6.25
10794;78.25,141.5;99.5,227.5;184.5,316.75;247.75,161;69.5,168.75;162.5,30;227.75,226.75;261.75,6.25
9614;133.75,124.25;139.75,238.25;226.25,265.5;256.25,98.5;69.5,168.75;156,52.75;227.75,226.75;328.5,45
50347;79.25,86.75;100.25,205.5;226.25,265.5;328.5,115.25;13.75,202.5;156,52.75;283.75,184.5;300.75,34.75
19219;18.25,43.25;52.25,189.75;218.25,242.25;316.75,120.5;21,182;154,51.25;283.75,184.5;300.75,34.75
37445;1.25,26.75;52.25,189.75;272.25,286;295.75,151;8,194.5;154,51.25;275.75,203;346.75,77.5
20169;77,6.5;100.5,189.75;215.25,319.25;333.75,82;8,194.5;187.75,103.5;345.25,210.25;346.75,77.5
30145;115.25,21;128,146.5;164.5,292.5;333.75,82;35.75,231.75;187.75,103.5;311.75,194.75;329.5,94.75
10957;106.75,40.75;128,146.5;164.5,292.5;342.25,21.25;11.25,308;251.75,111;304.75,113.5;305.5,149.75
20953;106.75,40.75;128,146.5;231,248.75;288.75,23.75;11,270.5;276.75,185;296.25,84.5;359.75,186.25
31261;106.75,40.75;128,146.5;239,280;310,69;23.25,288.75;335.5,191;336.5,53.5;365.75,212
40435;106.75,40.75;128,146.5;239,280;351,17.75;63,258.75;273.75,180.75;310.75,136.25;352.75,305.25
16691;130,120;142.5,147.5;250.25,210.75;304.25,32;73.25,284.5;239.5,258;310.75,136.25;352.75,305.25
5198;181.75,153.25;185.75,138.75;186,229.25;360,100;73.25,284.5;278.75,293.5;312.5,197.25;352.75,305.25
24863;181.75,153.25;185.75,138.75;209.5,282.5;294,119.75;110.75,281.75;266.25,322.25;343,234.75;351,292.5
35295;166,178.75;185.75,138.75;246.5,283.25;354.5,137.25;110.75,281.75;260.75,291.75;355.5,162.5;362.75,246.5
6786;133,150.25;150.75,206;302.25,262.75;354.5,137.25;102.5,316.75;260.75,291.75;326,244;338.25,196
23727;122.25,234.25;133,150.25;320.5,294;354.5,137.25;34.75,321;218.5,307;254.5,215.25;345.25,276
39343;122.25,234.25;133,150.25;327,277;330.5,199.25;10.25,306.25;309.25,270.75;321.25,262.75;339.75,320
9590;122.25,234.25;175.75,161.75;259.75,243.25;343.5,197.75;10.25,306.25;324,223;354.5,297.75;360,234
7552;61.25,249.5;188.25,113.75;265,273;331.5,257.5;10.25,306.25;347,218.25;354.5,297.75;367.25,212
49552;36,281;188.25,113.75;265,273;331.5,257.5;5.75,321;309.25,225.25;335.75,261;350,160.25
33866;26.5,310;184.75,110.75;265,273;361.5,229.25;5.75,321;324.75,301;339.25,312.5;340.25,137.25
6378;26.75,280.5;203.25,60.75;311,318.75;361.5,229.25;4.5,243.5;321.5,309.5;339.25,312.5;359.5,162.5
8652;82,229.75;155,10.5;357.75,228.25;360.25,239.5;78.5,211;310.5,298.25;339.25,312.5;359.5,162.5
44755;153,204.5;192,10.5;360.25,239.5;368,166.75;78.5,211;290.5,310;311,298.25;312,242.5
23505;153,204.5;200.75,69.25;360.25,239.5;368,166.75;71,283;256,263.25;266,287.5;317,320.75
3042;240.5,219;271.25,24.5;283.5,189;342,248.25;71,283;256,263.25;331.5,314.5;347.25,292.25
3251;252.5,249;271.25,24.5;302,111.75;345.5,272.5;71,283;234.5,274.25;338.75,313.5;344.75,279.25
6192;170.25,219;275.25,66.5;277.25,18.5;291.25,321.75;72,289.75;234.5,274.25;281.5,323.5;344.75,279.25
29243;172.75,163;222.25,86.75;282,52;284,283.5;18.5,306.5;234.5,274.25;281.5,323.5;302.75,233.25
32479;92.75,188.5;162.5,126.75;200.25,11.5;284,283.5;98.25,302.25;176.5,306.25;285.75,314;302.75,233.25
22950;33.25,182.5;178.25,138;200.25,11.5;254,219.25;98.25,302.25;248.75,308.25;265,247.25;278.5,153.25
42593;38.75,139;178.25,138;200.25,11.5;282.25,167;32,286.75;195.75,250;251.25,176;253.25,106.75
22681;9,173.75;143.5,197.5;151,28;310.75,165.75;29,203.25;195.75,250;222.75,140.5;251.25,176
8743;0.25,145;81.5,222.5;151,28;281.25,137.75;13,155.75;195.75,250;231.5,152;231.5,155.5
19087;30.75,99.75;74,176.75;186.5,37.75;281.25,137.75;13,155.75;200,218.5;208.75,202.75;250.5,223
31473;36.25,21.25;74,176.75;205.25,92.75;287.25,143.5;13,155.75;212.5,272;217.25,248.75;218.25,172
38;36.25,21.25;53.5,210.25;252.25,66.5;269.5,74;13,155.75;202.25,297;245.25,309.25;254.75,219
29595;18.25,42.75;21.5,228;291.5,105.75;294.5,112;13,155.75;192.5,310.75;245.25,309.25;255,219.5
15278;47.5,8.75;90.25,286.25;272.5,143.75;322.75,152.5;51.75,223.25;196.5,275;245.25,309.25;255,219.5
15479;4.75,8.75;60.25,294.5;284.75,142;322.75,152.5;103,226.25;145.25,222.75;186.5,301.75;255,219.5
22484;37,23;115.75,251.75;274.5,143.25;322.75,152.5;108.75,291;121,275.5;186.5,301.75;233.25,202.75
48810;37,23;115.75,251.75;271.5,72.5;329.25,182.25;110.75,258;167.5,298.5;196.5,234.25;197,173.75
42076;11,85.25;109,312.5;271.5,72.5;355.5,239.75;89.75,253.75;110.5,314.5;174.75,240.5;197,173.75
11929;81,129.75;109,312.5;300.5,53.5;366.75,312.75;102,233.25;110.5,281.25;141.25,197.5;197,173.75
11062;70.5,177;109,312.5;230,53;366.75,312.75;138.75,194.75;161.25,283;182,134.5;238.5,235.25
40341;47.5,247.75;109,312.5;279.25,74;366.75,312.75;94.25,221.75;153.5,299.75;217.75,182.5;269.75,286.75
23616;11.75,301;59.5,317.75;288.5,133.5;366.75,312.75;47.25,252.25;153.5,299.75;240.25,133.75;277.5,252.75
26131;28.25,276.75;49.5,240.75;288.5,133.5;366.75,312.75;131,252;148.75,271.5;231,114.25;319.5,314
24979;28.25,276.75;49.5,240.75;288.5,133.5;303,303.5;108.5,295.5;112.25,245.5;161.5,91.25;354.25,287.75
32005;78,256;97.25,308.5;309.75,53.75;355.5,260.75;108.5,295.5;112.25,245.5;161.5,91.25;359.75,227.5
19180;59.5,318.25;88.75,312.25;283,57;354.75,183.5;144.75,226.5;155.5,181.75;161.5,91.25;359.75,227.5
14396;59.5,318.25;88.75,312.25;276.5,59.5;317.5,154.75;158,225;178.25,239.25;181.5,130.5;355.25,267.25
26312;59.5,318.25;88.75,312.25;202.5,71;322.25,150;151,162.75;154.25,302;208,120.5;293,260.25
1145;16.25,304.5;50.25,294;214.75,93.75;364.25,141.75;100.75,162.25;151.75,319.5;208,120.5;293,260.25
38280;42.5,271.75;120,267.75;214.75,93.75;364.25,141.75;175,197.5;206.25,261;253.5,69.75;299.5,268.5
29728;82.5,316;112.25,226.25;160.25,109.25;364.25,141.75;153.5,221.5;189,218;213,117.5;299.5,268.5
7788;17.75,308.5;21.5,228;131.75,90.25;339.5,79;153.5,221.5;189,218;230.25,133;301.75,268
34964;17.75,308.5;69.25,154.25;175.5,44.75;370.5,122.25;163.25,203.25;176.5,230.5;230.25,133;239.25,241.75
20347;17.75,308.5;91,103.25;216.25,3.75;370.5,122.25;123.25,158;125.75,276.75;161.75,81.25;301.25,280.25
28227;12.5,241;13,63.75;216.25,3.75;310.25,110.5;123.25,158;178.75,288.75;214.25,108.5;238.5,317
29955;35.5,284.25;76.25,16.25;216.25,3.75;356.25,172.75;127.75,106.5;178.75,288.75;285.25,139.75;301,316
37561;56,322.5;117,59.75;184.25,77.75;356.25,172.75;186.75,73.75;206.5,202.25;285.25,139.75;352.25,276
15128;56,322.5;86.75,3.75;210.25,7.5;356.25,172.75;107,51.25;152,225.75;270.5,143.5;333,218.75
15250;10.5,310;35,31;190.75,5.25;336.75,209.75;107,51.25;152,225.75;299.5,87.25;356.25,154.75
22964;15.25,262.75;35,31;131.75,29.5;336.75,209.75;115.75,38.5;228.25,185;307.25,149;343.25,115.5
23880;23.5,312.75;104.5,13.5;157.25,28;327.75,274.75;115.75,38.5;234.25,256.75;237.5,132;343.25,115.5
46152;23.5,312.75;51.25,45.75;157.25,28;293.25,321.5;146.25,49.5;178,316;231.25,188.75;285.75,107.25
35950;23.5,312.75;39,114.75;157.25,28;340.25,320.25;155,92.75;186.75,250.5;202.25,108.25;334.5,160.25
5486;23.5,312.75;73.5,84.5;115.75,22;340.25,320.25;146.25,48.75;153.5,300.5;172.5,53;315.5,207.5
26094;8.25,269.75;26,78.75;111.25,16.75;340.25,320.25;82,17;158.5,240;165,32.25;315.5,207.5
27494;11.5,300.75;26,78.75;63.25,2;343.25,240.5;82,17;84,199.5;205,67.5;265.75,274.5
28943;25.75,278;72.25,115.75;103.75,14;343.25,240.5;65.25,9.5;113.5,222.25;258,75.5;265.75,274.5
47583;52.5,322.5;65.25,184.5;146.25,27.5;343.25,240.5;45.75,2;113.5,222.25;230.5,41;265.75,274.5
21118;103,321.75;130.25,172.25;155,90.5;371.75,151.75;91,31.25;113.5,222.25;230.5,41;265.75,274.5
45782;103,321.75;176.25,110.5;178.75,124.75;365.75,143;91,31.25;171.25,196.5;298.5,27;351.5,276
11395;63.5,305.75;184,50;193.5,83.25;317.75,140.75;113.75,102.75;171.25,196.5;255.75,24.25;351.5,276
32810;114.5,300.25;193.5,83.25;213,52.5;278,165;113.75,102.75;139.25,268;219.25,5;360,211.5
37390;93,283.75;154.75,124.75;212.75,17.25;219,129.75;165.75,165.75;196,302.75;219.25,5;360,211.5
29376;24,311.5;163.75,110;176,38.5;219,129.75;101,198.5;213.5,275.75;219.25,5;328,162
33091;24,311.5;90.25,139.25;118.25,53.25;244.75,175.5;101,198.5;193.25,234.5;205.5,92;316.75,242.25
40292;12.75,267.25;87.5,85.75;89.5,27.25;255,218.5;101,198.5;193.25,234.5;228,153.5;321.75,211.25
35553;36.25,285.25;40,30;66.75,31.75;237,146;101,198.5;193.25,234.5;247,201.75;295.75,194.75
984;23.5,241.5;84.5,59;103.25,69.25;272.75,192.75;122,194.25;122.75,265.5;247,201.75;295.75,194.75
27249;23.5,241.5;73,142.75;170.5,16;272.75,192.75;153.5,223.5;161,288.25;174.5,238.5;296.5,130.25
22266;75.25,297.75;90.25,196.25;127.5,13;351.5,217.75;115.75,195;161,288.25;204.5,177.25;296.5,130.25
42411;85.5,319.25;90.25,196.25;91.5,70.75;358.75,209.25;115.75,195;203,303.25;247,184.5;293.25,184.25
49349;7.5,284;42.75,241.75;49.25,58.25;358.75,209.25;182,214.25;203,303.25;340.25,190.75;353.5,181.25
18620;66.75,309;85.5,323;120.75,16.25;355.75,230;124.25,252.75;203,303.25;339.5,191.5;353.5,181.25
16734;32.5,303.75;157.25,297;196.5,50.5;360.75,240;50,284.5;228.25,290.75;339.5,191.5;353.5,181.25
3149;23.5,301;172.75,322.5;249.25,96.5;360.75,240;50,284.5;262.5,291;323.5,204.5;327.25,163.25
22908;102.25,321.25;180,316.5;214.25,80.25;360.75,240;126.25,274.25;262.5,291;305.75,233.25;356.5,145.25
22680;116,303.75;172,236.25;214.25,80.25;349.75,321.25;126.25,274.25;271.75,211.5;293.75,170.25;307,151.75
24286;81.5,297.25;230.5,190.25;232,22.5;349.75,321.25;126.25,274.25;210.25,178.25;317,218.25;330,162
26151;143.25,260.75;194.5,265.25;200.25,63;343.25,320.75;126.25,274.25;180,198;268.25,283;330,162
9249;143.25,260.75;205,260;245.5,93.5;313,244.25;126.25,274.25;237.25,211.25;242.5,290.5;260.25,176.75
39018;143.25,260.75;205,260;290.25,115.5;356.5,228.75;71.25,297;219,223.25;219.25,323.5;260.25,176.75
12887;143.25,260.75;229.75,203;290.25,115.5;310.25,247.5;36.25,306.25;187.25,250;194.75,316.75;262,201.25
873;158.5,214.75;267.25,255.75;277.25,150;292.25,187.75;36.25,306.25;137.75,195.75;194.75,316.75;203.5,163.25
43524;174.25,291.25;214.5,311.25;224.25,131.75;227.5,126.5;39.75,301.5;137.75,195.75;194.75,316.75;203.5,163.25
6564;89,324;214.5,311.25;222.75,132.5;227.5,126.5;64.25,310.5;70.5,208.25;161.75,301.25;180.75,160.5
20263;141,312.75;222.5,259;227.5,126.5;231,169.75;56.25,309.5;64.5,289.25;161.75,301.25;263.25,175
15588;140.5,226;194,174.5;222.75,105.75;222.75,207.75;56.25,309.5;64.5,289.25;193.25,246.5;216.25,149.25
48994;144.5,305.5;160.25,164;189,117;231.75,201;56.25,309.5;64.5,289.25;193.25,246.5;228.25,132.75
6226;117.5,283;132.5,100.75;140.75,192.75;231.75,252;56.25,309.5;64.5,289.25;211.25,182.5;222.75,212.75
39773;117.5,283;135.5,21.25;168.25,187.5;244.5,190.25;56.25,309.5;106,282.25;186,237.75;195.75,239.25
30867;64.75,317.5;106.25,14.75;218.25,218;297.25,166;2.75,306.5;106,282.25;186,237.75;241,235.5
24773;64.75,317.5;148,28.5;151,265.25;297.25,166;77.25,258.25;148.5,203.25;155,303.25;190.25,241.75
29645;64.75,317.5;142.5,41;151,265.25;332.5,133;44.25,293.5;70.25,210.5;102.5,299.75;142.25,223.25
11490;26,270.5;142.5,41;151,265.25;369.5,69.25;15.75,284;60.5,235.5;74.5,295.25;167.75,162.5
16336;49.25,241;165.25,5;181,317;369.5,69.25;28,212;56,252;107.75,294;167.75,162.5
11923;26,168.25;90.5,8.75;181,317;335,81.25;4.75,171.5;55.75,268.75;84.5,273;167.75,162.5
34314;33.75,124.75;148.5,29.75;164.75,317.5;296.75,102.25;4.75,171.5;55.75,268.75;85.5,273;188.5,100.5
7296;53.25,69.25;117.25,107.75;172.5,280.5;296.75,102.25;25.5,202.25;31.25,266.25;85.5,273;163.5,71.75
37002;98,58.25;171.5,145.75;171.5,229.75;222.25,84.5;25.5,202.25;31.25,266.25;80,285;185,5.25
1652;88,107.25;157,66.75;171.5,229.75;273.25,43.25;25.5,202.25;65,247;162.75,282;226.5,19
14003;65.25,58;204.75,63.25;223,247.75;291.75,56.5;25.5,202.25;49.75,221.75;162.75,282;247,83.25
18227;120,74;204.75,63.25;209.75,236;301,14.5;31.5,206.25;83,251;90,283.75;247,83.25
34821;93.75,90.5;141.75,10;180.25,246.25;356.75,11.75;31.5,206.25;35.75,277;130.5,266.5;247,83.25
37700;114,69;132.25,2.75;239.25,309.5;356.75,11.75;4,232.75;11.5,293;98,229.25;247,83.25
26174;161.5,60;181.5,36.25;239.25,309.5;264.25,13.25;47.75,295.5;55.5,254.25;93,169.5;247,83.25
40792;81.5,23.25;133,20.25;269.5,286.25;318.25,85.75;55.5,254.25;70,306.25;184,156.25;247,83.25
17734;81.5,23.25;187,42;295.75,304.5;325,115.75;31.25,245;59.5,288.75;184,156.25;258.25,97.5
40084;129,10.75;137.75,22.25;280.25,239.5;328.25,182.25;31.25,245;59.5,288.75;215.75,191.5;227,108.5
45864;113.25,16.75;118.5,70.75;323.75,282;365.5,164.75;27.25,226.5;59.5,288.75;159.5,197;227,108.5
33655;113.25,16.75;132,45.75;326.5,274.25;332.25,190;48.25,185.75;59.5,288.75;161.5,221.25;277,125.75
40022;143.75,31.25;214.75,56.25;313.75,299.5;355.25,230.75;37,119.75;59.5,288.75;161.5,221.25;226.75,96.75
26642;183.25,92.5;210.75,42;313.75,300;355.25,230.75;107.25,104;110.25,316.25;158,226;226.75,96.75
21639;183.25,92.5;210.75,42;288,293.75;353.25,242.75;46.75,105.25;145.25,318.5;146,193.75;202,67
15348;242.75,120.5;243.5,81.5;289.25,320.5;320.75,195;46.75,105.25;145.25,318.5;188.75,173.25;212.25,106
13446;152,124.5;157,88.25;239.25,282.25;241.75,170.75;46.75,105.25;145.25,318.5;148.5,203.25;301,126.25
31089;135.5,127;174.75,140.75;239.25,282.25;273.75,187.5;46.75,105.25;93,314;159.5,157.5;354,138.75
38973;80.5,84.75;201.75,136.75;284.25,319.25;290,208;71.25,163;144.5,299;159.5,157.5;354,138.75
4077;4.5,75.5;251.25,77;306,303.5;345.5,166;112.75,116;144.5,299;190,180.25;354,138.75
41218;37.5,118.25;297.75,92.25;306,303.5;326.25,142.75;88.75,177;107.25,305.25;153.75,203.25;354,138.75
6326;45.75,205.5;288.25,72.5;309.25,318;368,196.75;25.25,118.25;68,308.25;153.75,203.25;354,138.75
31328;43.5,183.25;305.5,102.25;328.75,315;364.75,261.25;34.5,122.75;130.5,287.75;153.75,203.25;354,138.75
40793;24.5,212.75;283.5,142;300,301.75;364.75,261.25;35,206.75;98.75,300.5;117,258;354,138.75
19496;24.5,212.75;284.25,57;284.5,313;364.75,261.25;19.5,255.25;67,277.25;168.75,225.5;356.25,158.75
28124;17.25,305.5;270.25,120;288,309.25;364.75,261.25;2.75,299.5;103,304;150.25,202.75;356.25,158.75
39128;95,316;270.25,120;351,305.5;363.75,229.75;51,277.5;108,229.5;109.25,168.75;356.25,158.75
38831;95,316;328,63.75;353,319.5;363.75,229.75;25.75,300.5;49.25,175.25;95,220.75;353.5,183.75
36085;95,316;276.5,30;293.5,321.5;363.75,229.75;39.5,321;55,198.75;73.5,266.75;281.5,125.25
23039;52.5,318.25;310.75,24.25;355.5,321;363.75,229.75;18.5,309;55,198.75;73.25,296.5;334,91.75
40298;142.25,265.75;310.75,24.25;355.5,321;363.75,229.75;46,307.75;91.5,267.5;104.5,273.25;318.5,15.75
17962;177.25,172.5;240.25,31.75;284.5,321.75;363.75,229.75;48,281;145,252.75;154.75,318;318.5,15.75
44483;163,225.75;166.25,2.5;300.5,317.25;325,213.75;46.75,280;98.5,231.25;154.75,318;318.5,15.75
3004;138.25,128.75;148.5,16.75;273.5,300.5;325,213.75;14,202.25;16.75,215.75;253.25,310.25;318.5,15.75
18128;107.25,164.75;184.5,21.25;274.75,255.25;325,213.75;49,279.25;50.75,221.75;167.75,302.75;318.5,15.75
12580;136.75,128.5;178.75,0.75;335.75,279.25;365,196.75;52.75,297.75;54.25,270;167.75,302.75;318.5,15.75
7862;116.5,52.75;161.5,96.75;277.75,219.75;365,196.75;54.25,270;152.75,271.75;153,303;335,2.25
39088;56.75,55.25;161.5,96.75;277.75,219.75;365,196.75;22.75,215.25;126.25,319.75;166.5,302.25;315,2.25
13258;56.75,55.25;130.75,28.25;259.25,270.25;364,229;7.25,294;46.5,311.75;153.25,278.25;315,2.25
43735;7.75,36.25;127.25,22.5;228.25,207.25;312.25,305;7.25,294;55.5,254.25;114.25,252.25;315,2.25
39204;51.5,18;66.25,7.25;187,269.25;306.75,320.25;7.25,294;71,251.75;94,234.25;315,2.25
20328;51.5,18;115.75,22.5;198.25,180.25;262.25,238;52,228;83.25,220.75;89.75,235.75;315,2.25
4819;28,68;137,63.25;198.25,180.25;225,294.25;120,230.5;124,196.5;138.5,185.5;315,2.25
28721;70.25,74.25;137,63.25;141.25,194.25;247,277;120,230.5;122.25,144.75;147.75,181;301.75,34.75
3036;25,126;154.75,27.5;161,228.25;194.5,280.5;120,230.5;121.5,113.75;204.25,220;301.75,34.75
18532;25,126;150.25,51;201,190;245.75,261.25;120,230.5;167.5,49.75;213,296.5;283.25,41
44374;36.25,145.5;107.75,90;227,169.75;269.75,230.75;82.75,286.75;167.5,49.75;198,316.75;283.25,41
28540;36.25,145.5;80.75,110.25;241.75,120.5;331,218.5;131,264.75;167.5,49.75;240.5,274.5;326,7.25
29135;28.75,96.75;29.25,138;272,164.75;364.5,191;147.5,288.5;170.25,87.5;240.5,274.5;326,7.25
1287;56.5,148.5;71.5,141.75;271.25,128.75;354.5,273;98.75,232.75;170.25,87.5;270,287.25;326,7.25
37235;18.75,140.75;55.5,158;292,209.5;356.5,314;97.5,220.75;170.25,87.5;270,287.25;346.5,78.5
16208;65.5,172.25;71.5,201.75;322.5,213.25;348.75,317.75;70.75,275.25;161.5,32;270,287.25;346.5,78.5
35097;65.5,172.25;71.5,201.75;324.5,293.5;343.25,321.25;46.25,248;203.5,100.25;269,272.25;332.5,65.5
22012;116.75,208.75;122.5,180.25;348.5,290;362.25,324;12,189.75;203.5,100.25;269,272.25;332.5,65.5
13067;51.25,237.75;164.5,143;287.5,260.5;298.25,319.5;12,189.75;189.25,173.5;269,272.25;301,9.75
39887;2.25,220.25;128.5,140.5;230.25,253;262,264.25;48.25,169.25;189.25,173.5;265.75,226.75;301,9.75
23994;67,255;76.5,97;204.5,311.5;213.25,291.25;48.25,169.25;123.5,156.25;272.25,166.25;301,9.75
47341;30.25,295;74.5,57.5;215.25,291.25;256.5,312.5;48.25,169.25;100,140;225.75,189.25;301,9.75
37288;67.75,309;112.75,110;241.75,261.25;252.5,292.75;48.25,169.25;100,140;287.75,228.5;355,61.5
29714;111,311;116.5,34.75;195.25,233.75;211.25,233;107,143.5;151.75,156.75;287.75,228.5;355,61.5
38586;111,311;139.75,96.25;216.5,253;222.25,316.25;107,143.5;210,95;240.25,183.25;326.5,6.25
26943;92.5,299.25;93.25,141.25;216.5,253;311.25,319;141,151.25;191,103;232.25,131.75;326.5,6.25
40111;15.5,279;57,219.25;159,214.75;311.25,319;180.5,232.25;232.75,78.75;242,174.25;326.5,6.25
8537;15.5,279;93.25,159.5;170.25,136.75;272.75,267.5;195.75,243;206,129;224.75,167;326.5,6.25
2449;88.25,297.25;93.25,159.5;170.25,136.75;280,263.25;217.75,188;231.25,185;238,143.5;327,8.25
20014;6.75,307;84,197;124,77;219,252;208.75,207.75;209.75,251.25;238,143.5;327,8.25
20588;29.5,257.5;117.5,161.5;141.5,91.5;219,252;208.75,207.75;271,264.25;302,185.5;319.5,65.5
16580;29.5,257.5;133.25,136.75;157.75,142;163.25,227.25;137,238.5;230.25,247.25;302,185.5;302.25,4.5
32705;29.5,257.5;70.5,177.75;157.75,142;163.25,227.25;143.75,303;223.5,278.25;245,230.5;263.25,49.5
45209;82.75,299.25;99,189.5;123.5,202;127,213;143.75,303;223.5,278.25;248.5,193.5;283,107.25
41624;82.75,299.25;99,189.5;130,213;167.5,226;86.5,268.5;252.75,310.25;257.5,200.75;339,98.75
41717;82.75,299.25;117.5,169;163.25,152.75;167.5,226;67.5,206.75;197.25,312;217.25,200.5;323,123.5
12565;86.5,280;103.25,228.25;160.25,108.75;162,186;74,125;197.25,312;236.25,152;323,123.5
24111;52,295.5;52.75,250.5;136.5,96.75;146.75,128.25;55,129.5;197.25,312;236.25,152;338,124.5
5379;25,316.5;36.75,189.5;86,57.75;167.25,97.25;55,129.5;170,300.25;186.25,174;338,124.5
27339;6.75,263.5;31.5,144.25;111.75,14.75;167.25,97.25;52.25,77.25;179,270;245,180.25;338,124.5
6723;35.25,226;88.75,149.75;130.5,27.5;145.5,147.75;52.5,28;179,270;184,164;338,124.5
28344;99.75,191;121.5,122.5;147.75,83.75;162.25,164;18.75,11.25;179,270;184,164;308.5,169.75
40701;67,219;123.25,142;138.25,125.25;143.75,89.25;18.75,11.25;179,270;186.5,95.75;246,196
37282;37,217;92,69.75;123.5,76;163.25,140;18.75,11.25;129.25,195.75;169,14.75;246,196
32302;72.5,177.5;92,69.75;153.5,108.75;164.75,210.25;84.25,13;129.25,195.75;164,30;204.75,201.5
38123;80.5,165.75;106.25,18.5;142.25,125.5;153.75,157.75;93.25,26.25;129.25,195.75;145.25,49.5;204.75,201.5
608;65.5,186;106.25,18.5;122,123.25;153.75,157.75;115,69.25;148.25,251.75;217.75,58.25;233.25,156
27412;0.5,177.25;106.25,18.5;122,123.25;153.75,157.75;84.25,13;130,294;161,1.25;193,174.5
32653;0.5,177.25;20.25,24.25;59,74.25;218,202.5;2.25,17.25;72.25,275;161,1.25;205.5,217.5
43;23.5,153.75;38.75,74.5;110.75,122.25;228.75,236.5;2.25,17.25;89.5,300;107.25,11.5;205.5,217.5
14060;25.5,89.5;49.75,55.5;110.75,122.25;219.25,261;2.25,17.25;22.75,306.75;78.5,86.25;220.5,279.75
687;8.5,76;65.5,5.25;85.75,171;219.25,261;2.25,17.25;5.75,283;114.75,40.25;219,296.5
26534;7.5,57.75;12,54;62.75,97.75;238.25,224.5;2.25,17.25;9.25,296.5;187.75,56;219,296.5
47860;21,119.75;32.25,32.75;74,88.5;323.25,214.5;2.25,17.25;11.75,314.5;208.25,5.25;219,296.5
19198;75,102.75;79,13;134,128.75;321.25,299.5;71.25,20;71.75,259;208.25,5.25;219,296.5
35175;14.75,126.25;138.25,46.75;180.5,61;321.25,299.5;71.25,20;87.75,303.25;221,6;264.25,306.25
21998;82.25,172.75;143.25,21.25;146.75,124.25;238,277;71.25,20;145.25,301.75;221,6;335.75,311
43195;49.5,218.25;126.75,25.25;145.75,129.5;238,277;71.25,20;111.5,291;266,6.25;269.5,295.5
43773;52.25,238;158.5,30.5;172.5,163.25;196.5,280.75;94.75,79.25;132.75,229.25;266,6.25;269.5,295.5
38873;65.75,313;164,60.25;164,222.75;196.5,280.75;7,69.25;215,250.5;266,6.25;291.25,218.25
33987;81,286;144,145.25;145.75,239.25;209,309.5;7,69.25;215.5,276.5;266,6.25;339.75,261
5663;58.75,249;152.25,222.75;158.5,216.75;209,309.5;40,88;223,279.75;266,6.25;328.5,180.25
8019;23.25,226.5;140.25,226.75;158.5,216.75;171,312.5;26.25,55.25;226.25,251.75;266,6.25;274.5,153.25
10840;23.25,226.5;158.5,216.75;165.75,266;169.25,303.25;6,70.75;209.5,207;264.5,86;273,127.75
25618;23.25,226.5;154.75,254;168.25,322;250,289.75;6,70.75;205.5,183.5;302.5,10.25;318.5,161.5
4729;33,305;203,311.25;223.5,302;261.75,242.5;54.5,112.5;226,212;302.5,10.25;318.5,161.5
50200;33,305;203,311.25;223.5,302;252,269;22.5,127;242.5,129;345.5,80.75;353.75,180.25
14509;69.5,230.75;132.5,246.25;223.5,302;267.5,178.5;22.5,127;281.5,218.25;341.75,171;342.25,229.25
326;0.25,184.75;132.5,246.25;223.5,302;248.5,165.25;81.75,190;327,160;351.5,203;354.25,303.25
35019;0.25,184.75;132.5,246.25;223.5,302;248,165.25;51,189.25;346,204.5;361.75,265.25;367,278.5
40313;45.5,181.5;76.5,165.75;185.5,317.25;329.5,152.5;51,189.25;361,228.5;361.75,265.25;367,278.5
18537;38,157;59.5,201.5;185.5,317.25;350,161;83.5,251.5;311.5,219;328,311.25;361.75,265.25
650;81.5,91.25;140.75,223.5;207.75,259.5;350,161;83.5,251.5;247.75,281.75;254.75,310.25;353.5,313.25
23269;94.75,160.75;101.5,252;145,299;343.5,217.5;29,189.25;247.75,281.75;254.75,310.25;310,297.75
47828;64.5,217.75;176.5,228.5;198.25,321.5;278.25,198.75;27.75,123.25;160,258.25;254.75,310.25;310,297.75
44373;51.25,278.25;92.25,232;198.25,321.5;365.75,201;94.75,108.5;160,258.25;317.75,300.5;320,288.25
34627;51.25,278.25;60.75,160.75;173.5,317.25;365.75,201;87.25,73.5;216.75,248;296.5,305.25;337.75,313
25802;51.25,278.25;60.75,160.75;203.25,319.25;365.75,201;111,69.25;246.5,213.5;265.75,264;314,243.75
35480;35.25,298.5;73.5,177;203.25,319.25;349,197.75;111,69.25;311.75,243.5;320.75,312;355,189.5
29604;35.25,298.5;142.75,129.5;186,271.5;349,197.75;62.5,3.5;339.25,291.5;343.25,234.5;350.5,152
13137;4,240.5;166.75,50.5;200,307.25;364,240.5;21.5,29.75;277.75,228.5;339.25,291.5;350.5,152
26320;67.5,171.75;142.75,20;242.75,287.5;364,240.5;21.5,29.75;289.5,132.75;337.75,313.75;358.25,150.5
34262;16.5,126.5;177.5,34.25;260,256.25;364,240.5;21.5,29.75;271.75,112;301.25,242.75;344.5,222.75
41894;81.5,125.25;177.5,34.25;276.75,201.25;318.5,195.5;21.5,29.75;227,106.5;248.5,290.75;276.25,191.75
27786;110,130.5;118,36.25;227,147.5;318.5,195.5;21.5,29.75;249.75,161.75;285.75,228.5;291.25,196
6014;69.25,128.75;103.5,9.25;223.5,189.75;346.25,157.25;38.25,34;184.25,161;285.75,228.5;291.25,196
44646;29,119.25;68,28;167.75,222.75;317.5,115.75;112.75,22.75;121.75,196.25;285.75,228.5;291.25,196
1195;3.25,91.5;6.75,26.25;226,183.5;300.75,111.5;112.75,22.75;193.75,177.5;273.75,306;291.25,196
39963;7,62.75;59.5,7;183.75,210.75;238.75,84;112.75,22.75;205.75,202.5;273.75,306;293.25,194.75
24639;45.25,92.5;51.5,61.25;140.25,194.75;269.75,24.5;112.75,22.75;205.75,202.5;343.5,294.75;364.25,214.75
26717;49,143.75;58.75,55.25;77.5,165.75;223,30.75;112.75,22.75;205.75,202.75;352.25,302.75;364.25,214.75
4891;8.5,176.5;45,122;126,205.5;223,30.75;50.5,75.75;248,168.25;364.25,214.75;365.5,278.5
26262;36.25,241.5;45,122;172.75,226;194.5,61;50.5,75.75;298.25,137.5;345.25,278.5;355.5,215.25
2923;36,239.25;86,140.75;174.75,305.25;272.5,34.5;109.25,137.75;298.25,137.5;345.25,278.5;366.75,211.5
27024;36,239.25;86,140.75;199.5,307.5;311.75,6.75;169,105.5;270.75,69.75;308.75,271.25;356.5,211.25
6428;46.25,303;86,140.75;199.5,307.5;332.5,31;167.75,103;305,9.25;330,310.5;359.5,154.25
2838;62.5,230.75;86,140.75;199.5,307.5;332.5,31;127.25,153;264.75,48.75;336,294.75;353.75,82.75
38146;47.75,210.25;86,140.75;196.75,278.5;302.5,52;124.5,196.25;289.5,103;336,294.75;341.5,62.25
30627;47.75,210.25;95.75,164.25;145.5,224.25;294.25,37.75;124.5,196.25;221.25,132.25;280.75,244.75;327.75,56.5
1887;31.25,184;60.25,134.75;172.5,197.5;273,99;124.5,196.25;226,85;277.75,238.75;327.75,56.5
46490;31.25,184;90.75,85.25;238.75,207;242.25,170.25;71,252.25;226,85;265,236;354.25,67
33849;48.25,124;110,111;186.25,270.5;265.5,177.75;18.25,295.5;226,85;265,236;334.5,133
6788;9.5,63.75;90,91.25;186.25,270.5;265.5,177.75;14.75,295.25;282.25,141.75;292.25,194.25;352.5,190.75
18880;77.75,31;87,68.25;240.75,236;336.75,137;14.75,295.25;282.25,141.75;293.75,231;334.5,178.75
47839;61,99;77.75,31;279,287;336.75,137;53.75,221.25;281.5,202.5;298,307.5;355.5,265.25
30136;109,72.25;140.5,76.75;293.25,321.5;336.75,137;53.75,221.25;243.75,260.5;269,269.75;354.75,266.25
33703;109,72.25;172.5,140.25;293.25,321.5;297.5,135;67.5,192.25;250.75,244.5;319.25,314;331.5,313.75
28949;81,85.5;156.5,210.75;235.25,255.25;297.5,135;93.75,131.5;234.5,273.5;319.25,314;354,302.75
11589;64.75,58.5;91.75,243.5;300.5,231.5;360.5,121;152.75,180.75;162.5,300.25;319.25,314;354,302.75
27723;18.75,105.5;61.25,295;297.75,169.5;352.75,39.25;97,231.25;162.5,300.25;319.25,314;365,279.5
19156;11.75,42.75;23.5,311.25;245.5,216.75;351.75,29.75;7.25,202.75;162.5,300.25;319.25,314;361,225
27973;6.25,79.25;77.75,291.5;272.75,200.75;280.5,71.25;30,120.25;162.5,300.25;292.75,248.75;361,225
16055;37,127.75;37.25,300.25;254.5,138;258.25,77.5;30,120.25;162.5,300.25;313.5,314.25;360.5,225.25
41786;7.25,216.5;33.75,241;175.75,163.25;239.75,45;12,155.25;162.5,300.25;352.75,310.75;360.5,225.25
18087;69.5,209.25;94.75,281.25;158.75,128.25;204.5,42;19.75,205.75;162.5,300.25;311.75,284.75;360.5,225.25
31916;41.25,204.25;152.25,294.75;158.75,128.25;204.5,42;65.75,151.75;94.25,315.75;353,290.75;355,146.5
46964;75,142.75;152.25,294.75;159.75,142;204.5,42;18,127.75;153.75,299;335.25,259.75;340.5,148
28506;21.5,76.5;73.75,299.5;142.75,78.5;167,5;64.25,92;85.25,316.5;335.25,259.75;340.5,148
3807;21.5,76.5;73.75,299.5;126.25,13.25;196.5,38.5;70,153.25;89.5,281.75;314,239.25;347.5,179.5
14368;51,48.25;88.25,284.75;164.5,22.75;190.5,8.25;29,125.25;33.25,241.75;314,239.25;347.5,179.5
31767;25.25,114.5;43,242.5;164.5,22.75;190.5,8.25;11.75,60;80.5,206.75;314.25,159.75;350.75,150.5
39116;29.75,74;85,271.25;110.25,15.25;142.5,47;37,21.5;113.25,198;314.25,159.75;350.75,150.5
21528;0.25,142;117.75,257.75;124.25,53;162.5,49.5;69.25,10.25;113.25,198;314.25,159.75;356,80.75
15518;17.75,74.75;60.5,295.5;139,117.5;146.5,116.25;40.25,1.5;180.5,197;314.25,159.75;356,80.75
416;17.75,74.75;65.5,218.25;116,35.5;193.25,167.25;40.25,1.5;154.5,142;340.5,204.25;345.75,78
11027;17.75,74.75;89.75,214.5;116,35.5;193,146.25;76.75,28.75;161.5,119.75;329,181.25;340,81.5
37397;17.75,74.75;46,269.5;158,10.5;225.5,183;10.5,3.75;108.75,122.75;328,160.75;340,81.5
22094;13.5,167;17.5,231.75;158,10.5;315,195.5;10.5,3.75;88.75,183.5;269.5,137.75;324,124.25
41987;13.5,167;24.75,270;179.5,48;315,195.5;59,11;85.75,268.25;267.75,168.75;321,161
3768;12,164.5;54.75,281.75;229.5,56.5;280.25,182.5;9.25,24.25;67.75,289.25;267.75,168.75;321,161
14401;15.25,189.5;139.25,266.5;178,13.75;268,243.75;9.25,24.25;123.5,298.5;267.75,168.75;337.25,134
47896;90.25,190.25;162,305.25;237,35;272.75,165.5;9.25,24.25;85.25,234.75;267.75,168.75;335.75,205.75
11633;137,226;162,305.25;168.25,9;268,243.25;9.25,24.25;59,208;241.5,185.5;293.25,199.75
4681;81.5,232;148.75,263.5;177.25,1.5;288,248.5;9.25,24.25;12.5,189.25;241.5,185.5;358,229.5
8905;144,227.25;184,266.25;247,18.25;298.5,322;6.75,48;12.5,189.25;282.75,236;358,229.5
8990;139.5,264.75;185.75,203.5;210.5,24.5;310.5,289.5;6.75,48;12.5,189.25;291.75,278;362.5,263.25
33417;125,292.5;245.5,269;251.5,78.5;278.5,312.25;6.75,48;12.5,189.25;259,252.5;284,287.25
46699;158.25,240.75;192.75,277.5;216.5,129.75;278.5,312.25;6.75,48;75.5,208.75;285.25,323;314.75,309.25
35583;213.25,241.25;248.75,298;274.25,120.5;283.75,301;7,49;45.25,272.75;285.25,323;314.75,309.25
26661;239.25,190;242.75,311;284.25,143.25;288.5,301.75;26.25,79.5;114.5,216.25;285.25,323;314.75,309.25
2110;162.5,162;274.75,323;275.25,135.25;300.75,288.5;64.75,97.75;125.75,275.75;285.25,323;314.75,309.25
3181;226,145.5;239.5,295.25;266.5,101.75;280.75,244.75;94.25,67;142.25,302.75;285.25,323;314.75,309.25
11810;258.5,53.25;288.25,232.25;304.5,93.75;361.5,279.25;94.25,67;174.25,320;285.25,323;314.75,309.25
43806;258.5,53.25;288.25,232.25;304.5,93.75;330.75,301;138.5,53.5;260.25,270.75;298,278.25;313.5,222.25
13032;258.5,53.25;306.75,303.75;337.25,145.75;354.75,320.5;123,127.25;260.25,270.75;329.5,207.25;339.75,172.5
3215;268.25,18;293,322.25;312.75,145.25;353.5,314;122.5,198.75;260.25,270.75;329.5,207.25;339.75,172.5
34598;278.5,85.75;293,317.75;334.25,142;340.25,320.25;122.5,198.75;230.25,184;329.5,207.25;355,183.75
49275;251,41.25;289.75,290;366.5,185;368.25,322;122.5,198.75;288.25,121.75;329.5,207.25;355,183.75
17168;252,40.75;289.75,290;362.5,229;368.25,322;115.75,119.5;239.75,147;327.5,226;336.75,96.25
11088;252,40.75;287.25,263.25;359,277;364,284;107.25,119.5;239.75,147;313.25,180.75;355,45
39072;199.75,6.75;212.25,293.75;359,277;364,284;93.5,99.75;159.5,134;302.5,194.75;352,119
12584;199.75,6.75;285,318.5;289.25,322.5;364,284;42.25,104.25;182.5,63;335,129.5;338.25,58.75
15921;151,98.5;308.5,218.25;355.25,254.5;368,190.75;120.5,41;127.5,44.75;335,129.5;338.25,58.75
17875;144,124.25;336.75,152.5;351.75,180.75;365.5,152.25;120.5,41;127.5,44.75;304.25,59.75;356.5,79
7502;189.25,117.25;332.75,89.5;353.75,239.75;369,167.25;120.5,41;127.5,44.75;303,51.5;356.5,79
16183;227.5,146.25;293,37.75;322.25,299.5;355.5,163.25;120.5,41;127.5,44.75;257,9;335,52
39585;227.5,146.25;293,37.75;303,304;349.25,224.5;112.25,9.25;156.25,31.25;286.25,13.25;337,8.25
6458;228.25,129.75;258.75,110.25;285,320.5;338.75,298.75;112.25,9.25;200.25,97.5;286.25,13.25;326.5,82.25
3781;228.25,129.75;258.75,110.25;263.75,314;340,300.25;38.75,49;186.25,177.5;203.75,40;290.75,114.75
31957;264.5,65.25;279.75,72;319.5,295;333.25,315;38.75,49;186.25,177.5;263.75,15.25;278.75,185.5
50175;201,43;243.75,98;245.75,311.5;273.5,310.25;31.5,86.25;186.25,177.5;262.5,19.25;278.75,185.5
30302;228.25,130.25;268.5,180.5;276.5,232.25;299,317.5;36.75,120.25;186.25,177.5;211.5,6.25;278.75,185.5
22548;153.5,127.5;268.5,180.5;276.5,232.25;345.25,319;116.75,155.25;187.75,176.75;294,3.75;307.5,126.5
2928;116,46.5;319,149.75;357.75,229.75;358,308;146.25,157;187.75,176.75;294,3.75;307.5,126.5
50048;116,46.5;298.75,111.5;356.75,168.75;357.25,229.75;118,214.75;161.25,224;277,37.75;307.5,126.5
22965;95,26.5;311.75,96.25;334.25,141.75;354.5,215;55.5,242.5;97,198.5;277,37.75;307.5,126.5
15725;58.25,57;332,31;334.25,141.75;344.75,289;55.5,242.5;109.5,224.75;222.5,39.25;313,136.5
12794;5.25,51.5;309.25,55.25;334.25,141.75;362.25,308.75;55.5,242.5;115.75,194.75;164.25,48.75;279.5,114.25
24259;6.75,59.75;273.75,122.25;280.25,164.25;362.25,308.75;55.5,242.5;96.5,170.25;165.75,36;274,103.75
40782;10.5,6.25;202.25,132;204.25,140.5;362.25,308.75;108.5,241.75;109.75,161.25;222.25,48.75;274,103.75
5983;60.75,6;145.75,129;147.25,87.5;362.25,308.75;112.25,194.25;127.5,152;225.25,82.25;274,103.75
37619;55.75,6.5;145.75,129;180,18;362.25,308.75;84.5,196.75;123.5,97.75;272.5,49.75;276,133.5
24137;55.75,6.5;193,177.75;261.25,24;342.25,231;53.75,221.5;201.25,84;272.5,49.75;334,199
2548;3.75,3.75;169.5,162;220,60.75;290.5,209;53.75,221.5;201.25,84;221.25,21;358.75,202.5
31283;71.5,17;116,140.5;159,33.75;344.75,161.5;103,200.5;201.25,84;221.25,21;320,211.25
25003;128.75,30.5;168.75,103.75;228.5,51.5;276.25,134.75;103,200.5;205.25,41.25;240.5,91.25;320,211.25
954;58.25,7.5;92.75,132.75;225.5,40.75;245,217.75;161.25,201.75;205.25,41.25;309.75,91.75;320,211.25
35747;53.5,49.25;158.5,102.75;222.25,0.5;263.25,256;195.25,177.75;217.25,53.5;309.75,91.75;320,211.25
29048;34.5,62.75;158,34.25;197.25,11.25;232.5,245.75;194.25,176;217.25,53.5;257.25,143.75;320,211.25
40817;107,35.25;119.5,44.25;145.5,6.75;232.5,245.75;194.25,176;285.25,42;292.75,102.75;345.25,223.75
21212;107,35.25;137.5,129.25;180.5,74.25;235.25,223.5;194.25,176;276,17.25;288.75,90.75;310.5,188.75
34211;131.75,5;197.5,169;241.25,47.25;281,167;205.5,173;276,17.25;299.25,60.5;310.5,188.75
40580;131.75,5;215.25,199;241.25,47.25;279.75,137.75;188.5,180.25;220,14.5;322.5,78.5;358,166.5
32442;217.5,17.5;262.5,177.75;270.75,70.5;282,221.5;188.5,180.25;220,14.5;319.25,109.75;339.25,168.5
32036;181,38.5;230.25,113;240.5,20.75;340.25,242.25;188.5,180.25;220,14.5;262.25,126.75;359.5,145.25
2862;119.5,45.75;293.5,127.5;299.25,56.75;340.25,242.25;153.75,221.25;220,14.5;301.75,110;342,80
30310;156.75,43.5;293.5,127.5;295,74.75;340.25,242.25;217.25,210;261.5,14.5;318.75,108.25;321.25,63
6581;168.25,101.75;246,95.25;316,103.5;340.25,242.25;245,255.75;251.75,11.5;318.75,108.25;333.75,60.75
2865;148.25,27.5;298.75,57.25;318.25,36.75;340.25,242.25;202.5,276.5;251.75,11.5;356.5,148.75;363.75,82.5
16518;165,22.75;276.25,105.75;309,41;340.25,242.25;202.5,276.5;258,9.25;323,227;355,158
22040;118,3.25;309,41;318.5,115.5;345.25,165;202.5,276.5;309.75,91.75;330,313.5;331.75,138.25
26498;195.5,38.75;276,18;293.25,210.5;315,260.5;202.5,276.5;261.75,177;279.75,287.25;309.75,91.75
16567;189.25,119.75;197,49.75;241.25,255.25;300.25,180;202.5,276.5;261.75,177;263.25,305.75;359.75,171.5
35198;131,151.75;172.25,18.75;241.25,255.25;357,161.25;151.25,300.75;265.5,166.5;280,294.75;359.75,171.5
41037;94.25,201.75;183.5,11.25;212.25,293.25;352.25,227.75;130.75,295.25;276.5,108.75;280,294.75;359.75,171.5
33201;19.5,190;232.5,54.5;254.75,261.25;345,314;130.75,295.25;235.75,33.5;280,294.75;330,206.75
39127;17.5,105;299.75,111.5;311,317.25;343.25,318.75;152.5,301.25;247.5,121;280,294.75;330,206.75
835;52.75,9.5;277.25,65;285.5,319.25;302,287.5;92.25,268.25;237,77.5;280,294.75;330,206.75
20376;52.75,9.5;211.75,74.75;216.5,319;223.25,261;92.25,268.25;162,51.25;290.25,311.5;354,142.75
30453;52.75,9.5;183.5,50.5;187.5,266;190.25,259;20.25,309.5;165.25,36.5;290.25,311.5;328.5,206.75
3597;6.75,5.75;183.5,50.5;203.25,318.25;213.5,241.75;31.25,265.5;155.25,50.5;290.25,311.5;360.25,150.5
7285;6.75,5.75;128.75,4.25;152,260.5;154.75,240.75;31.25,265.5;151.75,52;322,311.5;326.25,130.5
31678;94,9.25;131.25,2.75;163.5,216.75;166,307.25;31.25,265.5;141.5,68.75;322,311.5;326.25,130.5
42159;73,30.25;102.5,80.75;173.75,135;232.5,284;31.25,265.5;141.5,68.75;322.5,221.5;339.75,51.25
6778;38.75,79;63.75,57.5;173.75,135;232.5,284;23,309;104.5,135.75;243.5,198.25;340.75,51.25
27087;48.25,53.25;74,52.75;103,143.25;284,322.5;23,309;148.25,176.5;227.75,209;340.75,51.25
3014;44.25,48.25;65.25,4.25;164.5,145.5;284,322.5;10.75,293;200,159;254.5,175.5;340.75,51.25
609;52.75,64.5;123.5,3.75;131,91.5;284,322.5;33.75,282.75;261.5,174.5;267.25,167.25;340.75,51.25
11022;36.5,128.75;104.25,18.25;131,91.5;288.5,290;33.75,282.75;330,195;336,160.75;343.25,51.5
6895;60.5,170.75;90.25,86;104.25,18.25;288.5,290;62.25,221;313.5,241;340,79.75;357.5,12
2259;60.5,170.75;90.25,86;91,27;310.75,264;121.5,229.5;335,206;350.25,77.75;364,48.25
48673;39.25,107.75;45.75,124;177.5,18.75;310.75,264;185,214.75;271.5,237.25;346,52.25;350.25,77.75
7718;29.25,71.75;45.75,124;120.75,19.25;255.25,294;171,257;271.5,237.25;349.25,78.25;354.5,5.5
40736;77.5,126.25;115.25,121.75;120.75,81.75;255.25,294;137,198;271.5,237.25;313.5,64.75;349.25,25.75
36089;45.5,139.25;94,156.75;115,49.25;255.25,294;167.5,199.75;271.5,237.25;325.5,3.25;358.75,5
12572;35.75,99.25;47.75,176.5;130.75,121.75;255.25,294;158,244.75;244,292.5;287.75,17;358.75,5
15460;15.5,162.5;59.5,201.5;152.25,184.75;266.25,298.5;205.5,176.5;220.5,273.5;287.75,17;358.75,5
18134;16.75,77.5;59.5,201.5;123.5,274.25;266.25,298.5;170.75,264;256.25,263.25;335,103.75;339.25,78.5
23340;1,109.25;130.5,239.75;194.25,280.75;224.25,294.25;170.75,264;265.25,263;331.75,20.75;335,103.75
36869;1,109.25;86,280.5;162.75,290.75;173.75,320;170.75,264;245,291.5;346.5,51.75;353.25,25.75
27631;1,109.25;15.25,305.5;186,230;205,259;170.75,264;257,220.75;304.25,121.75;339.75,79.5
43535;65.25,57.5;67,293.5;186,230;252.5,258.75;170.75,264;242.75,236.75;284.5,130.75;364,52.25
23573;78.75,48.5;101,319.75;249.5,249;275,229;162.25,318;239.5,266.5;284.5,130.75;364,52.25
7219;55.25,75.25;185.25,319;201.25,294.25;316.75,301;178,318.5;239.5,266.5;327.75,195.5;364,52.25
41018;6.5,63.25;156.75,298.75;169,308.5;270.75,322;178,318.5;239.5,266.5;321.5,139.25;364,52.25
9397;68,111;163,224.25;247.5,314.25;292.25,322.5;178,318.5;274.5,266;321.5,139.25;356.25,11.5
4264;68,111;176,195.75;243.75,298.25;262,300.75;174,304.25;271.25,214.75;310.25,198.75;356.25,11.5
4813;51.25,56;83.25,202;243.75,298.25;280.75,218.75;221.5,275;307.75,197.25;339,160;356.25,11.5
25503;7,107.5;88,178;243.75,298.25;280.75,218.75;261.25,272.75;286.25,225.75;293.5,93.75;361.25,58
48681;15.75,28.25;136,265.25;243.75,298.25;291.5,209;258,308.25;280.5,323.75;339,163.75;361.25,58
20801;27.75,42.75;68.25,310.25;292.25,318;330.5,149.25;263.75,244.5;273.5,323.25;339,163.75;361.25,58
11978;1.75,113;68.25,310.25;292.25,318;330.5,149.25;323.25,178.75;338.75,311.5;342.75,174;356.5,150.25
17561;113,84.5;167.75,262.5;292.25,318;342.25,218.5;308.5,171.25;353,225;356.5,150.25;357.75,265.25
13255;113,84.5;118,291.5;292.25,318;342.25,218.5;284.5,219;295.5,198.75;334.5,161;348.75,210.75
38754;104.5,68.5;201.5,307.5;224.25,261;353.25,242.75;240.75,245.25;268.75,143.25;334.5,161;348.75,210.75
16802;88,114.75;119,272.75;193.5,299.25;353.25,241.25;240.75,245.25;276.25,109.25;304.25,129;348.75,210.75
10415;88,114.75;135.5,228;183.25,278;353.25,241.25;217.75,184.25;255.75,82;278.25,152.75;314.25,159.25
10926;36.25,109;92.75,188.5;148.75,227;353.25,241.25;176.25,196;255.75,82;318.5,159;321.5,217.5
46292;26.25,169.75;133.25,127.75;148.75,227;353.25,241.25;198.5,242;268,146;285,199;293.5,148.75
50485;43.75,123;94,201.75;117,285;339.5,254.25;196,252;268,146;285,199;365.25,140
28408;48,206.75;76,257;138.75,309.5;354.75,185;110.5,259.25;210.25,151.75;285,199;365.25,140
18754;36.25,238.5;37.5,286.5;208.5,311.25;354.75,185;143,202.75;185.25,131;336,205;365.25,140
46675;57.25,172.25;115.25,314.5;241,309.5;364.5,252.5;143,202.75;195.25,184.75;271.75,213.5;365.25,140
41835;40.5,181.5;63.75,310.25;241,309.5;300.25,255;131.25,265.25;188.75,99.5;223,270.75;365.25,140
37409;3.75,113;88.25,314.25;241,309.5;244.5,225.5;159.25,302;188.5,175;244.5,293.75;365.25,140
24994;11.5,110.25;17,306.5;212.25,242.25;249.25,161;109.75,242.5;188.5,175;250.5,292;365.25,140
24285;22.5,41.75;89,315.25;200.5,311.75;294,113.75;128.75,196.25;188.5,175;250.5,292;365.25,140
37833;40.25,9;89,315.25;174.25,294.5;300.75,53.75;50.5,198.75;134.25,173.5;271.75,293.25;365.25,140
22666;15.25,62.25;160,323.25;259,300.25;356.25,32.5;90.25,191;169.25,100.5;271.75,293.25;365.25,140
8875;52.75,58;160,323.25;229,301.75;336,34;79.75,176.5;204.5,96;271.75,293.25;348,174.5
29792;92,74;200,279.25;201.25,318.75;318,6;86.5,211.5;204.5,96;215.5,300;348,174.5
38073;68,85;111.5,313;205,311;318,6;55.25,139.75;235,159.5;254.25,252;348,174.5
33615;28.5,16;111.5,313;239.75,283.25;354,17.75;34.5,87;183.5,99.75;250.5,214;348,174.5
44129;12.5,59;49.75,295.5;224.5,218.75;354,17.75;37.25,104.25;143.5,89.5;250.5,214;361.25,215.25
20845;12.5,59;48,241.75;186,230;284.75,55;37.25,104.25;128.25,106;232,149;366.25,279.5
43249;5.75,27.25;52.75,188.75;142.25,182.75;284.75,55;17.75,148.5;174,107.5;298.25,113;366.25,279.5
15514;3,6.25;31.25,134.25;142.25,182.75;353.25,22.5;25.25,186;143.75,44.25;259.75,163.25;366.25,279.5
34287;48.25,57.75;57,139.25;167.5,142.25;318.75,18.25;95.25,189;98.25,5.5;259.75,163.25;366.25,279.5
14609;7.5,54.25;10.25,80;108.25,87.5;318.75,18.25;114.25,94.25;144.25,50.25;189.25,175.75;366.25,279.5
11456;11.5,105.75;30.75,67.25;90.5,120.5;318.75,18.25;89.25,73.25;128.25,107.25;189.25,175.75;338.25,224
21537;11.5,105.75;65.25,58.5;90.5,120.5;369,35.25;56.75,8;95.75,51.25;180.5,160.5;266.5,223
26618;12.5,30.75;47.25,9;48.75,63.25;361.25,21.25;56.75,8;95.75,51.25;180.5,160.5;269.5,251.75
22078;4.5,4.25;47.25,9;48.75,63.25;361.25,21.25;11.25,23.75;94.25,77.25;226.25,186.5;298.25,265.75
30877;43.75,35.75;54.25,75.25;106.25,127.5;332.5,50.75;45.75,2;70.5,89.25;226.25,186.5;298.25,265.75
38021;63.75,27.25;93.75,8;110.25,123.75;357.75,112.75;45.75,2;70.5,89.25;239.5,168.25;309.75,197.75
7373;63.75,27.25;93.75,8;145,128.25;313.75,130.5;2,70.25;126.5,112.75;206.25,159;267.25,240.25
24552;26.5,30.5;93.75,8;133.5,128;293.25,106.25;32.25,14.25;163.5,117;206.25,159;327,205
2130;22,62.75;79.25,86.75;82,64.5;265,134.25;94.25,65.25;123.25,104.5;206.25,159;327,205
25214;26.5,127;33.75,92.5;82,64.5;267.25,104;82,16.25;109.5,40.5;206.25,159;262.25,198.5
3413;10.5,60;51.25,30.75;68,141;267.25,104;126.75,20.75;176.5,7.75;205.25,153.5;262.25,198.5
32861;8.75,62.75;61.75,61.5;81,221.75;286.5,72.25;126.75,20.75;176.5,7.75;234.75,184.5;245.5,266
26840;4.5,108.5;30.25,76;31.25,239.5;286.5,72.25;179.75,25.75;221.75,49.5;230.25,132;245.5,266
48972;74.25,83;89,58.25;104.5,250;286.5,72.25;179.75,25.75;205.75,57.25;297,148.75;312.25,272.75
16421;39,137.5;40.25,56;116.75,255.25;223,88.5;122.5,62.25;272.25,78.5;297,148.75;312.25,272.75
9268;13.75,170.75;35.25,23.5;175.5,301.75;238.25,129.75;125,128.75;272.25,78.5;297,148.75;329,311
33120;30.5,139.25;69,43.25;167.25,279.75;301.75,133.75;122.25,105;272.25,78.5;297,148.75;330,313.75
13938;9.25,143.75;69,43.25;167.25,279.75;269.75,103;105.25,137.25;297.25,83.5;307.75,77;312.75,310
50435;70.25,146;143.25,21.25;203,259;347.75,89;98.25,59;266.5,103;307.75,77;312.75,310
25135;108.25,118.25;140.5,78.75;203,259;355,104.25;34.5,41.5;278.25,152.75;279.5,46.75;312.75,310
5684;87.5,107.75;181.25,22.75;222.25,205;307,138.75;22,101.5;278.25,152.75;311.75,79.5;312.75,310
39675;4.25,124;214,81;222.25,205;296.25,70.25;12.75,24;278.25,152.75;329.75,9.75;330,313
13739;36.25,77.5;165,96.25;177.25,172.5;253.75,36.25;56.75,32.25;213,99.5;329.75,9.75;330,313
32626;34,97;176.75,85;254.75,205.75;296,2;87,25.25;180.25,125.75;329.75,9.75;330,313
32292;5.75,124.5;182.5,12.75;201,261;296,2;102,56.75;196,68.5;245.25,17.5;330,313
39942;5.75,124.5;137,90.25;201,261;331.5,7.25;166.25,35.5;167.25,35.5;235.75,12.5;343.25,279.25
39643;1.25,139.5;82,30.5;201,261;331.5,7.25;137.5,98.75;158.75,116.5;223.25,36.5;355.5,223
21330;15.75,190.75;54,97;212.75,253;331.5,7.25;98.25,87.75;215,155.5;223.25,36.5;356.25,264.75
14363;41.5,275;49.5,189.5;291.75,207.5;365.25,30.25;85.5,14.75;215,155.5;246.5,6.25;356.25,264.75
29264;27.75,203.75;62.75,186.5;295.25,147.5;368,22.75;85.5,14.75;171.5,104;277.5,35.5;356.25,264.75
553;16,143.75;115.75,128.25;337,149.25;368,22.75;85.5,14.75;146.5,105.75;312.75,30.75;314,314.25
1337;12.75,228.75;173.25,205.5;276.25,203.75;313.5,3;143.25,29.5;207.25,106.5;312.75,30.75;314,314.25
20937;51,295.5;173.25,205.5;276.25,203.75;329.5,17.75;126.25,104;172.5,52;278.5,10.75;314.5,313.25
26023;96,315.25;116.25,251.25;215.75,197;359.5,40.5;126.25,104;139,7.75;278.5,10.75;336.25,320
1955;102.5,250;131.75,173.5;269.25,133.75;363.25,91.75;126.25,104;150.75,12.5;228,21;336.25,320
34038;156,297.5;208,176.25;226.5,92.5;316.5,142.25;119.5,82.25;185.75,8.75;228,21;336.25,320
50086;108.5,284.75;207.5,169.25;256.5,25.25;289.25,153.5;67.5,107.75;113.5,6.5;228,21;336.25,320
38765;128,216.5;149.75,187.25;204.25,12.25;289.25,153.5;67.5,107.75;146.25,31;159.5,49.75;268.75,322.25
45768;93,197.5;152.75,126.25;215.25,49.5;336,152.75;40.5,39.25;146.25,31;204.75,68;268.75,322.25
40038;87.75,165;162.5,105.75;178.25,109.25;336,152.75;33,32;163.75,48.25;173.75,42;268.75,322.25
44356;2.25,173.5;187.5,48.25;218.25,129.5;350.25,133.75;45,81.25;143.75,117.25;173.75,42;268.75,322.25
43021;51,238;202,135.5;251.5,119.5;340.75,209.75;76,138.25;143.75,117.25;147.25,58.75;268.75,322.25
49640;136,240.25;159,128.25;173.25,136.75;368,170;25.5,71.5;143.75,117.25;147.25,58.75;271.75,293.5
12776;56.25,238.75;102.5,80.75;129.25,124.75;327.25,139.75;1.75,44;63.75,106.75;147.25,58.75;271.75,293.5
24615;7,284;73.75,82.5;115.25,126;354.25,186.5;1.75,44;90.25,180;147.25,58.75;327.75,281.25
7135;15.5,307;40.75,95.75;80.5,86.75;357,101.25;1.75,44;29.5,146.25;209.25,60.5;327.75,281.25
1545;20.5,241.5;51.75,75.25;127.25,123.25;274.5,65.75;3,14;8.25,203.25;209.25,60.5;327.75,281.25
4524;20.5,241.5;51.75,75.25;170.75,155;267.25,120;7.5,91.5;78.25,198;187.75,99.75;346.25,277
37692;50.5,238.5;106.25,126.5;163,195.25;266,133.25;7.5,91.5;12.5,173;144,52;346.25,277
11682;50.5,238.5;88.25,165.5;211,137.25;250.25,200;5.25,45.75;12.25,106.75;109.25,9.5;346.25,277
25947;16.75,307;84.75,207.5;163.5,129.75;277.25,167.75;5.25,45.75;12.25,106.75;77,19.5;346.25,277
22110;87.5,303.5;116.5,230.25;211.75,91.75;224.75,126;12.25,106.75;17.25,59.75;18.5,29.75;346.25,277
43137;105.25,319.5;167,180.25;252.25,50.5;279.25,182.5;12.25,106.75;13,4.75;76.75,21;346.25,277
23446;105.25,319.5;142.75,124.75;302.25,111;337.75,143;3.25,48.75;73.75,30.25;122.75,20.75;346.25,277
19589;32.25,296.5;96.25,193.25;273.5,144.25;336.5,142;12.5,38.5;73.75,30.25;122.75,20.75;346.75,270.75
46772;32.25,296.5;96.25,193.25;275.5,190.25;304.25,136.25;7.25,40.25;11,34.5;116.75,23.25;343.25,226
31938;69.75,294.5;102.5,284.75;284,143.25;318.75,212.25;11,34.5;59.25,96.75;162.5,49;343.25,226
20135;32,271.5;42,273.5;258.75,96.75;347.5,240;26.5,70.5;34.25,108.5;162.5,49;343.25,226
30930;26.5,258.5;43,300.25;205.5,73.5;271.75,232;26.5,70.5;34.25,108.5;151.25,28.75;278,271.75
34122;48,240.25;73.25,308.5;265.25,32;344,225.5;26.5,70.5;34.25,108.5;103.25,55.25;197,275.25
37537;70,174.75;90.25,286.75;332.25,17.25;363.75,246.75;26.5,70.5;34.25,108.5;112.75,18.75;181.5,242.25
10481;70,174.75;90.25,286.75;290,13.5;352.5,217;45.75,61.75;73.25,133.75;84.75,32.5;232.75,213.25
11406;84.5,141.75;116.25,259.75;352.75,44.25;353.5,186.25;67,89.25;73.25,133.75;84.75,32.5;182.5,190
45653;48.75,125;86.5,255.25;315.75,113.5;353.5,186.25;12.25,145;67,89.25;98.25,38.5;195.5,218
37574;14.75,144.25;89.5,322.75;285.25,104.25;367.75,147.75;26.75,202.75;62,152;98.25,38.5;195.5,218
16793;31.5,208.75;94.75,300.75;285.25,104.25;350.75,133.75;25.25,202.25;30.5,105;98.25,38.5;228.75,188.25
17685;31.5,208.75;82.25,281;294.25,104.5;342,79.75;20.75,120.25;74.25,126.25;96,9.5;228.75,188.25
10563;31.5,208.75;75.25,280.75;357.75,79.75;364.75,121.25;20.75,120.25;81.5,184;119.75,49.5;173.5,163.5
19391;31.5,208.75;100.5,320.25;357.75,79.75;364.75,121.25;11.75,38.25;20.75,119.25;80.5,20.5;154.75,91.75
34951;85,187;86.75,299.5;279.5,103;363,81.75;11.75,38.25;20.75,119.25;92.5,34;213.5,68.5
4268;105,141.25;137,292.5;204,73;352.75,41;11.75,38.25;16.75,130.75;85.25,71.5;213.5,68.5
23883;105,141.25;123,285;167.5,59.75;352.75,41;11.75,91.75;26,188.75;86.25,31;236.5,11.75
2445;51.75,176.25;58.75,294;144.75,90.25;352.75,41;7.5,71.75;21.75,150.5;125.5,8;236.5,11.75
2517;11.75,263.25;40.75,242.5;124.75,33;352.75,41;2,154.75;7.5,71.75;119.25,12;197,96.25
11325;11.25,273.75;115.25,224.25;189.5,104.75;325.5,11;2,154.75;7.5,71.75;140.75,72.75;245.75,71.5
31545;4.5,283.25;69.25,242.25;189.5,104.75;325.5,11;19.25,186.75;22.75,47.5;125.75,115.5;315.25,44.5
39496;61.25,295.5;99.25,256;199,179;325.5,11;19.25,186.75;68.25,10.25;153.25,79.5;283.5,35.75
23938;1,295.5;50.25,261;168.5,162.5;263.25,19.25;28.75,173.25;68.25,10.25;163,96;283.5,35.75
28323;74.25,298;84,263.25;153,129;263.25,19.25;28.75,173.25;145.5,45.25;225.25,49.5;254.25,9.25
39079;8.25,295;80.25,287.25;81.5,130.75;267.5,12.75;39.75,112.25;158.75,30;225.25,49.5;254.25,9.25
2126;7.5,310;34.75,273;94,196.75;267.5,12.75;39.75,112.25;202.5,22.25;226.25,17.5;266.25,78.75
615;1.5,223.75;61.75,250.25;94,196.75;267.5,12.75;95,136.25;163.5,69.25;211.75,107.5;230.25,39
39957;34.5,270.5;52.5,241;136.25,158.75;267.5,12.75;95,136.25;118.25,20.5;158.75,88;172,52
12437;34.5,270.5;95.5,190;136.25,124.5;197.25,7.75;54.75,170.25;118.25,20.5;159,159.25;188,68.5
22064;34.5,270.5;106.75,241;136.25,124.5;139.5,22;114.75,217.5;130.75,91;180.5,242.25;194.5,95.5
49392;15.75,308.5;140.25,288;177.75,138.25;186.75,0.75;115.75,170.5;128.5,79.5;180.5,242.25;194.5,95.5
32203;2.25,279.25;133.25,213;141,158.75;186.75,0.75;98,200.5;113.75,111.75;180.5,242.25;213.75,36
602;2.25,279.25;149,260.75;170.75,89.75;173,45.75;13.75,215.25;158.75,92.5;204,173;213.75,36
25854;0.5,290.5;128.75,292;157.5,160;173,45.75;13.75,215.25;166.25,164.25;219.75,122.25;237,85.25
41714;10.25,311.5;77.75,291.5;147,187;159.25,10.5;13.75,215.25;173.5,170.25;187.75,95.5;237,85.25
3995;91.5,322.25;102.5,243.75;104.5,253.5;159.25,10.5;13.75,215.25;157.25,201.75;176.75,142.25;241.75,23.25
20908;31.75,295.25;94,191.75;107.5,221;135,89.75;55.75,221.75;112.5,224.75;176.75,142.25;241.75,23.25
18595;44.25,239.75;92,255.5;137,222.75;166,112.75;55.75,221.75;161.25,202.75;188.5,197.25;241.75,23.25
5895;85.75,262.75;91.5,286.5;106.25,213.75;183.25,144.5;55.75,221.75;122.25,228;161.75,134;241.75,23.25
32851;8,284;92.25,295.75;162,195.5;177.75,114;55.75,221.75;122.25,228;138.75,57.25;275.5,91.5
42548;75.75,300.75;117.25,317;157.25,150.5;159.25,112.75;55.75,221.75;114.25,259.5;195.75,99.25;275.5,91.5
45302;91.75,312.25;108,281.75;153.5,226.25;198.25,64;55.75,221.75;116.5,290;154.75,124.25;275.5,91.5
14423;94,298.75;97.25,255;146.5,301.75;246,18.25;68.5,259.75;116.5,290;154.75,124.25;252,146.75
43061;55.5,285;88.75,203.5;151,237.25;224.75,30.75;3.75,309;116.5,290;154.75,124.25;281.75,217.25
17876;70.25,309;107,244;151,237.25;224.75,30.75;46.5,249;94.75,314.25;122.25,106;245.25,287.5
8124;53.25,322.75;168.75,226;208.25,259.5;224.75,30.75;10,190.75;35.25,300.75;122.25,106;310.75,299.5
47956;55.5,249.25;168.75,226;208.25,259.5;224.75,30.75;17.75,212.75;35.75,226.5;63.5,100.5;242,308.75
43329;83.75,196.75;129,230;152,223.75;281.25,71.5;15.5,206.75;57.25,295.25;63.5,100.5;242,308.75
43226;63.5,125.25;89.5,298.5;117,180.75;281.25,71.5;15.5,206.75;94.25,316;110.75,102.5;200,321.25
4854;65.25,57.5;117,227;157,215.75;318,54.5;10,241.75;53,311.75;110.75,102.5;200,321.25
25454;18,84.5;117,227;157,215.75;318,54.5;19.25,310.75;39.25,266;125,175.75;167.5,316
18503;35.75,15.75;140.25,150.75;163.25,226.75;318,54.5;44.75,305.75;45.75,301;125,175.75;127.5,309.75
9372;6.25,4.25;118.25,252.25;140.25,150.75;251.75,31.5;17.25,219.5;44.75,305.75;85.25,189;150.5,224.25
45569;51.75,56.25;72,222.25;106.25,89;212.75,2.75;17.25,219.5;44.75,305.75;132,197.25;158,152.75
20905;16.25,142.75;51.5,217.25;73.5,176;211.25,92;17.25,219.5;44.75,305.75;188.25,271.75;214,175.75
8688;66.75,128.25;68.5,219;70.75,109.75;146,47.25;17.25,219.5;103.5,274.25;187.25,273.75;214,175.75
16918;67.75,129;68.5,219;70.75,109.75;190.75,119.75;4,239.75;138.75,198;142.25,195.75;184.5,248.5
23229;16,177;32.25,267;53.25,57;202.75,70.75;4,239.75;138.75,198;162.5,201.75;256.75,287.25
5437;16,177;31.75,277.5;113,130.5;278.25,24.5;13,155.25;117.5,290.5;153.75,184.75;256.75,287.25
31747;12,176;57,238.5;65.25,85;256.5,18.5;57.5,128.5;122.25,276.5;153.75,184.75;256.75,287.25
25635;12,176;92.5,187;132.5,61.75;256.5,18.5;16,206.25;203.25,308.25;213.75,178.25;226.75,251.75
34635;75.5,126.25;97.25,255.5;161.75,128.75;182.75,6.25;78.25,239.25;167.5,302.75;213.75,178.25;226.75,251.75
13974;151.5,97.5;155.25,309.25;164,149;211.75,15.25;57,174.75;167.5,302.75;226.75,251.75;227.25,186
1855;117.25,43;155.25,309.25;164,149;232,14.25;24.75,108.75;155,301.5;198,303.75;251.25,264.25
16637;106.25,11.75;171.5,268;193.75,113;199.75,62;25.75,183.75;155,301.5;208,303.5;251.25,264.25
48689;118,5.75;200,227.5;215.5,195.5;253.75,60.75;55.5,232.5;155,301.5;208,303.5;251,176.5
14626;79.25,41.5;164,276;185.5,124.75;300,54;73,208.5;120.75,293.5;208,303.5;251,176.5
42406;9,53.5;164,276;183.75,146.5;356,96.75;73,208.5;155.75,243.5;160,298.5;213.75,120.5
31018;40.5,84;244.75,303.25;246.25,102.5;356,96.75;35.75,273.75;153.75,188.75;160,298.5;269,176.5
25599;75,148.25;244.75,303.25;246.25,102.5;328.5,146;4,310;142.75,272.75;161.5,246.75;321.5,199
38981;56.5,138.75;222.75,294.25;238.25,88.5;260.25,143.5;4,310;98.5,318;167.25,241;321.5,199
24792;16,84.25;291.75,322.25;295,92.25;310.25,206.5;4,310;103,308.75;226.5,274.5;321.5,199
40004;19.5,25.25;260.25,304.5;268.75,138.25;310.25,206.5;39.5,290.5;87,234;226.5,274.5;356.25,146.75
34639;35.75,90.5;242,272.25;280.25,61;302.75,132.25;13.75,217.75;22.5,291.5;226.5,274.5;356.25,146.75
5846;27.5,137.25;167.25,278.25;345,74.75;367.25,91.75;4.75,279.5;13.75,217.75;224,273;356.25,146.75
48633;27.5,137.25;174.25,221.25;327,113.25;365.75,90.75;66.5,266.75;77,191;220.25,219.75;356.25,146.75
5307;72.5,96.25;174.25,221.25;358.75,168.5;363,82.25;66.5,266.75;116,228.5;229.25,257.25;340,164
30837;20,101.75;174.75,220.25;290.5,135;363,82.25;105.75,320.5;119,284.75;193,251.5;340,164
44533;76.5,64.5;174.75,220.25;354,174.5;354.25,94.25;25.25,300.25;72.75,215.75;130.75,295.25;340,164
26977;76,7.25;133.75,238.25;279.5,168.5;289.5,74.75;25.25,300.25;72.75,215.75;189.25,283.75;335,135
31896;125.75,42.75;133.75,238.25;318,151;325.25,22.25;25.5,320.75;72.75,215.75;153.75,318;303,132.5
43956;188.25,112.75;211.75,203;262,176.5;317.25,58.5;25.5,320.75;72.75,215.75;139.25,257;214.75,108.5
42664;144.5,126;147.5,226.5;193.75,174.5;324.75,17.75;25.5,320.75;83.25,251.25;148,318;214.75,108.5
43665;136.25,125.25;198.75,268;222.5,129.75;315.25,37.25;12.25,310.25;43.75,318.25;148,318;214.75,108.5
6121;127.25,30;163,303;177,154.5;315.25,37.25;12.25,310.25;58,247;107.5,276;209.75,86.75
6595;158,28.5;211.5,261;242,101;255,107;3.5,279.25;58,247;107.5,276;146.5,115.25
16222;125,10.75;171,311.75;222.25,54.25;294.75,57;36.75,294;58,247;112.25,280.75;146.5,115.25
48419;125,10.75;171,311.75;262.5,18;358.75,81.75;2.75,295.5;119.25,285.25;124,207.75;151.75,48.75
21665;149,43.5;236.5,278.5;294.5,37.75;358.75,81.75;2,306.5;44,254;124,207.75;161.5,28.75
35806;145.5,20.5;291,286;335.5,46;357.5,36;2,306.5;60.5,191.75;124,207.75;196.5,97.5
29548;146.5,21;290.25,307.25;294.5,54.25;310.5,83.25;2,306.5;60.5,191.75;119.5,140;214.25,144
371;145.75,78.25;289.75,322.5;335.75,6.25;355,137.75;2,306.5;60.5,191.75;157,118.25;214.5,159
39718;145.75,78.25;309.25,317.25;336.25,74;341,224.5;45.75,308.75;77.25,144;164.5,161.5;214.5,159
49106;188,10.75;341.25,248.5;342.75,81.25;365.25,260;73.5,304.75;77.25,144;164.5,161.5;213.75,158.75
37961;270.75,35;327.25,279.5;355,136.5;364.5,208.75;73.75,252.5;85.75,198.25;164.5,161.5;213.75,158.75
4784;281.25,75.75;327.25,279.5;356.75,91.75;367.5,197.5;73.75,252.5;116.75,196.5;158,202.25;230.75,185
37884;248,32;282.25,319.25;310.75,101.25;344.5,252.25;84.25,320.75;116.75,196.5;158,202.25;250.25,251.5
23949;193,38;255,288.25;288.5,142.25;321.25,318.5;82.5,269;132.75,128.25;158,202.25;250.25,251.5
4137;158,29;251.5,222.75;276.75,134;282,309.25;56.5,289.75;132.75,128.25;158,202.25;251,248.5
3702;179.75,59.25;226.5,185.5;280.5,90.75;364.75,309.75;56.5,289.75;197,99.25;215.5,182.25;251,248.5
3780;227.75,54.75;265.5,110.25;328.25,37.25;345.25,314.75;44.25,294;212.25,107.5;215.5,182.25;251,248.5
36063;230.25,49.25;250,117;364,123;364.75,254.75;18.5,297.25;186.75,41;215.5,182.25;251,248.5
44903;150.25,51.5;274.75,89.25;301.25,134.75;317,275.25;17.75,217.5;186.75,41;251,248.5;270,167
12616;150.25,51.5;261.5,134.25;280.75,168.75;359,277;17.75,217.5;193.5,99.75;305.5,259.5;318.75,158.75
21531;150.25,51.5;295.5,139;327.25,162.75;340,300.25;5.75,287;207.25,146.75;305.5,259.5;352.5,152.5
45173;110,40;267.25,101.75;288.75,168.5;304.25,263.5;14.25,303.5;222,157.25;305.5,259.5;352.5,152.5
24043;41,61.75;237.25,128.5;319.25,214.75;352.25,235.25;47.25,307.25;222,157.25;305.5,259.5;341.5,181.5
36863;71,134.75;211.75,81.75;319.25,214.75;352.25,235.25;15.25,318;168.25,222.75;291.75,218;315.5,184.75
23929;106.75,128;187.5,36.5;319.25,214.75;331.25,294.5;40.75,294;112.5,197.25;291.75,218;299.75,196.75
35709;53.25,97.75;187.5,36.5;305.5,209.75;309.5,235.5;40.75,294;100,151.75;266.5,166.5;308.25,140.75
23093;22,42.75;165.75,16.25;257,219;309.5,235.5;82.5,285.25;100,151.75;195.5,176.5;260.5,170.5
9446;22,42.75;118,36;257,219;309.5,235.5;129.5,318.25;144.25,222.25;254.5,144.25;311,198
18965;4.25,42.25;135,77.25;257,219;362.5,289.75;127.25,324.5;144.25,222.25;222.25,135.25;340.75,204.5
20181;20,85.75;53,76.25;257,219;317,294.5;159.5,318.5;182.25,288.25;237.5,184.5;340.75,204.5
16081;20,85.75;53,76.25;262,182.75;342.25,217.75;153,225;171,300.75;213.5,159.75;247,213
46762;47.5,18;69.75,129;269.5,106.75;342.25,217.75;127.75,263.75;138.75,270.25;217.75,182;247,213
33028;2.75,24.25;18.5,140.25;290,92.5;342.25,217.75;123.5,252;183.75,307.25;217.75,182;311.5,197.25
19840;24,74.75;74,88.5;286,101.75;308.75,230.5;123.5,252;183.75,307.25;274.75,181.75;357,155
36225;70.75,85;87,115.25;247,39.75;266.75,242.5;123.5,252;183.75,307.25;216.5,183.75;346.25,78.5
2657;145.5,56;146,127.75;285,73.75;325.75,275.75;142.75,271.5;183.75,307.25;233.5,234;346.25,78.5
5344;147.5,88.5;160.25,128.25;267.75,101.25;356.25,230.25;83.25,315;183.75,307.25;233.5,234;347,52.25
30470;160.75,163.75;184.25,60.5;298.5,94.75;356,176.25;68.5,247;189.25,310.5;233.5,234;347,52.25
990;95.75,162.25;240,23;308.75,101.75;340.25,242.75;68.5,247;143.25,318.5;194.25,253;347,52.25
47391;94.25,163;240,23;361,43.75;362.25,175.25;105.5,275.25;207.5,290.5;226,315.75;347,52.25
2228;36.25,129.5;203.5,43;340.25,20.5;349,229;159.25,302;206.75,266.25;226,315.75;347,52.25
29339;56.75,57;187.5,49.5;340.25,20.5;345.75,241.25;74.75,286.75;206.75,266.25;315.5,311.25;329.75,69
10470;4.5,20;187.5,49.5;340.25,20.5;345.75,241.25;48,292;171.25,316;311.75,310.75;346.75,82.25
3043;43.5,36;153.5,126.25;348,40.25;362,279.25;114.5,273.75;123.5,309.25;311.75,310.75;346.75,82.25
2681;31.75,85.5;89,115.75;348,40.25;351.5,272.75;39.75,296.5;110,317;315,310;346.75,82.25
13862;15,110.5;158,157.5;348,40.25;351.5,272.75;2,245;38.25,305.75;272.5,276;317,142.5
48080;5.75,28.25;79,187;286.25,55;351.5,272.75;38.25,305.75;56.75,249;211.5,275.5;259,141.5
43225;3.25,8.25;79,187;253,116.75;359.75,289.75;38.25,305.75;71.75,275.25;227,315.75;317.5,100.5
29028;30.75,67.25;79,187;253.75,196.5;359.75,289.75;109.5,252;120,252.5;311.5,277.5;353.25,26
25428;49.5,102;61.5,219.25;253.75,196.5;308.75,322.25;62.75,268.25;133,198.75;311.5,277.5;315.25,73.75
39439;49.5,102;58.5,175.25;223.75,215.25;291,318;17,302.5;133,198.75;320,311.25;345.75,34.25
31591;10,36.25;58.5,175.25;169,270;291,318;42.75,254.25;139,144.75;348.25,277.75;351.75,17.25
16302;9.5,62.5;49.75,188.75;223.75,267.75;353.75,319.25;102,199.5;167.75,222.5;348.25,277.75;351.75,17.25
24107;10,8.75;31.25,131.25;203.25,317.5;353,239.25;116.25,112;167.75,222.5;328.75,314;351.75,17.25
30082;6.75,62;31.5,46.75;203.25,317.5;331.25,314;116.25,112;120.5,308.75;305.25,242.5;366.75,81.25
40962;6.75,62;31.5,46.75;227.75,271.25;265.75,321.5;123.75,194.25;176,289.25;322.25,210.25;328.5,135.5
34686;14,64.25;38.25,67.25;227.75,271.25;300.25,258.25;123.75,194.25;257.25,294;285.25,139.75;307.5,51.5
49668;17.25,104.5;71.25,58.5;299.25,320.75;300.5,289.5;123.75,194.25;257.25,294;257.5,176.75;288.75,34.5
39929;81.5,117.5;130.75,21.75;299.25,320.75;352.75,214.75;26,202.75;208,276;240,257.25;288.75,34.5
13747;10.75,124.5;130.75,21.75;226,301.75;350.75,241;49.5,136.25;208,276;210,232.5;236.5,62
30565;0.5,184.25;130.75,21.75;227.75,235.5;364.5,170;49.5,136.25;163,300.5;168,240.5;242.75,16.75
33041;3,109;55,8.75;227.75,235.5;356.5,230.75;15.25,142.25;204.75,284.75;213.75,177.5;242.75,16.75
10920;3,109;14.5,42.25;249,207.5;356.5,230.75;18,71.5;186,287;195,180.5;227.75,71.75
17628;3,109;11.75,57.75;274,260.75;356.5,230.75;100.25,77.25;110.25,323.5;200.25,256;207,91.5
30217;3,109;84.75,45;316.5,274.75;363.5,249;97.25,38.75;110.25,323.5;196.75,250;204.5,91.5
44454;0.5,149;19.5,64.25;318.75,283.75;358,314;97.25,38.75;110.25,323.5;133.75,188.5;229.25,85
34352;68.5,171.75;87.75,91.5;318.75,283.75;355.25,313.75;8.75,43;130.5,318.25;168.25,241.5;229.25,85
14413;68.5,171.75;134.75,125.5;284,322;355.25,313.75;25.25,108.5;154,318.5;218.5,205.75;264,110.25
23322;68.5,171.75;142.5,126.75;306,301.75;355.25,313.75;4,69;174.5,310.25;178.75,126.75;237.25,27.25
16284;68.5,171.75;125,144.5;262.75,301.25;355.25,313.75;18.5,19.25;148,317.5;163.5,91;256.5,49.5
25482;112,159.75;163,227.5;281.5,286.75;364.5,246.5;18.5,19.25;148,317.5;235.75,35.75;246.75,60.75
25631;123.25,140;211,204.5;256.25,268.75;299,213.5;18.5,19.25;148,317.5;171.25,11.5;223.25,62
11667;35.25,109.25;181,253.75;242.25,258;297.5,168.5;18.5,19.25;148,317.5;154,52.5;201.75,117.5
38312;53.25,172.25;186.75,200.75;220.25,320.5;314,114.25;22.25,60;148,317.5;201.75,117.5;207,47
13886;70.25,148;183.75,254;281.75,301;363.75,120.25;22.25,60;148,317.5;191.5,108;246,91.75
6784;19.75,154.25;234.25,230.75;322.75,297.5;332.5,84;22.25,60;148,317.5;181.25,156.5;272.25,106
160;19.75,154.25;239.75,200.5;290,321.5;323.5,104;45.5,3;148,317.5;200,219.5;287.25,41
48052;51.5,69.5;195,281;290,321.5;323.5,104;121,38;139.25,237.5;147.5,192;252,10.25
45312;90.75,9;167.5,301.5;298.5,239.75;367.25,68.25;121,38;157,155.75;231.5,203.25;252,10.25
36998;109.25,21;167.5,301.5;298.5,239.75;372,141.5;98.25,53;196.5,95.5;268,145.25;284.5,40.75
27716;104,69.25;185.25,319;298.5,239.75;355,130.25;41.5,40.5;196.5,95.5;311.75,99.5;338.75,80.75
32561;102.5,71.25;159.75,318.5;316,213.75;367.25,70.25;41,32;254.5,45.75;311.75,99.5;338.75,80.75
26483;103,36.25;159.75,318.5;269,164;367.25,70.25;53.25,12;208.25,65.5;320,164;355.25,54
20557;103,36.25;115.75,258.25;269,164;367.25,70.25;88.5,21;261.75,41.5;356.5,157.5;364,51
46851;39.5,33.5;78,233.25;279.25,168.75;367.5,37.75;88.5,21;230.5,41;356.5,157.5;361.75,50
27400;5.75,85.5;9.25,263.5;191.75,134.5;302,95.25;15.75,4;230.5,41;287.25,195;361.75,50
17843;5.75,85.5;73.25,242.25;116.5,144.5;332,121;15.75,4;306.5,88.25;334.75,270.75;355.75,11
12052;5.75,85.5;91.5,273.75;154.5,125.75;313.5,135.25;15.75,4;335.25,60.75;353.75,302.25;362.25,83
4790;18.75,153.25;37.25,212.5;119.75,150.75;367,120.75;15.75,4;341,35.5;353.75,302.25;356.5,153.5
11056;17,176;36.25,204.25;94.25,175.25;315.5,115.25;15.75,4;281,23.5;311.25,312.5;356.5,153.5
8237;65.25,184.5;90.75,214;163,170.25;318,110.75;15.75,4;201.25,57;228.75,303.5;356.5,153.5
5635;1.25,177.75;120.5,179;209.75,185.75;298.25,157.5;15.75,4;144,50;228.75,303.5;352.5,163.75
41086;1.25,177.75;79.25,230;152.25,227.5;298.25,157.5;10.5,58.5;155.5,49.25;261.5,321.75;290.25,122.75
11124;22.5,109.25;111.5,204.25;144,297;269,102.25;29.25,43.25;184.5,96.75;261.5,321.75;290.25,122.75
37913;9.75,32;128,144.5;204.25,281.5;220,42.75;29.25,43.25;184.5,96.75;228,275;250,71.75
33312;9.75,32;128,144.5;204.25,281.5;271.5,23.75;77.75,13;122,40;185.75,288.25;195,97.25
39351;65.5,40.75;125.75,147;137.75,290.25;274.25,1.5;77.75,13;122,40;151.75,272.5;221.25,175.75
11631;12.5,33.75;125.75,147;137.75,290.25;279.75,34;14,70;146,39.5;150.25,272.75;203,145.75
34312;12.5,33.75;56,138.75;123.5,267;367.5,30.75;91.75,106.25;94.25,79;112.5,197.25;203,145.75
36648;7.5,60;36.5,132.5;91.5,322.75;367.5,30.75;17,91.75;94.25,79;131.5,265.5;284.25,138
39333;7.5,60;112.25,120.25;143.25,264.75;320.5,57.5;12.75,137.25;94.25,79;128.5,259.25;357.5,161.75
367;24,85.25;71,97.75;163.5,323.25;292,57.25;12.75,137.25;46.25,61.5;128.5,259.25;360,174.5
33493;12,8.25;38.25,32.75;110,309;329,56;11.5,128;46.25,61.5;128.5,259.25;300.75,126.75
49021;35,44.25;69.75,45;101,319.75;272,72;11.5,128;46.25,61.5;94,284.25;274,103.75
26026;17,78.5;69.75,45;158.25,318.75;314.25,116;11.5,128;32.25,15;56.75,310;337,124
4641;35.5,66.75;43.5,126;158.25,318.75;314.25,116;19,155.25;75.25,9.5;75.75,268.75;345.25,78
35646;35.5,66.75;99.25,214.25;175.75,281;325,116.25;10,135.75;66.75,12.25;144,302.5;345.25,78
544;28.5,147;51.5,217.25;186.75,246;325,116.25;49,152.5;66.75,12.25;219.5,271.5;359.5,163.5
18552;63.75,147.25;115.75,260.25;130.25,214;323,22.25;1,173;66.75,12.25;126,252.5;359.5,163.5
12751;55.25,95.75;156.25,200.25;188.25,250.5;293.5,33.5;22.25,114.25;66.75,12.25;73.75,203;359.5,163.5
39776;123,142.5;133.75,151.5;160,169.25;329.5,22;2,71.75;38.25,36.25;73.75,203;359.5,163.5
23546;86.75,166;95.75,176.75;107.5,225.25;370.75,33.25;2,71.75;91.5,88.25;108.5,161;359.5,163.5
14428;86.75,166;138.75,227.5;159.5,274.25;279.75,33;22.5,125.5;44.5,25;185.25,131.5;359.5,163.5
5692;37.5,204.25;121.5,269.75;168.75,311;279.75,33;74.75,59;77.75,19.5;132.75,123.25;359.5,163.5
15955;8.5,177.75;38.5,285.5;132.25,246.5;279.75,33;27.25,71.75;162.5,30.25;200,84.5;359.5,163.5
1379;8.5,177.75;30,267.75;132.25,246.5;219.75,31.25;29.75,147.75;187.5,31.5;275.25,61;344.5,216.25
21610;8.5,177.75;30,267.75;144.75,160.25;182,89.75;77.5,164;258,9;269.5,86.25;305,198
5738;8.5,177.75;34.75,296.5;144.75,160.25;185,38.5;133.25,178.75;260.5,25.5;265.75,111;316.5,123.5
29316;11.75,258.25;67.25,295;85.5,116.75;111.75,34.5;133.25,178.75;251,46.25;269.75,195;316.5,123.5
38218;2.75,179;52.25,307.75;122.5,61.75;192.5,37.75;133.25,178.75;251,46.25;320,195.75;358.5,162.75
5794;40.5,181.5;52.25,307.75;203.75,61.25;230.25,49.25;133.25,178.75;190,5.75;353.25,276.5;355.75,244
1927;4.75,94;52,238;194.5,144.5;199,107;155.75,186.25;190,5.75;320.75,262.25;355.75,244
21992;19.75,104.5;69.5,294;130,98.75;246.25,97;155.75,186.25;190,5.75;281.5,322.75;309,258.5
18072;2.25,79.75;38.5,286.5;178,50.5;270.75,148.75;75.75,190.5;194,7;281.5,322.75;309,258.5
1004;12.25,41.75;56.5,284.25;195,38;270.75,148.75;40.5,112.5;251.25,14.5;277.25,323;309,258.5
6050;12.25,41.75;17.75,309;169,90.75;270.75,148.75;114,92.5;248,16.5;322.75,309.75;343,269
32384;12.25,41.75;58,295;228,145.5;236.75,152;117.5,5.25;248,16.5;270.75,288.25;360,263.75
24987;12.25,41.75;137,225.5;229.25,145.5;236.75,152;124.75,19.75;218.5,17;343.75,277.25;353.25,296.25
36944;12.75,4.75;228.5,186.5;285.5,232.5;317.5,195.5;79.75,3.25;306.75,51.75;343.75,277.25;353.25,296.25
8076;95,9.75;213.5,260;345.5,272.75;357.5,289;5.75,3.25;304.75,52.5;343.75,277.25;353.25,296.25
10066;13,9.75;269.75,287.25;317.75,240.25;360,237.75;33.5,89;304.75,52.5;328.25,311.25;343.75,277.25
13711;62.25,31.25;279,231.75;327.5,293.5;353.5,261.5;3.25,134.75;304.75,52.5;328.25,311.25;333.5,274.75
45246;59.5,116.5;324.75,241.75;343.25,279.25;344.75,290;2.5,194.5;304.75,52.5;322.5,319.5;333.5,274.75
23264;94.5,157.25;264.75,309.5;353,320.75;362.25,315;24.75,188.75;238.25,54.5;322.5,319.5;333.5,274.75
2318;56,68.75;168.5,270;354.25,255.5;354.5,321.25;19.25,217.5;238.25,54.5;322.5,319.5;351.75,190
45917;12.25,6.25;172.75,322.25;354.5,321.25;364.75,242.75;10.75,148.5;238.25,54.5;266.25,276;303.75,206
5694;22.25,42.75;159.75,294;280.75,294;348.75,276.5;10.75,148.5;220.75,107.25;238,202.75;266.25,276
43313;29.75,115.75;159.75,294;343.25,256.5;362.75,313.75;43.25,108;187.5,174.5;266.25,276;278,203.25
35718;29.75,115.75;168.25,295.75;362.75,313.75;365.25,261.5;52,132.5;140.25,223;238.75,317.75;336,150.75
22960;8.25,59.75;82.5,303.25;342.25,235.25;355.5,263.25;52,132.5;194.5,218;238.75,317.75;351,143.75
39385;11.75,85.5;116.25,312.5;299.25,208;313.75,299.5;103,136.25;194.5,218;238.75,317.75;358.5,147.5
39381;10,106.25;81.75,274.25;249.5,249;249.5,306.25;160.25,92.75;194.5,218;238.75,317.75;312,126.25
7976;20,85.25;67.5,208.75;238.5,295.75;256,298.25;108.25,76.75;140,224;238.75,317.75;312,126.25
25849;4.75,43.25;48,171.75;196.75,318.75;290,263.75;31.75,107.75;140,224;238.75,317.75;310.25,180.75
33368;4.75,43.25;48,171.75;109,309;324.5,213.25;6.25,58.75;54.5,232.5;246.5,308.75;255.75,238.5
20820;4.75,43.25;57.75,208.75;178.75,317.75;258.25,244.75;16.25,3.75;111,223.75;186.25,289.5;255.75,238.5
26703;12,62.75;126,242.75;161.75,286;240.25,235.5;16.25,3.75;85.75,211.5;110.25,282;255.75,238.5
14674;81.5,22.25;135.25,227.75;150.75,306;241.75,282.5;79,44.25;85.75,211.5;110.25,282;242,173.5
38593;70.75,30;161.5,298.75;196.75,246.5;203,307.75;79,44.25;85.75,211.5;191,240.25;232.25,213.5
4430;109.5,106.5;130.5,243.25;143.25,183.75;164.5,279.5;79,44.25;85.75,211.5;189.25,176.25;204.5,232.5
30328;63.25,177.75;87.75,312.25;109.5,106.5;120.5,256.25;1.25,2.75;85.75,211.5;163.75,163;221.5,279.75
30689;17.75,226.75;32,273.25;109.5,106.5;179.75,317.75;32.25,28;85.75,211.5;138.25,121.75;249,291.5
13688;7,172.75;9.5,309;109.5,106.5;145.25,300;65.5,80.5;79.75,247.5;138.25,121.75;186,303.75
26420;7,172.75;9.5,309;87.5,172;87.75,300.25;1.75,135.25;9.75,248.5;75.75,33.75;168.25,221.75
46447;1,177.25;19.25,251.5;38.75,157.75;117.75,274;1.75,135.25;37.75,193;53.75,94;168.25,221.75
49101;57.25,237.75;80.5,322.5;110,111.5;132,242.25;19,118.75;37.75,193;38.25,59.25;168.25,221.75
558;68.25,242.5;80.5,322.5;110,111.5;117.25,225.5;14.5,156;33.75,214.5;71.25,9.75;145.25,270
21541;36,284.25;50.5,279.5;99.25,191;170.25,237.25;14.5,156;32.5,241.5;123.75,19;145.25,270
2031;36,284.25;136.75,282.75;138.25,125;166.5,212.75;48.75,174.25;49,184.75;87.25,31;145.25,270
16479;36,284.25;136.25,286.75;138.25,96.25;164.5,213.75;15,94.75;37.75,109.25;72.5,21;145.25,270
16138;26.75,242;121.25,272;138.25,96.25;157.75,193.25;35.5,34;108,112.75;134.25,72.5;145.25,270
2497;35.75,316;54.25,322.75;93.75,34.5;173.75,230.75;35.5,34;84.25,59.5;140.75,148.5;145.25,270
23595;0.5,297.5;54.25,322.75;93.75,34.5;249,198;1.5,41.75;70.25,19.5;183.25,191;217.75,193.75
31590;0.5,297.5;54.25,322.75;127.5,122.5;232.25,208.25;12,95;69.5,78.75;130.5,140.5;273.75,196.25
910;1,220.25;25.75,265.5;60.75,76.25;232.25,208.25;12,95;101.75,67.25;200,97;317.5,197.5
29743;11.25,169.75;25.75,265.5;129.5,28;232.25,208.25;16,156.75;57,129.5;163,29;351.5,168.5
18142;11.25,169.75;94.75,309.75;113.25,22.5;277.75,262.25;7,246.5;13.25,202.25;76.5,24.75;351.5,168.5
33309;6.5,92.75;63.5,309.25;113.25,22.5;262.75,302.75;1,173.5;11.5,202.25;76.5,24.75;334.5,225.25
31910;6.5,92.75;57,295.5;113.25,22.5;262.75,302.25;5,128.25;6.5,239.25;14,20;301.75,248.75
48765;26.5,31;162.5,309.25;207.75,61.25;244.5,296.75;5,128.25;6.75,310.5;15.25,20.75;301.75,248.75
38993;76.5,9;81,272.25;148.25,135;335.75,313.5;5,128.25;6.75,310.5;15.25,20.75;303.5,194.75
44575;14.25,24.75;92.5,303.5;113.75,127;365.25,240;5,128.25;17.75,294;72,20;303.5,194.75
30197;13.5,53.5;123.25,213;210,131.75;365.25,240;22.25,140.75;22.75,311;100.75,35;303.5,194.75
20319;17.5,126;99.75,249;241.5,102.25;345.75,312;22.25,140.75;45,318;100.75,35;358.5,170
38901;25.75,170.25;92.25,188;306.5,111;349.75,319.25;22.25,140.75;45,318;100.75,35;355,228.25
41017;25.75,170.25;75,142;281.5,180.5;349.75,319.25;57.25,95.25;81.5,251.5;120.5,72;329.5,159
42098;25.75,170.25;75,142;330.25,158.5;350.75,275.25;105.25,116;110.5,289.5;145.25,4.75;287.5,217.25
20505;16.75,139.75;31,182.75;286,192.5;299,289.25;54.25,92.75;110.5,289.5;186.5,29.5;287.5,217.25
17308;27,85.25;39.25,239.75;286,192.5;329.75,318.5;66,58.5;110.5,289.5;263,14.25;318.5,177.75
40528;27,85.25;44.25,314;304.25,245.5;348,288.5;99.25,109;113.75,308.5;263,14.25;320.75,138.25
18564;13,4.75;58.5,228.75;249.5,244;364.25,275.5;99.25,109;141.75,272.5;263,14.25;327.75,179.25
38899;12.5,4.75;58.5,228.75;230.5,188.25;349.5,242.75;38.75,111.25;59.5,289.75;207.75,48;327.75,179.25
49895;12.5,4.75;70.5,177.5;252.75,223.25;354,320.25;25.25,70;71.5,247.5;191.25,109.5;327.75,179.25
30480;3.75,6.75;70.5,177.5;190.25,228.5;354,320.25;9.25,16.5;45.25,305.75;237.75,143.25;326.5,178.25
23255;31.25,34.5;47.75,238.75;147.25,227.75;331.25,312;38.25,77.25;79.5,248.75;237.75,143.25;326.5,178.25
26451;66.25,4.5;82.5,196;116.5,284;331.25,312;15.5,129;29,215.5;229,121;326.5,178.25
13538;66.25,4.5;82.5,196;137,292.5;334.25,270.25;88.75,100.25;95.25,199;217.75,189;313,161
39759;22,43.25;87,197.5;137,292.5;275.75,322;38.25,93;43.5,136.75;217.75,189;339.5,98.75
17925;2.5,103.25;87,197.5;183,260.75;249,304.5;8.5,128.5;21.75,143.75;217.75,189;359.25,55.5
24021;60.75,75.25;109.5,205.25;183,260.75;299.5,318.25;32.25,105.25;33.5,105;236.75,218;359.25,55.5
7622;108,48.75;163.25,181;236,198.25;244,279.75;32.25,105.25;76.25,28;312.25,195.25;359.25,55.5
18713;108,48.75;156.25,222.75;224.75,144.75;289.25,209.5;1,85.25;76.25,28;304.75,278.5;306.75,84
39841;38.5,46.25;157.25,143.5;192.5,151.25;295.5,127;1,85.25;76.25,28;322,210.75;332.75,100.25
25564;64.5,2.25;113,199.75;173,89.75;245.75,136;16.5,149.5;96.25,39.75;322,210.75;332.75,100.25
47297;64.5,2.25;96.5,203.5;173,89.75;246.5,109.25;8,127.25;78.25,10.75;352.5,195.75;357.5,57.25
47866;53.25,32;79.75,248.25;109.75,22;238.5,67;44.25,159.25;78.75,45.25;352.5,195.75;357.5,57.25
22292;7.75,33.75;41.5,297.25;64.75,70;153.5,48.5;30.25,104.25;63.25,10.75;352.5,195.75;357.5,57.25
16800;25,126;52.5,285;117.25,22.5;144,145.75;29.75,186;34,89.5;352.5,195.75;357.5,57.25
47154;10,159;52.5,285;121.25,124.75;153.25,109;24.75,203.25;34,89.5;266.75,145.5;315.75,22
44619;6.75,87;41,238;65,159;150.25,124.25;33.25,217;34,89.5;266.75,145.5;339,79.5
12589;11,50.75;33.75,196.75;49,152.75;157.25,143.5;7.5,172.75;34,89.5;266.75,145.5;339,79.5
39956;54.5,75.25;85.75,243.5;128.5,141.5;143.75,129.5;6.75,190.5;34,89.5;253,71.5;339,79.5
20361;9.5,139.75;46.25,215.75;128.5,141.5;175.25,60.5;6.75,190.5;31,29.75;260.5,14.5;279.5,90.25
18633;0.75,141;65.5,193.25;68,153.5;175.25,60.5;6.75,190.5;28,93;212,71.75;231.5,41.5
7815;1,185.5;4.75,207.25;72.5,87.5;175.25,60.5;6.75,190.5;44.5,7.5;202.25,62.75;295.25,4.5
327;9.5,103.75;66.75,165;72.75,41.25;175.25,60.5;12.5,271.5;27.75,70.75;201.75,63.25;295.25,4.5
30769;11.75,144.25;28.75,169.75;67.5,83.5;139.5,91.75;7.25,309.5;13.75,13.5;201.75,63.25;295.25,4.5
33833;3.25,82.75;28.75,169.75;32.75,16.75;117.5,141.5;7.25,309.5;21.25,70.75;163.5,48.5;354.75,6.5
20530;15.5,105.25;28.75,169.75;103.75,14.25;111.5,74.5;7.25,309.5;17.25,11.25;197.5,13.75;339,62.75
43898;0.75,139.5;80,85.5;111.5,61.75;135.75,77;7.5,243.5;17.25,11.25;205.25,99.5;339,62.75
38531;37,56.75;45,68.75;65.25,58.25;135.75,77;7.5,243.5;73.75,10.75;180.5,30;259.75,47.5
28559;37,56.75;45,68.75;55.5,4.25;171.75,137.75;44.75,249;49.5,8;203.5,67.25;230.5,33
8328;55.5,4.25;56.5,96.5;62.25,74.75;144,223;11.75,171.5;49.5,8;178.5,105;202.25,72.5
435;5.25,8.25;51.5,175.25;65.25,30.5;144,223;17.75,213.25;120.5,32.25;178.5,105;269,39.5
25700;6.5,8.25;50.25,157.5;152,8.5;221.5,261;17.75,213.25;120.5,32.25;128.5,98.75;224.25,65.25
47353;6.5,8.25;30.5,139.25;152,8.5;275.5,309.25;9.5,192.25;53.75,6.5;129.25,91;269.5,9.25
43949;34.5,22.5;75,221.25;152,8.5;217.5,291.25;7.5,135.25;20.25,36;67.5,42.5;269.5,9.25
45279;21.25,80.5;135.25,241.25;163,60.25;217,261;22,122.75;29.5,125;67.5,42.5;269.5,9.25
33429;93.25,142.75;102.75,203.25;131.5,6.5;268.75,256.25;22,122.75;81,169;83.75,12.75;269.5,9.25
12526;55.25,65;76.25,298.75;185.25,89.25;312.75,306.25;81,169;95.5,77.5;101.5,49.75;269.5,9.25
42546;39.5,123.25;139,257.75;185.25,89.25;321,213.25;22.25,228.75;37.25,116.75;58.75,134;269.5,9.25
37410;39.5,123.25;102.5,252.5;232.25,47.75;298.75,207.5;4,239.25;23.5,125;53.75,111.75;269.5,9.25
34296;95.25,128.75;102.5,252.5;268.5,1.25;347.25,166.25;26.75,245.5;31,189.25;59,152;269.5,9.25
14735;123.75,62.75;176,290.75;260.75,31.5;363,230.25;26.75,245.5;31,189.25;96.25,117.5;311,43.25
21471;71.25,19.5;168,230.25;291,55;363,230.25;26.75,245.5;39.5,120.25;41.25,75.75;233.5,9.75
20556;95,84;105.5,239;275.25,105.75;298.25,210;6.5,241.25;15.25,148.5;41.25,75.75;233.5,9.75
6639;94.5,20.25;132,239.5;313.5,151.25;344.25,257;6.5,241.25;49.75,193;93,25.75;233.5,9.75
30534;104.25,14.25;139.25,226.75;313.5,151.25;353.5,209;30,187.25;52.25,222.5;105.75,47.75;233.5,9.75
34484;82.5,30.25;121.5,237;298,116;298.75,230.5;75.75,203.5;91.25,191;105.75,47.75;233.5,9.75
20574;115.5,83;160.75,225.75;319,143.25;320.75,303.75;75.75,203.5;136.75,194.5;146.75,88;233.5,9.75
1645;115.75,36.25;129.25,191;292.75,208.5;294.75,259;58.5,206.75;140.25,269.75;146.75,88;233.5,9.75
10438;61.25,64.5;130.75,174.5;249,217.5;277.5,180.75;84.5,273;87,283.25;146.75,88;233.5,9.75
23119;47.75,112.5;100.25,246.5;178,267.75;323.75,187;40.75,280.25;87,283.25;146.75,88;265.5,48
19867;34.5,188.75;75,272.75;138.75,228.25;331.75,247.75;40.75,280.25;87,283.25;187,29.5;191.25,21.25
4600;51,240;64.75,208.75;138.75,228.25;331.75,247.75;54,262.5;62.5,258.75;139.25,30.5;206,65.75
24018;51,240;64.75,208.75;138.75,228.25;264.5,256.25;101.75,265;123.5,297;163.25,85.75;188.5,99.25
37925;25,310.75;87.25,177.25;89,177;184.75,255;101.75,265;130.25,297.25;168.75,89.75;188.5,99.25
12225;36.75,313.5;50.5,238.25;54,149.25;154,226.25;63.75,265.25;130.25,297.25;168.75,89.75;250.25,132.25
43055;79.25,281;86.75,298.75;91.75,96;206.5,175.5;63.75,265.25;160,224;204.5,96.5;250.25,132.25
50603;27.75,278.75;42.5,285;133,56.5;177.5,147.75;63.75,265.25;160,224;208.25,36;313.25,101
16846;10.5,308.5;42.5,285;133,56.5;171.5,163.75;10.25,202.25;189.25,276.25;262.75,22;321.75,162.75
10734;78.5,249.25;122.5,255.75;141.25,20.75;154.25,129.75;39.5,292.5;189.25,276.25;262.75,22;353.25,186.25
2537;39.75,229;61.25,234.75;61.5,4.25;154.25,223.75;34.75,300.5;190,197;262.75,22;353.25,186.25
3083;2.5,256.5;38,284;51.75,55.5;125,202.5;34.75,300.5;220.75,160.25;292,17.5;353.25,186.25
33087;2.5,256.5;38,284;76,6.25;77.75,193.5;104.5,275.75;181,134.5;228.75,14.5;347.75,142.25
34678;18,286.75;29.25,322.75;76,6.25;87,149;125,198.5;181,134.5;311.5,43.25;333.5,137.5
42138;9.5,265;55,311.5;76,6.25;136.25,124.75;172.25,165;189,183.25;311.5,43.25;334,149.75
5339;4.5,242;60,238.5;76,6.25;136.25,124.75;225.25,95.5;226.75,186;286.25,41;313.25,211.75
23032;46.5,269;87.75,299.5;125.75,27.75;165.25,109.5;179.25,163.5;225.25,95.5;286.25,41;303.25,195
12644;15.25,305.5;24.25,300.25;131.5,29.75;167,53.75;93.5,170;158.5,92.5;286.25,41;303.25,195
10216;70.5,295;77.25,298;112.75,35;209,30.75;54.5,157;158.5,92.5;286.25,41;296.75,153.75
19632;70.5,295;91,322.75;187.5,6;224,45.25;54.5,157;209.5,58.5;335.25,70;354.75,196.75
16872;29.5,257.5;115.25,256.75;187.5,6;239.5,46.25;54.5,157;276.25,22.75;322.75,90.5;352.5,182.25
35046;19.5,308;101.75,284;187.5,6;239.5,46.25;119.25,157.5;330.5,82.75;340.75,148.5;343.25,141.25
7648;19.5,308;102.5,284;187.5,6;291.5,110.75;89.5,136.25;290.5,83.75;347.75,161.75;348.5,83
19223;92.5,303.75;159.75,312.25;178,50.25;223.5,54.25;51.25,75.75;222.25,99;347.75,161.75;348.5,83
42885;65.25,242.25;157,306;179.5,36.25;210.5,106.75;4.75,23;271,131.25;347.75,161.75;348.5,83
35633;64.25,148;117.75,291;131,90;133,77;89.25,26.25;269.75,94;347.75,161.75;348.5,83
47152;78.75,142;117.75,291;133,77;175.25,108.5;161.5,30;204.5,98.25;354.5,180.25;358.25,147
3894;78.75,142;101.25,223.75;148.25,48;175.25,108.5;222.25,15;245,110.75;335,174;358.5,159
43432;132.75,188;162.75,206.75;171,67.5;175.25,108.5;206.25,55.75;245,110.75;336.5,235.25;357.25,153.75
24290;144.25,156.5;145.75,126;148.5,34;170.5,184.25;206.5,54.75;245,110.75;354.75,262.75;357.25,153.75
38458;66.5,136.75;144.25,156.5;148.5,34;158.25,210.25;129.25,106;213.25,108.5;295.75,185.25;366.25,82.75
28503;57,218.75;144.25,156.5;186,8.25;186.75,232;101,144.25;227.75,124;257.5,133.25;366.25,82.75
43252;64.75,127;161.5,231.75;218.25,17.25;263,255.25;81,126.5;227.75,124;312.5,161.5;366.25,82.75
25678;115.25,113.5;166.5,211.75;287.75,40.75;331.5,254.25;81,126.5;258.75,83.5;270.75,214;366.25,82.75
39574;94.75,164.75;205,268.5;328.75,56.5;346.5,319.75;54.5,141;258.75,83.5;279.75,218.75;366.25,82.75
29511;64.5,172.25;162,247.75;268.25,57;292.75,320.5;54.5,141;258.75,83.5;273.5,263;361.25,58.5
48022;57.25,172.25;159,309.25;251.5,19.5;292.75,320.5;83.25,214.5;185.75,98.5;343.75,279.5;361.25,58.5
29278;90.25,187;159,309.25;321.75,3.25;359.75,289.5;42.75,251;194.5,96;304.75,307.5;361.25,58.5
48227;57.75,177.25;142.75,310.5;331.25,36.75;353.25,242.25;42.75,251;194.5,96;264.5,233.25;316.75,66.25
4608;14.5,143.25;86.25,297.75;307.75,54.25;322.5,283.75;32.25,278.5;194.5,96;264.5,233.25;315.75,76.75
18668;46,96;52.75,294.5;291,111.25;322.25,297;32.25,278.5;212.75,96.5;264.5,233.25;342.5,115.5
26620;46,96;62.25,257.75;315.75,113.5;322.25,297;80,267.75;293.75,122;295.75,247.75;306.5,148.75
35842;44.5,36;57.5,201.75;260.75,110.75;271.25,256.25;114,264;213.75,140.5;295.75,247.75;306.5,148.75
19633;9,70.25;30.25,138;197.75,71.75;258.75,240.5;122.75,280.25;213.75,140.5;291,286.5;306.5,148.75
42141;3.75,45.25;41,188.25;180.25,111.75;258.75,240.5;122.75,280.25;295.75,153.25;298,306;305.75,121.5
19066;75,34.25;78,141.75;153,160.25;258.75,240.5;136.25,217.75;257.5,91;298,306;359.75,170
32075;12.75,31;49.25,57.75;119,141.5;337.5,209.25;72.75,248.75;293.75,143.75;298,306;359.75,170
23918;12.75,31;49.25,57.75;118.5,73.5;353.5,241;97.5,190;308.5,114.5;328.5,313;350.75,163.25
41971;8.5,23;23.5,117.75;66.75,130.75;353.5,241;108,104.25;289.5,37;328.5,313;355,174.75
14405;8.5,23;49.25,171;58,66;309.75,289.25;137,194;236,90.75;328.5,313;353,155.5
4313;6,7.25;15.75,240.5;58,66;262.25,273;182,181.75;196.5,85.5;328.5,313;330.75,148.5
30599;36,31;56.5,273.25;58,66;298,319.75;182,181.75;251.5,16;262.5,244.25;276.25,219.25
44486;1.5,110;9.25,302;36,31;298,319.75;228.25,115.5;298.5,26.5;318,194.5;357.25,175
29374;1.5,110;64.75,305;80.5,91.75;298,319.75;212.75,97.5;264,39;322,210.75;355.5,158.75
13208;1.5,110;64.75,305;80.5,91.75;213,309.75;215.75,185.75;223.5,6;295.25,187.25;339.25,82.5
26231;15,63.5;65.25,310.25;80.5,91.75;165,292.75;153.5,120.5;223.5,6;304.75,115.75;314,146.25
21659;5.75,7.25;10.75,284;73.25,148.25;165,292.75;204.75,182.25;223.5,6;224.25,131.5;327.75,59
25469;5.75,7.25;10.75,284;107.25,234.75;180.75,252.75;152.75,203.25;209,117.5;220.75,20;233,120.5
46616;4.25,4.75;56.5,242.75;90,255.5;136.5,287.5;152.75,203.25;172,44.25;209,117.5;235.25,191
43032;26,42.75;56.5,242.75;90,255.5;161.5,278.75;138.25,190.5;150.5,30;187,98.5;187.5,162.25
27091;7.5,42.75;50,307;52.5,322.5;161.5,278.75;57,198.75;150.5,30;160.75,138.75;168,240.5
29399;7.5,42.75;45,306;88.75,243.5;183.25,242.25;57,198.75;184.75,84.5;185.75,59;200,322.25
30183;7.5,42.75;10.25,311.5;118,302.25;183.25,242.25;69,273.5;104.25,121;147.5,48.5;171,296.5
3224;32,56.25;49,238.75;71,247.75;183.25,242.25;84.75,305.5;104.25,121;137.75,12.5;164.25,319.5
26739;32,56.25;35.25,213.5;35.75,257.25;194,269.5;84.75,305.5;126,60.5;156.25,12;192.25,257.5
26955;3,6.75;15.5,175.75;106.25,193.5;194,269.5;50.75,224.5;87,101.75;156.25,12;179,286.5
19644;3,6.75;15.5,175.75;156.25,228;250.25,308.75;35.25,215.5;55.5,127.5;111.25,67.5;251.25,292.5
27526;3,6.75;15.5,175.75;141.75,192;250.25,308.75;4.25,231.5;87.75,197.5;139.5,4.75;327.75,280.5
22166;23.25,62.5;26.75,153.25;105,252.5;198,307;4.25,231.5;39.75,178;219.25,37;327.75,280.5
48577;23.25,62.5;51.25,239.75;85,230.25;198,307;16,296.5;32.25,188.75;224.25,108.5;344.75,276.75
24378;7.5,59.25;30.25,323.25;58.5,229;135.75,265.5;16,296.5;32.25,188.75;205.5,174.25;323.25,299.25
27190;3.25,93;11.25,295.5;48,243.25;110.5,309;18.25,297.5;42.5,252.25;205.5,174.25;323.25,299.25
48291;51.5,175.75;64.75,209.75;125.25,235.75;148.25,223.25;18.25,297.5;42.5,252.25;182,166;255.25,309.75
10212;48.5,189;51.5,286;92.5,185.75;148.25,223.25;12.5,286.5;97,297.5;182,166;307.25,306.75
18704;48.5,189;51.5,286;89.75,189;160.25,312.75;72,246.25;150.5,256;215.25,210.5;354.5,286.75
24563;67.5,230.25;84,222.25;137.5,214;247.25,306;104.5,276;150.5,256;215.25,210.5;311.75,310.25
25281;67.5,230.25;84,222.25;124,280;200,294.25;34.5,318;172.5,232.25;222,167.25;352.75,296.25
13819;67.5,230.25;84,222.25;138.5,267.25;276.25,256.25;5.75,308.25;171,184.5;192.25,98.5;311.5,310
16556;25.75,241;44,242.5;148.25,297.25;268.5,180.5;5.75,308.25;171,184.5;263.75,73.75;270.5,276
35746;56.25,280.25;91.5,257.25;120.25,283.5;309.5,112.25;73.25,309.75;171,184.5;263.75,73.75;278,323
39570;82.5,298;91.5,257.25;174.75,299.75;270.5,70.25;61,307.5;171,184.5;313.25,98.5;335.75,312
5717;3.75,286.5;61,231;174.75,299.75;270.5,70.25;133,308;209.75,177.25;320,64;335.25,314
36548;7.5,306.5;34.5,240;126.25,303.5;269.25,133.75;89.75,258.25;266.5,227.75;320,64;335.25,314
21216;32.75,297.75;45.5,200;88.5,303.75;269.25,133.75;115.75,196.25;315,271;320,64;320.25,310.5
33192;32.75,297.75;45.5,200;155,263.5;285,53.5;136.75,143.25;274,192.25;319.25,159.25;339.25,293
10209;12.75,229;16,140.25;164,227.25;285,53.5;140.25,72.75;304.5,202;333.25,206.75;339.25,293
19344;52.5,170.75;74,111;164,227.25;285,53.5;195.5,95.75;265,226.75;311.75,162;313.25,309
22493;26.75,121.75;35.5,148;164,227.25;273.75,64.5;208,98.5;244,287.25;251.25,133.25;313.25,309
6816;26.75,121.75;35.5,148;161.75,266.75;354.5,35;146.75,50.75;281.75,306;300.75,199.25;318.5,288.5
34478;26.75,121.75;89,206;223.25,301.75;360.25,12;221.25,16;244.5,308.25;300.75,199.25;327.25,312
29846;49,113.25;161.25,266.75;162.25,234.75;293.25,24.75;221.25,16;244.5,308.25;281.75,247.5;332,314.5
28604;51.25,157.5;161.25,266.75;196.5,248.25;296.75,72;221.25,16;244,225.5;289.5,299.25;355.75,291.25
28139;24.25,79.25;87,318;190,253.5;336.75,33;175.5,3;262.5,175.5;289.5,299.25;355.75,291.25
9088;24.25,79.25;39.75,237.75;164,318.25;230.5,21.75;75.75,14.75;262.5,175.5;265.25,306.25;339.5,294.25
31923;34.5,132.5;39.75,237.75;164,318.25;169.25,16.5;113,99;301.75,113;324.5,300.25;330.5,320.25
40182;78.5,200;79.75,184.25;94.75,297.25;253.75,36.25;96.75,41.25;275.75,94.5;324.5,300.25;330.5,320.25
27182;24,206;36.5,138.75;67.5,295.5;309.25,114;158.25,29.25;294.25,34.5;324.5,300.25;330.5,320.25
13723;24,206;47.75,106.75;54.5,295.5;320.25,158.5;232,48.25;303.25,84;327,288.75;330.5,320.25
43703;11,261.75;66.25,86;123,271.75;320.25,158.5;203.25,72.5;250.75,127;288,299.75;330.5,320.25
4432;11,261.75;78.25,114.25;123,271.75;309.75,227.25;254,21;295,95;323.25,312.5;328.75,311.5
1981;25,181.5;78.25,114.25;82.75,268.5;297.75,230;295,95;310,21;311.75,312.75;325,241
30070;25.25,94;55.5,181.25;70,322.25;328.25,267.25;295,95;310,21;312.5,258.75;328.75,226.75
47457;25.25,94;68.25,130.75;70,322.25;243,309.5;280,174.75;296.25,12.75;353.5,291.75;365.25,265.75
42200;4.25,183.5;29.75,123.75;84.5,274.75;205.5,260;196,174.5;296.25,12.75;327.5,210.75;353.5,291.75
12232;4.25,183.5;71,96.75;116.75,272;142,300.5;116,196.5;252.5,41;253.75,186.5;353.5,291.75
28888;4.25,183.5;94,86;162.25,253.25;181,229.5;122.5,163.25;246.5,77;250.5,177;353.5,291.75
13500;75.5,176.75;94,86;138.5,225;181,229.5;141.75,106.5;161,82;233.5,241.75;334.5,223
19040;75.5,176.75;94,86;142.25,198.25;239.75,188.25;124.5,111.5;151.25,120.5;215.75,159.25;344.75,277
26197;75.5,176.75;111.75,123.75;130.75,185;239.75,188.25;135,91.25;150.5,53;162.5,166;367.25,277.5
1758;114.5,130.5;165.75,116;184,248;295,248.5;120.75,107.25;150.5,53;162.5,166;345.75,294.25
23194;56.5,75.75;165.75,116;184,248;274.5,168;115.5,81.25;125.5,11.75;135.25,124.5;353,263.75
46889;54.5,11.25;165.75,116;172.25,313;213.5,157.25;94,14;101,33.75;103.5,137;353,263.75
22414;47.75,109.25;97.75,155.5;162.5,227.25;249.5,218.75;90.75,5.5;101,33.75;103.5,137;281.5,252.75
16228;115,74.25;157.25,194.75;158.25,194.75;240,169.75;18.75,19.25;97,10.75;103.5,137;281.5,252.75
30071;115,74.25;170.25,202.25;207.25,132;283,105.25;18.75,19.25;82,16.5;141,223.75;203.75,290.75
28425;42.25,48.75;157,109.75;254.5,73;322.75,145.75;18.75,19.25;82,16.5;152.75,223;178,286.5
28120;68,16.5;207.5,93;319,59;354,112.5;19.75,18.5;82,16.5;143.25,188.5;178,286.5
17175;4.25,47.75;223.25,28.75;270.75,26;363.25,123;19.75,18.5;82,16.5;138.75,270.5;140.5,225.5
21777;0.75,76.25;312,57.5;326.5,30;365,53.5;19.75,18.5;82,16.5;138.75,270.5;167,165.75
43658;0.25,147.5;222,80.25;292.5,23.5;350.75,133.75;10,7.75;82,16.5;87.5,269;167,165.75
86;51.25,140;269.75,56;272,18;319.25,141.75;7.75,45;57.75,97.25;87.5,269;167,165.75
25989;115.5,162.75;203.5,56.75;236.75,36;366,171;7.75,45;53,91.25;84.75,320.75;167,165.75
13336;146,227.5;221,30.25;234.5,56.25;292.75,206.5;7.75,45;53,91.25;88,303.5;205.75,108
43418;136,191.75;184.75,21;212.25,105;292.75,206.5;42.5,45.75;70,29;88,303.5;288.5,115
30314;128,124;156.5,48;212.25,131.75;224,218;42.5,45.75;88.75,65.25;103.5,232.25;288.5,115
19443;113,84.5;128.5,17.5;212.25,131.75;298.75,236.5;57.25,113.25;79,118.25;152.75,287.75;288.5,115
30356;60.5,133.25;122,3.75;242,101;289.75,208;57.25,113.25;79,118.25;154.75,303.25;293.25,97.25
15463;41.25,195;142,21.5;292.75,110.75;310.25,237.5;57.25,113.25;128,79;223.75,284.75;293.25,97.25
24393;0.25,145;165,45.25;321.75,38.5;324.5,212.75;57.25,113.25;128,79;218,311.25;238,76
10189;26.25,86.5;181.75,112.5;330.5,121;347.75,224.5;9.25,173.5;60.75,112.25;218,311.25;238,76
30787;95.5,91.75;187.25,83;299,53.5;354.25,186.5;9.25,173.5;60.75,112.25;150.75,273;229,14
8298;95.5,91.75;220.25,76.25;336.75,30.5;340,209.25;9.25,173.5;83.5,105.75;111.25,283.25;274.25,10.75
31889;63.25,147;146.5,124.25;336.75,30.5;340,209.25;75.25,118.25;113.25,40.5;127.75,309;203.75,14.5
14120;63.25,147;144.5,125;336.75,30.5;354.5,214.5;67.25,108.5;128.25,23.25;133,264;257.5,14.75
29383;64.75,123.75;161,216.75;335.75,30;364.5,197;118.25,115.75;128.25,23.25;149.75,172.5;257.5,14.75
22477;64.75,123.75;235.25,260;293.75,103;344.25,258;80.5,41.5;91.5,25.75;103.75,126.25;257.5,14.75
8353;64.75,123.75;259.25,241;266.5,159.25;344.25,258;94.5,49.75;129,78.5;137.75,197;261.75,75
50569;15,64.25;269.75,168.75;291.75,147;344.25,258;119.25,4.75;128.75,20.75;143,222.25;261.75,75
9449;15,64.25;222.5,135.25;223.5,136;344.25,258;85.5,55.5;86.5,24.75;112.25,196.25;262,14.5
48922;15,64.25;223.5,136;270.5,70.75;344.25,258;21.5,1;92.25,20.5;115.25,252.75;243.75,14.25
32994;56,34.75;207.75,168.5;295.5,2;360.5,244.25;21.5,1;92.25,20.5;168.75,283;253.75,83.75
22228;125.25,3.5;167.5,224.5;331.5,26;360.5,244.25;2.5,46.25;92.25,20.5;154,298.5;252.25,70
27392;186.5,17.25;222.75,228.25;255,58.25;274.5,251.75;2.5,46.25;92.25,20.5;161.25,273;200,89
2528;186.5,17.25;222.75,228.25;306,67.5;309,320.25;20.5,15.5;98.25,58.5;142.25,221.25;210.75,85.25
26563;116,33.5;170,270.5;243.5,116.75;344.75,314.25;20.5,15.5;43.75,104.25;134.5,286.25;210.75,85.25
22504;158,88;163.5,322.5;227.75,147;331.25,311.5;20.5,15.5;43.75,104.25;99.75,221.25;169.75,92.25
22697;201.25,15.5;235,316.25;244.25,180.25;334.25,318.5;20.5,15.5;78,79.75;99.75,221.25;147,50.75
31919;225.5,74.25;235,316.25;298.25,160;299.75,317.5;20.5,15.5;26.5,154.5;75.25,203.5;219.25,41.75
25846;132.75,102;293.25,322.25;299.75,115.25;361.75,289;20.5,15.5;26.5,154.5;87.5,225.5;261,16.75
21800;52.75,147.5;250.5,245;293.25,184;299.5,290.25;20.5,15.5;44.25,108.5;49,192;261,16.75
4022;9.5,177;250.5,245;300.25,232;324.75,242.25;29.25,34.5;44.25,108.5;48.25,193.25;293.5,36.75
23132;43,237.75;254.75,269.25;260.5,175.75;327,206.25;6.25,112.25;29.25,34.5;59.5,165.5;293.5,36.75
3303;36.75,189.5;199.5,307;269.75,169.5;278,248.5;8.5,191.75;29.25,34.5;119,214.75;293.5,36.75
8951;54.5,158.5;208.75,266;249.25,92.5;258.5,209.75;8.5,191.75;56.5,116.25;71.25,171;293.5,36.75
7108;46.5,198.75;207.5,309.75;252.25,43.75;262.5,178.75;8.5,191.75;14,71.5;71.25,171;252.5,36.25
44283;37.25,196.75;204.5,286;213.5,8;308,139.75;8.5,191.75;14,71.5;67.25,211;319.75,52.25
30580;75.75,233.75;204.5,286;213.5,8;276.25,74.25;3.5,155;15.75,11.25;24.75,176.5;359.75,54.75
49567;98,283.25;165.5,211.75;187.75,7;203,40.5;3.5,155;15.75,11.25;47.25,263.25;313,138.75
13314;123.5,275.25;155.25,224.25;187.75,7;203,40.5;30.75,227.75;74,20;79.75,268.75;235.75,124.5
4691;123.5,275.25;137.75,183;187.75,7;229.25,21.5;13.5,309.5;79.75,25.75;121.25,195.5;278.25,120.25
29707;177.5,232.75;181.75,110.5;211.25,78.25;216,57.25;13.5,309.5;63.75,91.25;132,214.5;278.25,120.25
27882;153.75,235.25;166,60.25;183,58.5;202.75,131.25;13.5,309.5;116,69.25;174.25,236;278.25,120.25
30235;142,237.25;154.5,30;195.5,83.25;225,53.75;13.5,309.5;116,69.25;131,199.25;271,139.25
4562;93.5,283.25;128.75,11.75;195.5,83.25;225,53.75;32,220.5;64.25,12.5;180.5,186.5;235.25,155
17377;2.75,296.75;128.75,11.75;280,56.5;286.75,10.25;32,220.5;81.75,19.5;196.25,173.25;299,172.25
46550;7.25,226.5;112.25,17.25;280,56.5;286.75,10.25;46.25,277.5;75.75,26.25;166,239.5;276.25,212.75
1132;69.5,223.5;77,9;259.75,96.25;292.25,56.5;21.25,220.5;75.75,26.25;196.75,303.5;276.25,212.75
24998;0.5,216.25;12,42.25;189.5,49.5;261.75,15.5;21.25,220.5;137.25,55.75;196.75,303.5;262.75,272.75
7424;33,182.25;57,75.25;189,36.75;275,66.25;21.25,220.5;164.5,29.75;175.5,304.75;262.75,272.75
13008;30.25,201.5;44,94.75;212.5,16;238.5,42.75;79.25,287.75;108.75,38.25;175.5,304.75;262.75,272.75
14902;16.25,140.75;105,112;288.25,71;329,20.5;12.25,294;13,5.25;175.5,304.75;262.75,272.75
36210;16.25,140.75;143.5,57.75;299.25,83.25;363.5,5;72.25,289.75;81.25,12.75;146.5,302.75;262.75,272.75
28899;71.5,142.25;178,38;317.25,137.75;369,50.5;72.25,289.75;81.25,12.75;181.25,290.25;276.75,208.5
49998;68.75,189.5;213,92.5;349.5,89;358.25,8.75;72.25,289.75;108.25,67.5;200,318.75;276.75,208.5
33492;49,214.75;271.25,70.5;329.25,63.75;332.75,46.5;72.25,289.75;108.25,67.5;184.75,290.25;273.5,265
25190;33,222;274.25,65;337,23.5;366,23.75;10.75,280;102.75,14;184.75,290.25;273.5,265
175;7,227.25;192.5,102.75;279,59.5;283.25,54.75;1,239.75;102.75,14;184.75,290.25;334.5,320.75
12843;46.25,234.75;180,38.5;289.5,20.25;306.75,56.5;5,229.75;102.75,14;160.25,278.75;334.5,320.75
18363;114,241;212.5,11.75;238.75,75.5;287,74;5,229.75;127.5,71.5;219,296.5;334.5,320.75
5180;167.25,290;265.5,0.5;273.5,13;286.75,40.75;5,229.75;127.5,71.5;218.25,296.5;310,272.5
45813;146.25,241;194.5,43.5;266.75,61;367.25,30.25;5,229.75;127.5,71.5;218.25,296.5;312.25,302
35072;208.75,268.25;226,93.5;299.5,13.5;339.25,36.75;39.25,197.5;127.5,71.5;247.5,266;312.25,302
14208;195.25,317.25;210.75,104.5;255.75,19.5;328.75,65;82.5,184.25;127.5,71.5;276.25,255.5;312.25,302
31907;187.25,230;243,20.75;328.25,36.75;329.75,3.25;82.5,184.25;127.5,71.5;312.5,197.25;353.75,291.75
4370;191.25,278;267.25,1.75;302.25,110.75;329.75,3.25;38.75,177.75;153.25,65.75;255.75,146.25;353.75,291.75
3734;235,247.75;264.75,12.75;305.75,111.5;329.75,3.25;34.75,109.25;132.75,48.5;251.25,187.5;353.75,291.75
7613;198.5,307.75;200.5,7;305.75,111.5;329.75,3.25;47.75,35.5;92.25,24.75;227.75,184;310.75,310
37674;144,296.5;238,44;278.5,135.25;329.75,3.25;6,44.25;23.5,29.75;232,267.5;310.75,310
30868;173.25,225.5;198.25,6.25;230.25,203.5;345.75,2;6,44.25;23.5,29.75;262.75,293.5;271.5,266
26331;126.25,285.5;178.25,58.5;258.5,237.75;300.5,13.5;6,44.25;10,18.5;169,302.25;271.5,266
21101;98.25,214.25;160.5,129.5;248.5,248.5;313.25,2.25;6,44.25;10,18.5;189.5,226.75;278.75,184.5
47202;56.5,218.5;160.5,129.5;239.75,312.5;280.75,73.25;10,18.5;15,69;163,160.5;278.75,194.75
24349;56.5,218.5;161.5,106.25;239.75,312.5;330.25,94;30.25,29;63,91.5;90.75,190;287.5,261
10930;11,231.75;161.5,106.25;307.25,317.25;329.75,15;30.25,29;91,102.75;98.75,151.75;360.5,263.75
18781;7,152.75;182.5,20.75;214.5,320;367.25,73.25;30.25,29;120.5,48.5;124,234.5;360.5,263.75
17144;7,152.75;132,77.5;159.75,312.25;314.25,92.5;17.25,3.25;65,106.5;80.5,204.75;360.5,263.75
30341;15.5,74.25;63.25,58.75;168.75,221.75;314.25,92.5;15.25,3.25;22.5,38.5;80.5,204.75;346.75,206.5
7823;4.75,9.75;122,43.5;168.75,221.75;246.75,126;15.25,3.25;26.25,118.5;77.25,176.25;324,211.75
42008;1.75,26.75;62.25,31.75;147.75,209;324,141.25;15.25,3.25;77.25,176.25;82.25,118.25;323.75,264.5
45051;64.25,68.5;127.5,24.5;184.75,278.25;299.25,210.5;15.25,3.25;94,170.75;104.25,184.25;323.75,264.5
4902;49.25,103.75;54.25,32.5;204,308.25;349.5,156.25;15.75,18.25;102.75,107.5;104.25,184.25;323.75,264.5
38473;32.25,128.25;123.25,33.5;128.25,286.5;342.75,239;15.75,18.25;94.75,48.75;104.25,184.25;265.5,288.25
29355;85.75,172.25;106,49.75;141.75,318.75;364,246.5;15.75,18.25;83.75,15.75;104.25,184.25;246.25,246
21444;70.5,230.5;122,56.25;157,257.5;278.5,284.25;29,41;81.75,59.5;104.25,184.25;246.25,246
32168;51.5,176.25;70.5,47;91.5,263.25;285.5,320.25;29,41;80,43;104.25,184.25;291.25,286.75
25400;51.5,176.25;95,57.75;147,225.75;333,298.75;3.5,37.75;80,43;135.75,169.25;347,266.75
11251;40,204.25;147.5,117.75;155,213.75;302,282.5;3.5,37.75;80,43;139.5,182.5;323.25,313.25
17347;40,204.25;154.5,125.25;224,218;360.5,238.75;3.5,37.75;111.75,98.75;137.5,198;325,277.25
6797;0.25,180.25;154.5,125.25;224,218;343.25,240.25;2.5,3.75;124.25,113.25;139.5,123;335.75,259.5
36207;0.25,180.25;154.5,125.25;248,268.5;334.25,245.75;19.25,5.5;113.75,91.25;132,73.5;294.75,216.25
7778;0.25,180.25;128.5,146.5;229.75,316.25;265,242.5;14.25,72;46,87.5;84.5,25.75;294.75,216.25
16629;8.5,177.5;175.25,201.5;205,311.25;224.75,205.75;4.75,22.25;21,69;84.5,25.75;294.75,216.25
15565;50.5,122.5;140,223;239.25,237;248,194.25;4.75,22.25;56,108.5;84.5,25.75;248.75,292.75
42182;0.25,82;158,157.25;184.75,275.5;202.75,167.5;8.25,14;56,108.5;84.5,25.75;214,252.25
1019;29.5,99;104.5,141;147.75,224.25;158.5,170.75;8.25,14;18.5,119.25;112.5,7;214,252.25
31327;17.75,29.75;64.25,158.25;65.25,256;142.5,126.25;8.25,14;103,143.5;112.5,7;173.5,316.75
2947;17.75,29.75;45.5,137.25;97.75,309.75;161,127.5;73.25,11.5;108.5,137.75;146.5,51.25;173.5,316.75
18371;17.75,29.75;22.5,177.25;44.5,263.75;161,127.5;78.75,41.25;141.75,88;175.25,71.5;183.5,277.75
24755;17.75,29.75;23.5,122.75;33.25,298.75;86,116.25;78.75,41.25;192,15;209,100.5;231.75,258.25
5822;36,38.25;63.25,74;68.25,209.75;118,33.25;96.25,9.75;192,15;220.25,171.5;231.75,258.25
47438;42.25,15.25;63.25,74;68.25,209.75;213.5,7.5;8,57.75;112.75,40.5;207.5,254.5;260.75,263.5
8599;63.25,74;75.25,16.5;164.5,213.75;246.5,23;3.25,21.75;81.5,126;187.5,282;260.75,263.5
12938;90.75,85.25;123.75,5.75;206,167.25;309.75,36.5;20,17.25;128.25,105.75;187.5,282;260.75,263.5
44184;28.5,96.25;117.75,22;194,143.5;335.75,12;20,17.25;128.25,105.75;147.75,248;279.75,288.25
23904;20,152.75;74.5,83;222.25,87.25;251.5,40.75;20,17.25;67.25,108.25;147.75,248;258.25,267
26942;5.5,164.5;12,42.25;211.25,77.75;251.5,40.75;11,54.25;34,100.5;151,298.75;258.25,267
17632;5.5,164.5;42.25,12.75;182.25,76.5;233.75,72;25,118.75;34.75,44.5;130,316.25;258.25,267
22163;5.5,164.5;54,5.75;136,64.25;218.25,92.75;21.25,71;25,118.75;149.75,298.75;176.25,306.25
31058;5.5,164.5;5.75,25.75;79.25,30;176.5,42;14,137;21.25,100;149.75,298.75;176,309
40788;11.75,232.5;52.75,44.75;58.5,96.5;273.75,65.5;14,137;21.25,100;170,300.5;205.5,276
7672;83.75,230.25;93.5,63.5;103.25,18.25;249.25,27.75;85.75,97.25;99.25,107.5;170,300.5;205.5,276
16271;135.25,227.5;180,49;181,38.25;271.5,18.25;15.75,142.25;99.25,107.5;112.75,292.5;205.5,276
37616;116.75,187.25;200.75,91.75;229,82.25;343.25,50;12,141.75;99.25,107.5;112.75,292.5;173.75,240.5
2345;94.25,128.75;228.25,128.75;293.25,92.75;353.25,21.25;33.25,88.25;40,134.25;112.75,292.5;173.75,240.5
6523;126,143.5;180.75,112;285.25,44.75;299.75,13.75;20,71;40,134.25;87.5,254.75;173.75,240.5
34672;126,143.5;183,47;292.25,56.25;337.25,15;5,70.5;40,134.25;67,289.75;151.5,202
7706;137.5,124.75;265,18;273,71.5;279.5,19;5,70.5;63.5,93.75;67,289.75;212.5,189.75
17046;137.5,124.75;268,17.5;273,71.5;351,10.75;21.75,29.5;74,110.25;134.25,264;247,128.25
43901;107,112;269,7.5;327.5,29;365.5,24.75;21.75,29.5;57.5,92.75;86.25,258.25;247,128.25
49220;40.5,31;245,93;284,52.75;365.5,24.75;12.25,59.5;23.75,158.75;86.25,258.25;328.25,162
20265;15,60;214,54.75;292.75,8.5;311.75,14.75;12.25,60.5;23.75,158.75;54.5,315.75;328.25,162
36077;79.5,140.25;158.25,87.25;217.5,9.75;229.25,49.5;12.25,60.5;23.75,158.75;75.5,289.75;265.5,89.25
10016;95.25,85.75;115.25,122.25;252,81.5;307.25,55.75;12.25,60.5;26,119.25;75.5,289.75;337,62.5
42991;55.75,34.25;88,85;300.75,56.75;311.75,5.25;12.25,60.5;26,119.25;36.5,306.25;336.5,8.25
32651;90.5,11.75;157.25,158;311.75,5.25;334.75,65.25;3,69.25;6.5,203.75;13.75,212.25;336.5,8.25
21424;148.75,5.5;158.25,147;300,54.25;334,27.5;3,69.25;6.5,203.75;22.75,210.25;250,11.25
796;148.75,5.5;217,159.25;335,33.5;371.25,51.25;20.75,99.5;94.25,229.75;99.25,235.75;250,11.25
41149;148.75,5.5;282.5,168.25;339.25,88.25;350.75,101.25;20.75,99.5;96.75,201;160.25,278.75;221.25,47.75
25890;78,13.75;328.25,205.5;348.25,25.75;352.5,35.75;25,174;89.5,153.25;160.25,278.75;221.25,47.75
39413;65,74.75;283.5,159.25;309,30.5;317.25,2.75;32.75,140.75;139.25,98;160.25,278.75;221.25,47.75
30333;48.5,122.5;243.75,136;270,75.75;294.75,55;21.25,213.75;90.25,103.25;160.25,278.75;221.25,47.75
39436;12.25,81.5;243.75,136;295.75,87.25;332.5,119.25;21.25,213.75;66.75,32.25;158.75,224.5;245.5,9
24785;42.75,35.75;254.5,219.5;318.25,105.75;358,136.75;21.25,213.75;59,41.5;137,196.5;245.5,9
42568;66,5;313.25,260.25;315,150.5;357.75,120.75;19.5,272.5;77.25,33.5;137,196.5;245.5,9
40342;118.25,23.25;267.75,295;271,135.25;300.5,116;19.5,272.5;47.5,76.25;105.75,126.75;245.5,9
12362;118.25,23.25;246,288;250,81.5;356.5,100.75;14,295.25;97.25,65.25;137.25,98;245.5,9
14114;151.25,10.5;184.75,319;193.75,73.5;356.5,100.75;18.25,306.75;97.25,65.25;121.25,77.75;229.5,15.5
2546;171.75,46.25;182.75,247.25;204,47.75;332.75,89.5;18.25,306.75;74.75,59.75;121.25,77.75;218.75,58.25
33439;105,63;110,238.25;257.75,81.5;332.75,89.5;5,282.25;63.5,15;166.75,91.75;218.75,58.25
26007;63.75,86;135.75,228;199.75,61;295,37.75;5,282.25;63.5,15;210,97.5;259.75,110.5
27297;27,31;146.75,227.25;199.75,61;351.5,9.25;13.75,295.75;63.5,15;230.75,33.25;245.5,41
36323;44.5,31;110.75,220.75;139.25,20;272.75,25.5;43.25,319.5;63.5,15;230.75,33.25;251.75,46
40469;46.25,38.5;91.75,141.75;208,80.5;221.25,86.75;7.25,294;63,12;230.75,33.25;251.75,46
6535;39.25,85.5;58.25,96.25;270.5,33.5;277.75,105.75;29.5,306;108,59.25;230.75,33.25;251.75,46
17262;45.5,21.75;58.25,96.25;270.5,33.5;282.75,164.75;5.5,306.25;25,31.75;207,69.5;239.75,128.25
9439;4.5,8.25;63,126.25;270.5,33.5;282.75,164.75;29.25,265.75;38.25,33.75;147.75,58.25;244,174.25
6198;4.5,8.25;112.5,162.75;262.5,17.5;282.75,164.75;1.75,306.5;50,48.75;127,92.25;228,219.75
48666;7,6.25;112.5,202.25;238.5,83.5;282.75,164.75;1.75,306.5;66.75,96.75;194.5,96.5;205,177.25
4171;7,6.25;112.5,202.25;280.5,59.5;290.75,243.5;74.5,289.75;100.25,35.75;171.75,163.5;180.75,142.75
9212;7,6.25;85.25,141.5;288.25,101.75;290.75,243.5;111.5,293;126.75,72;158.75,221.25;170.5,161.25
49061;4.75,3.25;131.75,172;287,72.75;352.5,225;111.5,293;126.75,72;182,135.5;250.25,175.75
16069;4.75,3.25;131.75,172;313,150.75;364.5,195;46.25,296;73.75,13;92.5,137;173.5,170.25
38117;8.25,63.25;189.25,119.75;268.5,178.25;280.5,180.5;46.25,296;73.75,13;92,87.25;115.75,111.75
42604;57.75,76;220,92.5;262.5,220;340.5,210;46.25,296;73.75,13;74.75,141;133.25,39.75
15611;31.75,133.75;183.5,105.25;262.5,220;330.25,157;13.25,310;73.75,13;113.5,198;150.5,49.75
7319;11.25,158.5;162,148;201.5,230;371.75,121.25;13.25,310;73.75,13;112.5,196;123.75,19.5
46811;14.25,219;154,156.5;241,220;371.75,121.25;13.5,270;69.75,11;112.5,196;131.25,21
36262;53.25,155.5;93.5,140.75;200.5,269.5;356.5,136.75;13.5,270;78,41;112.5,196;165.5,83
49610;36.5,138.75;71.75,87;259.5,237.75;356.5,136.75;5.5,306;36.25,76.25;112.5,196;192.75,100.25
27030;30.75,81.25;73.75,45;259.5,237.75;356.5,136.75;6,306.75;19.25,20;156.75,197;184.25,97.5
16162;48.25,68.25;77.75,32.5;249,308.5;302.75,120;19.25,293;44,33.5;156.75,197;184.25,97.5
35378;24.25,77.25;34.75,22.25;238.25,289.5;269.5,103;18.5,267;121.25,18.25;156.75,197;184.25,97.5
15697;0.25,137.5;113.75,34.5;258.25,323.75;341,89;43,320.25;121.25,18.25;156.75,197;184.25,97.5
10999;53.5,193.25;168.25,97.75;230,251.5;247.5,94.75;43,320.25;60.5,12.5;71.25,216;184.25,97.5
6976;63.75,171.25;124,144.5;230,251.5;299.5,54.5;19.5,292;27,80.25;121.25,156.5;184.25,97.5
14459;44,252.5;124,144.5;274.75,321.5;275.25,56;20.5,308;27.75,149.75;125.75,189.25;184.25,97.5
11140;89,255.5;149,195.25;274.75,254.75;292.25,24.5;9.25,318.5;20.25,125;125.75,189.25;184.25,97.5
50331;106.25,235.75;185.75,254.75;341.5,217;357.75,25.5;9.25,318.5;54,99.75;103,273.25;184.25,97.5
422;34,208;202.5,269;323,155.25;362.5,40;27.5,309.5;54,99.75;153.75,221.5;184.25,97.5
16856;50.5,239.25;212.5,259;284.5,102.25;366.25,39.75;6.25,297.75;60,13;153.75,221.5;184.25,97.5
3721;50.5,239.25;270,256.25;290.75,53.75;345.5,25.75;6.25,297.75;39,77.25;182,241.75;190,44
13722;50.5,239.25;248.75,283.75;269.75,26.5;368,52;6.25,297.75;88.75,62.5;111.75,222.5;142.75,92.5
13703;130,245.25;169,265.75;318.5,22.25;354.75,12.25;6.25,297.75;88.75,62.5;119.75,222.25;160.5,48
22718;170.5,291.75;180.25,252.25;334.5,19.25;351,9.25;6.25,297.75;88.75,62.5;118.5,222.25;169.5,52
14301;235,301.75;238.25,288.5;334.5,19.25;369.25,25.5;6.25,297.75;119.25,49.25;125.5,278;191,43.75
49658;223.25,227.75;254.25,268.75;282.25,55.75;331.5,47.25;5.25,304;87.75,66.5;125.5,278;191,43.75
41403;250,169;272.5,255.75;292.75,120;367.5,54.5;5.25,304;107.5,14;155,298.25;191,43.75
21525;245,200;302,300.75;349.75,162.75;356.5,22.5;5.25,304;83.5,72.25;134,224.25;191,43.75
50259;158.25,156.5;341,213.75;341.25,229;354.75,27;5.25,304;109.75,67.75;134,224.25;264.5,86
28565;69.75,172.25;288,230;326.5,158.25;367,31.5;5.25,304;38.25,35.25;197.25,177.25;264.5,86
26900;32.25,119.75;324.75,199;356.25,224.5;372,68.75;5.25,304;38.25,35.25;218.25,177.75;238.25,158.25
24283;81.5,196.5;311.25,235.25;342.25,312.5;355.25,12.25;5.25,304;72.75,125.25;185.75,134;238.25,158.25
1889;68.75,136.5;311.25,235.25;344,311.25;355.25,12.25;6.75,228.5;138,181;148.5,203.25;179.75,232.5
34560;78.75,97;276.75,256.75;279.5,261.5;355.25,12.25;9,148.25;76,198;83.25,210.5;179.75,232.5
46740;78.75,97;242.25,236;279.75,222;339.5,33.75;9,148.25;36.25,251.75;40.5,263.25;196,174.25
23761;84,30.25;198,227.5;273.75,254.75;371,54.5;9,148.25;33,321;45.25,304;196,174.25
28670;10.5,63.75;249.25,180.25;267.5,255.75;284.25,55.5;16.25,206.75;33,321;45.25,304;181,170
7560;10.5,63.75;229.5,189.75;236.75,257.25;352.5,40.5;7.5,137.25;33,321;77.25,214.5;113.75,225
15807;6.75,142.75;275.25,240;282,245.5;313.5,14.5;25.5,72;33,321;50.5,147.25;113.75,225
38001;86.25,63.5;256.75,323.5;275.25,240;287.5,75.75;26,54.75;43.25,317.25;50.5,147.25;70.75,265
30800;152.25,28.5;200.5,308.75;206.5,259.5;230,78.5;4.75,34.25;43.25,317.25;51,147.5;70.75,265
32964;180,87.5;185.25,246.25;193.25,285.75;298.5,37.5;4.75,34.25;12.5,286.5;51,147.5;142,224.5
12454;177.5,103.25;249.75,270.5;260.25,323.25;268.5,32.5;4.75,34.25;21.5,323.75;58.5,162.5;142,224.5
5818;164.5,115.75;200.75,296.5;202.5,254.75;210.25,72;4.75,34.25;21.5,323.75;30.75,206.25;183.25,288.5
5703;130.75,20.75;140.25,312.25;224.5,183.5;230,78.5;20.25,17.25;21.5,323.75;30.75,206.25;217.5,283.25
47064;138.25,125.75;220.75,259;318,154.75;329.25,118.5;5.5,3.5;21.5,323.75;30.75,206.25;173,232.5
25416;78,97.75;220.75,259;343.75,231;360.5,127;8.75,4;30.25,309;64.5,152.25;173,232.5
41618;51.25,139.5;220.75,259;312,231.5;359,127.5;8.75,4;53.5,297.5;109.25,161.75;164.5,165.5
7102;54.75,171.75;239.75,260;343,247.75;356,137.25;8.75,4;47,260.25;93.5,137.25;164.5,165.5
20455;2,225;184.75,278.25;277.25,312.75;368.75,51.75;8.75,4;10.25,189.25;74.25,169.25;164.5,165.5
49523;2,225;140,239;313.25,299.5;368.75,51.75;0.25,44.25;1.25,173;82,249.25;167.5,241.5
29593;2.25,230.75;130.25,168;299.75,320.5;361.5,83.25;0.25,44.25;1.25,173;91.75,190;191,191
48121;18.75,140.75;104.25,83.5;316.75,275;320,21.25;0.25,44.25;19.75,192.5;91.75,190;219.25,107.5
30692;32.25,85.5;95,26.5;316.75,275;320,21.25;11.75,14.25;47.75,104.75;133.75,196.25;265,103.75
26492;33,19.75;72.75,21.75;331.25,314.5;359.5,34.75;5.75,4.25;27.25,177.5;133.75,196.25;265,103.75
8274;1.75,36.25;77.5,12.5;345.75,228.75;368.5,54;5.75,4.25;27.25,177.5;150.5,90.5;248.75,14.5
1213;1.75,36.25;117.75,18.25;301.5,208.5;304.75,37.75;12.25,16.25;71.5,247.5;94.25,33.75;248.75,14.5
6327;1.75,36.25;117.75,18.25;277.25,242.75;369.5,43.75;19.25,17.25;39.25,308.75;68,3.25;247.25,41.75
6795;19.75,74.5;174.5,60.75;235.5,230.5;276.75,35.5;19.25,17.25;39.25,308.75;143,51.75;302,114.5
8044;31,19.25;174.5,60.75;243.25,291.25;325.75,3.25;19.25,17.25;87.25,314.25;170.25,32.25;290,143.75
48402;72.75,34.75;144.5,111.75;243.25,291.25;369.75,42.25;45.5,80.75;119.25,323.5;159,49.5;290,143.75
24544;72.75,34.75;144.5,111.75;327.25,271;351.5,7.75;13,41.25;110.5,290.5;238,77;264.5,98
38707;5.25,3.25;144.5,111.75;286.25,321.5;351.5,7.75;49.75,29.75;61,209;168.75,92.75;268.25,159.5
43221;39,16;144.5,111.75;286.25,321.5;351.5,7.75;3.25,22.5;20.75,192;141.25,98;355.25,174
26406;69.75,30;209.75,56;332.25,301;351.5,7.75;0.25,51.25;27.5,125.25;141.25,98;303,199
16586;16.5,62.25;261.5,19.5;332.25,301;361,32.75;31.25,119.25;42.5,51.75;107.75,38.25;303,199
7077;15,101.75;263.25,113.5;266.5,231;277.75,34;36.25,198.25;55.75,133;107.75,38.25;303,199
3537;44.75,114.75;213.5,105.5;248.25,299;253,59.25;36.25,198.25;40.25,137.5;150.75,89.25;303,199
47854;44.75,114.75;176.5,48.25;248.25,299;290.5,112.5;11,148.75;32.25,76.25;145.5,52.75;265.25,259.75
36352;91.25,141.5;209.75,63.75;264.25,303.5;272.75,64.75;11,148.75;70.5,21.5;86.5,20.75;265.25,259.75
10331;145,111.5;177,38;261.25,232.75;268,112.5;11,148.75;65.25,9;98.75,66;265.25,259.75
9550;87,85.5;161.5,103.75;181.5,256.25;320.5,137.25;11,148.75;65.25,9;94.25,115.75;247.25,251
28422;138.5,160.25;153.5,98.5;214.5,311.25;271,96.75;11,148.75;65.25,9;140.25,198;257,206
4463;165,144;165.5,106.75;185,318.25;271,96.75;32,100.5;100.25,55.25;140.25,198;314,181.25
45009;170.25,131.25;183.5,61.5;251,300.75;302,102.25;32,100.5;155.75,31;177.5,196.75;314,181.25
9313;138,126.5;139.75,96.25;251,300.75;331.75,155;66.5,72.75;159,12.25;209.75,153.5;314,181.25
48763;101.5,74;125,74.25;208.5,299.25;313,129.75;89.25,136.25;125.25,4.25;209.75,153.5;314,181.25
14299;68.5,76.25;109,109.5;263.75,306;276.5,105.75;89.25,136.25;89.75,21.5;209.75,153.5;322.25,161.75
49397;5.25,63.75;157.5,134.25;277.25,276.5;303,152.25;105.75,162.25;112.25,39;209.75,153.5;322.25,161.75
50371;41.5,137.25;190.25,119.5;245.5,212.5;303,152.25;105.75,162.25;122,98.75;241,164.75;328,206
9924;41.5,137.25;151.25,128;176,189;303,152.25;128.5,217;142.75,106.5;250.25,176.25;295.25,169.75
8660;41.5,137.25;151.25,128;229.75,170.75;355.25,159.75;98.5,267.75;158.75,32;221.5,195;305.75,242.25
15316;107.75,125;165,161;166,162.5;331.5,150.75;83,285.25;158.75,32;221.5,195;302,306.25
24448;69.25,154.25;165,161;166,162.5;286,167.75;11.5,282.5;194.25,6.5;245.5,193.5;311,273
17620;13,178;156.5,157;184.25,234;294.5,189.5;46.25,304;194.25,6.5;211.25,202;311,273
15688;11.5,141.75;156.5,157;236.5,188.25;240.75,251.25;46.25,304;118.25,17.5;234.25,183.5;290,310
31399;18.75,105;98.25,214.25;188.5,157;217.75,241.25;73.25,309.75;118.25,17.5;221.75,205.5;290,310
481;18.75,105;161.75,211.25;169.5,241.25;235.5,316.25;54,255.75;150.5,53.5;268.25,197.25;290,310
45486;31.75,92.25;139.75,225.25;156.5,158;190.5,263;31,222;150.5,53.5;204.5,176;290,310
17409;87.75,149.25;113,208.25;123.75,185;143.25,304.25;31,222;130.25,106.25;223,133.75;290,310
50604;123,214;125.5,269.75;141.75,261.25;162.75,296.5;31,222;102.25,140.75;143.5,173.5;290,310
17092;147.75,224;148.25,226.25;185.5,265.5;221,270.5;31,222;162.5,84.5;168.75,239;290,310
1816;80,229.5;81,222.75;223.25,208.25;254.5,287.75;50.5,158.25;162.5,84.5;168.75,239;363.5,263.25
32819;27.75,196.25;109.75,283.75;184.5,272.5;272.25,273;77.75,167.5;116,112.75;168.75,239;363.5,263.25
31108;24.5,247.5;53.75,304.5;138.25,311.5;315.75,246.25;50,172.75;126,127.75;168.75,239;363.5,263.25
38158;41,311.5;61.5,293.5;138.25,311.5;315.75,246.25;106.75,202;114,195.5;174.25,294.25;353.5,232.5
22753;41,311.5;116.25,204.75;162.75,308.75;344,314.5;15.25,206.25;66.5,259.25;174.25,294.25;279.5,288.25
35617;41,311.5;108.25,164.75;162.75,308.75;353.5,320.5;12.5,185.5;15,205.75;184.75,289.25;241,308.25
3628;74.5,287;85.25,142.5;213.25,225.5;324,228;12.5,185.5;55.25,247;224.5,247.75;241,308.25
37636;35.75,276.75;50.75,176.25;213.25,225.5;333.75,225;27,214.5;32.75,216.5;198.25,182.25;241,308.25
28625;32.25,239.5;50.75,176.25;192.25,231.75;333.75,225;2.5,137;38.25,300.25;169.5,92.75;289.5,287.75
31373;83,272.25;118,185;179,259.75;356,258.25;2.5,137;20.5,311;252.75,121.75;289.5,287.75
5928;113,201.75;122,213;255.5,196.25;307.5,312.25;2.5,137;20.5,311;248.5,45.75;277.5,225.5
24269;113,201.75;184.75,251;238.75,101.5;307.5,312.25;62.25,177.25;99.5,297.5;174.75,5.5;239,255.75
18652;113,201.75;184.75,251;278.25,61;362.5,289.25;14.5,148.75;88.25,300.5;133.75,20.25;225.5,226.25
22130;148.25,228.25;163.5,226.75;270,35;346.5,313;13.75,91.75;88.25,300.5;133.75,20.25;274.5,246
33784;124.75,201.25;140.25,223.5;248.25,21.25;290,318.75;13.75,91.75;122.25,323.5;168.5,52.75;274.5,246
34388;100.25,249.5;184.75,259;245.5,8.5;268.5,256.75;31,89.75;122.25,323.5;168.5,52.75;276.75,212
7950;65.25,308.5;137,226.5;195.25,11.75;238.75,309.25;31,89.75;122.25,323.5;226.5,97.75;233.25,184
15181;62.75,308.5;159.75,147;176,37.25;204.75,317;31,89.75;123.75,266.5;227.25,98.5;233.25,184
16938;126,291;175.75,109.75;178.5,35.25;203.5,246.75;31,89.75;123.75,266.5;185.25,135.5;233.25,184
33290;173.5,290.5;175.75,109.75;183,37.5;207,176;4.5,68.5;114,196;155,67.75;233.25,184
23512;88,323;209,92.5;271,23.75;278,168;4.5,68.5;34.25,247;155,67.75;301.5,195.25
40125;115.75,252.25;162.5,149;210.5,3;270,106.25;26.25,125.5;59,306.75;155,67.75;301.5,195.25
1478;172.5,293.25;217,200.5;230.75,42.5;297.25,70.75;46.5,79.75;59,306.75;139.25,30.5;301.5,195.25
42756;153.25,312;217,200.5;248,117;300.75,52;20.5,52;77.5,286.25;139.25,30.5;358.25,166.5
46481;134.25,292;230.25,171.25;231.5,146.75;336,14;43.75,57.5;85,234.5;139.25,30.5;358.25,166.5
16312;134.25,292;245.25,167.5;250.25,166.25;268.75,26;24.75,31.25;124.75,194.5;139.25,30.5;342.5,206
7405;134.25,292;176.5,203.25;271.25,135.25;295,57.25;24.75,31.25;101.25,268.25;152.25,49.5;365.5,279
11584;134.25,292;152.75,202.75;245,186.75;351.5,7.25;24.75,31.25;146.75,270;152.5,121.5;338.5,312
1931;82,323.5;136.25,239.25;176,193.25;320.25,25.25;24.75,31.25;127,230;150.25,87.25;338.5,312
48925;119.25,260.75;145,227.75;149,266.25;365.25,72.25;24.75,31.25;127,230;176,96.5;338.5,312
20021;98,284;99.5,190.75;117,284;311.25,56;24.75,31.25;80.5,236;176,96.5;312.5,313.25
48516;32,240.25;87.25,174.75;121.25,287.5;311.25,56;44.75,47.5;80.5,236;171.5,52.75;310,316
8943;96.25,228.25;156.75,211.25;174,268.5;311.25,56;89.5,118;150.75,277.75;177.5,8.25;310,316
15125;133.5,242.75;168.75,216.25;169,234.25;333.25,15.5;74,119;153.75,303.25;177.5,8.25;310,316
39200;133.5,242.75;151.25,129.75;228.25,199;333.25,15.5;118,115;141.75,302.75;150.75,91.75;245.5,287.25
38380;91.25,191.75;219,93;230,171.25;352.75,42;109.25,82.5;141.75,302.75;150.75,91.75;276.25,310.75
9689;17.5,177;232.5,50.25;254.25,98.5;352.75,42;60.5,42.5;72.25,278.5;78.5,52.75;276.25,310.75
31067;17.5,177;172,22.25;200.75,61;301,57.5;3.5,8.25;36.75,301;41,21.5;276.25,310.75
13656;30,196.25;162,79.25;235.25,75.75;308,137.25;3.5,8.25;14.75,296;16,118.75;276.25,310.75
2591;30,196.25;97.5,8.75;277.25,69;278.75,238.25;3.5,8.25;15.25,292.5;79.75,141;355.5,267.25
32854;97.25,193.25;126,24;335,21.5;341.25,217.5;7,0.75;15.25,292.5;73.5,177.75;355.5,267.25
27040;57.25,240.25;72.75,32;354,38.5;365,229.25;7,0.75;15.25,304;143.75,157.75;355.5,267.25
23587;2,178.5;120,86.75;280,11.5;349.5,199.25;7,0.75;15.25,304;152,89.75;355.75,288.75
3063;35.25,194.75;85,20.75;214.25,57;326.25,145.25;7,0.75;10.75,306.5;128.75,93.5;355.75,288.75
41822;2.75,147.5;15.75,43.25;182.5,11.75;330,136;7,0.75;19,309;174.5,164;355.75,288.75
24271;57.5,74.25;72,34.25;268.75,17.25;272.75,198;7,0.75;19,309;174.5,164;352.25,305.25
4539;38.5,45.25;41.75,77.5;268.75,17.25;325.25,242.25;43,30.75;53.5,297;146,114.75;352.25,305.25
28093;75,58.25;107.25,123.75;188,36.5;309.25,262.5;43,30.75;53.5,297;71,125;354,293.25
875;39.75,132;162,173.25;219.75,81.5;260,299;16.5,18.25;53.5,297;79.75,115.5;354,293.25
21368;55.5,175.5;172,148;286.75,106.75;318,322.5;16.5,18.25;48.25,304;79.75,115.5;360.25,278.25
44079;82,161.25;186.25,151.25;319.5,150.75;328.75,315;14.5,44;48.25,304;79.75,115.5;330,311.5
47253;115.75,129.75;156,212.75;255.5,188.5;340.25,317.5;14.5,44;71,295.25;82,171.25;330,311.5
17483;29,121.25;94.5,201;186.25,202.5;245.25,300;14.5,44;142.75,302.75;174.25,140.75;330,311.5
11758;105,112;105,137.75;199,167.75;249.25,293.5;2,71;169.75,323.25;174.25,140.75;330,311.5
21890;96.75,19.25;153.75,184;224.25,204.5;313,246;3,68.75;115.75,309.5;174.25,140.75;330,311.5
47010;149.25,7;170,176;204,176.25;357.5,215.75;52.75,92;74.75,289.25;174.25,140.75;330,311.5
29272;123,86;135,125.75;135,129.5;334,282.5;18.25,142.25;74.75,289.25;118.5,81.75;330,311.5
16219;51.25,30.75;71.5,140.75;135,125.75;355.5,321;22.5,124;38.5,282;118.5,81.75;331,218.75
12417;72,83.5;104.25,212.25;181.25,74;346.25,288;15,173;27.25,205.75;118.5,81.75;331,218.75
2059;21,128.25;88.75,196.5;139.75,76.25;346.25,235.25;2,244;15,173;80,109;331,218.75
11653;11.5,141.75;83.5,232.25;162,75.75;275.5,190.5;35.5,318.75;76.5,170.5;80,109;331,218.75
30681;11.5,141.75;99.25,189.5;162,75.75;255.5,134.25;12.25,318.5;116.5,140;130,92.75;322.75,301.5
25270;85.5,108.25;99.25,189.5;168.25,5.5;177.5,103;65.5,260.25;116.5,140;203.5,69;300,306
15891;85.5,108.25;152.5,225.25;208.5,62;209.25,92.75;33.25,222.75;114.75,140.25;186.75,51.25;300,306
41307;158.75,86.5;192.75,277.25;224.5,127.5;225,53;33.25,222.75;114.75,140.25;186.75,51.25;320.25,313.5
20481;153,127.75;212,301.5;224.5,127.5;270.75,71.75;33.25,222.75;80.25,127.25;246.5,46.25;361.25,278
23768;186.75,73.5;217.75,294.25;235,75.25;273,18.5;33.25,222.75;106.75,126.75;246.5,46.25;319.25,244.5
25166;186.75,73.5;238.25,289.5;257,50.25;273,18.5;14.75,201.75;168.75,146.5;242.5,84.25;354.75,291.25
8768;186.75,73.5;191.25,259.5;320,21.75;337.25,62.5;6.5,203.25;168.75,146.5;229.75,121.75;314,242.75
31653;186.75,73.5;191.25,259.5;277.25,25.75;279,104.5;17.25,233;148,148.75;292,133;336.5,313.5
21367;166,35.25;169.25,295.75;285.5,10.25;337.25,66.5;17.25,233;148,148.75;328.75,161.75;358.25,276
36585;113.5,5.75;145.75,223.75;264.75,24.5;290,14.5;5,230.75;99.25,107.5;328.75,161.75;358.25,276
34617;113.75,53.25;139.25,286.75;187.5,48.75;318.25,83.75;43.5,252;99.25,107.5;355,198.25;358.25,276
40629;95,59.25;108,307.5;228,102.75;318.25,83.75;25.5,173;45.5,87.5;355,198.25;360.25,265.25
30795;95,59.25;108,307.5;270.5,132;320.25,142.75;71,133.75;110,79;322,219.25;334.5,276.25
39023;104.5,16.25;110,238.25;286.75,144.75;360,127.25;61.25,170.25;79.25,12.5;322,219.25;334.5,276.25
3558;42.5,61.75;88.75,299.25;316.5,195.5;331.25,113;85,220.75;153.25,68.75;322,219.25;334.5,276.25
24385;42.5,61.75;86.25,323;266.25,120.5;318,150.25;109.25,260;121.75,7.25;322,219.25;365.5,279.5
37557;65.75,85;86.25,323;296.5,125;350,214.25;119,291;138.75,74.75;322,219.25;353,304.75
1950;65.75,85;86.25,323;284.25,44.75;331.75,179.25;152,299.5;209.75,140.75;296.75,149;336.75,207.5
9780;35.75,24;86,314.25;236,27.75;323,128.25;144,240;209.75,140.75;336.75,207.5;339.5,141.75
18981;101,74;163,301;172,36.5;349.25,197;131,265.75;209.75,140.75;269.75,245;339.5,141.75
23715;91.25,140.25;187.25,267.5;245.5,3.25;304,239.75;186,226.75;209.75,140.75;269.75,245;321.25,162.25
40409;72,85;180.5,318;250.25,4.75;286.75,230.5;129.5,197;209.75,140.75;298,277;321.25,162.25
26722;65.75,58.5;180.5,318;209.25,39;229.5,186.5;72.75,223;221.25,172.5;263.5,292.5;321.25,162.25
18467;44,42.75;121.5,287;143,8.75;229.5,186.5;9.25,272;189,213.75;263.5,292.5;336,172
44472;66.75,119;117.25,214;164,5;189.25,151.75;29,310;99.75,225.75;263.5,292.5;336,172
2002;39,59.75;155.5,246.5;179,38.25;203.75,175.75;30.25,307.5;105,283.75;263.5,292.5;336,172
49692;38.5,112.25;109,284.25;185.75,113.25;190.25,152.25;38.25,301.75;105,283.75;263.5,292.5;360.75,262.75
17487;86.75,86;109,284.25;115.25,107;151.25,127.75;38.25,301.75;121,323.75;310.75,253.75;328.75,194.5
13169;39,77.5;76.75,297.75;78.5,146.75;110.25,168.75;38.25,301.75;121,323.75;322,287.75;328.75,194.5
17978;15,85.25;76.75,297.75;87.25,148.75;97.5,158.25;13.25,309.75;168.25,302.75;301,202;322,287.75
48087;5.5,43.25;150.75,299.25;152.5,145.25;161.25,118;32.75,321;159.75,224.5;301,202;322,287.75
30373;5.5,43.25;108,223.25;152.5,145.25;205.75,134.75;76.75,276.5;172,196.25;336,217.75;340,288.25
31990;11.5,34.25;97.75,156;110.75,122.75;212,126.5;31.75,245.5;151.25,225.5;336,217.75;340,288.25
30162;5.75,25.75;67,144.25;141.5,91.5;285.25,75.75;53.75,296.75;151.25,225.5;336,217.75;359.75,279.5
31017;34,16.75;39.25,127.75;110.5,56.5;307.75,77;9.75,248.5;148.75,176.5;336,217.75;359.75,279.5
4343;34,16.75;39.25,127.75;137.75,125.25;276.25,32;52.5,311.75;138.25,197.25;327.5,288;329.75,310.5
22721;30.75,47.75;109.5,89.5;160.75,143.5;261,27.25;108.5,324.25;138.25,197.25;252.5,223;329.75,310.5
390;11,41.75;98,8.25;140.75,224;205.75,73.5;72,306.5;186,137.75;252.5,223;329.75,310.5
34214;11,41.75;93.75,19.25;140.75,224;224,136;16,293;149.5,167.75;245,290.5;311.75,254.25
10390;25.25,86;45,65.75;120.75,278.5;272.5,179;16,293;149.5,167.75;334.75,294.75;360.75,262.75
32522;32.5,49.75;32.75,139;71.5,248.75;298.25,166;19,294.25;149.5,167.75;310.5,313.25;360.75,262.75
2827;39,114.75;68,84;69,306.25;298.25,166;15.5,222.5;150,167.75;310.5,313.25;359.25,183.25
15777;6,90.75;47.75,110.5;70,276;308.75,112.5;7.25,203.75;183,191;310.5,313.25;359.25,183.25
17057;4.25,42.75;17.75,145.25;102.75,295.5;339.5,75;72.5,171;227.5,264.5;310.5,313.25;359.25,183.25
29851;4.25,42.75;74.5,87.5;102.75,295.5;365.25,51.25;8.75,203.25;186.25,246.5;292,295.75;322.25,267
8396;29,71.25;62.5,4.75;89.25,261.75;285.25,15.75;8.75,203.25;123.25,197.75;226.75,251.75;322.25,267
33506;5,4.25;13,31.25;50.5,272;276.5,34;24,206.75;123.25,197.75;226.75,251.75;314.75,211.25
2213;8.75,73.25;35,39;83,300.75;276.5,34;32.25,304;88,151.75;162,203.25;314.75,211.25
21426;8.75,73.25;104.5,32.5;135.75,226.75;276.5,34;100.25,315.5;129.25,195.5;154.75,190.75;334,259
23235;5.75,45.25;20,42.25;217,269;217.75,91.75;14.75,302.25;55.25,221.5;154.75,190.75;334,259
50137;5.75,45.25;17,29.5;201,189.5;271.75,24;4.5,287.75;5.75,202.75;154.75,190.75;302.75,234.25
39205;15,36.25;53.25,54.5;272.75,192.5;316.5,54.25;4.5,287.75;16,171;154.75,190.75;363.5,263.25
50111;4.25,5.25;11.5,110.75;201.75,144.5;354.5,35.75;4.5,287.75;25.25,108;154.75,190.75;363.5,263.25
12787;15.75,42.75;53,92.5;245.5,64.5;265.5,18.5;4.5,287.75;25.25,108;122,156.25;359.5,174.5
13544;15.75,42.75;53,92.5;301.75,31.5;337.25,36.75;63.25,323.25;69.5,150.75;79,89;304.75,233.25
32335;68,26;106.25,128.5;301.75,31.5;323.25,19.75;37.75,310.75;53.5,187;79,89;274.25,212.25
21189;151,29;161.5,129.5;275.25,89.25;277.25,31.5;37.75,310.75;61.75,203.25;145,60.25;274.25,212.25
1410;212.25,54.5;219.75,159.25;227,135.25;355.5,17.75;11.75,285.25;61.75,203.25;145,60.25;278,265.25
885;212.25,54.5;244.5,199.25;248,194.25;355.5,17.75;14.5,254.25;115.25,252.25;170,91.25;311.5,313.5
22454;241.5,40;244.5,199.25;248,194.25;292.75,71;41.25,291;88.25,298.75;120.25,21;276.25,228
10567;147.5,33;308.75,248.75;311.25,251.5;314.75,3.75;68.75,221;88.25,298.75;120.25,21;326.5,150.75
34159;108.5,40.75;274.75,313.5;297.75,165;354.75,38.75;70.75,153.25;88.25,298.75;120.25,21;320.5,198.25
36759;47,33;274.75,313.5;297.75,165;363.75,54.25;19.25,94.75;62.5,223.75;124,8.75;239.75,192.75
45506;67.25,84.5;194.75,319.25;286.5,167.5;329.75,38;19.25,94.75;40.75,280.25;129.25,18.75;239.75,192.75
38226;11.75,28.25;155.5,303.5;264.5,180;276,30;26,120.25;40.75,280.25;129.25,18.75;318,190
31427;12.75,10.25;155.5,303.5;272.5,219.25;291,56.25;26,120.25;46.25,292;80.25,11.25;352.75,163.5
13999;1.5,40.75;66.5,294;290.25,262.5;329.25,112.25;46.25,104.25;46.25,292;80.25,11.25;350.75,137.25
45995;1.5,40.75;66.5,294;359.5,294;361.25,51.75;61.25,95.5;89,299.75;108.5,77.5;310.25,163.25
22675;56.75,97.75;107.25,295.5;349.5,231;361.25,51.75;61.25,95.5;166.25,298.25;167,148.5;218.5,165.25
34174;56.75,97.75;160.75,324.25;355,318;361.25,51.75;80.5,15.5;151.75,302.5;164.75,162.25;244.75,82.75
28000;103,138;117.75,323.75;280.25,284.5;361.25,51.75;15.25,14.25;170,302.25;183.75,163.75;244.75,82.75
25654;39.75,161.75;173.75,311.25;236,314.75;335.75,18.25;74.25,42.25;103.5,275;183.75,163.75;244.75,82.75
39420;39.75,161.75;159.25,253;279.5,285.75;310.5,55;42,40;58.75,248.5;236.5,219.25;244.75,82.75
1260;40.75,133.25;88,282;299.75,255.75;310,6;42,40;64.5,271;180.75,196.5;244.75,82.75
427;50.5,190.5;72.25,287.25;299.75,255.75;310,6;55.25,28;146,284.5;153.25,272.5;311.75,86.25
35666;8.5,143.75;83.25,202;251.75,190.75;364.75,51.25;55.25,28;56,289.25;214.25,276;311.75,86.25
34350;7.5,176.75;128.75,204.5;271.25,165.25;351.5,13.75;38.75,29.25;56,289.25;214.25,276;355.25,82
7455;7.5,176.75;149,265.25;250.5,162.5;341,6.25;14.75,71.25;21.5,323.75;160,298.5;355.25,82
50;60,217.5;92,238;193,175.75;355.25,3.5;14.75,71.25;82.75,319.75;160,298.5;315.75,147.75
42768;115.75,250.25;140.5,282.5;193,175.75;355.25,3.5;43.25,88.5;154.25,299.25;177.25,296.5;323.25,191
32601;111.5,314.5;115.75,250.25;193,175.75;355.25,3.5;60.25,14.25;150.75,302.5;166,300.25;359,171.5
41208;136.25,241.25;212.25,243.25;244.25,202.25;354.75,44.25;60.25,14.25;96,267.5;158.25,318.5;359,171.5
20989;138.5,224.75;213.25,225.25;214.25,162.5;354.75,44.25;141.75,46.25;158.25,317.5;189,241.5;359,171.5
33980;87.75,297.25;240.5,217;278.25,129.25;354.75,44.25;141.75,46.25;203.25,306.75;248.75,222.5;294,199.75
2580;104,250.5;183.25,272.25;278.25,129.25;354.75,44.25;183.25,61.5;220,246.25;317.5,196.5;359.75,162.25
24647;104,250.5;183.25,272.25;330,152.25;331,103.25;119.75,93;174.5,240;267.5,181;359.75,146.5
27197;119.25,311.25;183.25,272.25;330,152.25;331,103.25;174.25,95;179.25,181.25;269.25,219.25;338.25,79.75
7107;39.5,312;202.75,282.5;330,152.25;331,103.25;158.75,32.25;253.75,184.5;292,198.5;337,130
43267;17.5,310.5;202.75,282.5;330,152.25;366.25,74.25;125.75,8.5;232.25,189.25;295.5,195.5;323.75,86.5
18343;38.25,285.25;146.75,309.5;330,152.25;333.75,16.5;125.75,8.5;185.75,218.5;279.75,252.75;337.5,81.5
39593;11.75,240.5;146.75,309.5;273.5,164.5;344,3.25;85,41;147.75,273;279.75,252.75;356.5,79.5
19366;40.25,300.25;84.25,271.75;207.5,177.25;285,10.25;85,41;130.25,198.5;279.75,252.75;354.25,44.5
31506;40.25,300.25;53.5,217;130.25,200;285,10.25;21.5,1;93.5,169.75;312.75,309.25;338,42.25
45528;2,296.75;94.75,190;115,227;285,10.25;21.5,1;54.5,132.5;288.25,312.5;351.75,43.5
13669;82.5,300.75;94.75,190;179.25,259.5;361,32.75;40.5,33.25;49.75,55;330,310.75;351.75,43.5
34781;7.5,308.5;109,154.75;230.25,206.25;311.25,98.25;40.5,33.25;49.75,55;277.25,233.25;280.75,26.5
12296;68.25,309;109,154.75;260.25,169.75;278,105;12,32;49.75,55;219.75,195;346.25,82.75
37415;52,231;109,154.75;260.25,169.75;278,105;8,18;13,9.75;207.25,105;264.5,70.5
15574;58,217.25;109,154.75;244.5,186.75;279.25,138.25;6.5,13.75;8.25,41.5;255.75,132.75;264.5,70.5
44014;8,227.25;48.25,209;175.25,242.25;223.75,130;6.5,13.75;8.25,41.5;306.5,115;312.75,106.25
16439;37.25,284.75;96.75,231.75;131,272;267.5,179.75;6.5,13.75;8.25,41.5;292.75,83.5;358.25,82.75
13820;0.75,302.75;83.5,286;136.5,285.5;282,165.25;7.75,41.5;79.25,12.75;292.75,83.5;358.25,82.75
48019;26.75,323.25;62,230.75;169.25,307.75;282,165.25;7.75,41.5;143.25,56;339,150.5;341,99.75
48385;26.75,323.25;74.5,178.25;184.5,317.75;282,165.25;40.75,33.5;171.25,38;340.75,73.25;349,51.25
48934;15,226.25;62,126.25;184.5,317.75;278.5,237.25;40.75,33.5;171,7.75;286,142.75;314.5,45
30515;7.5,174;36,102;199,254.75;250.75,312;40.75,33.5;215.25,51.75;299.5,196.25;314.5,45
41606;2,178.25;36,102;199,254.75;280.25,287;26.75,71.5;169.25,91.75;300.5,184.25;341.75,79.25
21713;0.75,199;31.25,128.25;147,225;230.25,231.25;19.25,9.5;98.5,59.25;300.5,184.25;341.75,79.25
36273;3.5,257.75;31.25,128.25;94.5,175.75;229,231;19.25,9.5;107.75,81;324.5,241;337.5,162.5
35302;1.25,273.25;105,88.75;173,163.5;224.5,292.25;1.5,60;94,20;324.5,241;337.5,162.5
21251;34,228.75;192,48.25;233.25,170.25;299.25,320.5;1.5,60;94,20;272.25,222;299.75,195.75
7745;34,228.75;204,46.75;211.5,135.75;231.25,316.25;1.5,60;144.75,34.75;242.75,241.25;256.5,173.75
18655;68.75,294;128.5,32.25;230.25,77.25;283.75,261.75;36.75,118.25;91.5,20;242.75,241.25;256.5,173.75
36668;11.25,298;184.5,62.25;248.75,9;338.25,298.75;36.75,118.25;91.5,20;285.5,269.25;292,130.25
20999;11.25,298;223,132;285.25,55;341,289.5;22.5,37.75;32.75,78.5;280.5,201.75;292,130.25
29362;43,215.75;198.25,180.25;233.75,72.5;263,239.75;6.5,91.5;57,91.5;280.5,201.75;292,130.25
7509;27.5,267.75;177.75,174.75;238,135;340.25,241.75;2,71.75;57,91.5;214.5,252.25;292,130.25
27164;53.25,234.25;160.5,223;261,180;358.5,227.75;2,71.75;57,91.5;166.25,225.75;282.75,174.75
44304;36,239.25;185.25,235.75;301,186;323.75,267.25;2,71.75;57,91.5;183.25,233;235.25,208.75
10634;51.5,284.25;134.25,192;280.5,222.5;348.75,317.75;38,36;57,91.5;150,281.5;235.25,208.75
20714;51.5,227.5;113.75,169.75;279.5,256.25;348.75,317.75;14,8;56.5,4.5;142.25,318;235.25,208.75
16670;2.75,177;61,241.25;257.75,323.5;355.5,320.5;14,8;80.25,40.5;142.25,318;220.75,284.75
46607;50.5,122;114,291.5;297.25,289;299,322.25;12.5,4.5;80.25,40.5;148.25,269.75;220.75,284.75
39143;50.5,122;114,291.5;275.25,288.25;299,322.25;72,21;108.25,40.5;122,240;143.5,303.5
20851;30,146.25;154.75,318;275.25,288.25;299,322.25;98.75,20.5;118,62.25;142.5,302;185.25,305.75
40636;30,146.25;93,299.5;233.75,316.25;299,322.25;20.25,29.5;119.75,115.75;154.25,272.5;184.75,267.25
7350;30,146.25;93,299.5;204,311.75;299,322.25;13.75,92.25;122.25,195.75;141.5,302;146.75,299.25
39429;30,146.25;125.25,242.5;187.5,316.75;216.5,320.5;55,132.5;75,248.25;141.5,302;151.25,249.5
20867;1,174.75;75.5,174.75;169.25,298.75;196,295.25;17.5,118.75;75,248.25;106.25,304.25;151.25,249.5
50568;1,174.75;103.75,226;169.25,298.75;281.75,301;18.25,38.25;44.5,308.25;112.75,223.5;219.5,320.5
50294;0.5,281;79.25,166;169.25,298.75;285.5,318.25;24.75,70.5;44.5,308.25;112.75,273.75;313.25,310.25
29246;0.5,281;83.25,172.75;102,295;316.25,302;64.25,9;64.5,290.25;112.75,273.75;354.25,296.25
20339;9.5,305;33,122.25;70,189;255.25,323.75;18.25,38.25;64.5,290.25;112.75,273.75;355.25,213.5
16008;24.5,319.25;25.75,78;64.5,254.5;299.75,318.25;18.25,38.25;76.5,267.5;137,217.25;355.25,213.5
45935;11,241;26.25,86;129.5,201.75;243,288.5;18.25,38.25;29,221.5;125.25,197.75;355.25,213.5
2356;9.75,308;26.25,86;168,225.75;217.25,242.25;10.75,57.25;29.5,189;87,168.5;355.25,213.5
2731;9.75,308;106.75,121.75;168,225.75;217.25,242.25;12.75,24;20.75,203.75;44.75,104.25;316.5,138.75
27443;36.75,234.25;106.75,121.75;176.5,201.25;211.75,203;12.75,24;21.25,141.75;25.5,123.25;249,141.25
27375;72,255.5;86.5,203.75;95.75,176;211.75,203;9.25,38.75;21.25,141.75;24.25,122.75;182.75,104.5
47512;22.5,190.75;72,255.5;95.75,176;230.25,113;4.25,104.5;29.25,59.25;86.25,159;206.5,66.75
40466;102.25,196.5;105,283.5;141.75,201.75;233.75,129;16,51.25;82.25,20;86.25,159;206.5,66.75
49802;46.25,215.75;136.75,316.75;148.25,228.25;233.75,129;9.75,10;82.25,20;100.75,194;187.25,132.5
49773;28,214.25;136.75,316.75;204,176.5;208.5,167.75;1.5,3.25;13.5,41.5;26,202.75;187.25,132.5
24476;42,273.5;99.25,308.5;132,241;208.5,167.75;1.5,3.25;48.5,130.5;95.75,156.25;104,170.75
48602;24.5,273.75;25.5,258.75;127.75,141;143,128;1.5,3.25;48.5,130.5;124,98.25;165,162
45780;68,281;88.75,283.5;148.25,178;157.75,150.5;1.5,3.25;48.5,130.5;84.75,32;237.25,118.5
36860;117.25,291.5;117.25,309.5;134.75,127.5;163,150;1.5,3.25;48.5,130.5;142.75,11.5;146.5,89.5
10477;117.25,309.5;144.25,224.75;165.75,200.25;171,197.5;1.5,3.25;68.5,108.5;89.25,24.25;98.25,38.75
10242;76.25,280.25;91.25,238;123.5,230;212.5,238.75;1.5,3.25;64.25,12.25;68.5,108.5;102.25,41
38228;27.5,319.25;117,303;146,312.5;249.25,176;1.5,3.25;64.25,12.25;88.25,62.75;162,31.25
23885;71,295.5;73.5,317.25;157.75,246.25;289.5,138.5;1.5,3.25;64.25,12.25;142.75,89.25;160.25,12.5
1742;29.75,284.75;73.5,317.25;181.5,248.5;368,90.5;1.5,3.25;107.25,11.5;149.75,87.25;196.5,96.75
45105;51.75,273.5;81.25,298.25;141.25,303.5;353,14.25;1.5,3.25;107.25,11.5;118.75,144.25;184.5,37.5
34315;2,293.25;84.25,315.25;99.75,294.75;353,14.25;1.5,3.25;60,12.5;157.25,224.5;163.25,88
5854;7.25,215;27.75,301.75;99.75,294.75;353,14.25;76.5,33;152.5,31.5;172.25,164.75;175.25,153
19995;7.25,215;27.75,301.75;99.75,294.75;371,29.75;52.5,132.5;56.25,79.5;70,126.5;165.75,238.5
23402;23.25,189.75;27.75,301.75;83.75,243.5;369.25,29.75;34,205.75;56.25,79.5;69,189;238,274.5
3455;32,196.25;90.5,303.25;100,188.25;285.5,25.5;42.25,251;56.25,79.5;99,221.75;238,274.5
18234;29.5,206;33,285.5;100,188.25;216.5,49.5;42.25,251;57.75,106.5;119.75,223.5;244,244.5
22144;8.5,139.25;54,248.5;75.75,186.5;184,69.75;8,297.75;34.5,44;119.75,223.5;244,244.5
48720;6,104.75;11.25,307.5;110.75,165.25;184,69.75;8,297.75;9.25,38.75;159.75,289;194.5,251
2102;32.5,157.5;47.25,247.5;110.75,165.25;214.25,5.25;8,297.75;33.25,109;198.5,322.25;238.25,320.75
8954;55,74.5;56.5,240.75;110.75,165.25;280.25,38.25;4.75,280;33.75,79.5;198.5,322.25;237.5,310.25
1875;55,74.5;135.5,272.25;155,128.75;292.25,36.75;5,228.25;33.75,79.5;176.25,288;192,234
32689;85.5,120.5;89.25,262.75;92.75,191;349,37.25;5,228.25;33.75,79.5;110,252;183.75,231.25
37119;86.5,196;164.25,246.75;169.5,238.25;360.75,37.75;30.25,281;33.75,79.5;54,236;183.75,231.25
47269;100,225.5;114,241;164,225.25;284.5,57.5;30.25,281;33.75,79.5;38,191;188,249.5
34313;100,225.5;114,241;155.5,265.75;223.25,55.5;35.25,283.5;39.25,52.75;77.25,122;229,275.25
34689;100,225.5;117.25,316.5;149.25,202;181,38.25;22.25,309.25;32.75,104.25;99.5,153.25;229,275.25
42534;52.5,238.75;54.75,247.75;147,239;235,55;22.25,309.25;22.75,107.25;36,146.75;229,275.25
44410;20.75,229.5;99.5,196.5;147,239;238.25,126;2.75,309.25;20.25,18.5;24.5,154.5;229,275.25
47762;67.75,295;73.5,134.75;174.25,318.5;327,92.75;2.75,309.25;20.25,18.5;107.75,196;143.25,270.75
14135;51.25,239.25;61,74.75;260.75,294.5;325.75,152.5;2.75,309.25;15.75,5.5;66.25,248.75;143.25,270.75
28830;49,216;81.25,62.75;297.5,319.5;336.25,155;2.75,309.25;15.75,5.5;31.5,197.75;84.25,252.25
43606;38,301;135,20;220,294.25;361.5,80.25;11,302.5;29.75,88.5;31.5,197.75;84.25,252.25
38023;56,217.5;168.25,100.25;275,231.25;344.25,181.75;12.5,269;29.75,88.5;31.5,197.75;46.25,275.75
29150;99.25,214.25;135.25,32.25;299,195;364,260.5;4,232.75;9.5,112.25;31.5,197.75;46.25,275.75
29725;102.5,295;219.5,5.75;286.5,229;297.5,255.5;4,232.75;16,119.75;31.5,197.75;40.25,264.75
37362;39.25,241.5;175.5,59.75;231,184.5;238.5,277.25;4,232.75;16,119.75;16.5,203;51.25,283.25
8874;0.25,184.75;198.25,85.5;260.75,88;318.75,306.25;4,232.75;16.5,203;45.75,139.25;124.5,294.5
21313;19.25,229.25;130.25,123;260.75,88;299.25,229;11.25,296.25;16.5,203;82,125;84.75,318.25
12932;44.25,307.25;150,158;251.75,21.5;299.25,229;11.25,307.75;23.5,207.25;82,125;111.5,264
24234;115.25,311;133.75,129.75;236.75,50.5;244,201;11.25,307.75;40.5,252;83.5,167;111.5,264
29234;29.25,319;133.75,129.75;262.75,138.25;337.75,209.75;40.5,252;40.75,317.25;116,91;125.5,209.75
13045;18.25,309.5;121.5,149.25;254.25,107;328.75,197.25;31.5,286.25;35.75,301;116,91;125.5,209.75
19495;51.25,250.25;84.75,94.5;326,104.25;351.75,198.5;20.75,310.5;47,290;116,91;125.5,209.75
29293;59.5,318.25;65.75,63;326,104.25;344,267.25;45,291;60.25,311.75;80.5,42.5;125.5,209.75
7866;47.25,242.5;165.75,36.75;269.75,167.25;307.5,318.75;54.75,323.25;64.25,310.25;80.5,42.5;125.5,209.75
30562;51,228.25;183.25,42.75;262.25,134.75;282.75,318;54.75,323.25;64.25,310.25;67,3.5;117.25,113.25
6207;95.75,300.75;160.5,118;262.25,134.75;262.5,254.75;12.5,310.75;64.25,310.25;141.75,31;170.25,55
5080;95.75,300.75;239.25,129;252.25,57.75;276.25,203.75;35.25,301.75;62.5,268.5;85.25,72.5;170.25,55
34669;135,239.75;264,129.5;290.5,57;315.25,141.75;48.25,247.5;66,319.75;85.25,72.5;170.25,55
5649;135,239.75;289,139.25;290.5,57;315.5,201;15.25,296.5;33.5,297.5;75.75,125;119,73
18079;135,239.75;289,139.25;311.25,54.25;343,247;11.25,273;20,306;119.75,49.25;124,13.5
47086;112.5,200.25;222,135.25;252.75,47.25;319.25,314;34.5,282.75;62.5,311.5;119.75,49.25;124,13.5
27173;112.5,200.25;150.25,137;252.75,47.25;273.5,291.5;6.75,306.25;16.5,262.5;72,28;85,20
26230;118.75,201.75;125.25,89;264.5,27.25;315,293.75;6.25,306.75;29,186.25;72,28;85,20
21439;62.5,170.75;70.5,170.25;264.5,27.25;364.5,231.25;6.25,306.75;16.75,172.25;62.5,41;80.25,15.75
27031;12.75,228.75;47.25,175.75;207,94;353.75,209.5;6.25,306.75;32.5,125.75;80.25,15.75;103.25,79.25
8293;12.75,228.75;113,199.25;285.75,55.75;353.75,209.5;14.75,220.5;91.75,53.25;91.75,67.25;122.25,161.5
8173;63,231.25;80.75,178;320.25,23.25;353.75,209.5;27.75,272.5;80,55.5;96.75,40.75;122.25,161.5
49720;63,231.25;80.75,178;308.75,55.25;362,189.25;9,284.25;24.75,104.25;56,28;154.5,182
37159;22.25,297;80.75,178;312.5,14;362,189.25;48.5,294.5;70.75,51.25;137.5,56.5;159.25,148.75
35424;50,230.25;163.5,149;297.75,2;350.75,228.75;48.5,294.5;70.75,51.25;109.75,128.25;202.25,99.75
5251;50,285;174.25,125.75;297.75,2;353.5,162.5;87,281.25;116.75,5.75;125.5,93.75;202.25,99.75
38640;27.5,323.5;113.25,126;297.75,2;356,96.25;87,281.25;108.5,41.5;120.5,38.5;173.5,38.5
16581;28.5,281;162,59.75;284,56.5;285.25,103.75;87,281.25;110.5,49;120.5,38.5;166.75,41.5
1298;28.5,281;117.25,36.25;285.25,103.75;292.5,52.25;55,298;87,32.75;88.5,20;121.75,77.75
7925;28.5,281;50.25,57;212.5,92.5;292.5,52.25;11.75,284.75;41.25,61.75;107.75,14.75;148.25,76.75
17998;17.75,307;46.75,14.5;211.75,127.5;296.75,72.75;11.75,284.75;37.25,116.25;90.75,67;148.25,76.75
4267;81.25,317.25;84.75,86.25;170.5,176.5;224,53;10.75,295.5;83.75,131;90.75,67;148.25,76.75
44298;30.5,323;84.75,86.25;135.5,127.75;151,15.75;10.75,295.5;45.25,112.25;74.75,57.5;124.5,61.25
50271;30.5,323;141.25,62.5;159.25,150;243,42.25;10.75,295.5;19.5,29.75;55.75,107;152.5,48.5
44501;84.5,270.75;145.25,126;158.75,128.25;243,42.25;3.25,279.5;60.25,14.75;70.5,149.75;152.5,48.5
26056;84.25,213.75;155.25,193.25;163.5,129.5;170.5,37.25;3.25,279.5;60.25,14.75;116,197;237.5,59.75
20336;118.25,213.5;140.75,238.75;148.25,223;166.5,35;3.25,279.5;6.25,4;116,197;219.75,108.5
9799;59,170.75;107,311;123.75,231.25;145,110.5;3.25,279.5;6.25,4;102,153.25;171.5,48.5
42675;54.25,175.25;97.5,319.25;105,254.5;112,162.75;3.25,279.5;6.25,4;74,207.5;152.25,51.25
7332;5.5,242;90,319;105,254.5;112,162.75;5.75,309;61.25,95.5;66.25,142.25;228.5,115.75
49266;22.75,315.75;48.5,261.5;130.5,213.5;144.5,125;14.5,295.25;43,32.5;66.25,142.25;228.5,115.75
40521;49.25,249.5;99.75,212.5;117,303;121.75,76;18.25,297;43,32.5;67.75,142.5;228.5,115.75
45991;0.75,280.25;57.5,171;65.25,258;125.5,52.25;18.25,297;26.75,14.25;27.75,119.75;228.5,115.75
22006;55,323;57.5,171;63.5,318.25;111.75,120.25;13.5,309.25;26.75,14.25;97,144.25;196.75,100.25
13454;43.25,240.25;103,196;107,312;117.25,34;13.5,309.25;26.75,14.25;148.25,176.5;229.25,20
41896;14.5,170.5;78.5,201.25;83,300;112.25,54.5;13.5,309.25;26.75,14.25;87.25,97.25;256.5,23.5
25506;31.75,134.5;52,216.75;55.5,229;92,90.25;13.5,309.25;95,11;119.75,15.75;256.5,23.5
22930;9.5,104.75;19.25,241.5;51.25,188.25;51.75,63.5;13.5,309.25;82.25,24.25;167.5,39;256.5,23.5
40008;9.5,104.75;10.5,306;36.25,242.5;64.5,1.75;13.5,309.25;114.25,77.75;219.75,89.25;333.5,66.5
30384;14.75,107.25;36.25,242.5;38.25,296.25;123.75,30.5;13.5,309.25;88,108.75;262.75,22;326,3.25
32930;36,57.25;36.25,242.5;38.25,296.25;217.75,49.75;102.5,268.5;124.5,195.75;331.5,35.25;338,62.25
32894;18.5,41.75;38,157.5;38.25,296.25;134.75,32.25;86.5,197.5;93.5,171.5;331.5,35.25;339.25,81
1494;3,105.75;23,123.25;34.25,242.25;218.75,0.75;86.5,197.5;120.25,103.75;339.25,81;354.25,6.5
21870;1.25,159;33.25,100.25;47,310.75;193.5,85.25;91.25,198.5;120.25,103.75;248.5,71;354.25,6.5
3399;9.5,175;10,108;119.5,287;269.25,102;29,186.75;120.25,103.75;240,120.5;354.25,6.5
32310;2,108.5;23.5,89.5;80.5,298.5;242.25,127.5;29,186.75;120.25,103.75;315,162.25;355.75,82.5
7038;39.5,67.75;73.75,53.25;114.25,310.5;220.5,62;29,186.75;120.25,103.75;231,154;325.25,59
43233;50.5,49.75;86.5,113.75;144.5,318.5;199.25,62.25;79.25,195.5;162.25,60.5;231,154;325.25,59
35028;50.5,49.75;86.75,72.25;144.5,318.5;281.25,38.25;104.5,236.25;128.25,107;273.75,88.75;336,8.25
31784;30.75,66.75;62,5.5;89,274.5;281.25,38.25;104.5,236.25;109.5,153.25;281,14.25;281,27.5
3233;32.5,96.75;53,11.75;82.5,297.25;281.25,38.25;74.5,210.5;109.5,153.25;254.25,9.5;337.75,78.75
35540;34.75,177.75;115.25,21;126.25,245.5;324.75,105.25;9.75,202.75;89.25,67.25;254.25,9.5;337.75,78.75
4290;86,178.25;104.5,40.5;120.5,281;264.5,59.25;17,206.25;43.25,108;254.25,9.5;337.75,78.75
36066;103,247.5;104.5,40.5;206.5,299.25;268.5,102.5;50,252.75;92.75,135.75;254.25,9.5;354,22.5
15390;87.25,300.75;152.25,90;235.75,225;307.75,162;50,252.75;90,153.75;301,4.75;354,22.5
34555;76.5,255.25;152.25,90;300.5,206.5;359.75,213.5;13.5,282.75;103.5,152.75;301,4.75;355,22
1245;29.5,205.5;140.5,157.75;239,216.5;359.75,213.5;16.75,215.75;103.5,152.75;245.25,17.75;353.25,2.75
20355;69,287;104.5,84;263.5,153.75;355.25,230.25;16.75,215.75;54.25,132;201.5,53.25;353.25,2.75
13058;37,304.75;59,125.5;274.25,94.75;355.25,230.25;61.25,196.25;69,189.75;276.75,92.75;353.25,2.75
12062;9.5,301.25;11,175;258.75,38.5;355.25,230.25;88.5,225.25;112,198.5;276.75,92.75;349.25,25.75
45378;0.25,296.75;47.75,241;260,92.5;316,215.25;112,198.5;134.75,282.25;242.25,73;349.25,25.75
1233;48,272;51.75,247.5;211.25,49;337,247.75;112,198.5;152.5,284.5;242.25,73;327.75,60.5
5278;16.75,307.5;48.25,242.25;211.25,49;330.25,199;156.5,225.5;202.5,274.75;242.25,73;304,2.25
25125;16.75,307.5;48.25,242.25;160.25,82;332.75,256.5;215.25,202.5;229.75,231.25;237.75,6.5;273.75,21.25
22547;8.5,311.5;52.5,171.75;175.5,48.75;363,195.75;205.75,250.75;215.25,202.5;237.75,6.5;305.25,18.75
29313;8.5,311.5;76.25,103;217.25,32.75;363,195.75;175.5,233;293.5,171.5;314.5,2.25;356.5,4
15702;8.5,311.5;76.25,103;261.5,31.75;289,240.75;111.75,292;216.75,201;245.75,37.25;278.5,28
24369;8.5,311.5;9.5,83;214.25,0.5;289,240.75;148.75,281;159.25,239;210.5,91.5;327.75,59.25
4543;8.5,311.5;71.75,32.5;278,70.75;282,255.75;108.25,324.5;123.75,175.5;210.5,91.5;322,22.75
857;40.25,243.25;66.25,2;301.25,111.25;301.5,302.5;108.25,324.5;185,173.25;222.75,173;322,22.75
6780;15.5,264.25;15.75,64.25;323.25,149.25;331.75,301;108.25,324.5;173.25,237.5;245.5,169.25;322,22.75
40284;28,215.25;31.75,58;309.75,97.75;331.75,301;108.25,324.5;156.75,273;223.25,188.75;328,7.25
28460;28,215.25;31.75,58;280.5,144.75;367.25,318;151,302.75;186,303.75;219,93.5;353.25,22.5
46632;50.75,237.75;128.25,14;280.5,144.75;367.25,318;158.25,222.5;170.25,269.75;185.5,175;365.5,83
45622;50.75,237.75;128.25,14;308.25,218;344.5,312.75;129.5,194.5;157.5,319.5;189.5,106;316.5,137.25
47303;108.75,169.25;128.25,14;254.25,224.5;344.5,312.75;122.5,158.25;129,258.75;180.75,166;346.75,207.5
14140;108.75,169.25;111.75,17.25;171.75,260.25;292.5,322.25;78,120.5;123.25,298.25;144.5,201.75;346.75,207.5
6168;115,213.5;132.5,21;165.5,184.75;303.5,307.5;88,152.25;117.25,246.75;144.5,201.75;346.75,207.5
9813;30.5,196.5;64.75,1.5;103.75,226;251,244;31,206.75;89,222;144.5,201.75;346.75,207.5
42064;31.25,183.5;53.5,62;79.25,281;211,310.25;20.75,229.25;89,222;144.5,201.75;346.75,207.5
27331;5.25,207.75;20.25,42.75;49.5,214.75;211,310.25;55.25,296.25;153,225.25;195.25,174.25;346.75,207.5
32931;26.25,117.75;49.75,76.25;111.25,228.75;211,310.25;128.75,276.5;160.25,298.5;197,242;346.75,207.5
13843;2,104.25;62,62.5;68.25,309;211,310.25;77,267.75;177,275;194.5,177.5;346.75,207.5
38923;0.25,81.75;5.75,6.75;47.5,275.75;211,310.25;30,308.5;125.5,251.5;228,115.75;346.75,207.5
2790;5,32;19.25,64.25;90.75,317.25;212.75,218.25;30,308.5;125.5,251.5;278.75,120;285.75,133.75
33939;29.75,24;37.75,35.25;122,238.5;165,225.75;18,232.75;125.5,251.5;278.75,120;299.25,148.75
18007;42.75,9;72.5,85;122,238.5;229.5,185;6.5,155;137,289.5;298.5,86.25;299.25,148.75
49315;13.25,7.25;72.5,85;135,230;164,164;43.5,112;91,220.25;283.5,18.75;299.25,148.75
34373;22.75,78;79.5,86.75;94.75,201;124,88.5;43.5,112;118,295.5;283.5,18.75;327.25,197.5
10488;60.75,75.75;61,178.25;85.25,248.25;146.5,49;103.5,171.5;200.5,322.25;283.5,18.75;327.25,197.5
37795;5.75,4.75;26,167.25;85.25,248.25;218,34.25;103.5,171.5;143.75,299.25;300.5,23;327.5,134
5390;36.75,61.25;86.5,90.25;125.75,213;266,19.5;103.5,171.5;173.5,231.25;256.75,11.75;327.5,134
8033;15.75,24.25;39.25,43.75;125.75,213;308.75,57;103.5,171.5;148.75,278.75;222.25,14.5;352,66.75
47657;3.25,62.75;9.75,28.25;87,176.25;370.5,34;78.75,81;148.75,278.75;237.25,42.25;352,66.75
19372;10.25,4.25;48.25,58;58,240;353.25,99.75;83,15;221.5,278.25;237.25,42.25;352,66.75
12441;10.25,4.25;52,61.25;107,310;353.25,99.75;118.25,50;248.75,291.75;304,114.5;357.25,5
31772;31.75,55;78,69.75;107,310;325.25,157.25;174.25,1.75;296.5,249;304,114.5;353.25,20.5
34680;12.75,34;79.5,21.25;107,310;357.5,128.5;230.25,32.75;249.25,245;321.5,197.5;353.25,20.5
32989;109.25,17.25;112.75,21;166.25,240.75;357.5,128.5;238,27.25;292.25,199.75;324.75,191.75;353.25,20.5
30849;109.25,17.25;120.5,75;223.25,227.75;357.5,128.5;230.25,53.5;269.75,214;292.75,187.5;335.5,41.75
22850;109.25,17.25;120.5,75;246.25,191;357.5,128.5;263.75,29.25;291.25,196.5;327.25,163.75;336.75,52.75
32716;127.5,30.25;146,125.5;255.75,273.75;281.75,166.25;174.75,5.25;310.25,253.75;327.25,163.75;336.75,52.75
45053;103.25,12.25;170.75,101;187,247;207.75,167;174.75,5.25;266.5,215.25;328,158.5;336.75,52.75
8442;103.25,12.25;207,46.75;216.5,160.5;225.25,202;87.25,25.25;291,219.25;321,196.75;336.75,52.75
7641;77.25,49.25;207,46.75;216.5,160.5;257.75,241.5;16,18.25;242.5,163.25;309.75,201.75;310.5,15.5
38273;130.75,89.25;146.75,19.75;212,131.75;264.25,323.75;16,18.25;242.5,163.25;277.75,219;355.25,55
12103;73.5,142.75;191,38;250,78.5;316.5,322;16,18.25;231,150.5;308,195.25;355.25,55
14125;51.5,175.75;131.25,22;232,51.5;277.25,309.25;63.25,40.25;248,132.25;308,195.25;355.25,55
10725;69.75,135.75;166,96.25;209.5,63.5;292.5,321.5;39.25,41.75;248,132.25;281.5,203.25;355.25,55
14219;84.5,207;209,49.75;240,89.5;303,259.5;39.25,41.75;271.5,201.5;272.5,201.5;355.25,55
46193;51.5,216.75;209,49.75;269.25,103;354,242;81.25,13;271.75,162;272.5,201.5;354.5,25
34931;70,176.5;181,78.5;285,53;354,242;119,60.75;242.75,132.25;272.5,201.5;357.5,11
16419;62.25,171.25;178.5,1;341,74;354,242;152.5,35;171,144;295.5,217.75;357.5,11
32090;87.5,114.25;263.75,12;338,81.25;362.75,288;152.5,35;212.75,144.25;295.5,217.75;331.25,38.25
10742;103,40.75;237.75,14.25;270.25,133.25;307.75,232.25;134.75,92.25;185.25,175.5;295.5,217.75;331.25,38.25
12255;97.75,34.5;220.5,16.5;300.5,113.5;321.25,306.75;155,143.5;206.75,117.5;295.5,217.75;331.25,38.25
28680;147,21.25;269,35;271.5,148.5;321.25,306.75;146.5,89.5;263.25,132.75;295.5,217.75;349.5,53.75
15771;205,40.5;245.5,64.75;252.5,116.75;277.5,287;146.5,89.5;227.25,115.5;295.5,217.75;332.25,58
43857;236.5,113;312.5,18.75;319,110.75;320.25,260.5;146.5,89.5;197.5,176.5;229.75,189.75;332.25,58
17467;291,111.5;308.5,13.5;320.25,55.75;342,208.75;110.75,55.75;197.5,176.5;229.75,189.75;332.25,58
47112;257.75,153.75;271.75,35.5;320.25,55.75;330.75,266.75;185.75,41;197,99;282.75,141.75;332.25,58
28080;243.25,101;245,68.5;332,25;354.25,239.5;185.75,41;217.75,105;282.75,141.75;348.25,51.25
19333;249.25,96.5;299.5,54.5;304.5,94.25;354.25,239.5;175,11.75;185,99.75;215,82;348.25,51.25
9134;274.5,135.25;304.5,98.25;329.75,149.5;367,166.75;185,99.75;231,61.25;258.5,19.75;348.25,51.25
33797;271.75,167.75;312.5,72.5;338,102.75;367,166.75;185,99.75;295,95;324.75,2.75;335.5,31.5
22346;201.75,166.25;338.25,112.5;341,25.5;359.5,137;185,99.75;292.75,78.75;324.75,2.75;335.5,31.5
27953;257.75,227.5;338.25,112.5;341,25.5;359.5,137;121.5,40.25;286.25,122.75;333.75,63.75;342,31.5
27850;251,196.25;253,117.25;325,7.75;353,133.75;100.25,40;249.75,96.75;333.75,63.75;342,31.5
37781;253,117.25;279.25,189.25;325,7.75;353,133.75;31,51;258.5,168.75;292.5,84.75;305.25,18.75
47556;192.25,114;251,260.25;273,33.5;290.5,165.5;40.25,58;284.5,217.5;292.5,84.75;305.25,18.75
410;136,125;265,255.75;276,0.5;290.5,165.5;40.25,58;318.75,189;321,132.5;326.75,59.5
9609;114.25,81;218.5,259.5;275.5,1.5;332.25,189.5;40.25,58;296.25,199.5;321,132.5;323,89.5
26967;114.25,81;218.5,259.5;245.25,50.25;299.75,231;42,41.25;271.25,213.75;322,138.25;356.75,80.5
21236;114.25,81;167.5,276.25;269.75,0.5;360.25,276.75;7.5,71.5;271.25,213.75;302.5,134.25;336.25,53.75
456;62.25,112.5;103.25,314;264,30.75;284,318.75;7.5,71.5;194.5,214;213,105;336.25,53.75
37316;150.5,127.25;197.5,268.75;264,30.75;357.25,305;5,70;171.75,238;213,105;323,66.25
44473;162,128.75;197.5,268.75;206.25,91.75;357.25,305;18.75,10;213,277;268,140;326,3.25
42712;121.75,146;223.5,190.25;255.25,133.75;276.5,256.75;18.75,10;209.75,187.5;239.25,215.5;326,3.25
32649;153.25,124.75;212,132.5;253.25,79.75;272.5,249.75;18.75,10;189.5,176;227.25,189.75;326,3.25
43502;82,134.25;203.75,61;217.75,79.5;280.75,255.25;18.75,10;167.75,239;188.75,196;326,3.25
47393;67.75,75.25;230.25,55.25;254,98;284.75,229;18.75,10;186.75,248;215.75,206;326,3.25
33505;105.75,60.75;224.25,70;233.5,78;284.75,229;18.75,10;243.5,211;249.5,141.25;266.5,41.5
15615;105.75,60.75;184.25,20.25;190,72.25;217.5,201.5;18.75,10;199.25,275;302.75,132.5;345.5,32.5
6680;120,144.5;124.75,77.75;151,30.75;217.5,201.5;39.75,100.5;109.5,292;299.75,153.25;345.5,32.5
5951;26,139.25;152.75,126.75;226.75,78.25;232.25,150;25,119.75;87.5,220.75;299.75,153.25;345.5,32.5
22915;8.75,85;85.25,66;248.5,99.5;272.25,214.75;25,119.75;29,221;227.5,203.5;345.5,32.5
6336;13.5,119.25;28,15.25;254.75,117;280.25,168.25;25,119.75;29,221;196.25,177.75;330.5,8.25
26121;41,68.75;84.5,58.5;276,32;285.5,101.25;11.25,171.75;76.75,198;196.25,177.75;330.5,8.25
1915;44.5,8.75;85.5,108.25;220,48.75;281,164.75;50.25,111.25;132,196.5;196.25,177.75;330.5,8.25
11788;44.5,8.75;86.5,142.5;157.5,30.75;281,164.75;53,127.5;69.25,152.5;170.75,166;355,79.5
31838;2.5,25.5;68,218.75;157.5,30.75;305.75,245.5;41.25,197.5;130.5,196.5;206.5,189.5;355,79.5
5526;2.5,25.5;8,153.75;232.75,42.25;305.75,245.5;48.25,252.25;81,250;184.25,97.25;349,24.5
33289;9.25,46.5;12,158.5;180.5,36.75;294.75,317.25;65.25,165.5;130.75,295.75;184.25,97.25;349,24.5
41075;7.75,35;37.75,145;124.5,33.75;322.75,297;62,152;130.75,295.75;255,86.25;349,24.5
19381;5.75,8.75;10.25,64.25;169.5,49.25;254.75,323;51.75,222.75;56.75,310;255,86.25;349,24.5
9720;46,94.25;90,118.5;249.5,19;274,255.25;51.75,222.75;56.75,310;289.75,137.5;351.75,11.25
26190;56.75,139.5;152.5,97.5;196.5,38.25;345.75,267;41.75,293;51.75,222.75;232.75,158;351.75,11.25
24709;62,115.5;149.25,178;161,104.25;292.25,320.75;41.75,293;84.75,157.5;301.5,133.25;351.75,11.25
30521;130.75,88.75;170.5,117.5;200,93.5;245.75,277.25;4.25,308.25;7.5,155;301.5,133.25;351.75,11.25
38721;148.75,5;170.5,117.5;171.5,20.75;254,296.75;4.25,308.25;37.25,207.25;249.75,176.75;333.25,16.75
40831;184.5,22.75;209.5,204.5;221.5,82.75;307.5,245.25;4.25,308.25;37.25,207.25;228,151.5;363.25,45
1102;146.5,31.25;192.75,213.25;286.5,55.25;292.5,322;4.25,308.25;35,206.25;228,151.5;357.25,2
44047;175.75,16;222.75,208.75;276.25,2.75;284,320.25;4.25,308.25;8,246;224.25,151.75;357.25,2
14259;219.25,86;271.75,165.25;339.25,5;359.75,306.25;4.25,308.25;7.75,173.25;146,161;357.25,2
36224;179.75,112.75;332.5,197.75;348.5,17.75;356.25,308.75;20,291.5;55.5,172.75;146,161;357.25,2
22899;179.75,112.75;343.5,272.5;353,87.75;354.25,240.75;67.5,289.75;90.75,160;146,161;361.75,57.5
4869;179.75,112.75;329.75,237.25;355.25,13.25;358,275.25;28.75,308.5;92.75,241.25;154.75,178;361.75,57.5
14491;284,102.25;329.75,237.25;332,67;358,275.25;37.75,276;75,289.25;202.75,117.5;325.75,94.5
36943;311.75,25.5;330,198.75;337.75,80.75;354.75,273;37.75,276;123.5,324.25;201,89;325.75,94.5
21057;314.5,123;330,198.75;333.5,28.5;354.75,273;73.25,304.5;106,320.75;257.25,10.75;350.75,169.75
292;251.5,153.25;326,105.25;333.5,28.5;354.75,273;100.25,225.5;157.75,300.5;290,35;303,85.75
5650;214.5,77.5;238,135.75;330.75,37;354.75,273;103.5,233.25;155,301.25;244.25,32.5;303,85.75
34111;205.5,42.5;279.5,142.25;292,102.75;334,270;133.75,228;142.75,302.25;244.25,32.5;303,85.75
32390;292.75,72.5;298.25,113;339.5,86.25;361,209;133.75,228;232.5,267.25;244.25,32.5;288.75,132.75
41733;294.75,55.75;316.5,151;322.25,5.5;339.5,133.75;98,237.25;232.5,267.25;244.25,32.5;326,133
20952;283.5,53;289.75,211;364.75,74.25;367.25,121.75;144.75,303.5;232.5,267.25;244.25,32.5;330.25,197
5976;269.5,114;289.75,211;355.75,25;367.25,121.75;148.25,271;218.5,273;244.25,82.75;329,225.5
30499;288.5,102;323.25,189.5;361.25,27.75;367.25,121.75;69.75,275.5;126.5,298;237.25,76;329,225.5
30403;301.75,158;331,149.25;334.25,116;361.25,27.75;69.75,275.5;106,282;233.75,11.25;271.5,275
14854;269,101.75;270.25,167.25;359.75,176;366,22.75;47.25,307.75;106,282;233.75,11.25;329.25,279.5
23498;276.5,75.25;315,146;326,127;342.25,26;43.5,308.25;109.75,294;233.75,11.25;329.25,279.5
15212;293.25,55.25;301,57;305.25,67.75;310,22.25;37,318.75;109.75,294;235,11;329.25,279.5
17916;219.75,92.75;265,59.25;361,39.5;372.5,70.75;37,318.75;134,196.5;235,11;315,309.25
4616;177.25,124.75;284.5,102.25;300.5,55.25;360,96.5;92.25,268.25;134,196.5;229,14;315,309.25
23238;195.25,166.25;280.25,169.25;284.5,75;299,85.25;126,324.25;182,165;229,14;315,309.25
21431;187,228.75;206,197.5;252,112.5;344,25.75;126,324.25;182,165;273.5,12.75;286.75,262.5
29477;168.75,200.25;206,197.5;252,112.5;265.25,18.5;152.25,271;194.75,96.75;220,20;251.75,288.25
10714;120.75,266.75;158.5,128.25;174,138.75;211.5,22.75;181,287.75;194.75,96.75;220,20;264.25,252
2991;114,169.25;133.75,191.5;154.25,124.75;262,92.5;181,287.75;194.75,96.75;259.25,22.75;261.75,175.75
43673;115.25,78.25;179.75,230.25;228.75,127;276.25,73.5;181,287.75;194.75,96.75;195.75,6.5;225.25,185.5
36873;31,97;179.75,230.25;252.5,155.25;255.25,18.5;137.5,228.5;194.75,96.75;226,40.25;227.25,258.25
15245;31,97;179.75,230.25;291.5,213.5;315.25,60;145.75,189;150.75,162.25;252.75,69.5;303.75,235
42903;9,43.25;216.5,253;248,164.25;279,102;164.5,162.75;172.75,107.25;252.75,69.5;303.75,235
9400;7.25,6.75;216.5,253;244.75,101.75;278.75,34;101.25,196;188.25,96.75;201,10.5;303.75,235
1725;3.25,5.75;181.5,265.5;203.75,170;332.25,37.75;133.5,229;188.25,96.75;201,10.5;358.25,206.5
16591;3.25,5.75;122.5,254.75;240.25,166.25;248,12.75;146,298.5;201,10.5;229.25,85.5;351,150.5
49395;3.25,5.75;57.5,238.75;273,165.5;273.25,44;168,302.75;174.75,1.75;229.25,85.5;350,176
8547;17.75,35;88.75,197.75;268.5,103;273.25,70.25;168,302.75;174.75,1.75;238.75,77;275,144.25
8609;69.25,23.5;115,203.75;264,133.25;297.5,130;168,302.75;174.75,1.75;278,111.5;282,192.75
18787;43.75,9.5;173.25,230;268.75,70.25;306,113.75;168,302.75;174.75,1.75;301,114.5;313,249
161;43.75,9.5;157.75,257.75;264.25,60.75;350,161.5;144.25,303.75;232,37;276.25,91.25;313,249
24897;43.75,9.5;157.75,257.75;276.75,89.25;367,190.75;185.75,306.75;199.75,67.75;297.75,110;332.75,320
10067;49,75.75;141.5,190;276,104.75;350,231.25;185.75,306.75;264.75,110;269.75,53;332.75,320
37321;46.25,60.25;217,219.5;309.25,112.25;330.25,294;185,242.25;264.75,110;269.75,53;337.25,311.5
17256;83,127.5;302.25,190;306,134.75;330.25,294;166,165.25;188,97.75;269.75,53;310,316
19591;83,127.5;239,136.25;292.75,210;330.25,294;105.75,199;274.75,112.25;328.5,45;342.25,276
1121;133.25,126.25;219.25,201;335.25,172.25;346.25,277.75;105.75,199;251.75,94.25;320.5,50.5;342.25,276
17386;133.75,213;231.25,150.75;300.5,83.25;364.5,185;186,237.25;318.5,159.75;320.5,50.5;342.25,276
37713;126.5,242.25;182.25,157.5;235.75,118;278.25,194.75;186,237.25;318.5,159.75;351.75,14.25;353.75,298.25
16060;81,286;101.5,114.5;265.5,134.25;320.5,228.25;260.25,176;276.75,213;351.75,14.25;353.75,298.25
34417;14.5,309.5;54,171.25;265.5,134.25;331,199.25;259.5,140;297,234;304.75,14.5;353.75,298.25
9270;2,298;44.75,213;265.5,134.25;266.25,242.5;204,173.75;245,309.25;316.25,34.5;353.75,298.25
12521;33,284;50.5,175.75;280,190.5;342.25,218.5;225.25,79;225.5,315.25;316.25,34.5;353.75,298.25
14236;39.75,285.25;106.25,212.75;310.25,132.25;321,230.75;164,29;168,289.5;316.25,34.5;353.75,298.25
38225;29.5,230;117.75,259.75;292.75,75;356,164.25;74.25,10.5;168,289.5;316.25,34.5;351.75,277
21592;7,173;175.75,304;275.5,66.25;355.75,83.25;74.25,10.5;238,316.5;315.25,34.5;351.75,277
25062;7,173;174.25,279.25;222.25,86.75;343.5,5.5;82.75,12.75;238,316.5;262.25,76;337.5,289
41341;14.75,98.75;195.25,315.75;215.75,161;310.75,3.25;5.25,4.5;238,316.5;247.75,4.75;337.5,289
1387;52.5,74.75;246.25,300;280.25,102.75;292.5,52;81,41;162.25,290;247.75,4.75;337.5,289
20033;31.5,75;266.25,299.5;270,102.25;292.5,52;81,41;143.5,300.5;257,10.5;328.5,218.5
19102;50.25,54;288,251;298.5,56;311.5,132.5;27.5,32.25;143.5,300.5;257,10.5;259,204.75
25016;58.75,56.75;263.25,255;292.5,57;292.5,116;27.5,32.25;143.5,300.5;196,8.5;235.25,154.5
30647;90.75,139.5;181.25,234;218.25,22;248.5,100;27.5,32.25;143.5,300.5;144.25,29.75;165.75,163.5
39832;90.75,139.5;181.25,234;236.75,121;265,31.75;23.25,124.25;139.25,270.25;152.25,88;158.5,226
27269;20.5,116.75;181.25,234;268.25,73.25;271.25,18;43,197.25;139.25,270.25;152.75,43;185,252
40529;91.5,139.75;138,291;287,13.25;330.75,49.5;31.5,197.25;139.25,270.25;152.75,43;251.75,248
12746;50,124.5;170.75,221.25;215.5,22.25;348.25,21;31.5,197.25;109.25,323.5;122.5,118;251.75,248
26398;65.5,209.25;226,231;264.5,18;273.25,42;31.5,197.25;109.25,323.5;121.5,119.5;261.25,288
27752;76.5,286;166,272.5;216.25,60.75;270.75,17.5;31.5,197.25;109.25,323.5;182,122.5;318,301.5
17917;70.25,298.25;112.5,309.5;261.75,32;327,30.5;23,190.25;67.25,289.75;182,122.5;318,301.5
13627;97.25,284.75;100.25,295;268.5,105.75;352,15.25;23,190.25;150.25,298.25;200.5,97;318,301.5
48088;38.75,228.75;58.75,318.5;335.25,149.5;338.25,37.25;23,190.25;168,279.25;200.5,97;318,301.5
21467;59.25,241.75;62.75,249.25;333,115.25;346,130.25;23,190.25;164.5,318;200.5,97;267.25,319.75
11031;16,305;83.5,297.5;308.75,120.5;340.5,209.25;23,190.25;164.5,318;172.5,11.75;306.5,307.5
10604;24.5,307.75;42.5,240.75;350.25,37.75;360,267.75;23,190.25;164.5,318;173.25,9.5;262.25,262.5
28283;5.5,258.25;87.75,212.5;350,12.25;362,187.25;23,190.25;164.5,318;173.25,9.5;215,290.5
33362;5.5,258.25;87.75,212.5;345.75,14;365.5,192.5;84.25,137.25;140.75,319.5;200,20.25;208.5,251
19257;50.5,295.5;87.75,212.5;250.75,8;359.5,179.75;84.25,137.25;174.75,289.5;268.75,49.5;291.25,196.25
6498;110.25,283.75;117.5,300.5;215.75,5;270.25,166.5;91,87.25;174.75,289.5;228.25,48.75;291.25,196.25
9327;140,309.75;160.75,240.75;184.5,59.25;198.5,167.75;112.25,38.25;174.75,289.5;228.25,48.75;274.25,175
10135;140,309.75;236,259.25;249.5,83.25;290.25,166;56,127.5;162.5,296;228.25,48.75;247.75,174.5
22970;184.75,319.5;233.75,301.5;270.25,65.25;333.25,172.25;56,127.5;161,294.75;235,33.75;247.75,174.5
20977;158.25,290.25;206.5,261;244,48.25;348.25,197.25;43.5,137.5;161,294.75;235,33.75;256,205.75
13159;180.5,256.25;201.5,226;243.25,19.25;366,146.5;22.25,143.25;161,294.75;250.25,41.25;256,205.75
46609;258,301;284.75,278.25;285.25,54.75;294.75,119.5;22.25,143.25;128.75,276.25;250.25,41.25;341,204.25
32803;178,319.25;283.5,321;336,57;339.25,88.25;7,202.75;134,199;250.25,41.25;341,204.25
38011;133.75,286.75;291,307.75;350.25,100.25;363.25,26.25;50.25,224.5;157.5,203.25;250.25,41.25;341,204.25
23819;163.75,278.75;261,298.25;264.75,88;357,43;50.25,224.5;157.5,203.25;240.25,15.75;277.5,173.75
12915;179.5,319.5;261,298.25;274,13;298.75,54;39,294;139,243.25;240.25,15.75;357.75,148.75
24435;147,266.5;247,218.75;339.75,38.5;357.25,41.75;39,294;98,200.5;224.5,73.25;357.75,148.75
3268;195.25,318.75;196.75,216.5;260.25,17.5;271.5,72;107,276.75;115,196.25;224.5,73.25;357.75,148.75
19478;191.5,247;206.75,139.5;217.75,44.25;248.25,31.5;130.25,195;139.5,243.5;224.5,73.25;357.75,148.75
13407;127,246.75;183.75,111.5;269,31;279.25,104.75;100.75,225.75;139.5,243.5;155.25,51;357.75,148.75
10817;100.5,309.5;133.5,127.75;205.5,46.75;279.25,104.75;75,290.25;88,302.75;155.25,51;327,207.25
5749;31.25,308.75;136.75,78;225.5,21.75;250.25,39;88,302.75;93.5,222.25;155.25,51;315.5,206.75
19810;31.25,308.75;83.5,86.5;166.75,22.75;278.5,72.25;88,302.75;159.5,226.25;175.25,38.5;308.25,198.25
2327;31.25,308.75;47,66.75;166.75,22.75;284.5,101.75;65.25,290.25;208.25,203.75;238,87.25;351,169.5
35237;34.5,239;104.75,18.5;218.25,92;354,115.25;65.25,290.25;234,268.25;238,87.25;328,129.5
15283;1.75,201.5;76,5.75;282.25,56.25;354,115.25;65.25,290.25;248.25,315;278,125.5;347.5,151
9926;7.25,212.5;76,5.75;238.75,75.5;354.25,34;148.75,317.5;248.25,315;288.75,115.25;311.5,184.25
46195;8.5,176;76,5.75;181,58.5;293.5,53.25;148.75,317.5;213.75,290.25;223.75,166.5;351.5,205.25
20326;3.25,183.75;76,5.75;184.5,4.75;287,10.75;148.75,317.5;225,280.25;250.75,106.5;281.5,143.75
23320;2.75,186;162.25,36.75;230.25,30.25;269,66.5;148.75,317.5;248.25,309.75;250.75,106.5;287.5,196.25
4803;55.75,250.25;79.5,5.5;230.25,30.25;269,66.5;48.5,291.5;244.5,292.75;314,20;318.5,259.75
8421;16.5,308;61.25,57.5;164.5,53.5;312.75,124.75;48.5,291.5;286.75,301;314,20;317.25,241.5
31825;26.75,302;61.25,57.5;223.75,14.25;361.5,196.5;48.5,291.5;286.5,310.5;334.5,51.75;361,276
1042;38.25,286.25;119.75,71;283,55.5;363.25,121.5;92,313.75;286.5,310.5;303.25,18;361,276
16972;38.25,286.25;116.25,18.25;240.25,39.75;346,86.25;125.25,239;295,301.25;329.5,26;361,276
30652;38.25,286.25;150.25,9.5;218.25,55.75;313,150.75;156,255.75;227.75,257.5;329.5,26;341,291
46834;61.75,193.5;135.25,20.75;191.25,119.25;354.75,239.5;182.5,274.75;214.75,296.75;329.5,26;341,291
29068;10.75,240.5;72.75,41.25;191.25,119.25;355,288;165,282;214.75,296.75;304.75,22.75;357.25,266.25
49718;10.75,240.5;76.5,24.75;202.5,175.75;355,288;128,289.25;160.25,222;302.75,85.5;365,214.75
10578;34,265.5;38.75,12;185,91.5;344,210.25;128,289.25;232.25,189.75;302.75,85.5;342.75,269.75
23678;33,267.75;38.75,12;185,91.5;337.75,214.75;140.25,224.25;243,133.5;264.75,52.5;317.5,217.5
1072;24.5,319.25;66.25,75.75;158.5,97.25;363.25,295.25;116.75,215;223.5,124;264.75,52.5;317.5,217.5
10069;24.5,319.25;107.25,122.25;114.25,60.75;291.75,319.75;116.75,215;202.75,98.25;262.75,17.75;280.5,226.5
46902;47,294.5;81.75,130.25;162.5,60.25;219.25,319;54.5,176.75;205,100;262.75,17.75;280.5,226.5
49659;18.5,308;33,99.75;117.25,33;157.75,313.25;21,192.5;205,100;262.75,17.75;280.5,295.5
22147;11.5,261.25;16.25,62.25;75.5,10;215,320.5;30,215.5;220,114.5;262.75,17.75;280.5,295.5
31621;11.5,261.25;25.25,91.25;75.5,10;174,317.75;2.25,279;213.75,53.5;232.75,66.5;313.25,314.25
8773;9.5,307;15.5,32;66,4.75;225.25,294.25;2.25,279;213.75,53.5;268.5,97.25;313.25,314.25
34567;7.5,284;34.25,118.75;95.25,12;237.5,280.5;4.25,310.5;213.75,53.5;268.5,97.25;320.5,309.75
24870;7.5,284;51.25,57.75;87.5,93.5;237.5,280.5;38.75,320.25;183.75,97.25;268.75,49.5;360.75,234.25
6203;7.5,284;51.25,57.75;147,128.25;217.5,302.75;94,284;203.75,20.5;346.25,79.25;353.5,181.75
29746;7.5,284;131.75,32;149.25,205;162.25,304.25;62,222.25;203.75,20.5;297,13.5;357,156.5
36509;7.5,284;143.75,28.5;162.25,162;162.25,304.25;76,133.5;218,57.75;229.25,2.75;335.5,228
4621;42.75,207;217.5,39;227.75,88;239.75,235.5;19,70.5;121,40;229.25,2.75;335.5,228
26164;6.25,291.5;186,41;206.5,166.5;256.25,322.75;70.5,153.25;80.25,20.5;229.25,2.75;335.5,228
23004;28.25,318.75;186,41;206.5,166.5;319,260;108,202.5;177.75,29.75;243.25,82.75;351.5,161.25
39078;52.75,242.75;131.5,5.5;206.5,166.5;357,289.25;108,202.5;187.5,99.25;202.25,99.75;293.5,105.75
17389;138.5,239.75;142.75,1.75;219.5,135.25;353,288.5;73.75,131.5;187.5,99.25;202.25,99.75;339.5,79.5
1905;138.5,239.75;183,49;207.25,81.25;353,288.5;37.25,133.5;246.25,81.75;253.75,70;288.25,41
28297;138.5,239.75;183,49;195.25,113.25;353,288.5;5.25,135.25;232.75,149.5;324.25,61;354.5,16
20371;90,323.5;142.5,19.25;272.75,74.75;292.5,232.25;67.25,211;187,96.5;324.25,61;354.5,16
1406;143.75,303;175.5,34.5;297.25,70.25;298.75,166;23.75,229.25;201,151.5;324.25,61;354.5,16
8651;143.75,303;175.5,34.5;258,110.25;283,180.75;89.75,247.25;153.5,115.25;317.75,139.75;334.75,7.75
18705;83.75,314.75;175.5,34.5;232.75,120.5;339.25,133.5;89.75,247.25;97.5,153.75;353.75,195.75;357,78
738;51,322.5;175.5,34.5;232.75,120.5;320.75,211.75;27,217;74,174.5;334.5,226;352.75,22.5
32410;60.75,280.25;186.5,38;294.5,113.25;331.25,129;7.5,139.25;152.5,224;334.5,226;352.75,22.5
28628;12.75,263.75;171.5,59.75;276.5,101.25;287,72.75;31.25,186.25;152.5,224;334.5,226;340.75,81.75
34544;12.75,263.75;238,36.25;332.25,113;334,30;91,151.75;152.5,224;270,245.5;281,110.5
17912;12.75,263.75;269.5,17.5;286,52.25;332.25,113;126.25,105.75;171,166;310.5,218;328.5,130.5
1216;12.75,263.75;195.75,11.25;286,52.25;316.5,137.25;132.25,39.75;201.75,152.75;266.75,288.5;296.75,139.5
32770;52.5,305;154.25,28.75;301.5,55;368.5,143.75;132.25,39.75;201.75,152.75;266.75,288.5;357.25,145.25
4508;88.5,222.5;89.75,92.75;326.5,10.75;367,188.75;132.25,39.75;162.5,103.5;266.75,288.5;320,160.5
18285;27.75,209;74.25,87;320.25,37.25;367,188.75;132.25,39.75;186,173.5;327.5,310;331.75,162.25
30297;32,241;49.75,45.25;314.75,3.75;329,116.25;132.25,39.75;169.75,221.75;327.5,310;355,198.25
4865;32,241;51.25,9.5;314.75,3.75;335.75,79.25;112.75,104.75;177.5,304.25;252,261;294,228.5
38303;86,316.5;143.5,2.5;278,35;335.75,79.25;112.75,104.75;252.75,315.5;265.5,226.75;318,199.5
47692;159.5,266.25;212.5,54;228.5,54.25;369.5,167.25;127.25,50.5;162.5,300.25;265.5,226.75;318,199.5
22557;101,221.5;212.5,54;286.25,25.25;320.25,211;176.5,37.5;183.75,249.5;265.5,226.75;307.5,217.5
26572;28.5,229;248.25,107;250.75,77;320.25,211;212.5,97.5;236.5,258.25;237.5,182.25;307.5,217.5
23707;6.75,307.5;222.25,32.75;277.75,150;294,232;212.5,97.5;236.5,258.25;247.75,218.5;330,149.25
3841;95.5,303.75;222.25,32.75;336.75,145.25;351.75,224;234.75,72.75;236.5,258.25;322.25,161.5;325.25,59.5
22498;110,227;240.25,20.75;302,92.75;351.75,224;187.75,40;236.5,258.25;327,147;328.25,58.5
28253;70.75,146.25;286.5,74.25;305.5,41;357.25,295.25;227,97.25;236.5,258.25;255.5,175.5;328.25,58.5
47547;75.5,51.75;237,75.5;336,16.25;361.5,276.5;173.75,166;236.5,258.25;245.5,83.25;328.25,58.5
21626;83,86.25;278.75,74.5;336,16.25;340.25,319;188.25,190;218.5,320;247,11.5;328.25,58.5
31554;28.5,107.75;216.75,30.5;336,16.25;340.25,319;189.5,164;236.5,266.5;244,5.75;319,2.25
6691;86.75,84.5;150.5,29.75;336,16.25;340.25,319;202.75,72;207.75,270.5;210.75,75.75;357.5,82.25
901;86.75,84.5;105.25,8;256,30.5;340.25,319;223,122.25;237.25,180.25;244,95.75;324.25,61
47043;79.5,13.5;86.75,84.5;314,21.25;340.25,319;196.25,175.75;203.5,97.5;221.25,174.75;329.25,58
50105;51.75,8;86.75,84.5;311.25,52.25;340.25,319;248,196;266,51.25;286.5,142.75;345.75,33.25
54;0.25,85;111.25,89.75;247.25,29;340.25,319;188.5,223.75;202.5,117.5;225.25,190.75;345.75,33.25
25164;1.5,26.5;139.5,59.5;247.25,29;340.25,319;136.75,197.75;256.75,145.5;260.25,102.75;306.25,86
43144;1.5,26.5;85,107.25;299,57.5;326.75,318.5;136.75,197.75;322.5,192;324.25,51.25;356.75,150.25
1398;38,94;120,50.75;246.25,2.5;337.25,247.5;136.75,197.75;263.75,245;324.25,51.25;349.75,184.5
19987;38,94;104,18.75;246.25,2.5;307.5,216;101.25,153.25;277.25,311.25;303.75,83.5;353,162.75
48310;41,111.5;51,69.75;309,14.5;354.25,242.75;101.25,153.25;277.25,311.25;310.75,31.75;329,117.75
31576;44.5,162;53.25,74.25;261.75,54.75;346.75,275.5;101.25,153.25;244.5,293.75;251.25,60.75;329,117.75
36520;0.25,139.5;45.75,126;328.75,2.75;346.75,275.5;101.25,153.25;158.25,301.25;284.75,21.75;350.75,163.75
9185;0.5,215.75;117.25,145;298.5,56;334.25,300.5;101.25,153.25;108.5,276.5;284.75,21.75;295,197.75
5903;81.5,175.75;101.5,69.75;235.5,41.5;364,246.5;23.5,120;122.5,274.5;284.75,21.75;295,197.75
10556;5.5,185;101.5,69.75;173.75,60;364,246.5;18,118.75;141.5,224.75;327.25,52.75;358,166.5
39938;81.75,201.75;145,128.5;151,17.25;328.75,187.25;18,118.75;204.5,202;240.5,29.75;358,166.5
40259;40.25,194;65,132.25;110.5,25;353.5,263.25;18,118.75;125.25,235.75;240.25,94.25;358,166.5
44682;44.25,123.5;51.25,54.5;142,20;353.5,263.25;31,198.5;114.25,224.5;167.25,91.25;358,166.5
42150;15,105.25;26.25,114;114.75,52.5;312,226.5;5,240.75;114.25,224.5;228.75,73;358,166.5
16857;56,66.5;57.5,175.25;62.25,58.75;327.25,163.75;47.75,251;108.5,295.5;228.75,73;358,166.5
7732;84.25,91;87.25,148.25;132.5,90;327.25,163.75;34.25,215.5;173.5,315.75;264,15.75;358,166.5
40559;2.25,139.5;84.25,91;189.75,158.75;358,103.25;50,168.75;173.5,315.75;272.25,9.25;355.25,259.25
38002;35.5,181.5;125.5,28;144.5,117.5;359,134.75;50,168.75;206.5,275;272.25,9.25;337.5,197
34108;0.25,171.75;42.75,14;68,87.5;367.75,70.25;66.5,210.5;206.5,275;272.25,9.25;337.5,197
3403;0.25,171.75;50.75,57.5;91.5,11.25;312,17.25;3.75,197;206.5,275;301.5,7.25;313.75,229.25
36019;20.5,81.75;135.25,75.75;143.75,30.25;325,10.75;2,306.5;206.5,275;300.75,8.5;313.75,229.25
15519;66,83.5;86.25,27;117,67.75;252,8.25;36.5,277;166.5,222;300.75,8.5;313.75,229.25
21042;32,18.25;32.75,55.5;121,149.25;164.25,5;8.5,279.25;166.5,222;300.75,8.5;312.5,218
41428;13,10.25;32.75,55.5;70.5,170.75;164.25,5;6.75,203.25;203.5,176.75;244.5,70.75;274.25,169.25
16736;3,32;81.5,59.5;106.25,126.5;180.25,1;83.5,168.25;203.5,176.75;215.5,69.25;274.25,169.25
50290;59.75,51.75;117.75,15.25;133.25,89.25;143.25,44.75;53.25,222.25;203.5,176.75;215.5,69.25;274.25,169.25
10688;65,75.25;81.5,79.75;103.25,18.5;142.5,78.5;53.25,222.25;140,225.25;147.5,77;274.25,169.25
48795;51.75,55.5;80.25,62.75;82.5,20;151.25,2.5;92.5,221.25;140,225.25;147.5,77;273,168.5
39588;51.75,55.5;80.25,62.75;111.75,21;149,2.5;105.75,201;115.5,196.75;151,11.75;359,175
29026;51.75,55.5;97.5,27.25;152.25,10;179.5,38.75;31.75,205.75;49.25,248;151,11.75;347.5,82.5
31751;2.5,93.75;90,59.75;146,77.5;152.25,10;31.75,205.75;112.25,282;124.75,12.75;351,34.75
40338;44.75,139;71,65.25;78.25,103;168.25,97.25;40.5,189;43.75,300.5;124.75,12.75;351,34.75
42591;12.75,48.5;36.25,36.25;70.5,171.75;168.25,97.25;8.5,146.25;13.75,217.25;124.5,13.5;351,34.75
44084;3,6.75;46,96.5;76.25,129.75;168.75,96.75;8.5,146.25;9.25,295;74.5,41;351,34.75
26424;5.25,63.75;12.75,152.75;76.25,129.75;237.5,42.5;69.75,86.25;83.25,314.5;103.25,33.5;351,34.75
8697;5.25,63.75;12.75,152.75;76.25,129.75;213.25,16.75;71.5,29.5;82.75,314;154.75,34.25;354.75,4.5
21224;3.75,5.25;47.75,92.75;122.25,50.75;205.25,92;13.5,47;82.75,314;109,82.25;354.75,4.5
949;5,3.75;91,65;132,45.75;185.75,152.75;21.75,107.25;82.75,314;164,29.25;354.75,4.5
26808;24.75,85;94.75,92;117.75,46;194.75,246;20.75,119.25;82.75,314;133.5,73.75;354.75,4.5
48137;8.75,123.5;120.25,147;132.5,28;147.25,223.25;20.75,119.25;82.75,314;133.5,73.75;292,2.25
20433;53.25,46.25;86.75,213.5;145,113.75;172.75,232.5;20.75,119.25;40,297;133.5,73.75;253.25,12.75
32487;15.5,105.25;86.75,213.5;154.25,125.25;222.75,205.75;28,202.75;43,318.75;69.5,101.5;253.25,12.75
44484;35,122.25;53.5,227.75;172.25,161.25;172.5,224.25;28,202.75;43,318.75;91.75,136.75;305,26
36671;38,179.5;135,230;187.75,176.5;221,188;18.75,193.25;43,318.75;66,54.75;305,26
11547;52.25,148.75;104,233;118.25,222.5;244,170.25;18.75,193.25;73.25,249;77,21;305,26
43507;116.25,150.25;121.25,266.25;157.5,305.75;325,139.25;18.75,193.25;73.25,249;93.5,8.25;354.75,44.5
50092;116.25,150.25;129,246.75;220.5,243.75;297,92.25;39.25,275.75;40.5,293;93.5,8.25;353.25,16.5
38295;116.25,150.25;129,246.75;263.75,294;361.25,112.75;3.75,311.25;14.25,308;79.25,25.75;338.75,77.5
14835;71.75,114.75;129.25,244.5;293.25,321.25;361.25,112.75;9.25,294;27.5,308.25;63,11.5;338.75,77.5
41633;75.5,118.75;85.25,286.25;293.25,321.25;365.25,33.75;38,307.25;59.75,319.75;63,11.5;268.25,44
35081;28,214.75;36.25,242.5;283.5,320.25;365.25,33.75;19.25,198.5;48,250.75;59.75,113.5;268.25,44
21191;78.5,280.5;92.75,190.75;295.25,243;356.75,123.25;19.25,198.5;59,311.75;59.75,113.5;227.25,115.5
16184;91.5,274.25;134.25,151.5;297.5,263.75;308,120.75;13.75,202.75;19.75,297;59.75,113.5;227.25,115.5
2503;91.5,274.25;140.25,151.25;297.5,263.75;360.75,122;20.25,215.75;21.25,219;102.75,137.75;170,101.25
27476;91.5,274.25;95.25,161.75;356.25,295.25;357.75,35.25;17.75,294;20.5,283;123.5,194.75;170,101.25
21999;66.25,304.5;162.5,150;312,229.75;339.75,44.5;20.5,283;37.75,306.25;123.5,194.75;184.25,149.5
27487;40.5,241.75;197.75,113.5;287.75,164;305.5,95.25;20.5,283;27.25,300.75;140.75,258.75;184.25,149.5
37835;6.75,216.5;197.75,113.5;294,115.25;355.5,121.75;11.5,308;49.25,319.75;117.75,286;184.25,149.5
45224;55.5,240.75;237.75,129;239.75,144.75;295.25,98.75;11.5,308;49.25,319.75;74.75,249.25;246.75,114.75
29781;54.25,293.5;238.75,145;269.75,166.5;272.5,144.25;11.5,308;46.25,292;74.75,249.25;226.5,92.75
45732;124.75,291.5;204,174.5;247.75,161;289.75,114.25;20.75,309.75;46.25,292;74.75,249.25;256.5,58.25
33671;62.25,247.5;213.25,224.75;233.75,129;289.25,152.5;15.75,297.75;46.25,292;152,241.5;256.5,58.25
19128;92.75,190.5;185.25,152.25;215.75,131.5;286.25,102.25;29.25,291.5;66.25,249;152,241.5;256.5,58.25
49796;92.75,190.5;142.25,115;161.75,118;233.5,83;35.25,250.75;38.25,205.75;121.75,198.5;256.5,58.25
46376;92.75,190.5;168.75,98.25;183.5,92;208.25,63.25;18.5,302.5;19.25,213.25;60,163.5;256.5,58.25
35115;131,245.25;168.75,98.25;183,36.5;256.25,46.5;18.5,302.5;46.75,144.25;66.75,165;244.75,73
29211;110.75,163.75;183.75,131.75;203,12;248.75,27.75;18.5,302.5;46.75,144.25;131.75,199.25;263.25,42
16549;151.75,226.5;161.5,194.25;190.5,6.5;326.75,27.5;13.25,273.5;46.75,144.25;105.5,267.75;263.25,42
49205;136.75,183;141.5,263.5;176,34.5;272.75,24;13.25,273.5;48.25,193.25;60.5,223.25;263.25,42
9938;74.25,188.5;101.25,294.75;192.75,9.75;203.75,11.25;13.25,273.5;48.25,193.25;131.5,264.5;291.75,115.25
5971;74,191.5;89.25,268.25;153.5,35;178.75,0.75;37.75,266;120.5,158.25;131.5,264.5;291.75,115.25
3207;74,191.5;161.25,301.5;183.25,55.75;226.25,40.25;11.5,201.75;60.75,202.75;131.5,264.5;241.5,48
13199;10.75,159;100.75,316.75;105.75,35.75;226.25,40.25;11.5,201.75;76.5,248.5;100.75,297.5;163.75,32.25
48483;12.75,87;15.75,305;33.75,9;190.25,112.5;11.5,201.75;117.75,293.5;118.5,291;163.75,32.25
43026;27,152.75;31,217;31.25,17.5;251.5,109.25;99.25,197;117.75,293.5;118.5,291;152.5,49.75
44972;1.25,171;9.25,190.25;28.5,96.25;263.25,27;16.75,212.75;43,273.25;118.5,291;152.5,49.75
12109;11,177.5;36.25,131;57.25,55.25;263.25,27;18.75,231.25;43,273.25;149.75,222.25;221.5,90.25
29862;5,110;26.5,118.25;54.5,47.25;182,41;18.75,231.25;108.75,196;161.25,222.75;221.5,90.25
32980;47.25,110.25;82,63;98.25,10;140.5,101.25;18.75,231.25;97,222.25;161.25,222.75;282.5,35.5
41257;55.25,98.25;73.5,130;137.75,20.25;201.75,185;18.75,231.25;97,222.25;150.5,163;300.5,2.25
35725;18.75,140.25;134.75,128.75;188.5,9;273,178.75;37,307.25;97,222.25;194.25,174;300.5,2.25
858;11.25,76.5;134.75,128.75;222,63.25;229.5,251.5;36.75,254.25;97,222.25;252,131.75;253,12.75
41041;14.75,7.25;88.25,85.25;131.5,33.75;235.25,255.75;11.75,303.5;136.75,240.5;252,131.75;253,12.75
2487;63.75,43.5;92.75,130.25;154,48.5;235.25,255.75;11.75,303.5;176.75,305.25;223.75,202.5;280.5,36.25
8855;63.75,43.5;112.75,128;134.25,90.75;238.5,312.25;39.25,306.75;227,272.75;228.75,183.5;280.5,36.25
15295;131.25,31;156.25,82.25;184.5,43;238.5,312.25;39.25,306.75;164.75,317.5;174.5,163;244.25,76
36881;124.75,33;152.25,159;174.25,16.5;238.5,312.25;24.25,219.75;183.5,315;195.25,173.75;244.25,76
44651;208.5,56.5;223.75,201.5;248.75,4.5;264.75,229.75;24.25,219.75;183.5,315;195.25,173.75;318,16.75
25014;208.5,56.5;223.75,201.5;295,53.25;299.5,148.25;67.75,248;130.25,295.25;197.75,175;253.5,10.75
49872;207.5,61.75;223.75,201.5;275.75,19.5;368.25,146.5;65.5,248;83.25,314.5;197.75,175;237.25,46.5
3500;212.5,132;232.5,127.5;243.75,5;309,135.75;65.5,248;108.5,307.75;154.75,203.25;237.25,46.5
40302;143,129.25;228.25,205.75;257.25,18;272.25,169.25;65.5,248;108.5,307.75;146.25,203.75;193,1.25
6244;158,129;288,261.75;318.75,23.25;358.5,134.75;65.5,248;108.5,307.75;168.25,237;173.25,41
17293;183,157;257,313;257.75,59.75;304.75,136.75;65.5,248;108.5,307.75;195.25,240.5;198,8.75
30463;161.5,163;167.25,291;222,111.5;228.5,183;6.25,248.5;21.5,289.25;195.25,240.5;198,8.75
40088;124.75,187;139,310.75;150,128;271.5,267.5;6.25,248.5;68,309.25;127.5,294;198,8.75
27171;65,185;125.5,257;142.5,33.5;363.25,235.75;1.25,150.5;68,309.25;151.5,237;198,8.75
23826;60,239.5;151,204;168,22;330,244.75;1.25,150.5;17.25,303.5;196.75,223.75;198,8.75
48410;88.75,298.25;138.5,265.25;158,31.25;306,304.5;1.25,150.5;17.25,303.5;231.25,220.5;254.5,49.5
27108;24.25,258.75;138.5,265.25;158,31.25;306,304.5;10.75,203.75;48.75,281.5;296.25,186.25;313.75,63
20356;39.75,240.25;119.25,284.5;158,31.25;335,248.5;68,171;74.75,252;296.25,186.25;358.75,57.25
21578;106.75,226;117.25,309.5;158,31.25;344.5,317.5;75.5,153;76.75,255;296.25,186.25;340,63.25
34687;12.25,226.75;185.25,234;209.5,44.5;241.25,312.5;73,125;86.5,198.25;296.25,186.25;340,63.25
26740;12.25,226.75;167.5,280.75;209.5,44.5;263.5,296.75;8.5,94.5;23.25,214.75;297.75,224;347.25,80
16430;86.25,230.25;118.25,253.25;217,61;227,242.25;8.5,94.5;101,202.5;340.5,263.75;347.25,80
12947;70.5,248.25;141.25,183.25;166.25,103.25;240.25,200.25;18,19.75;19.75,217.5;340.5,263.75;347.25,80
45429;70.5,248.25;99,207.75;166.25,103.25;289.75,185.25;25,91.75;28.75,203.25;313,184.25;330.25,60
12292;69.5,317.25;91,222.75;170.75,179.75;331.75,209.75;25,91.75;89,169.25;313,184.25;357.25,78.25
7250;31.75,260.75;66.75,304.5;170.75,179.75;296.75,243.75;59.5,11;89,169.25;329.5,219.5;353.25,25.75
4995;31.75,260.75;66.75,304.5;218,259;281.5,318.25;13.5,18.75;172.5,173.25;268.5,192;356.5,11
23506;43,241.5;66.75,304.5;218,259;302.25,251.5;75.5,21.5;186,178.25;195.75,173.5;357,54.5
43147;45.25,311.25;84.5,322.25;218,259;302.25,251.5;160.25,48.75;175.75,161.5;185.75,196.75;277.5,56.25
3341;119,303;119.5,266.75;222.5,279.75;258.5,238.25;162.25,50.25;175.75,161.5;185.75,196.75;241.75,16.5
28891;119.5,266.75;205.75,276.5;217.25,197;291,318.5;162.25,50.25;187.5,231.25;200,275.5;253.75,66.25
23411;87.75,191.75;258.75,244.75;272.25,171.25;291,318.5;173.25,8;180.75,170.25;189.5,241.75;253.75,66.25
25785;95,196.5;233.25,231.25;308.75,92.75;355,319.5;121.75,18.5;180.75,170.25;189.5,241.75;241.25,15
17501;51.5,219.75;249,288;307.75,77;365.5,243;149.75,31.75;163,165.5;189.5,241.75;241.25,15
37967;30,260.75;267,267.5;280,31;320.5,224.25;149.75,31.75;168.25,197.75;205.25,277;241.25,15
28848;50.5,216.75;257,297;311.25,2.25;362,187.25;70.5,21;168.25,197.75;220,272.75;241.25,15
7861;110.25,161.75;293.25,321.25;300.5,33.5;308.5,138.75;70.5,21;142.25,171.75;203.75,213.5;241.25,15
21895;185,184.25;227,303;300.5,33.5;370.5,150.25;70.5,21;163,117;188,165.5;292,17.5
33698;168.75,103.25;239.25,290.75;326.5,13;337,76.25;5.75,16.25;163,117;268.25,147;292,17.5
31888;168.75,103.25;239.25,290.75;284.75,54.25;354.25,22.5;19.75,6;115.5,93;306,86.5;308.25,3
35673;87.25,92.75;271.5,225.75;277.5,133.75;355.25,14.75;27.25,47.25;115.5,93;278.5,111.5;308.25,3
31806;71.5,142.5;222.5,261;340,98.75;366.75,23;27.25,47.25;86.75,132;278.5,111.5;349.75,35.75
10842;50.5,145.25;264.5,302.75;271.25,65.75;348,9.25;89,87.75;133.25,107.5;278.5,111.5;349.75,35.75
13007;50.5,145.25;280.5,284.25;295.25,147.5;348,9.25;159,52.75;172.25,98;225.25,187.75;273.25,99.25
41605;50.5,145.25;280.5,284.25;298.25,74.75;332.75,98;108.75,116.25;197.75,65;204.25,220;224.25,40
23634;12.5,177.5;270.5,286.5;271.5,17.25;361,135.5;33,123.5;151.75,90.5;204.25,220;224.25,40
45185;70.5,255.75;244,281.5;280.25,43.75;334.25,76.25;2,70.25;151.75,90.5;204.25,220;281,27.5
38835;16.5,263.5;244.25,299.25;293.5,26.5;330.25,159.5;18,45.5;151.75,90.5;204.25,220;318.5,100.5
7284;16.5,263.5;223.5,259;244.5,3;360,213.25;32.75,124.25;103,171;204.25,220;317.5,180.25
10593;16.5,263.5;281.75,320.25;311.25,55;330.5,252;33.25,108.5;35.75,179;185,286.75;317.5,180.25
41581;16.25,230.5;258.25,278;316.75,75.5;318.25,262.75;33.5,50.5;52.25,271;185,286.75;317.5,180.25
4546;50.5,241;281.5,229;287,52;323.25,210.5;8.25,61.5;19.25,296;185,286.75;317.5,180.25
20749;49.5,218.5;303.5,161.75;338.25,8.25;343,247;8.25,61.5;19.25,296;179,241.25;342.25,171
49031;53.25,309.25;293.25,75;327,88.75;354.75,187;8,93;14,311;179,241.25;342.25,171
9417;102.75,283.75;336.25,66.75;348,161.25;368.5,187.5;8,93;14,311;223.5,273;342.25,171
19295;165,224.5;278.5,87.75;350.25,229.75;363.25,267.25;8,93;27,212.5;223.5,273;271.25,111
40797;165,224.5;306.5,140.75;363.25,267.25;365,196.25;8,17.75;77.75,159.75;212.25,285.25;300.5,126
24661;225,246.25;297,184.5;346.5,312.25;365,196.25;8,17.75;71.75,141;202.75,298.25;270,107.25
41627;205,311.5;295.25,173.5;295.75,303.5;365.75,208.75;40.25,56.25;89.5,120.75;202.75,298.25;270,107.25
25181;156.5,318.75;295.25,173.5;326.5,322.5;365.75,208.75;13.5,47;14.25,106.75;189,223.75;219.75,113.75
26165;204.25,294.25;243.75,174;283.5,319.5;363,122.5;13.5,47;14.25,106.75;204,173;219.75,113.75
4106;221.5,244.75;257,113.25;286,288;359.75,118.75;31.25,108.5;93.5,107;204,173;219.75,113.75
48505;241.25,282.5;272,148;311.5,225.25;359.75,118.75;31.25,108.5;100.25,66.75;192.75,107.5;210.5,59.5
19505;180.25,234.25;320,200.5;321.25,258.25;369.25,36.75;23.75,108.75;128.75,19.5;192.75,107.5;210.5,59.5
4366;221,243.75;240,190.5;354.75,320.75;365.75,39.25;70.75,173.75;128.75,19.5;192.75,107.5;210.5,59.5
18182;220.75,320.75;256,279.75;319.25,239.5;358.25,15.25;70.75,173.75;154.5,51.25;192.75,107.5;210.5,59.5
38540;293.75,318.25;310.75,236.75;316,201.5;358.25,15.25;70.75,173.75;80.5,43;230.25,95.5;276.5,25
39547;294.75,264;298,286.5;316,201.5;333,50;33.25,220.75;80.5,43;135.25,132;351.75,22.5
17022;210.75,260;338.5,312.25;346.75,289.5;360,40.25;33.25,220.75;67.75,8.75;135.25,132;250.25,17.75
12216;229.75,313.25;252,289.75;340,271;360.75,35;13.5,309;93.25,34.25;135.25,132;250.25,17.75
3985;152,319.75;236.25,275.75;351.5,230;352.25,128.25;13.5,309;106.75,13.75;135.25,132;232.75,70.5
28976;107,251.75;297.5,320.5;339.5,258.75;342,161;13.5,309;106.75,13.75;166.5,199.75;183.5,65.75
39980;160,247.5;268,256.25;292.5,319;300.75,115;54.5,254.25;106.75,13.75;166.5,199.75;215,123
27065;160,247.5;280,194.25;291.5,302.25;298.75,167;54.5,254.25;83.5,99.75;113.5,230;131.75,132.25
10736;81.5,232;260,178.25;310.25,223;331,152.5;54.5,254.25;89.5,33.75;122.25,276.5;131.75,132.25
30365;74.25,298.75;231.25,207.25;307.25,239;344.25,225;22,310.5;89.5,33.75;122.25,276.5;163,88
32944;49.5,285;249,245;307.25,239;364.5,208;22,310.5;49.5,33.5;157.75,302.25;203,100.25
2136;102.5,252;278.75,254.75;281.5,230.25;291.75,246.25;22,310.5;49.5,33.5;125.25,274.25;163.5,30
708;113.5,200.25;281.5,184;306,193;310.75,322.5;11,267;49.5,33.5;113,276.75;163.5,30
47940;113.5,200.25;300.75,114.75;306,193;363.25,318;66.25,222.25;68.5,51.75;83.25,319.25;193,84
41084;161,256.5;308.25,112;318.5,123.75;354.5,255.75;66.25,222.25;76.25,11.25;84.75,315.5;193,84
23934;173.5,222.5;236.5,112;341,112.25;349.5,229.25;66.25,222.25;88.5,87.25;104.25,304.75;193,84
26578;191.25,276.75;247.25,29;301.75,56;342.75,228.25;16.25,279.5;46.75,113.5;104.25,304.75;193,84
6981;146,315;240.75,14.25;240.75,40.75;329,274.25;16.25,279.5;73,116.25;74,286.75;193,84
5542;202.75,278;276.5,75;283,52;297.75,317.5;16.25,279.5;73,116.25;111,308.75;189,24
14478;202.75,278;276.5,75;283,52;361.75,317.75;2,240.75;130.75,132.25;153.75,301.5;185.75,4
28156;273.75,313.5;276.5,75;290.75,14.25;355.25,320.75;2,240.75;92.25,102.25;148.5,317.5;238.25,53
29122;253,281.25;259,92.5;279.5,13;320.25,318.5;2,240.75;127.75,161.75;148.5,317.5;241,95
8394;298.75,229.5;322.5,63;338.25,48.25;358,289.5;18.75,296.75;97,153.75;148.5,317.5;241,95
44820;255,217.75;289.75,74;317.75,3.25;354.5,288;44.75,317.5;97.75,107.75;148.5,317.5;241,95
19592;288,261.25;317.75,3.25;336.25,74.75;347.25,289;44.75,317.5;84.5,191;229.25,303;238.75,115.75
41193;241.5,290.75;312.75,64.75;315.5,60.25;354.5,319;44.75,317.5;84.5,191;178.5,321.5;320.5,139.75
41094;241.5,290.75;322,123.25;326.25,33;331.25,313;1.75,310.5;67,176.5;178.5,321.5;268.75,197.75
25742;277,277.5;332.25,194.25;338.25,108.25;355.5,289.5;1.75,310.5;67,176.5;178,321.5;353.5,202
19393;307,263.25;315.25,127.25;332.75,59.25;355.5,289.5;1.75,310.5;52,146.25;226,319.5;287.75,217.75
21373;265,244.75;301.75,142.75;334.5,33.5;351.5,214.25;1.75,310.5;52,146.25;281,287.25;311.75,197.75
12897;214.5,310.5;298.25,157.5;352.5,36.75;358,306.5;1.75,310.5;113.75,93.25;281,287.25;336,206.5
15657;266.25,291;273.75,168.75;275.5,2.75;281.25,287;1.75,310.5;143.25,68.75;242.5,292.5;336,206.5
25467;264.5,225.75;277.5,256.75;315.25,69.75;352.5,289.5;1.75,310.5;159.5,143.75;245.5,244.25;336,206.5
45912;211.25,261;316.75,275;341.75,22.5;343.25,317.5;1.75,310.5;152.75,79.5;221.25,216.75;336,206.5
11474;211.25,261;316.75,275;346,14.5;366.75,310.75;3.5,238.75;157,14.75;170,300.75;358.25,252.5
38646;152.75,224.75;215.5,310.75;296.5,101.25;345,272.75;94.25,183.5;157,14.75;184.5,294.75;358.25,252.5
44810;152.75,224.75;206.5,284.5;279.5,169;364,229.75;149.25,222;154.75,52.75;184.5,294.75;328.25,312.75
9786;182.25,235.75;238.5,272;273,165.25;364,229.75;149.25,222;231.25,50;242.25,318.25;292.25,296.75
19468;159,159.5;216.5,239.75;258,227.5;332.75,215;201.5,160.25;232.25,113.75;242.25,318.25;292.25,296.75
828;135.5,78;216.5,239.75;290,208;332.75,215;212,95.75;241.5,176;245.5,318;354,286.75
797;70,140.5;245.75,281.5;290,208;358.25,230;212,95.75;223.25,194.25;330.25,309.75;364.25,277
49074;17.5,190.5;245.75,281.5;350,213.25;359.75,214.5;212,95.75;223.25,194.25;327.5,218.5;354.5,279.25
21598;2.75,277.25;245.75,281.5;283.25,194.25;321,260.5;170.25,28.75;176.75,240;311,310.75;327.5,218.5
41970;60,219.5;241,218;246.25,259.75;269.75,323.5;154.25,52.5;176.75,240;270.25,304.75;327.5,218.5
23898;74.75,249.25;253.25,249.75;307.25,322;342.25,321.25;154.25,52.5;188,178;270.25,304.75;338.25,160
26109;75,175.75;308.5,289.25;326.5,267;356.25,308.75;68.75,11;168.25,226;270.25,304.75;338.25,160
17938;111.75,88.5;291.25,246.25;308.5,289.25;328.25,319;100.25,39.5;130,152;270.25,304.75;316.5,195
29085;143,126.5;223.5,243.75;337,313.5;346.5,315;76.5,89.25;130,152;270.25,304.75;309.75,226.5
19045;147,78;206,177.75;337,313.5;346.5,315;5.5,95.5;72.5,194.5;179.75,295.25;340,178.25
40503;205,132.25;220.75,261;306.25,320.75;347.5,215.75;3.5,128.5;54.5,254.25;179.75,295.25;340,178.25
40225;160.25,77.25;220.75,261;335.75,301;347.5,215.75;62,165.5;111.75,293;254.5,291;285,197.75
15027;217.25,55;224,261;296.75,262.75;299.25,206.5;62,165.5;152.25,315.25;254.5,291;330.25,159
34522;221.25,0.75;258.75,238;292,232;341.25,179.25;91,162.5;113,273.5;254.5,291;330.25,159
8680;152.25,31.25;164.5,273.75;211.25,278.5;268.75,242.5;6.75,194.5;43,309.25;254.5,291;330.25,159
39105;167.5,96.25;204.25,232.75;263,255.75;305.25,165.5;10,271.5;22,289;254.5,291;330.25,159
21599;105.25,154.75;263.5,299.75;279,276;290.75,112.75;20.75,248.5;22,289;254.5,291;304,199.5
21838;105.25,154.75;197.5,276.25;226,218.75;360,97;20.75,248.5;35.25,308.25;294.75,199;328.5,272.5
37750;77,221.75;126,287;226,218.75;360,97;2.25,193;2.75,299.5;328.5,285;347,223
5039;101.75,205.75;119.25,204.25;226,218.75;360,97;7.5,231.75;32.75,273;254,247;348.5,184.75
40943;122.5,291.5;164.5,163.75;201,308.5;360,97;62,198;71.75,259.5;254,247;317,188.75
940;115.75,282.5;164.5,163.75;177,266.5;360,97;81.75,125.25;124.25,208.5;248,290.5;266.75,133.25
33398;115.75,282.5;142,188.5;170.25,297.25;360,97;25.25,175.75;191,221;222.5,302;236.5,132.75
26475;26.25,315.5;97.75,114.5;170.25,297.25;354.5,102.75;25.25,175.75;260.25,203.5;262.75,269.25;326.25,160.5
5217;26.25,315.5;65.25,202.75;170.25,297.25;354.5,102.75;24.5,262.5;300.75,195;339.5,310;355.75,81.5
5986;11,232.75;21.5,177.75;170.25,297.25;354.5,102.75;58,310.25;288.75,185.75;330.5,288;336.5,158.5
14359;11,232.75;34.75,76.75;170.25,297.25;319.75,38.5;5.25,309.75;201.5,187;328.5,201;357.25,149
5838;25,177.25;72.5,82.5;109,313.5;331.75,31;85.25,316.5;202,187.75;328.5,201;357.25,149
9879;82.25,178.25;89.5,119.5;91,296;331.75,31;85.25,316.5;257.75,241;311.75,163;352.75,204
26506;51,181.25;57.25,170.75;89,238;331.75,31;18.25,292.5;278.5,310;311.75,163;336,207.5
6484;28,144.25;63.5,218.25;90.75,191.75;253.25,36.5;18.25,292.5;255.25,308.25;336,207.5;349.75,160.25
23106;53.25,152;78.75,165.5;99.25,253;253.25,36.5;75,277;255.25,308.25;309.75,163.5;317,100
37578;104,140.75;113,205.75;143.5,244;285.5,71;75,277;194.25,250.5;266,97.75;309.75,163.5
45286;104,140.75;201.75,196.25;203.5,245;334.25,118;27.5,247.25;194.25,250.5;255,33;279.75,216.75
27710;131.25,172.75;192.5,261.25;204,294.25;265.25,150;47,249;194.25,250.5;201,22.25;279.75,216.75
38554;121.75,199;127.75,239.5;168.25,311;174.75,135;47,249;151.5,303.5;201,22.25;292,264.75
9351;121.75,199;155.5,293.5;160.5,322;185.75,138.75;9.5,191.5;151.5,303.5;224.25,106.5;308.75,196
42250;155,251;166.25,309.75;216.25,319.75;222.25,228.25;22.75,108.75;151.5,303.5;159.5,87.25;308.75,196
5345;165.5,184.75;179,232.75;201.75,259;292.5,230.25;30,88.5;151.5,303.5;159.5,87.25;358,158.5
11239;120.25,221;179,232.75;240.25,224.5;244.75,180.5;115,73.75;151.5,303.5;152,120.25;303.25,150.5
45087;80,142.75;166.25,218.25;240.25,224.5;244.75,180.5;127,124.25;149,245.25;235.5,114.25;285,216.25
23115;79.75,130.25;96.75,281.75;192.25,215.5;203.5,260;127,124.25;149,245.25;227,133.25;330,206.75
36904;51,67.75;107.5,243;123.5,253.25;236.75,259.25;127,124.25;149,245.25;240,85.25;245.25,251.5
42981;51,67.75;107.5,243;113.75,309;255.25,194.5;45.5,105.5;123.5,194;172.25,71.5;197,275.5
17509;8.5,143.25;57.5,281.5;149.75,299.25;208.75,268;58.75,128;123.5,194;144.75,91.25;197,275.5
22880;8.5,143.25;32.25,267;239.75,302.5;246.25,249.75;3,70;123.5,194;151.25,46.25;207.5,277
19785;8.5,143.25;44.75,262;227.75,253;289.75,158;49.75,75.25;50.25,173.25;55.75,4.75;207.5,277
20993;8.5,143.25;43.5,284.25;172.25,219.5;332.25,120.5;6,142.25;57.25,174.25;66.25,12;207.5,277
26456;8.5,143.25;81,314.5;172.25,219.5;288.5,134.5;14.75,170.75;29,120.25;86.5,19.75;185.5,290.25
31157;73.5,131.5;118.75,233.5;216.5,200.5;287.5,143.75;6,144.25;7,136.25;86.5,19.75;185.5,290.25
29930;135.75,125.5;192.25,230.25;198.5,158.75;287.5,143.75;31.75,216;74,141;86.5,19.75;185.5,290.25
40335;118.5,214;140.75,267.25;244,158.5;313,197.5;39,294.5;55,90.25;86.5,19.75;185.5,290.25
16321;118.5,214;140.75,267.25;228.5,130.25;299.75,111;11.5,241.75;30.5,30;41.5,51;131.75,280.5
8689;118,233.5;170.5,293.75;286.25,73.5;296.75,184.75;11.5,241.75;27.5,98.75;72.5,29;131.75,280.5
45902;82.5,221.5;170.5,293.75;240.75,46.25;296.75,184.75;41.75,300.5;43.75,78.75;93.5,25.25;114,323.25
35334;104.25,281.5;138,312.75;328.5,18;351.5,197.75;5,296.25;76.25,89.25;93.5,25.25;114,323.25
42004;120.5,257.25;134,245.75;321.75,55.5;357.5,289.5;5,296.25;70.5,119;95.5,35.25;114,323.25
31895;96,320.75;114.75,260.75;308.25,120;343.25,319.75;6.5,293;70.5,119;75.5,25.25;114,323.25
5701;33,308.75;37,285;315.5,52;354,272.25;6.5,293;70.5,119;76,20;114,323.25
35053;9.75,310.5;70.25,297.25;214.75,34.75;340.25,229.75;6.5,293;70.5,119;73.25,24.25;114,323.25
48309;60.5,318.25;81,286.5;124.5,30.75;340.25,229.75;16.25,207.25;33.5,85.75;52,94.25;114,323.25
15993;17.25,247;96.25,189.25;98,11.25;356.5,198.75;20.25,295.75;46.25,61.5;52,94.25;114,323.25
36256;7.5,176.75;51.5,227;98,11.25;287,186.75;20.25,295.75;54.25,169.25;73,182.5;141.75,269.25
30802;7.5,176.75;19.25,306.5;165.75,96.75;262.25,273;10.5,309;54.25,169.25;120.5,195.25;183.5,305.75
30853;64,172.25;93.5,282.25;121.5,16.25;257.5,315.25;2,310.5;54.25,169.25;117,140.5;183.5,305.75
18117;36.25,223.25;69.5,205.5;168.25,22.25;169,302.25;2,310.5;19.25,214.75;68.75,222;183.5,305.75
8764;47.25,302.75;93.25,155.5;148.75,87.25;169,302.25;2,310.5;83.5,191;143.25,171.75;198.25,244
19144;84.75,312;90,116.75;108.5,61.5;149,226.75;61.5,289.25;83.5,191;143.25,171.75;291.5,226.75
45961;27,312.75;31.25,134.25;67.75,23.75;74.5,184;12.75,273.5;83.5,191.25;143.25,171.75;291.5,226.75
12308;42.5,228.5;45.75,34.25;109,111;118.75,201.25;12.75,273.5;140.75,169;170.75,88.75;291.5,226.75
28631;25.5,182.25;39.25,81.5;43.25,122;69.75,148.25;42.75,301.5;140.75,169;207,92.5;291.5,226.75
40165;18,178.25;28,107.75;61.5,201.75;105.5,145;73.5,305.25;140.75,169;215.25,140.25;291.5,226.75
36711;38.5,163.5;47,33;53,253;72.75,209.75;73.5,305.25;140.75,169;210,97;298.75,291.75
18364;35,132.75;47.5,65.75;47.75,211;65.75,184.5;73.5,305.25;75.5,168.75;210,97;215.75,302.75
30932;50.25,58.25;61.5,69.5;62.75,178;86.75,228.25;18.25,307.75;75.5,168.75;210,97;247.75,293.5
40365;19.5,80;104.5,8;107,230.25;165.5,261.25;18.25,307.75;75.5,168.75;160.5,50.5;334.75,313.75
47367;19.5,80;102.5,14.75;117,268.5;151.25,206;18.25,307.75;97.25,220;195,2.25;346.5,320.25
30857;26,43.25;42.5,22.25;59.75,295.5;83.5,195.5;18.25,307.75;76.75,190.5;195,2.25;313.75,298.5
38916;20.5,73.25;32,59;59.5,216.75;64,217.75;1,243.75;148.5,222.25;195,2.25;313.75,298.5
50148;20.5,73.25;32,59;54.5,230;54.75,172.25;12.25,196.5;77.25,181.75;150.5,49.5;235.5,309.75
11213;78,120.25;91.5,63;112.5,314;141.75,129.75;9.5,172.25;77.25,181.75;162,89.75;235.5,309.75
43460;78,120.25;120,3.25;126.5,287;212.25,106.25;62.75,108.5;69.75,254.5;162,89.75;227,318
14385;78,120.25;203,7.75;203.5,267.5;269.5,114.5;52.75,128;141,225.75;162,89.75;172.25,256.75
41236;78,120.25;177.5,37;203.5,267.5;315.5,67.5;28.75,109.25;77.5,207.75;117.5,78;182,277.25
7539;13,178.25;236,27.75;252.75,296.75;350,8.75;28.75,109.25;114.75,199.25;124.75,104.25;182,277.25
17574;13,178.25;180,60;252.75,296.75;274.25,0.5;47.5,77.25;145.25,278.75;153,51.5;153.5,201.75
3669;87.75,203.75;115.75,16.75;264,256.25;310.75,3.75;47,136.75;116.5,323.75;153,51.5;153.5,201.75
25022;119.25,281.5;122.25,55.25;298,319.5;310.75,3.75;24.5,190.5;116.5,323.75;127.75,21;224.25,216.75
18342;129.25,242.5;229.5,67;266.25,244.75;274.75,19.5;24.5,190.5;116.5,323.75;135.5,41.75;220,151
39069;87.75,298.75;265.25,28.5;286.5,321.5;311.5,17;24.5,190.5;116.5,323.75;135.5,41.75;220.25,172.5
45439;62.75,250.25;316.25,67;317.25,319;325,52;96.25,152.75;116.5,323.75;217.75,58.75;220.25,172.5
10718;20.25,241;301.5,55.25;302.5,258;334.25,118.5;127.25,104.75;146.25,282.25;217.75,58.75;220.25,172.5
11851;83.5,195.5;240.75,38;344.5,318;357.75,118.25;68.5,41;146.25,282.25;217.75,58.75;220.25,172.5
27199;15,223;212.25,22;260.25,305;341.25,178;72.75,86.25;80.25,316;217.75,58.75;220.25,172.5
43668;39.25,302;166.25,2.5;329.75,321;338,267.25;114.25,77;159.75,314.75;217.75,58.75;220.25,172.5
34319;39.25,302;166.25,2.5;311,258;329.75,321;122.25,158.5;131.5,316.75;142.75,30;147,109.75
26490;100,224.75;109,55.75;317.75,164.25;342,315;61.25,216.5;131.5,316.75;147,109.75;153,49.75
16778;140.25,228;182,42.25;309.25,95.25;358.75,227.75;74.5,284.5;81.5,253;147,109.75;153,49.75
17859;156.25,301.75;182,42.25;346,129.75;359.5,176.5;27.75,272.5;97.25,190.75;153,49.75;192.75,110.5
8213;245.75,310;271.5,18;275.25,120.25;342.25,273.25;27.75,272.5;95.25,136;154,91;192.75,110.5
12670;234.75,287;249.75,69;280.5,168.25;293,320.25;27.75,272.5;95.25,136;152.25,90.75;192.75,110.5
33408;275.25,248;307,133.75;314.25,114.5;317.5,319.75;27.75,272.5;33.25,75.75;152.25,90.75;221.25,37
19371;260.75,261.25;295.75,98.75;339.5,34.5;352.25,260.75;27.75,272.5;33.25,75.75;112.75,23.25;145,35
15499;272.75,195.75;283.25,25.75;289.25,73.5;360,295;27.75,272.5;46.5,75.75;112.75,23.25;144.5,91.75
23996;280.75,262;324.5,17;356.5,123.25;360,295;23.75,310.75;50.75,190;52.25,116;112.75,23.25
11183;306,304.25;324.5,17;352,209;365.25,314;15.25,217;23.75,310.75;119.25,113.25;129.75,23.75
1759;259.75,244.25;293.5,57.5;341.25,142.25;345.5,277.5;23.75,310.75;111.5,238;129.75,23.75;141.75,88
16621;299,243;304.5,95.25;341.25,142.25;345.5,277.5;2.5,310;24,182;169.5,17.25;202.75,108
39701;248,188;301.5,52.75;357.25,39.5;359,176.75;13.75,218.75;108.25,228;169.5,17.25;202.75,108
20639;269.5,179.25;272.75,0.5;274,67.75;325.75,164.5;64.75,164.5;108.25,228;168.25,17.25;202.75,108
14879;215.5,195.5;299.5,55;302.75,112.5;334.25,133.5;64.75,164.5;108.25,228;125.75,23.25;202.75,108
6881;193.25,113.75;236,40;263.75,81.5;295.5,54.25;69.25,251;72.75,297.5;125.75,23.25;202.75,108
11515;130,120;250,19.5;272.5,73;294,37.75;69.25,251;72.75,297.5;138.25,12;276.75,110.5
1422;73,112.75;268,92.75;268.5,94.5;275.75,17.5;69.25,251;72.75,297.5;91.75,21;242.75,60.5
31354;159.75,72.25;255,107;273,70.5;303.5,13.5;10.75,202.75;18,295;91.75,21;242.75,60.5
48749;176.25,58.5;269,178.5;270.75,1;273,70.5;23.75,188.25;50.25,252.25;91.75,21;310.25,75.5
24844;241.5,5.25;288,256.25;310,14.5;336,8.75;24.25,123.75;24.75,254.25;91.75,21;310.25,75.5
15748;272.25,34.5;275,179.25;316,62.5;341.75,9;24.25,123.75;28.25,206.75;91.75,21;355,157.5
17234;264.75,114.5;278.5,286.25;283,26;356.5,97.75;19.5,120.25;28.25,206.75;91.75,21;345.25,143.25
10810;264.75,114.5;271.25,254.75;335,2.75;357.5,174.25;27.75,203.25;52.25,257.75;91.75,21;318.25,194.25
28690;191.25,157.5;271.25,254.75;335,2.75;363,197.75;98.75,197;107,320.5;147,80;231.25,134.5
48938;165.5,115.75;327.25,279.5;335,2.75;349.5,217.75;19.5,159;28,309.5;109.5,152.25;231.25,134.5
16677;131,100.75;327.25,279.5;350,14.25;350,229;19.5,159;30.25,317.75;149.5,173.75;250.75,46.5
38732;31.5,73.5;311.25,317.25;350,14.25;355.25,229;27,79.75;30.25,317.75;53.25,176.25;220.75,66
14375;8,103.25;277.75,322.5;312.25,41.25;326.75,213;2.75,23.75;30.25,317.75;53.25,176.25;221.25,66
7268;30,123.25;237,276.5;250.5,47.75;332.5,209.25;8.5,32;48.5,270.75;53.25,176.25;221.25,66
32338;73.75,191.75;251.5,301;287.75,23.75;348.25,133.75;8.5,32;37,306.75;53.25,176.25;236.5,132.75
16176;151,230;201,311.5;209.75,77.75;276.75,71.25;8.5,32;37,306.75;114.5,144.5;161.25,81.75
43769;138.75,183;192.75,278;200.75,83.5;238.5,69.25;8.5,32;37,306.75;98.75,197;108.25,118
22127;135.5,90.75;192.75,278;222.5,136;306.25,113;8.5,32;113.75,302.25;129.25,224.75;142.25,194
12615;75.5,113;245,308.25;270,164;306.25,113;8.5,32;62.5,248;83.5,286.75;89.75,152
46677;57,181.25;248.5,217.75;275.25,133.75;366,170.5;8.5,32;21.5,229.5;83.5,286.75;121.25,215.75
43082;57,181.25;248.5,217.75;274,135.5;359,137;69.5,29;75.5,273.5;104.75,304.75;156.75,285.75
29408;57,181.25;248.5,217.75;257.5,40.5;268,94.5;2.5,85.25;154.5,303.5;167.75,226.5;196.25,275.5
4829;87.25,181.5;181.5,182.75;285.25,52.25;325.25,127.75;2.5,85.25;65.75,271;167.75,226.5;236.75,309.25
20621;146.75,140.25;152,223.25;258.75,55.75;270.5,165.5;2.5,85.25;4.5,308.5;167.75,226.5;232,266.75
26925;135.25,182.75;146.75,140.25;174.25,19;228.5,191.25;2.5,85.25;2.5,306.75;205.25,274.75;237,309.75
22140;108.75,75.5;179.5,70;214.25,1.25;228.5,191.25;2.5,85.25;2.5,306.75;176,314;209,271.5
20237;84,140.25;148.5,8.75;231.5,55;277.5,255.75;2.5,85.25;2.5,306.75;134,252;168.5,224
2532;84,140.25;127.75,33;231.5,55;234.75,258.25;36.5,39.75;90,300.5;96.5,258.5;121,240
21353;156.5,195.5;184,104.75;217,39;247,286.75;36.5,39.75;81.5,212;90,300.5;91.25,222.25
17698;140.25,89.25;187.25,151.25;217,39;221.75,279;36.5,39.75;138,164.5;143.25,286.5;144.75,300.75
40410;85.5,58.5;187.25,151.25;217,39;297.5,322.75;48.25,137.5;119.75,77;124,263.75;147.25,319
33971;38.5,111.75;247.5,94.75;260.25,92.75;301.75,302.75;2,191.25;119.75,77;124,263.75;185,287
35259;110.25,164.25;246.25,64;286.5,70.5;336,312.75;52.25,176.25;69.75,126.75;124,263.75;185,287
13790;62.75,182.5;300,120.75;314.25,23;341.25,231.25;5,185.75;77,162.75;124,263.75;185,287
31452;64.75,121;289.25,208.5;321.75,26;346.5,252;5,185.75;123.25,112.75;130.25,222.25;185,287
35111;64.75,121;206.75,177.5;358,102.75;364.5,253.5;9.5,112.25;123.25,112.75;167.75,242.5;229.75,228.75
32665;1.25,178;206.75,177.5;356.75,171.75;364.5,253.5;83.5,135.5;143,88.25;186.25,287.5;301.5,185.75
46921;9,241;224.5,189.75;276.5,134.25;330.25,235.25;83.5,135.5;143,88.25;249.75,294;323,242.25
48630;20,226.25;301.5,153.75;307.25,206.75;363.5,242.5;142.25,199.25;143,88.25;249.75,294;328.25,163.25
12175;51.25,182;305.75,211;307,249;315.75,299.5;74.75,265.75;95.25,24.75;249.75,294;328.25,163.25
35739;15,154.25;263.5,176.5;306,157.5;349.5,318.75;88.5,282.25;100.75,107;249.75,294;328.25,163.25
31951;7.25,142.75;306,215.5;351.75,96.25;357.25,230.75;88.5,282.25;100.75,107;329,319.5;339.75,232.25
13713;5.25,95.5;275.5,245.75;276.75,150.25;356.25,199.5;34.25,206.75;46.5,127.5;329,319.5;339.75,232.25
13126;27.25,43.25;186.75,253.5;273,169.5;277,231;46.5,127.5;97,190.5;241,291.75;339.75,232.25
4768;7.75,33.25;99.25,251.5;293.75,211;305,313.25;60.5,128.5;71.25,163.75;241,291.75;339.75,232.25
26644;7.75,33.25;99.25,251.5;242.5,217.25;272.5,260.5;22,203.75;32.75,246;221.25,283.25;350,294.75
26583;29.25,123.75;34.5,319.25;242.5,217.25;286.5,286;9,136.75;32.75,246;215,192.75;355.25,294.25
15894;74,87;123,291.5;144.5,224.5;286.5,286;2,188.25;6,172.75;193.5,96.75;355.25,294.25
27859;8.5,42.25;139.5,226.25;207.5,168.25;294,231.5;20.75,119;30.25,119.75;193.5,96.75;355.25,294.25
26111;13,30;56.5,200.25;207.5,168.25;300.25,304.5;20.75,119;91.25,51.5;134.25,74.75;340,278.75
15202;83.5,90;86,271.75;143.75,128.75;282.5,320.75;19.75,19.25;20.75,119;151.25,48.25;340,278.75
15567;116.5,34.75;116.75,313;195.75,114;209,309.25;19.75,19.25;20.75,119;116.5,74.5;273.25,252.75
47330;105,32.5;106.5,283.5;137.5,125.5;138.5,238.75;27.5,71;32.75,81;116.5,74.5;273.25,252.75
32546;88.25,63;106.5,283.5;199.75,178.25;202.5,227;34.75,89;52.25,7.5;80.75,10.75;273.25,252.75
23548;66.5,31;97,189.25;120.25,145;162.25,230.5;34.75,89;48.25,44.25;147,50.25;273.25,252.75
5273;19.25,74.5;62.25,267.5;78.5,161.75;86.5,228.25;34.75,89;48.25,44.25;189,1.25;218.75,296.75
6857;31.5,59;59,294.5;117,59.75;126.25,180.25;48.25,44.25;80,91;147.75,60.25;218.75,296.75
35397;25.25,128.25;59,294.5;74.75,24.75;169,115.75;48.25,44.25;120.25,115.25;150.5,108.25;164.5,240
28316;25.25,128.25;62.75,305;74.75,24.75;213.25,92;12.75,23;82,14.75;169.25,52;187,220.5
29094;63.75,76.25;69.25,309;79.25,113;262.75,30.5;12.75,23;114.25,41.5;169.25,52;173.75,320.25
6967;25,81.25;31,209;117.75,22;279.5,30;5,18.25;88.75,30.5;169.25,52;173.75,320.25
12123;15.5,41.75;128.5,207;185,38.75;220.25,76.25;5,18.25;88.75,30.5;222,16;222,273
39950;15.5,41.75;188.75,268.25;216.25,36.5;220.25,76.25;46.25,30.75;69.5,80;249.5,41.5;262.5,225
3127;29.75,103.75;156,236.25;194.5,43.5;273.25,58;9.25,17.25;69.5,80;246.75,38;262.5,225
43385;29.75,103.75;156,236.25;168,59.5;273.25,58;11.25,0.75;13,72;300.5,3.25;312.5,237.75
11498;113,130.5;160.25,223.75;225.5,82;308,133.75;11.25,0.75;13,72;298.25,12.75;323.5,288
49058;147,128.75;165.75,311.25;177,48.25;331,112.75;18,45.5;30.25,155;298.25,12.75;323.5,288
25970;94.75,177.25;159.75,291;208.25,92;360,29.25;18,45.5;96.75,191;298.25,12.75;347,216.75
47200;94.75,177.25;174.25,301.75;181.5,22.5;360,29.25;11,10.25;85.5,170.75;284.5,42.25;356.25,148
48235;107.25,235.5;174.25,301.75;181.5,22.5;271,25.75;4.75,34.25;7,109.5;223,92.5;262.25,125.75
2199;66.5,315.75;75.25,297.5;82,35;264.25,128.25;4.75,34.25;78.25,162.5;223,92.5;262.25,127.25
38853;66.5,315.75;75.25,297.5;109.5,76.25;338.25,97.5;18.75,19.5;139.75,153.25;234,66.75;234.25,154.5
4535;74.25,281.25;87.5,324.25;119.75,145;277.5,63.5;11.75,91.75;118.25,215;234,66.75;234.25,154.5
44884;75.75,208.75;87.5,324.25;104.5,142.5;200.25,60.75;11.75,91.75;83.25,252.25;258.5,52;261.75,86.25
15322;102.75,282.25;163.75,299.5;174.75,108.5;197,50.25;55.75,41.75;116,319.5;258.5,52;261.75,86.25
10638;74,177;146.75,228;179.25,212.5;265.75,66;5.25,23.75;37.75,251.75;258.5,52;261.75,86.25
23667;64,119.75;225.25,207.75;238.5,259.25;285.75,10.25;13,5.75;37.75,251.75;261.75,86.25;268.75,55
14077;137.25,129;250,257.75;311.5,241;337.75,4;5.5,3;37.75,251.75;237.75,86.75;268.75,55
34712;139.25,150.25;180.25,234;263.5,300.75;337.75,4;11.75,3.25;12.25,287.5;237.75,86.75;263.25,72.25
20767;94.25,157;180.75,206.25;263.5,300.75;351,8.25;11.75,3.25;54.25,316.5;161.75,90.25;188,68
17365;94.25,157;113.75,223.5;276.5,249.25;352.75,39.25;37,36.5;37.5,306.25;161.75,90.25;163,29.75
40233;155.5,214.75;191,249.5;290.5,210.5;317.25,120;37,36.5;37.5,306.25;191,90;217.75,100.75
9710;181.25,206;251,259.75;264.5,138;288,166;37,36.5;37.5,306.25;231.25,50.5;245.5,117.25
39669;264,176.5;282.5,284.75;309.25,112;329.5,230.25;37,36.5;37.5,306.25;221,63.75;301.75,199.25
23841;240,126;282.5,284.75;301.25,113;323.75,228.25;30.25,49.5;49.25,270;221,63.75;292.5,264.75
38160;160,106.75;291,319.5;303.25,33.75;305.5,302.5;30.25,49.5;42.25,260.5;221,63.75;303.25,242.5
32415;154.25,156.5;294.75,257.75;327,29.5;338.5,258.5;30.25,49.5;83.25,189;221,63.75;305.75,278.5
29913;135.75,129;287,183.75;311,2.5;355.25,198.5;30.25,49.5;83.25,189;276.5,46.75;276.75,254.25
43767;135.75,129;287,183.75;289.25,38.25;352,159.5;45.5,76.5;98.75,152.25;289.75,115.75;343.25,278
50317;105.25,125.25;232.5,171.25;285,89;288,166.25;45.5,76.5;98.75,152.25;207.75,105;323.5,301.25
19082;161.5,108.5;200.25,170;237,135.5;246.25,188;38,79.75;98.75,152.25;219.75,89.25;323.5,301.25
47576;90,115.75;139.5,119.25;253,119.25;271.75,133.75;38,79.75;125.25,194.75;141.75,107;323.5,301.25
43832;109.5,107.5;191.5,143.75;236.75,118.5;237,80;54,100.25;125.25,194.75;141.75,107;323,244.5
20563;109.5,107.5;191.5,143.75;278,72.5;280.25,73.75;55.25,41.25;186.5,176;197,65;334.5,224.5
48754;93.75,91;164,103.75;260.75,32;332.75,89.5;122,73.25;191.25,198;197,65;334.5,224.5
2663;85,34;164,103.75;214,22.25;336,2.75;122,73.25;174.75,164.5;183,37.5;310,162.75
28957;93.75,3.75;163,127.25;177,1;362,83.25;122,73.25;174.75,164.5;181.25,41.75;300.25,196.75
16180;121.75,10.75;163.25,126.75;168.5,52.25;362,83.25;81.75,12;186.25,78.25;186.5,99.5;300.25,196.75
3242;121.75,10.75;133.5,101.25;168.5,52.25;334.5,46.75;140.5,74.75;150,91;229.25,186.5;245.5,243.75
27658;49.75,55.5;181,48.75;184,37.5;367,120.75;140.5,74.75;150,91;273,263.75;319,288.75
43836;37.5,137.5;199.25,22;233.75,87.25;307.75,155;140.5,74.75;150,91;265.75,239.25;280.25,241.25
49760;56,96;235.5,76.75;237,75.5;286.75,106;140.5,74.75;150,91;328,287.25;331,197.5
48268;9.5,144.25;194,37.75;215.75,106;222.25,61.75;81,119;203.25,108.5;328,287.25;331,197.5
31365;5.5,165;246.5,35;269.5,148.5;296,74.25;81,119;203.25,108.5;255,268.75;353.75,222.75
42469;5.5,165;246.5,35;269.5,148.5;355.75,82.25;14.5,136.5;236.75,96;283.25,259.75;358,284.5
8052;5,85.25;302.75,67;342.75,131;362,136.25;12.5,195.5;236.75,96;261.75,199;358,284.5
16525;7.75,33.75;314.25,62.75;321,156.75;362,136.25;12.5,195.5;218.5,61.5;237.5,159.5;338.75,272.25
43900;7.75,33.75;337,32.5;354,242.75;369.5,41.25;12.5,195;218.5,61.5;293.75,130.75;314.75,231
33755;14,60;282,52.75;320.75,211.25;360,41.25;112.75,227.75;261,15.75;293.75,130.75;314.75,231
3431;65.25,4.5;221.75,0.25;320.75,211.25;361,90.75;145,299.5;185.75,3.5;293.25,130.75;314.75,231
47790;65.25,4.5;146.5,27.5;320.75,211.25;361,90.75;198.75,236;221,39.25;245.5,201.75;313,313.25
41554;65.25,4.5;146.5,27.5;320.75,211.25;363.25,29.5;157.5,221.75;230.5,15;277,193;278,310.5
11541;11.25,8.75;217,3.75;356.75,213.75;363.25,29.5;171,298.75;230.5,15;290.75,233.25;295.5,305
28347;11.25,8.75;217,3.75;268.5,255.25;285,54.5;207,186.25;226,36.25;233.25,149.5;235,310.25
17468;47,31;210.25,52.5;241,287.25;251,41.25;207,186.25;229.25,50.25;229.5,70.75;235,310.25
17000;128,48.5;224.5,36;241,287.25;257.75,38.5;162.25,164.75;229.5,70.75;252.5,11.5;261.75,206.25
23312;209.5,63;247.75,109.25;286,286;306.5,112.75;162.25,164.75;199.25,11.5;239,59;261.75,206.25
19974;128.75,56;221,54;247.5,218.75;325.75,145.75;162.25,164.75;199.25,11.5;201.75,96;238.25,209.5
11706;65,7;140.5,8.25;264.25,294;269.5,132;162.25,164.75;191.75,98.25;199.25,11.5;214.5,277
46005;65,7;233.75,10;272.25,321.75;275,179.5;140.75,222.25;152,163;199.25,11.5;269.25,220.25
22499;105.25,71.5;148.25,12.5;200.75,319.25;340.75,209;140.75,222.25;152,163;211.75,92.25;247.5,196
5531;110.25,19.5;113.75,32.5;200.75,319.25;317.75,224.25;141.75,195.5;160.5,119;173.5,34.5;247.5,196
4116;28.75,56;156.75,28.25;220.5,311.5;288,290.75;141.75,195.5;143.5,91;146.25,31.5;247.5,196
31542;32,138.75;156.75,28.25;252,296.75;314.75,282;141.75,195.5;151.25,50.25;177,108;242.75,169.5
12233;108.5,111;213.75,1;214.5,320;274.5,201.25;141.75,195.5;168.25,36;176.75,105.25;242.75,169.5
46840;108.5,111;261.75,19;305.75,320.75;347,239;141.75,195.5;147,52;177.75,114.25;266.75,254.25
14998;177,104.75;273.25,25;335.75,284.75;343,317.5;59,207;147,52;181.75,91;266.75,254.25
12984;183,79;285.75,25.25;286.25,318.25;288.75,286.25;34,284.75;173.5,41;181.75,91;266.75,254.25
47541;141,90.5;285.75,25.25;286.25,318.25;338.5,254.75;20,311.25;242.25,72;274.75,101.75;346.5,257
32870;141,90.5;295,57;354.5,304.5;361.5,289;20,311.25;229.75,3.75;337.25,42.5;338.25,184.25
36587;58.25,92.5;215,5.75;332.5,270;353.75,242.5;31.75,301;156.25,29.25;337.25,42.5;338.25,184.25
45320;1,108.25;183.5,7.5;332.5,270;360.5,239.75;17,262.25;156.25,29.25;303,88.25;314,218.25
16530;4,153.25;103.5,20;246.75,297.25;345.75,231.25;13,307;101.75,15.5;303,88.25;314,218.25
1009;4,153.25;158.75,1.5;204.5,310.75;365.25,235;13,307;125.25,7;270.5,13.75;279.5,202.75
17726;0.5,215;264.25,28.5;264.5,244;323,138.25;13,307;125.25,7;200.75,100.5;356.75,156.75
41144;61,243.25;282.5,55.5;288.75,167.25;343.5,131;13,307;77,24.25;125.75,106.75;356.75,156.75
36231;50.5,208;291,56.5;299,112;339.5,81;13,307;38.25,30.25;125.75,106.75;295.5,150.75
20544;89.25,197.5;290,132.75;336.75,151.25;360.25,122.75;13,307;98.75,12;125.75,106.75;268.5,180
24449;27,207.25;290,132.75;334.75,134.5;335,82;15.25,315;125.75,106.75;171.5,40;230,274.5
21605;32.75,267;294.75,169;322.25,161;350.5,8.75;15.25,315;31,118.25;92,6.75;230,274.5
35906;34,229.5;271.25,249;274.75,150.25;354.75,38.75;15.25,315;18,55.5;92,6.75;291,310
39168;34,229.5;218.25,214.75;252.25,223.75;324.75,30.5;1.75,280;78.5,25.25;96.25,35.5;291,310
5687;55.5,295;280,232.25;281,164.5;294.5,105.75;1.75,280;66.75,9.75;111.5,58;291,310
17272;120.5,252.25;273.5,294;279.5,219.25;294.75,169.25;1.75,280;4.75,21.5;63.25,51;291,310
47992;120.5,252.25;202.75,319.25;206.5,169;341.25,142.5;1.75,280;57,88;145.75,30.25;281.5,251.75
10096;196.25,234.25;217.75,270.25;233.25,251.5;294.5,105.25;1.75,280;99.75,123.75;103.75,93.5;281.5,251.75
45259;213,218.5;252.5,223.75;291.75,211.5;322.25,127;27.25,279;49.75,141;103.75,93.5;281.5,251.75
38317;213,218.5;246.75,280.75;287.25,169;322.25,127;80.25,302;96.5,135.75;122.75,17.75;238.75,247.25
28193;127.25,245;219.75,226.5;356.75,228.75;367.5,187.5;80.25,302;116.75,175.5;138.75,74.25;238.75,247.25
33038;160.5,228;225.25,171.25;281.5,171.25;352.5,257;80.25,302;116.75,175.5;187.25,134;203,300.75
32955;242.25,258.5;275,215.75;357.75,216.5;359,273.25;61.5,298.5;117.25,176.25;187.25,134;203,300.75
20501;209.5,311.75;289.25,246.25;348,288.5;351,241.5;61.5,298.5;117.25,176.25;159.5,160.75;250.5,261.5
17807;254.25,268.75;283.25,322.75;345.25,311.5;363.5,306.5;61.5,298.5;124,157.75;159.5,160.75;252,260.5
17477;272.25,169;294.25,242;323.75,279.75;326.75,215.5;38.5,277.5;124,157.75;159.5,160.75;197.75,310.5
3213;256.5,98.25;277.5,295;294.25,242;330.75,118.5;47.5,292.5;124,157.75;155.75,178;177.5,307.25
15654;236.75,14.25;334.25,312;336.75,274.5;337.75,178.75;47.5,292.5;117.5,98.25;155.75,178;216.25,246.75
13957;270.75,31;334.25,312;337.75,178.75;341.25,248.5;13.75,295.75;79.75,40.25;160,221.5;223,321.5
6102;279,125.75;282.25,319.25;297,187.25;302.25,163;7.25,321;85,31.25;160,221.5;223,321.5
4240;249.5,65;282.25,319.25;288.5,134.5;331.75,106.25;23.5,307.75;85,31.25;130,194.5;169,238.5
40607;178.5,45.75;194.75,285.5;288.5,134.5;365,194.25;23.5,307.75;129,92.75;143.5,239.5;144.75,222.5
3254;157.25,30.5;194.75,285.5;195,105.75;322.5,206.75;4.25,306.5;129,92.75;184.75,152.75;193.75,254.75
47725;143.25,22.25;162.75,267.5;182.25,78.25;256.25,153.75;25.75,300;58.5,100.5;184.75,152.75;193.75,254.75
17235;104.75,87.5;174.25,317;245,81.5;254.25,210.5;25.75,300;27.25,50.25;171.25,162;193.75,254.75
989;156.5,34;160,324.25;256.5,62.25;284.25,277.5;25.75,300;72.75,12.5;140.25,199.25;193.75,254.75
44545;158.75,29.75;160,324.25;162.5,35;280,263.25;25.75,300;136.25,21;150.25,226.5;162.25,300.25
42834;107.5,74.5;114.75,310;158.75,29.75;365,197.75;24.25,207.25;40.75,41.75;150.25,226.5;263.75,306.5
24603;104.5,14.5;138.75,309.5;173,50.25;342.5,243.75;24.25,207.25;37.75,108.25;225.25,190.75;263.75,306.5
28147;104.5,14.5;167.75,286;173,50.25;368.75,313.25;10.25,189.25;107.5,140;175,153.25;304,259
9839;159.5,96.25;168.75,227.5;213,3.25;368.75,313.25;25.5,125.25;36.75,119.25;175,153.25;278.75,294
9605;159.25,149;171.25,278.5;259,32;368.75,313.25;25.5,125.25;98,153.25;153.75,87.75;337.25,311.5
45090;87,121.5;171.25,278.5;289,74;368.75,313.25;13.75,201.5;98.75,190;103.25,93.75;298.25,294
31226;60.5,60.75;220.75,259.5;364.5,89.5;368.75,313.25;32.75,252.25;104.75,127.75;153.5,51;298.25,294
28409;83.75,62.75;201.5,248.25;364.5,89.5;368.75,313.25;23.25,265;81.25,189.5;97.5,11.25;338.25,271.75
26070;138,102.5;203,189;326.75,40.75;327.25,315;73.75,310;81.25,189.5;119.5,35.75;338.25,271.75
18470;41.75,76;139.75,272.75;282,53.5;351.25,230.75;15.5,279.75;81.25,189.5;108.25,15.5;338.25,271.75
12016;2.25,27.25;179.75,228.5;272,104.25;291.25,262.5;20.75,219;60.25,148.75;108.25,15.5;338.25,271.75
7204;54.75,46.25;138.5,201.5;269.5,75.5;274,187.5;20.75,219;98.25,195;108.25,15.5;298,278.25
48635;83.5,73.75;195,254.25;294.5,54.25;315.75,195;20.75,219;98.25,195;188.25,23.75;248.75,315.5
25852;65.25,35.25;139.5,300.75;277.25,18.5;357,136;12.75,172;98.25,195;185.25,95.25;248.75,315.5
2350;82.5,32.75;217.5,318.5;242,97.75;291.5,111;3.25,190;84.75,189;185.25,95.25;248.75,315.5
3010;82.5,32.75;217.5,318.5;245.25,65.75;359,120.75;0.5,172.25;24.75,198;108,151.75;192.75,310.25
13583;135.75,21.5;216.25,259;217.25,16.25;358,28.75;0.5,172.25;24.75,198;151.5,117.75;170.75,303.75
40424;135.75,21.5;149.5,265;290,5.5;347.25,27.25;3.5,155.5;61,153.5;145.75,52;170.75,303.75
1630;111.25,89.75;164.75,260.25;277.25,19;368.75,29.25;3.5,155.5;68.25,108.5;77.75,80;170.75,303.75
36391;81,142.25;114.75,311;277.25,19;368.75,29.25;79.5,115.75;86,19.5;126.25,156.75;154.5,302.75
47980;153.25,125.75;202.5,267.5;246.75,50.5;368.75,29.25;18.5,155;86,19.5;91.5,170.5;179,287
5504;139.5,89.25;281,319;286.25,72.25;354.75,24.25;25.75,105.25;86,19.5;91.5,170.5;280.25,286.25
27361;190.5,38.5;299,319;325.5,19.25;362.5,120.25;25.75,105.25;86,19.5;124.5,199.5;316.25,192.25
40870;93,59.25;327.75,237.25;344,13.25;371.75,53.25;25.75,105.25;163.25,89;207.75,204.75;316.25,192.25
8071;124.75,83.75;320.25,157.75;344,13.25;365.75,144;25.75,105.25;158.5,31;176.5,303.25;235.75,154.5
45848;124.75,83.75;308.25,110.5;323.25,19.75;365.75,144;3.75,30.75;144.25,31.25;208.25,266.25;317.25,137
22884;143.75,28.5;243.25,159;266.25,57;286.25,166.5;71.25,10.5;144.25,31.25;208.25,266.25;341.25,221.75
41049;119.75,44.75;262.25,241.5;302.5,77;330.5,149.25;12.75,22.5;144.25,31.25;273,321.25;341.25,221.75
4836;166.5,52.75;182.75,228.5;299,14;355.75,112.75;12.75,22.5;104,93.75;316,320.75;341.25,221.75
19077;81.25,92.75;188,267.75;348.25,34.5;357.25,173.75;12.75,22.5;164.75,114.5;316,320.75;336,201
3510;37.25,115.75;123,283;348.25,34.5;356,130.75;24.75,31.5;92.5,153.25;281.25,287.75;336,201
47699;19,62.75;184.5,318.75;300.75,111.25;301.75,53;24.75,31.5;92.5,153.25;246.75,228.25;276.75,254.25
33641;70.75,123.75;184.5,318.75;300.75,111.25;361.25,67.75;60,13.5;91,170.75;224.25,167.5;227.5,283.75
25009;17,62.75;169,260.75;303,148.5;329.5,151.75;6.75,2.75;91,170.75;188,214.75;227.5,283.75
45951;17,62.75;169,260.75;271,130.5;282.5,183.5;66.75,10;95.5,196.5;147.75,152;166,241
39920;17,62.75;169,260.75;225,104.25;229.75,207.25;39.25,57.5;101.75,109;103.75,197;154.75,301.5
11106;51.5,42.75;130.25,171.5;158,90.5;165,211.75;39.25,57.5;56.5,112.5;105.75,151.75;154.75,301.5
42757;51.5,42.75;128,200.5;134.25,25.25;161,226;84.25,25.25;93.25,153.25;95.75,77.75;154.75,301.5
19124;66.75,16.25;128,200.5;134.25,25.25;246.75,186.5;147.5,52.75;151.5,108.25;186.5,108;248,266
4249;67,8.75;128,200.5;155.25,54;303,152.5;147.5,52.75;185.5,110;201,175.25;219.5,315.25
33062;104.5,15.5;120.75,270.5;155.25,54;298.5,112.25;128,39;142.5,79.25;149.25,192;219.5,315.25
33331;56.75,6.5;196.25,278.5;230.5,77.75;334.75,152.25;119.25,8;142.5,79.25;209.25,160;219.5,315.25
31998;56.75,6.5;199.5,310;230.5,77.75;332.5,137.5;110.25,50;216.25,25;223.75,117.5;319.25,312.75
38775;56.75,6.5;219.25,245.25;235,126;285,55;165.75,40.5;206,14.5;252,42;319.25,312.75
34189;56.75,6.5;219.25,245.25;240.5,75.5;349.75,34.25;115,71.25;202.75,39.5;296.5,84.75;323,314.5
6415;56.75,6.5;142,239.25;176.75,111.5;349.75,34.25;123.5,24;244.75,15.75;275.5,15;308.75,273.75
21433;56.75,6.5;89.25,177;176.75,111.5;349.75,34.25;44.75,39;226,17;229.75,16.5;314.75,180.75
39432;62.25,26;91,201.5;150.25,49.25;370.25,54.75;29.75,88.5;226,17;229.75,16.5;363,211.5
39696;17.25,98.75;76,175;185,1;360,138;57.25,111.75;226,17;260.5,15.5;363,211.5
14146;77,22.25;95,85.5;143.25,76.75;286.25,164.25;27.75,91.75;129,40.75;260.5,15.5;363,211.5
32059;50.5,8.75;95,85.5;231,68.5;279,123;11.5,185.75;130.75,91;289.5,2.25;363,211.5
7178;11.25,41.75;102.75,52;203.25,132.5;328,67.25;12.25,171.25;130.75,91;237,71;363,211.5
19822;11.25,41.75;181.5,49;272.75,199.75;284.75,101.5;7.75,193.5;128,91.75;334.25,60.25;363,211.5
930;43.5,68.75;168.75,16.5;256.5,279.25;262.25,154.5;7.75,193.5;99.25,152.25;321.25,64;363,211.5
23493;71.5,141.5;216.75,55.75;228.75,237.5;316.25,114.5;7.75,193.5;105.25,152.75;341.75,53.25;363,211.5
8927;71.5,141.5;158.5,88.75;208.5,309.25;237.25,147.25;34.5,174.25;105.25,152.75;315.5,20;355.5,296.25
17736;59.5,201.5;111.75,21;170.25,241.75;252.25,181.75;34.5,174.25;90.5,160.25;327.75,60.75;355.5,296.25
44093;115,169.25;149.25,29;161,213.75;242.75,172.75;17,203.25;90.5,160.25;327.75,60.75;361.5,264.25
9962;135.5,148.5;158,29.75;160.75,240.75;227.75,155.75;17,203.25;88.5,169.5;327.75,60.75;353.5,293.75
2522;146,127.5;159.5,33;160.75,183.75;248,183;58,290.25;88.5,169.5;327.75,60.75;345.75,277.5
5056;43.75,126;159.5,33;163,225;314,112;20,323.75;88.5,169.5;343.25,50.5;354,190.25
38321;64,75.25;134,26.5;241.75,202.5;316.5,115;7.75,291.5;88.5,169.5;352.25,3.25;354,190.25
26654;7,105.25;134,26.5;155.25,224.5;341.5,89;15.25,295.75;91.75,160;351.75,22.5;354,190.25
50213;90.75,110;146,33.75;146.25,308.75;321.75,55.5;15.25,295.75;91.75,160;322.25,82.75;353.75,203
44984;84.25,28.75;185.75,5.75;202.25,279.25;363.5,84.75;15.25,295.75;176,162;252.25,76;353.75,203
44958;115.75,51.5;204.75,60.75;281,322.25;348,14.25;15.25,295.75;203,174.75;338.75,60;353.75,203
34139;115.75,52;182,0.75;331.25,274.25;335.25,33;20.5,309.75;203,174.75;341,50.25;353.75,203
10510;149.75,29;273.25,42.75;303,256.75;347.75,128.25;4,309.75;263,138.25;341,50.25;353.75,203
4348;110.5,108.5;265.5,65.25;345.5,272.5;367.75,121.5;4,309.75;327.5,207.25;341,50.25;349.5,173
48986;61,171.75;217.25,4.75;346.25,228;352,159.5;4,309.75;276.25,220.75;304.5,10.75;349.5,173
36766;91.75,148.75;217.25,4.75;294.75,169.5;323.25,124.75;4,309.75;281.5,217.25;316.25,22.5;357.25,146.75
15313;38,162;174,37.5;245.75,177.5;264.5,177.5;4,309.75;232.25,283.75;316.25,22.5;349.5,163.75
4839;76.25,129.75;98,9.75;241.75,171.25;264.5,177.5;4,309.75;220,296.25;225,25;284.75,218
49855;151.5,83.25;154,29.5;166.25,215.25;290.25,168;4,309.75;231,304.75;270.5,25;284.75,218
11786;164,141.5;211.5,78.5;250,207.75;268,75.75;4,309.75;257.75,248.25;270.5,25;338.5,309
3493;104.5,151.5;211.75,17.25;222.75,161.5;246,22.75;4,309.75;257.25,248.25;270.5,25;354,312.75
50548;174.75,108.25;208.25,21.5;241,97.25;284.75,74.25;4,309.75;213.25,297.5;270.5,25;288.5,246.5
30552;157.25,28.25;191.75,5.5;285.25,54.25;310.25,22.75;17.25,273.5;213.25,297.5;270.5,25;327.5,310
16290;118.25,13.75;140.75,100;269.25,70.75;270.5,26.25;17.25,273.5;162.5,203.75;270.5,25;280.75,305.5
42781;91.25,9.5;144.25,136.75;321,58.5;335.75,18.25;17.25,273.5;162.5,203.75;220.5,48.75;318.25,314.25
11165;15.5,32;144.25,136.75;291.25,104.5;353.25,27.25;78.25,232;214.25,183.75;220.5,48.75;361.75,268.75
44007;63.25,58;67.75,120;317.5,41;318.5,106;78.25,232;166.25,226.25;227,117.5;361.75,268.75
38132;5,43.25;134.25,156.75;317.5,41;318.5,106;88,248.25;223,273.5;279.75,60;337.25,309.75
8108;29.25,31.25;147.75,183.5;277.75,70.5;293.5,55.25;88,248.25;186,303.25;206.5,64.5;337.25,309.75
3590;42.75,12;225.75,170.25;277.75,70.5;293.5,55.25;104.75,304.25;165.25,222.5;187,138.25;352.5,307.25
9280;38.5,49.75;235,231;274.75,58;278.75,128.5;104.5,276;156.75,191;187,138.25;352.5,307.25
6978;105.75,5;224.75,206.75;250.5,19.5;315.5,222.75;54.25,272.75;164.75,278.75;187,138.25;352.5,307.25
29840;97.5,26.25;194,135.25;285,71.75;289.25,152.75;21.5,311.25;156.5,279.25;187,138.25;352.5,307.25
22480;108.75,74;231.75,149.75;256.75,147;311.25,67.5;21.5,311.25;200,313;215,221.75;352.5,307.25
24783;47.25,30.25;227.75,75.5;236,209.25;332.75,56.5;21.5,311.25;218.75,306.75;266.5,173.5;352.5,307.25
36696;28.25,22.75;153.5,108.75;154.75,183;262.5,55.25;71.25,260.25;218.75,306.75;250.5,87.25;352.5,307.25
5249;71.5,16.25;105,114.5;130.75,173.5;294.75,2.5;15.5,306;218.75,306.75;237.75,76;352.5,307.25
24787;43.5,44.75;54.25,36.25;60.5,114.25;294.75,2.5;22.5,284.25;276.5,271;322,82;352.5,307.25
19317;8,89.75;8.5,84.5;27.25,126.25;364.75,71.25;78,273;276.5,271;320.75,82;352.5,307.25
42427;52.5,8;63.75,147.25;74.5,122.25;364.75,71.25;70.5,180.25;205.25,218.25;343.75,60.5;352.5,307.25
34366;1.75,69.25;9.25,94;63.75,147.25;364.75,71.25;116.25,202.25;173.75,319.25;298.25,83.5;353.5,293.25
39698;27,85.75;32.25,145;33,108.75;342.75,72;133.75,215.25;173.75,319.25;314.25,180.25;353.5,293.25
46613;15.25,57.75;32.25,145;55.25,7.25;298.25,116;143.5,241.5;173.75,319.25;338.25,150.75;353,190.75
3112;25,84.25;35.5,237.75;104.75,9.25;290.75,208;143.5,241.5;173.75,319.25;352.25,67.25;355.75,158.5
8588;0.75,86;35.5,237.75;173,19;360,122.25;141,255;173.75,319.25;312.75,163.5;313.75,66
35704;81,59.25;85,159.75;215.25,35.5;339.5,44.75;50.5,278;173.75,319.25;313.75,66;321.75,162.5
20804;44.5,94.25;53.75,172.25;281.75,72.75;296.75,36.5;80.25,318.25;164,318;313.75,66;321.75,162.5
37745;13.75,110.5;43,110;278.25,117;369.5,37.75;13,270.5;239.5,257;313.75,66;321.75,162.5
19525;9.5,45.5;43,110;257,160.75;283,26.5;13,270.5;221.75,176.75;244.75,76;346.5,77.75
11774;41,9.25;86.25,91.25;244,225.75;334.75,34.5;13,270.5;221.75,176.75;302.25,3.5;356,82.75
45119;58.75,55.25;153.25,127.5;263.75,311.5;281.5,75;13,270.5;221.75,176.75;324.75,31;342,43.25
32100;118,123.75;138.25,128.25;263.75,311.5;266.75,149.5;13,270.5;290.75,233.75;300,47.25;305.5,10.75
21637;29.25,108.5;138.25,128.25;263.75,311.5;266.75,149.5;67,271;291,276.25;292,20.25;299,9.25
14598;7.5,109;110.5,44.5;214.5,302;266.75,149.5;48.75,280.5;242.5,281.75;242.75,98;299,9.25
18510;0.5,182;57.25,61.5;164,252.75;253,193.75;112.5,281.25;242.5,281.75;242.75,98;258.25,5.25
8647;52.75,159.25;54.5,16.25;103,294.5;246.75,130.75;112.5,281.25;240.75,231.75;242.75,98;258.25,5.25
5979;59.25,61.5;143,22;195,281;253.25,122.75;161,300.5;240.75,231.75;242.75,98;340.5,44.75
26770;7.5,62.25;141.5,19.25;195,281;196.25,169.5;174.5,302.25;192.75,307.25;206.5,129;340.5,44.75
27281;7.5,62.25;141.5,19.25;175.5,279.75;239.5,135.75;67.75,269.25;108.25,245;242.25,85.75;253.5,24.75
4589;7.5,62.25;184,36.75;236.25,260;239.5,135.75;59.75,221.5;125.75,319.75;251.5,14.25;265,82.5
10296;25.25,103.5;184,36.75;252.25,296;267,183.25;26.75,279;77.75,298.25;251.5,14.25;285.25,88.75
49104;17.25,139.75;137,77.25;299.75,287.5;336.25,181.75;18.75,297;97,267.5;251.5,14.25;285.25,88.75
50162;40,144.25;166.25,136.75;289.75,310.5;315.75,248.25;18.75,297;97,267.5;248.25,14.5;286.5,185.25
6374;49.75,123.5;166.25,136.75;342.75,313.25;351.25,275;32.25,214.5;166.5,299.25;248.25,14.5;320,261.75
15840;49.75,123.5;207.5,166.75;342.5,251.75;343.25,215.5;99.5,198.5;142.5,318;248.25,14.5;250,244.25
1368;93.25,83.75;207.5,166.75;304.75,303.5;357.75,214;75,125.75;171,298.25;201.25,14.5;250,244.25
50151;124.5,4.5;132.75,172.75;304.75,303.5;364.75,265.75;75,125.75;167.5,298.75;181.5,37.25;186.75,175.25
3567;124.5,4.5;132.75,172.75;209,309.5;292.25,211;151,90.75;172.25,237.5;193.5,90.25;213,96.5
20564;60,4.25;121.5,253.25;139.5,289.25;355.75,230.25;151,90.75;164.75,199.75;172.5,35.5;213,96.5
6097;8.75,23.75;25.75,285.25;139.5,289.25;348.75,321;80,20.5;164.75,199.75;174.75,37;251,76.5
13097;8.75,23.75;94.25,233.25;152,226.75;348.75,321;93.75,15.25;164,194.25;192.5,84;314.75,22.25
24667;20,30.75;80.5,267;118.25,223.5;341,321.25;82.75,26.25;164,194.25;192.5,84;356.75,55.25
16456;40.75,102;44.25,313.5;82.5,175.25;308.25,319;83,26.5;124,196.25;192.5,84;356.75,55.25
4260;17.5,144.25;34,311.25;82.75,165;364.75,260.75;80.75,81.5;103.75,126.75;192.5,84;356.75,55.25
40861;48.5,189.5;68.25,281.25;89,115.75;364.75,260.75;1.75,52.25;103.75,126.75;192.75,173.5;342.25,52.5
19727;129,212.5;140.75,227.75;142.25,90.25;363,297;1.75,52.25;100.5,107.5;192.75,173.5;278.25,107.5
47974;51,217.75;140.75,227.75;142.25,90.25;315.75,246.25;19.5,0.75;95,107.75;187.75,97.5;191.75,96.25
10014;49,218.25;76,228.25;193.75,146.25;367.5,196;19.5,0.75;112.25,112.75;187.75,97.5;206.25,48
41748;49,218.25;76,228.25;183,157;299.5,232;4.25,51.5;84.5,125;264.5,52.75;264.75,28.75
32824;47.5,217;76,228.25;183,157;344.25,157.5;42.25,56.75;104.75,98.75;250,11.75;333.75,58
48304;44.75,213.5;80,315.5;183,157;318,146;42.25,56.75;64.75,91.25;259.25,6.25;354.75,12.5
24236;130,195.75;146,261.5;151.75,205;254.5,73;42.25,56.75;147.5,56;254.5,69.75;354.75,12.5
30342;143.25,239.75;172,324.25;180.25,265.25;254.5,73;83.5,15.5;172,48.5;184.75,40.5;354.75,12.5
35225;143.25,209.5;172,324.25;208.75,266.5;311,110.75;83.5,15.5;242.25,14.25;260.75,16.25;320.5,52.5
8653;94.25,175;116,283;161.75,318.75;271.75,35;14.25,38;242.25,14.25;260.75,16.25;339.5,32.25
20988;37.5,162.25;71,307.75;247,312.75;309.75,97.75;14.25,38;207.5,46.5;260.75,16.25;358,6.5
34757;14.5,160.5;71,307.75;290.5,321;348,24.5;51.75,69;175.25,37;260.75,16.25;346.75,80.5
39248;52,189;64.75,305;290.5,321;348,24.5;39.25,107.5;112.75,38.5;244.75,17.75;263.25,113
6568;52,189;64.75,305;246.5,260.25;309.75,55.5;93,33.25;93.5,20.5;194.25,40.25;261.5,42.5
26530;80.75,139.25;172.75,323;205.75,284;282.25,54.75;93,33.25;93.5,20.5;238.25,90.5;250.75,106.5
10379;66.75,58.25;251,307.5;257.5,231.75;277,133.75;93,33.25;93.5,20.5;208,35.5;246.25,77
37250;128.25,20.25;175.75,289;246,220;277,133.75;19.5,60.5;103.25,13.5;208,35.5;210.5,96
23516;84.75,86.25;203,311.5;256,302;260.75,97.25;36.5,118.75;135.25,20.75;208,35.5;210.5,96
24020;103.75,13.75;294.5,319.75;313,255.25;315.25,20.75;70.25,129.25;135.25,20.75;173,38;210.5,96
28196;138,19.75;312.5,293.75;313,255.25;367.25,44;47.5,126.5;60,99.75;173,38;220.75,92.5
24543;138,19.75;282,254.75;331,199.75;367.25,44;11.25,53;74.75,11.75;251.25,16.25;257.25,52.5
21141;208.25,56;273,179.25;273,240;290,92.75;56.5,108.5;88.25,16.75;251.25,16.25;257.25,52.5
32786;132.5,46.5;298.5,247.5;314.75,304.25;317,150.25;56.5,108.5;88.25,16.75;242.75,12.75;257.25,52.5
31323;174.75,111.25;240.75,202.5;314.75,304.25;328.75,120.5;73,21.5;78,19.5;158.25,28.75;257.25,52.5
16458;133.75,129;240.75,202.5;306.25,320.5;308,112.75;3.25,23.75;78,19.5;143.5,58.25;342,77.5
34250;165,110.25;275.5,193.75;306.25,320.5;312.75,41.25;13.75,92;18.75,35.75;89.25,97.25;342,77.5
513;165,110.25;278.75,276.75;279.25,286.75;293.75,75.75;13.75,92;16.25,18.75;69.5,176.25;289,115
36227;228.5,98.75;228.5,189.25;265.5,212.5;275,13;13.75,92;16.25,18.75;119,229;326,132
39034;157.5,157.5;163.75,150.5;284.75,142;321.5,60;29.75,57.25;84,20;119,229;326,132
33338;136.75,126.5;205,184.75;294,112;337.25,10.25;29.75,57.25;74.5,41.5;119,229;311.25,196.75
36603;93.5,204;240.25,260.25;295.25,102.25;341,33.75;3.25,24;88,25.75;119,229;311.25,196.75
6765;99.25,252;240.25,260.25;247.75,49.25;352.5,12.25;24.25,34.5;33.5,77.25;79.5,222.25;311.25,196.75
32883;60,294;240.25,260.25;247.75,49.25;352.5,12.25;5,5.75;40.5,68;71.5,286.75;339.75,177.75
5935;60,294;173.5,189.75;273.5,18.5;324.5,41.5;5,5.75;11,156.75;13.5,311.5;323,160.25
24608;140.25,313.5;141.25,98.75;264,18.5;268.75,7.25;5,5.75;19,186.25;67.5,259.25;323,160.25
3727;138.5,281.75;171.75,89.25;272,73.25;311.75,96.25;5,5.75;16.5,99.5;67.5,277.25;323,160.25
35048;138.5,281.75;157.75,156.75;203.75,132;311.75,96.25;6.5,35;10.75,102.75;19.25,265;320.75,180.75
4917;139,215.75;143.5,225.75;235,105.25;334.5,35;6.5,35;9.75,171.75;20.75,310.75;320.75,180.75
39106;90.75,165;143.5,225.75;174.5,138.75;271,32;11.5,54.5;20.75,218.5;20.75,310.75;265.75,220.5
35782;90.75,165;143.5,225.75;179.5,47.5;271,32;13.25,136.25;20.25,307;25.75,231;188.75,243
43129;135,91.75;191.25,158.5;228.5,83.5;243.25,7.5;13.25,136.25;16.75,215.75;20.25,307;137.25,181.25
30017;35,124.25;132.75,170.75;228.5,83.5;327,29.5;12.5,150;20.25,307;46.75,252.25;63.5,109.25
37478;88,118.5;153,124.25;276,39.25;276.5,104.5;12.5,150;20.25,307;41.25,198.25;48.25,75
34764;95.25,161.25;162.25,200.25;276,39.25;276.5,104.5;20.75,244.25;28,308.25;61,105.25;81,87.75
23638;48.25,124;246.25,200.25;258.5,55.25;279.5,166;2.5,309;20.75,244.25;33.25,80;81,87.75
40499;42.5,46.25;244.25,117.5;290,93.25;339,197.75;2.5,309;20.75,244.25;120.25,104.25;155.25,17.75
33682;122,7.25;218.75,45.5;289.5,23.5;351.25,289;20.75,244.25;31.75,283.5;120.25,104.25;147.75,51.5
17044;127.25,12;218.75,45.5;286.5,70.5;296.5,302.25;14.25,307.5;22.75,287.75;120.25,104.25;222,41.25
27880;155,33.25;280,56.5;306,115.5;343.5,299.5;14.25,307.5;55.5,242.5;138.5,172.75;222,41.25
42615;147.75,114.75;349.75,33.25;358,127.5;360.5,258.25;14.25,307.5;55.5,242.5;138.5,172.75;273,90.25
11517;147.75,114.75;280,89;295,92.25;360.5,258.25;94,267.75;117.25,195;136,240.25;287.75,34.5
18737;134.25,126;280,89;359,91.75;360.5,258.25;51,268.75;68.25,216;112.25,224;353.25,16.5
41721;133.25,62.5;243.25,117;336.75,37;360.5,258.25;35.25,321;68.25,216;116,252;354.75,25
5715;192.25,18;263.25,65.5;279,35.5;291.5,259.5;11.75,302.25;68.25,216;115.75,309.5;354.75,25
44617;211.25,78.25;266.25,92.5;293.75,52;309.25,321.25;11.75,302.25;37,146.25;115.75,309.5;322.75,3.75
26193;155.25,58.5;186.5,37.25;223.25,70.25;309.25,321.25;15.5,306.75;41.75,50.5;49.25,282.25;322.75,3.75
7326;155.25,58.5;186.5,37.25;192.5,102.75;309.25,321.25;8,244.5;18.5,17;45,312.25;257.25,27
8475;219.75,72;242,99.5;245.25,66;331.5,266.25;10.5,203.25;18.5,17;34,278.25;257.25,27
31461;187.5,119.75;242,99.5;250.75,20.75;305.25,259.25;11.5,172;12,5.25;34,278.25;314.75,38.5
25797;214,13;236.75,13.75;249.5,129.75;282,223;11.5,172;24.75,69.5;34,278.25;318,144.5
7760;214,13;236.75,13.75;268.25,130.75;273.5,167.25;26.25,197.25;66.75,149;77.5,283;306,88
35385;214,13;236.75,13.75;321.25,211.25;328.5,149.25;12.5,142.25;85.75,125.75;100.25,230.75;351.25,154
2962;214.25,17.25;215.75,8.5;298.25,249;356.5,155.25;12.5,142.25;112.5,82.25;126.25,152.25;351.25,154
13191;175.5,36.75;176.75,85;252,227;294.25,209;12.5,142.25;81.75,103.25;126.25,152.25;319.5,163
20449;181.25,113.75;229,136.75;245.5,307;286,167.75;28.5,179.5;87.75,103.25;126.25,152.25;319.5,163
6301;246,133.5;277,104.25;309.25,317.25;326.75,139.75;49.5,162;54,130.5;126.25,152.25;319.5,163
41025;260.25,74.25;274.25,128.25;309,318.25;366.75,73.25;49.5,162;54,130.5;164.25,163.25;314.25,116
2783;232,135;261.75,167.25;311.25,253.75;367.75,51.75;49.5,162;54,130.5;186,98;313.5,184.25
4875;153.25,128;250.5,101.75;255,257.25;358,24.25;7.5,231.75;36.25,76.25;186,98;313.5,184.25
38227;98.5,151.5;162.5,100.75;186,256.25;358,24.25;4.75,186.75;12.5,68.5;222.25,103.25;313.5,184.25
7525;59,129.25;113,36.25;139.5,240.25;353.25,95.25;4.75,186.75;12.5,68.5;175,36.5;310.5,202.75
17798;8.5,191;113,36.25;172.5,290.75;341,8;4.75,186.75;12,4.75;218.75,94;252.25,231.25
19740;32.75,243;113,36.25;172.5,290.75;301.25,81.75;12.5,269;52,33.5;276.5,102.75;323,310
9222;32.75,243;162.25,45;174.25,307.25;357,122;12.5,269;52.75,7.75;224.25,165.5;337.75,230
46774;71.25,298.5;164,108.25;174.25,307.25;339.75,80.25;11.5,274;52.75,7.75;215,139.25;362,269.25
4736;5.25,272.75;105.75,51.5;194.75,295.25;366.5,146.25;69,283.5;107.5,51.5;215,139.25;362,269.25
6369;40.75,270.25;88,58.75;140.75,265.25;363,192.75;69,283.5;101.25,107.75;219.75,142.75;362,269.25
35636;7.5,309.5;48,122;110.25,223;363,192.75;101,302.25;118,158.25;248.25,176.75;362,269.25
20110;29.25,296.25;136.75,128.75;160.5,218.75;348.25,235.75;101,302.25;121.75,111.75;248.25,176.75;275.5,276
19977;15.75,292.5;209.75,77.75;232.5,245.75;347.75,266.5;82.5,285.25;121.75,111.75;248.25,176.75;263.5,294
32847;29.5,277.75;168.25,53;297.75,251.5;353.75,255.5;82.5,285.25;121.75,111.75;320,177.75;324.75,278.5
7306;30,210.5;138,42;272.25,164;363.5,198;99.75,283;121.75,111.75;249.5,169.25;324.75,278.5
10895;62.5,182;138,42;290.75,176.5;365.5,147;99.75,283;111.25,153.25;232.75,155;352,278.25
6520;15,175.5;127,24.5;334.75,133;351.25,99.75;46.25,248.5;111.25,153.25;312.25,111.25;352,278.25
40787;61.25,160.75;127,24.5;357.5,130;371.25,142.75;12.25,321;166.75,222.5;312.75,29.5;352,278.25
38642;138.25,223.75;213,57.25;297.5,75.75;369.75,121.25;12.25,321;148.5,221.5;312.75,29.5;321.25,312.75
21066;69,221.75;194.25,113;309.75,98.25;333,135.5;12.25,321;148.5,221.5;243.75,5.25;352.75,305.75
4629;98.75,189.5;246.25,177.75;257.5,33.5;368,209.25;12.25,321;199.5,223.75;227.5,62.5;352.75,305.75
21294;168.75,234;196.25,167.25;307.5,101.75;355.75,225.5;8,292;199.5,223.75;227.5,62.5;356,312.75
41294;203.5,268.5;227.75,177.25;279.75,101.5;318.75,302.5;10,303.25;199.5,223.75;227.5,62.5;309.5,273
44601;203.5,268.5;227.75,177.25;308.25,111;360.5,250.25;24,264.75;139.75,199.5;242.25,73;356.5,223.25
14571;235.75,201.75;242,218.25;275.25,159.25;293.25,209.5;53,187.75;139.75,199.5;242.25,73;314.25,186
40582;147,223.75;204.25,236;206.75,166.25;309.5,232.25;53,187.75;127.75,115.5;242.25,73;296.25,194.5
7349;135.5,228;159.75,211.25;182,119;247,196.5;109.75,241.5;140.75,173.5;242.25,73;296.25,194.5
32426;65.75,293.5;128.75,292;134,147.75;301.5,207.5;140.75,173.5;175.25,238;242.25,73;304.5,132.25
30355;65.75,293.5;128.75,292;209.25,201;370,195.25;144,143;186,173.5;219,113.75;252.5,71.5
26444;79.5,247.75;160.5,274;209.25,201;331.75,143.5;144,143;230.25,203;231.75,131.75;250.25,14.25
47126;45.75,205.5;197,267.25;259,176.5;349,213.75;144,143;233.75,245;237.75,133.75;250.25,14.25
5754;49,190.5;237.5,191.75;326.25,187.75;351.75,225;174,213.75;178.75,231;237.75,133.75;250.25,14.25
45274;17,140.25;243,199.5;293,111;368,208;178.75,231;184.5,213.5;185.75,99.75;250.25,14.25
27129;73.25,96.5;248.5,118;317,151.75;326,145.5;125.75,196;177.75,301.25;185.75,99.75;250.25,14.25
4389;86,120;267.25,87.5;284.75,229.25;286.75,230.75;125.75,196;154,317.25;182.5,134.5;250.25,14.25
47039;14,62.25;227.5,146.5;284.75,229.25;286.75,230.75;113.75,217;131.25,246.25;133.75,199.5;158.5,31.75
49018;14,62.25;312.75,123.75;316.75,259.5;343.25,182.25;101.75,198;109.25,197;121,196.25;158.5,31.75
27478;65.5,84;275.75,117.5;337.75,267;342,225.5;11,229.25;109.25,197;121,196.25;123.25,20
36251;65.5,84;275.5,130.75;280.5,231.5;317.25,300.5;30.75,252;55,247.5;69,151.25;123.25,20
50307;136.5,41;352.25,94.25;355.25,208.5;364.5,267;30.75,252;55,247.5;69,151.25;180.75,63.5
30468;152.5,108.25;289.25,24.25;341,288;341.75,315;16,201.75;23.5,310;69,151.25;180.75,63.5
41128;143.5,13.5;244,19.5;290.5,215;354,242.5;16,201.75;23.5,310;42.75,77;233,35.5
479;57.75,56;183.75,113.75;251.75,313.5;278.5,171.25;6.75,186.75;34.75,227;42.75,77;233,35.5
18455;50.75,56.25;144.25,27.5;148.75,287.75;352,198.25;6.75,186.75;34.75,227;71.5,89.25;245.5,121
47435;50.75,56.25;153.5,29.25;209.5,310;352,198.25;16.25,118.25;31,307;151,108.25;213.25,190.5
40906;124.75,22.5;146.75,126.5;157.25,246.75;307,140.25;16.25,118.25;31,307;209.75,84.75;216.25,143
25828;113.5,5.75;117.75,200.75;133.75,160.75;247.5,109.25;16.25,118.25;53.75,275;209.75,84.75;300.5,133.25
7977;79.75,24;100.25,214.25;154.75,128.25;276,173;16.25,118.25;82.25,313.5;161.5,91;300.5,133.25
43699;128.25,14;130.75,291;211.25,81.75;247.5,249;32,182;69.25,289.75;161.5,91;300.5,133.25
46599;104,18.75;111,209.25;211.25,81.75;247.5,249;26.75,198.5;95.75,226;108,39.25;356,165.75
4693;168,38.75;173.25,149.5;178.5,85;239,225.75;26.75,198.5;95.75,226;132.75,106.25;336,130.5
17334;130.25,124;137.25,182.75;211.25,7;230.75,170.25;23.5,228.5;49,197.75;132.75,106.25;336,130.5
31754;69.25,76.25;153.25,128.75;165.5,50.5;230.75,170.25;23,308.5;49,197.75;142.75,48;356.75,158.5
9895;50.75,75.75;91.75,98.5;143,89;195,226.5;23,308.5;100.75,152;112.5,57;356.75,158.5
30747;94.25,19.25;131.5,61.75;186.25,142.75;230.75,171.25;23,308.5;50.75,173.25;112.5,57;362.25,79.75
20831;34.75,16.25;68.25,39.25;137.75,128.5;291.5,135;18,271.5;50.75,173.25;98,109.5;362.25,79.75
16652;46.25,125.5;74,140.5;219.25,156;268,92;18,271.5;69.5,77.5;127.5,98.25;362.25,79.75
36311;92.5,186.75;154.75,126.75;188.75,155.75;328.5,116.25;60,221;74.25,10.75;127.5,98.25;362.25,79.75
47088;162,161.75;170.75,98;180.25,111;285.25,55;60,221;74.25,10.75;137.25,98;290.25,37.25
20807;170,226.75;170.75,98;180.25,111;255.5,62.25;115.25,273.25;127.75,20.5;223,83.5;255.25,26.25
39991;150,266.75;182.75,5.75;260.25,153.75;272.75,18.5;88,314;127.75,20.5;230,154.5;255.25,26.25
42439;113.75,311.5;120.5,51;260.25,153.75;272.75,18.5;121,308.75;121.75,17.5;182.5,149;249.25,36
36937;27.75,301.75;46.75,51.75;236,193.5;344,17.25;58.5,273.5;121.75,17.5;182.5,149;325.75,56.25
22455;26.5,296.75;46.75,51.75;323.75,165.25;367.5,89.5;32.5,198;122.25,19;191.5,165;325.75,56.25
29498;9.25,287;46.75,51.75;326.75,195;357,17.75;4.25,150;93.25,64.75;191.5,165;236.75,55.5
1711;9.25,287;35,108.75;237,155.5;357,17.75;29.5,213;131.25,20.5;140.75,196.25;235.75,154
9769;16.25,226.75;20,126.5;166.25,214.25;357,17.75;12.5,145.75;43.5,45.25;105.25,135.75;235.75,154
41853;10.25,303;111.75,90;158,124.75;323,92.75;12.5,145.75;43.5,45.25;185.75,95.25;210,96
21414;55.5,318.25;151.25,48;226.5,129.75;279,130.5;12.5,145.75;64.25,10.75;185.75,95.25;221.25,108
43231;48,243.25;99.5,114.5;255,207.25;269.75,70.75;12.5,145.75;64.25,10.75;230.75,3.75;247,199.75
7583;93.5,231.75;194.75,113.75;262.5,306.75;278.25,26.5;81.5,97.75;108.75,52.75;230.75,3.75;247,199.75
8153;69,205.5;221.5,21.5;246.5,248.5;251.25,58.75;81.5,97.75;108.75,52.75;226.75,16.5;254.75,218
22314;127.25,243.5;220,10.75;263.5,153.75;298.5,85;81.5,97.75;139,65.75;226.75,16.5;275.75,175
38691;184.25,261.25;224.75,45.75;271.75,135.25;358.75,118.75;87.25,25.25;93.5,119.5;226.75,16.5;275.75,175
28574;265.75,227.75;273,75.5;274.5,179.75;335.25,30.5;13.75,18.75;93.75,118;226.75,16.5;275.75,175
19611;283.25,203.75;292.75,26;330.25,91;358.75,91.5;89.75,47;119,35.75;226.75,16.5;275.75,175
6509;273.75,223;291.75,102.25;356.75,112.75;369.25,28.75;19,71.5;119,35.75;182.5,72;275.75,175
38566;250,164.25;267.75,105.25;302.5,57;339.25,11.75;75.25,132;119,35.75;192.5,98;275.75,175
714;275.5,191.5;292.75,98.75;294.25,21;311.5,86.75;80.5,220.75;89.5,20.5;192.5,98;275.75,175
17909;225.25,207.25;235.75,83;291.25,111.5;292.25,104.25;0.5,230;89.5,20.5;209.5,36.25;275.75,175
18244;174,142.5;223.25,63.75;236.75,151.5;249.25,173.5;0.5,230;125.75,72.5;135.25,21.25;275.75,175
45751;143,129.75;145.75,31.25;176.75,86.25;286.25,86.5;23.25,288.75;125.75,72.5;135.25,21.25;292.5,149.5
21410;91.75,98.5;115.25,71.5;140.75,63;353,89;68,303.75;68.75,33.75;125.75,72.5;292.5,149.5
16913;73.5,145.5;84.5,34.75;158.25,109.25;364.5,143.5;53.5,298.5;74.25,9.75;125.75,72.5;292.5,149.5
22229;120.5,120.5;159,30.75;184.5,60.75;355,135.5;5,295.25;74.25,9.75;87.75,108;292.5,149.5
37121;183.25,143.75;246.5,3;258.75,39.75;326.25,193.75;5,295.25;74.25,9.75;174.75,160.5;307.75,153.25
33818;118.75,78.25;274,64.75;278.25,19;369.5,147.25;5,295.25;74.25,9.75;121.5,194;267.75,192.5
23699;78.5,13.75;214.75,21.75;274,64.75;363.5,58.25;44.25,309.75;74.25,9.75;167,165.25;213.75,173.5
27591;11.75,46;151,17.25;369,50.5;372.25,151;28.5,307.5;74.25,9.75;167,165.25;203.5,163.25
46032;51,30.5;101,81.75;305.75,114.25;337.5,58.75;28.5,307.5;90.5,25.75;128.25,247.5;203.5,163.25
39048;19.25,41.75;76.5,119.75;277.25,60;286.5,71.25;28.5,307.5;126.75,19;170.25,310;203.5,163.25
25040;12.25,7.25;15,73.5;214.25,56.25;286.5,71.25;41.75,321;65.75,9;126.5,224;203.5,163.25
1559;14.75,7.75;88.25,100;280,75.5;306,135.75;41.75,321;65.75,9;105.5,274.75;300,195
16642;49.75,58.25;82.5,38;353.25,100.25;358.25,214;14.25,295.75;65.75,9;105.5,274.75;302.5,109.75
34573;43.5,66.75;82.5,38;285.25,143.75;328.25,211;27.5,308;69.75,9.75;105.5,274.75;349.25,77.75
2230;32.5,137.25;82.5,38;273,72.25;362.75,316.25;72,289.75;76.25,25.25;120.25,199;349.25,77.75
15872;15.5,228.75;82.5,38;218,129.75;362.75,316.25;19.75,215.25;30.75,105.25;146.5,301.75;319.25,151.5
41055;95.5,201.25;131.5,101.25;289.25,153;345.75,271.25;19.75,215.25;26.5,114;146.5,301.75;310.25,195.25
40249;137.75,126;186,133.5;288.5,104.25;329.75,197;19.75,215.25;26.5,114;129,324.25;300.25,187.25
5004;87.5,63.25;149.25,183.75;335.5,72;341.25,246.75;19.75,215.25;81,167.75;83.25,316.5;300.25,187.25
20239;42.5,102.25;167.5,143.25;335.5,72;341.25,246.75;11.25,270.5;97.25,232.75;127,298.5;324.5,229.75
35337;104.5,59.5;117.5,169;334.25,137.5;338.25,301;11.25,270.5;131,194;160.5,282;324.5,229.75
35361;114.25,52.5;134.75,184;334.25,137.5;338.25,301;21.5,306;49,172.75;232,251.75;237.75,225
9764;14.5,60;129.25,255.5;354.75,214.75;364.25,240.75;21.5,306;49,172.75;143.25,286.75;321.25,195.25
10482;74,141;129.25,255.5;306.5,302.25;354.75,214.75;101,315.5;111.25,252.75;126.25,275.5;298,233.5
29257;50.75,58.5;129.25,255.5;305.25,240;357.25,306.5;17.75,295;39.5,296;126.25,275.5;282.25,311
43617;81,92.5;155.5,266.25;305.25,240;357.25,306.5;29,227;71,297.75;80.25,284.75;262.25,264
29985;81,92.5;155.5,266.25;277.5,277.5;356.25,231;29.25,189.25;135.25,266.5;159.25,303.75;294.75,279
30348;134.25,155.75;155.5,266.25;322.25,304.25;364.75,259.25;29.25,189.25;143.75,254.25;186.25,273.75;229.5,254.75
17469;138,157.75;152,306.25;364.75,259.25;367.25,317;29.25,189.25;124.5,196.5;210.25,275;218.75,290.75
4843;83.25,165;179.25,320.75;315,223.5;367.25,317;18.25,144.75;32.25,212;143.25,223.25;218.75,290.75
32560;78.75,168.5;179.25,307.75;236.75,256.25;332.75,298.75;9.25,186.75;22,202.25;143.25,223.25;218.75,290.75
46986;49,175.25;205.25,259;261.75,255.75;267,255.75;20.75,144.75;22,202.25;122.75,202;218.75,290.75
10753;4.75,261.25;165.5,322;182,249.75;302,286.75;14.75,212.25;23.5,190.5;122.75,202;218.75,290.75
2084;58,248.25;95,322;217,201.5;279.5,255.25;14.75,212.25;23.5,190.5;182.25,162.25;244,290.75
11953;64,189;162.5,292.25;265.5,153.75;305.5,309;14.75,212.25;116,194.5;169.25,89.5;244,290.75
25729;94.75,178.25;141,287.75;239.75,135.25;257.25,274;67.75,267.25;116,194.5;122.5,61.25;244,290.75
25302;94.25,126.25;95.5,231;243.75,198;294.25,318.75;67.75,267.25;116,194.5;120.75,62.75;186,321.5
27835;10,178.25;60.5,200.75;277.75,101.5;294.25,318.75;112.75,228.75;139,155.75;144.25,88.5;186,321.5
38838;45.25,108;47.25,238.25;311,5.5;366.25,309.5;75.25,278.75;133.25,227.75;144.25,88.5;186,321.5
32244;37,40.75;45,317.75;311,5.5;313,253.5;17.5,255.5;112.75,282.25;117,113.75;186,321.5
1369;37,40.75;98.75,312.25;311,5.5;356,176.25;13.25,307.5;44.5,320;106.25,67.5;160.75,300.75
37229;39,31;125.5,294.75;279.5,72.75;327,139.25;5,296.75;44.5,320;113.25,118;160.75,300.75
28208;5.75,27.25;47,250;280.5,72.75;285.5,71.75;5,296.75;44.5,320;105.5,111.75;130.25,195.75
49103;7.5,59.25;121.5,212.5;182.75,43.25;295,132.75;5,296.75;44.5,320;67.5,28;81.75,232
43493;16,120.25;62,248.5;106,20;300.75,190.75;15.5,309.75;44.5,320;46.75,47.75;81.75,232
17413;16,120.25;39.5,200;106,20;259.5,175.5;11,236.25;21.75,289.5;30.25,125.25;131,197.5
6678;55.5,137.25;58.5,145.75;106,20;259.5,175.5;8.75,193.75;34,281.75;37,190.75;83.25,247
41167;30.5,208.75;53.5,229.75;164.25,16.5;275,133.25;4.5,128.5;37,190.75;39.25,294;83.25,247
1250;3.25,185.75;68.5,210.25;131.25,32.5;212.25,105.5;26.25,104.75;37,190.75;39.25,294;105,283
22520;47.25,145.5;75.25,146.25;184.5,35.5;239.5,46.75;26.25,104.75;37,190.75;116.5,320;148.75,270.75
15836;70,74.75;90.5,121.5;184,50.5;316.75,54;37,190.75;47,129.5;123,323.25;148.75,270.75
6138;38.5,102.75;148.75,184;206.75,140;351.75,37.75;26.25,108;52.75,111.25;123,323.25;148.75,270.75
7308;34.75,62.25;148.75,184;206.75,140;353,10.75;30,39.25;32.75,105.25;145.25,272.75;168.25,225.75
44177;34.75,62.25;148.75,184;273.25,71.75;306.75,52.75;106.75,112.25;108.25,117;148.5,318;223.25,248.75
19106;10.25,8.25;108.75,161.75;249.5,22;306.75,52.75;38.25,163;46,141;148.5,318;186.75,173
26217;15.75,59.25;118.25,260.75;316.25,28.5;327.75,117;35.25,264.75;92.5,226;148.5,318;186.75,173
1959;9.75,59.25;185,323;300.5,52.5;327.75,117;35.25,264.75;84.5,171.25;108.5,309.25;160.5,95
27679;67.75,1.5;282.25,317.75;300.5,52.5;327.75,117;17,186.25;70.75,210.5;81.25,199.5;153.5,186
21406;28.5,80;289.75,286.25;333.5,3;353.75,176.5;17,186.25;70.75,210.5;112.25,195.75;188.5,242
23044;48.75,125.5;289.75,286.25;310.5,3;325.25,113;14.75,202.75;19,144;112.25,195.75;278,245.25
5456;136.25,156.25;212.5,230;339.5,97;357.5,127.5;15.25,215.75;19,144;112.25,195.75;219,274.5
35126;149.25,208.75;168.75,260.25;298.25,177.5;361.5,128;15.25,215.75;34,62.25;107,163;219,274.5
10418;136.25,155.75;235.75,259.25;271,231.5;343.5,81;4.5,279.75;46.5,7.75;107,163;219,274.5
48013;78.5,141.25;278.75,246.25;301.25,236.75;305.75,112;4.5,279.75;46.5,7.75;141.75,106.75;254.25,234.75
31979;52.5,215.25;194.75,279.75;224.75,201.5;371.75,121.75;4.5,279.75;69,50.75;165.25,138.75;254.25,234.75
7546;61.25,293.5;152.5,261.5;160.25,204.25;355.5,163.25;4.5,279.75;69,50.75;155.25,164.75;267.75,306
4855;84.5,322.75;140.5,313;166.25,243.75;368.5,194;4.5,279.75;5,17;221.25,171.5;267.75,306
50029;100.25,284.75;196,265.25;247,188.25;322.5,229.25;4.5,279.75;5,17;218.75,265.25;226.5,275
673;2.75,261.25;258.5,300.75;284.25,122.25;310,162;4.5,279.75;5,17;154,279.25;202,176
43271;30.75,314.25;250.25,308.75;309.25,53;360,130.75;4.5,279.75;9.75,13.5;122.5,264;202,176
8486;95,314;263.75,208.5;275.75,106.25;360,130.75;4.5,279.75;27.25,92.5;122,275.25;141,221.5
10141;167.25,295.25;280,275.5;285,24.5;306.5,104.5;4.5,279.75;78,52.5;141,221.5;144.5,302.5
20586;196.75,317.5;245,271;277.75,30.5;339.5,97;4.5,279.75;78,52.5;164.75,164.25;228,264
35560;284.5,319;299.25,207;310,56;339.5,3.75;35,234;79.75,20;164.75,164.25;228,264
20304;207.5,311.75;276.5,125.75;306.5,155.25;326.75,30;26.75,301;79.75,20;188.75,99.75;228,264
40934;207.5,311.75;268.5,106.75;313,197.5;325.25,9.5;26.75,301;62,3.5;217.5,143.25;280.75,306
18158;146.5,303.25;217.75,33.5;271.5,254.5;364.5,90.5;6.25,321;62,3.5;179.5,230.75;280.75,306
26507;163.5,323;273.75,98.75;286.5,232;371,150;6.25,321;73.5,41;179.5,230.75;278.25,293.25
1354;182.25,255.25;207,94.5;247,193.5;367,187.75;6.25,321;46.25,104.75;179.5,230.75;250.75,308.25
25667;181.75,316.75;254.75,92.75;287.5,231;300.5,153.75;6.25,321;29.75,15;150.5,224.25;250.75,308.25
9598;178,318.75;287,25;326.75,276;359.75,213.5;6.25,321;67.75,8.75;144.25,203.75;250.75,308.25
45709;221.5,259.5;260,62.25;292,231;354.5,261.5;6.25,321;156,51;190.25,218;250.75,308.25
26552;217,265.5;241,39;272.5,164;368.25,316.5;6.25,321;156,51;216.25,195;237,241.25
15025;189.25,251;213,6.25;329,152.5;334.25,314.25;6.25,321;55.5,42;216.25,195;230.5,275.5
19732;203.25,168.75;210.75,28.75;277,133.75;334.25,314.25;6.25,321;103.25,137.25;315.25,159.5;323.25,301.25
37912;261.25,109;278.25,109;297,127.25;360.25,289;6.25,321;37.75,197.5;315.25,159.5;331.5,282.75
9407;260,19.5;287.75,101.25;289.5,113;345.5,198.25;6.25,321;50.5,170.75;326.75,192.25;331.5,282.75
47148;195,21;221.5,46.5;275.25,134.75;281.25,165.75;32,306.75;64.5,263.5;326.75,192.25;331.5,282.75
23084;140,59.5;270,102.25;281.25,164.25;354,129;3.25,299.5;92.75,222.25;326.75,192.25;331.5,282.75
11686;158.75,86.5;273,164.25;275.25,173;278.5,165.25;34.5,234;97.75,283;326.75,192.25;331.5,282.75
20114;158.75,86.5;294.25,231.5;331,115.25;357.5,154.25;55.25,307.5;132.25,323.5;326.75,192.25;355.25,262.75
31432;236.75,89.75;294.25,319.5;306.5,111.5;314.75,134.75;63.5,315.75;132.25,323.5;310,164;355.25,262.75
31152;203.25,167.5;220,242.75;249.25,34;291,167;47.75,296.5;132.25,323.5;344,63;355.25,262.75
20120;161,163.25;264.5,292.75;279.25,74.25;350.75,242.75;14.25,306;132.25,323.5;231,70;355.25,262.75
41813;161,163.25;203,296;276.75,150;330.5,151.5;110.75,293;141.25,302.25;231,70;322,313.25
26390;144.5,127.5;164.25,280.5;296.25,71.25;330.5,151.5;59.5,307.5;125.5,273.75;231,70;340.5,320.25
4601;94,148;202,215.5;263.5,18;283.5,194.5;59.5,307.5;125.5,273.75;160.25,51.75;311,249
5136;28,178;202,215.5;253.75,80;269,230.25;10.25,294;178.25,239.75;191.25,56.5;311,249
14633;24,242;153.75,259.25;198,37.75;269,230.25;10.25,294;160.25,300.75;201.75,41;227.5,273.25
26758;8.5,310.5;79.5,281.25;196.25,71.5;249,308.5;49.25,270;80.5,268.5;201.75,41;227.5,273.25
21194;25.25,312.75;46.5,198.75;264,130.75;301.25,320.5;4.25,228.5;80.5,268.5;223.75,56.75;227.5,273.25
30083;0.75,292.25;119.25,268.75;195,170;294,232.5;94.5,221;102,315.75;223.75,56.75;227.5,273.25
25301;0.75,292.25;180.25,235.75;183.75,143;294,232.5;141.25,250;150,299.75;179,141.75;210.25,177.25
17919;0.75,292.25;154.25,129.75;270.5,134.25;284,261;141.25,250;222,270.75;222.25,177.25;287.5,194.75
17474;0.75,292.25;154.25,129.75;319.25,163;322.25,299.5;165.75,241.5;171,299.25;189.25,197;211,144
36433;0.75,292.25;154.25,129.75;342.25,244.25;343.5,252;110,291;150,299.75;150.75,300;163,160.75
49076;31,238.5;67.75,86;342.25,244.25;343.5,252;66.75,216.25;170.75,303.75;226.5,314.25;233.5,78.75
775;83.25,177.25;153.75,124.75;342.25,244.25;343.5,252;124,161.75;195.25,317.25;228.75,228.75;231.25,114.25
50593;18.25,142.25;152.75,109.5;301,250;343.5,252;43,198;142.5,298.75;183,215.25;231.25,114.25
8835;65.5,117.25;232.75,42.25;283.5,310.75;341,158;43,198;142.5,298.75;282.5,237.25;286.25,138.75
38034;92,26.5;191,119.5;204.75,317;326.75,213.5;22.75,217;108.75,245.5;282.5,237.25;286.25,138.75
30501;68,98.25;203,43.5;203.25,316;292,237.25;33.25,136.5;131.75,198;282.5,237.25;286.25,138.75
27684;79.75,176.5;224.5,40.25;262.25,302.25;306.75,317.25;5,156.25;131.75,198;271,311;286.25,138.75
1491;133.75,191;239.25,127;259.25,315;348.25,304.5;25.5,104.5;111.5,237.25;271,311;286.25,138.75
267;182.75,259;219.25,204;259.25,315;312.5,312;25.5,104.5;164,278.25;325,244.5;334.25,76.75
12412;217.5,216.75;218.75,251.5;223,236.25;312.5,312;67.5,29;164,278.25;288.5,287.75;334.5,1.25
7483;217.5,216.75;223,236.25;235.75,316.25;312.5,312;0.25,46.75;157.75,317.5;229,264.75;249.5,9
7454;238.5,307.5;252,245;303,307.5;310,263.25;77.5,109.5;157.75,317.5;229,264.75;262,5.25
23527;212.5,319;266,179;274.5,256.25;337.75,300.25;77.5,109.5;107.5,276.75;220,283.25;262,5.25
15346;260.75,321.5;273.75,157.25;274.5,256.25;353,242.25;8,129.25;151.5,300.25;220,283.25;279,7.5
34255;217,320;273,98.25;315,234;351.75,317.5;24,124.25;76,306.25;220,283.25;279,7.5
21865;285.75,320.25;291,125.75;292.25,322.5;336,269.75;24,124.25;46.25,307.25;229,257;279,7.5
46776;225,294.25;229.75,203.5;233.5,316.25;344.25,224;24,124.25;46.25,307.25;204,162;330.25,52.5
14378;157,230.75;269,168.25;304.5,301.5;359.25,289.5;24,124.25;46.25,307.25;283.5,126.75;335,53
42943;221,190;320.75,161;331.75,237.25;344.25,311.75;24,124.25;46.25,307.25;283.25,127.75;323.5,92.25
21850;244,116.25;304,78.75;352,170.5;357.25,228.75;24,124.25;46.25,307.25;283.75,199.25;312.25,189.5
31344;234.5,135.5;296.25,106.75;352.5,229;363.75,310.75;24,124.25;130.5,323.75;283.75,199.25;335.25,196.5
14796;221,188.5;269,74.5;303,264.75;346.5,289;24,124.25;67.5,273.5;220.5,181.75;335.25,196.5
28581;243.5,219.5;251.25,27.5;268.5,242.5;330.75,247.25;24,124.25;67.5,273.5;220.5,181.75;345.5,145.75
35094;214.75,252.5;331.25,11;343.25,197;360.75,249;39.25,58.75;67.5,273.5;220.5,181.75;277,116.5
12531;215.25,227.75;294.25,37.75;317.75,230;343.5,209.75;48.5,4.75;88.5,226;220.5,181.75;277,116.5
204;215.25,227.75;298,71.25;317.75,230;358.25,228.25;6,70.75;9.75,189.25;295.25,219;328.25,191.5
40421;240,170.75;325.75,15.75;340.75,257.5;355.5,241.75;6,70.75;9.75,189.25;317,271;328.25,191.5
30813;268.5,134.5;283.25,57.25;324.5,270.75;334.25,271;6,70.75;81,189;317,271;352,184.75
4774;283.25,57.25;294.75,120;340.75,266.25;364.5,241;6,70.75;108.5,112.25;282,222.5;357.5,146.25
72;286.75,10.25;295,19.75;321.25,303.75;356.75,274.5;13,5.75;161.75,52;282,222.5;357.5,146.25
27744;221,63.25;299.5,82.5;302,322;356.75,274.5;13,5.75;239.5,5.75;289,186.5;326.25,51.75
9994;165.75,117.25;218,56;299.75,322.5;337,277.75;20.75,124.75;239.5,5.75;289,186.5;310.5,35.25
6237;182,89.75;185,155;221.5,270.5;264.75,301;20.75,124.75;143.75,12;220.5,249;310.5,35.25
20117;158.25,30.75;186.5,157;202.5,245.75;334.5,247.75;16.25,218;79.25,20;220.5,249;310.5,35.25
6467;76.5,7.25;163,128.75;202.5,245.75;334.5,247.75;58,296;177.5,11.75;207.25,290.75;279.5,8.5
43907;76.5,7.25;230.75,113;250,312.25;278.25,288.5;99.25,318;177.5,11.75;237.5,204;328.5,28.75
45753;131.5,46.75;174.25,148.75;206.25,284;232.5,245.25;79,230.75;177.5,11.75;262.25,291;328.5,28.75
4759;139.5,77.25;263.5,180.25;292.25,318.25;326,265.75;79,230.75;147.25,52.25;156.5,319;328.5,28.75
8039;168.25,103.25;275.75,239.25;336.25,311.25;363.75,246.75;99,263.75;100.25,81.25;156.5,319;328.5,28.75
32942;192,49.5;286.5,142.75;357,313.5;367.25,324;76.25,301.25;100.25,81.25;127.5,248;328.5,28.75
27561;244.75,39.25;260.5,64;302.5,313.75;367.25,324;89,303.75;126,39;127.5,248;271.5,15
49652;255.75,18.5;260.5,64;280.5,276.75;367.25,324;13.5,284.75;92.75,6.75;141.5,303.75;292,98
9981;231.5,49;255.75,18.5;301.5,303.25;367.25,324;43.5,317.25;68.5,73;232.5,257;354.75,67.75
34359;147.5,16;181,37.5;222.75,247.25;360.25,304.5;43.5,317.25;121.25,157;228.25,248;354.75,67.75
4417;145,19.25;146,7.25;217,266;347.5,289;44,320.25;192.25,177.75;228.25,248;354.75,67.75
43893;112.75,21.5;139.5,22;253,193.75;347.5,289;44,320.25;199.75,98.5;282.25,286.25;351.5,150.5
13847;112.75,21.5;214.75,54.25;232.75,145.25;293.5,318.75;94.5,233.25;108.25,121.5;301.75,283.25;351.5,150.5
8129;129,59.5;137.75,128.25;158.25,149;293.5,318.75;42.75,301.5;108.25,121.5;295.5,278.5;332.25,231.25
5940;72.75,28.25;86.75,103;179.25,113.5;354.5,319;42.75,301.5;190,161;245.25,251;332.25,231.25
41378;9.75,7.25;47.5,16.25;179.25,113.5;362.75,320.25;42.75,301.5;171.5,164.75;310.5,183.75;310.5,254.5
17229;104.25,13.5;131.75,41.5;274.25,68;283.75,261.75;15,311.5;227.25,108;310.5,183.75;310.5,254.5
15449;187.5,50.25;200.5,7.5;202.25,71.25;203.5,259;15,311.5;211.25,96;310.5,183.75;363,245.75
704;166.5,35;198.75,64.25;200.5,7.5;203.5,259;127.75,276.75;195.75,3;261.25,195.25;264.25,262.5
35204;53.25,75.25;90.75,12.5;198.75,64.25;203.5,259;55,188;109.25,67;231.25,186.5;335.75,312.25
7714;36.5,39;90,27;191.25,113.5;239.75,295.75;55,188;109.25,67;275.25,176.5;322.75,314
19459;26.75,86.5;151,51.75;217.75,81.5;269.75,255.25;55,188;109.25,67;180.75,141;266.75,284.25
10217;34.5,144.75;125,41;217.75,81.5;319.25,314.75;87.75,189;120.75,16.75;180.75,141;218.5,315.25
47949;34.5,144.75;86.5,85.25;243.25,12;370.25,320;101.5,231.25;120.75,16.75;132.5,168;143.5,303
31579;34.5,144.75;205,46.25;337.25,79.5;370.25,320;23.25,309.25;74.5,56;109,40.75;145.25,298.75
3984;2.75,177.75;286,10.25;307.25,56;322.75,228.25;23.25,309.25;30.5,124.5;52.75,113.5;145.25,298.75
47069;1.75,177;207,78;210.75,60.75;212.5,204.5;23.25,309.25;30.5,124.5;136.25,41.75;157,319.5
10545;90,121;125.25,4.75;160,59.25;195,248.25;23.25,309.25;30.5,124.5;150,12.75;151.25,225.75
22627;67.5,122.5;104.25,20.25;133,49.25;195,248.25;6.5,310.75;58.5,204;79.5,81.75;151.25,225.75
881;68.75,74.25;76.75,96;126.75,27.75;240.25,297.25;23,309.25;58.5,204;73.75,124.75;151.25,225.75
14410;75,115.75;125.75,16.5;185.5,59.25;187,255.75;23,309.25;31.25,133;50,174.75;151.25,225.75
20032;61.25,209.25;64.5,83;95.25,83.75;154.25,223.5;23,309.25;31.25,133;83.25,220.25;116,290.5
17960;61.25,209.25;133.25,127.25;177,49;211.25,259.5;13.25,310;14.25,42.5;83.25,220.25;131,324.25
21975;94.5,232.25;181.25,75.5;181.75,113;211.25,259.5;4.5,310.25;12.25,17.5;16,248.75;131,324.25
23576;33,272.25;204.5,168;227.25,153.5;290,169.5;4.5,310.25;5,109.5;11.75,279.5;131,324.25
24672;58,218;270,103.5;318.75,145.25;329.75,88.25;4.5,310.25;10.75,46;62,295.5;131,324.25
26355;87.25,300.25;217,64.25;356.25,84.25;363,55;3.75,307.25;10.75,46;59.75,203.25;131,324.25
9518;118,286;151,30.25;330.25,160.25;349.5,83.5;3.75,307.25;18,70;59.75,203.25;215.25,302.75
35116;118,286;131.75,3.75;354,173.5;367,172.5;3.75,307.25;11.5,95.5;88.5,191;215,302
4363;7.25,309;85,20;354,173.5;367,172.5;54.5,272.75;63.25,153.5;128.5,194;179.5,196
21731;33.5,311.75;86.25,22;309.25,227.25;361,208.75;54.5,272.75;128,92.25;128.5,194;163.5,149.5
8536;74,270.25;141,63.25;298,314.5;360.75,296.75;54.5,272.75;124.25,117.5;133,181.5;163.5,149.5
17212;68.75,202.75;91.75,65.25;212.5,320.5;351.5,320;33.25,231.5;120.25,158;124.25,117.5;163.5,149.5
19031;43.25,182;47.75,74.75;194.75,278.75;300.5,241.75;56,289.75;83.5,169;124.25,117.5;163.5,149.5
44848;2.25,199;105.5,142.75;118.5,280;263.25,255.75;56,289.75;83.5,169;90.5,101.75;158.5,55.75
5924;0.25,299.75;156.5,83.25;169.75,271.75;364,288;6.75,310;48.25,263.25;90.5,101.75;158.5,55.75
29997;69,230.75;76.75,41.75;118,292.5;298,320.25;29,264.75;41.25,292;90.5,101.75;158.5,55.75
13696;49.25,240;55,97;118,292.5;298,320.25;8.5,243;15.25,255;89,103.75;203.5,26.75
11494;11.5,163;49,75.75;118,292.5;347,319.75;1.5,243;35.5,319.5;89,103.75;205.5,23.25
23900;11.5,163;124.25,4.25;185,316.75;317.25,302.5;1.5,243;142.5,301.5;146,112.25;199.75,84
39479;47.5,197.75;77.75,42;83.25,271;325.5,260.5;21.25,289;142.5,301.5;146,112.25;284.5,150.5
1767;33.25,213.75;39.25,45.75;51.75,183.5;325.5,260.5;46.75,302;99.25,318;105.75,122.25;284.5,150.5
17786;57.25,157;64,75.25;66,219.75;274.25,322.75;46.75,302;99.25,318;125.25,50.5;253.75,248.5
39888;64.5,121.75;104,10.25;133.75,241.25;172.75,322.75;23,310;99.25,318;125.25,50.5;298.75,257.5
4289;67.25,165.5;118,35.25;164.25,294.25;164.75,278.75;33.25,244.5;99.25,318;123.25,51.75;298.75,257.5
22874;0.5,197.25;58.5,74.25;164.25,294.25;192.25,280.25;60,286.25;99.25,318;102.75,137.25;206.25,290.25
37258;73.5,228;147.5,51.75;164.25,294.25;216.5,318.5;20.75,308.25;20.75,309.5;25.25,190.75;206.25,290.25
36765;73.5,174.75;94.25,11;164.25,294.25;216.5,318.5;9.25,294;11,271;21,192.5;278.25,245.75
45519;78,111.25;94.25,11;164.25,294.25;264.75,305;7.5,245;37.5,319.5;81.25,131.5;308,195.75
22311;113.75,52.25;187.75,4.25;191.5,280.5;243.75,306.75;7.5,245;37.5,319.5;84.75,195.5;286.25,123.25
29539;171,136;181.25,111;191.5,280.5;243.75,306.75;38.25,305.75;63.25,287.75;103.5,273.25;339.25,97.25
11858;80.75,171.75;154.25,126.75;164.5,223;308.25,319.25;38.25,305.75;63.25,287.75;87.5,220.75;279.5,172.75
9054;90.5,121.5;94,148.5;161.25,125.75;200,308.25;29,215;38.25,305.75;63.25,287.75;359.75,145.75
8191;82.5,166.25;85.5,161.75;162,73.5;205.75,277;20,297.5;29,215;38.25,308.25;359.75,145.75
6598;19.5,241.5;24.5,85.25;196,99.75;213.25,318.75;20,297.5;29,215;38.25,308.25;354.75,46.5
41860;8.5,191;24.5,85.25;196,99.75;319.75,294.75;59.5,316.75;73.75,215.75;132.5,324.25;287,19.5
17530;25.5,110.5;47.25,150;182.75,111.75;250.25,258;59.5,316.75;73.75,215.75;192.75,242.25;198,24
36127;1,177.25;89.5,175;130.75,90.75;199.5,306.75;59.5,316.75;94.75,200;171.75,165;198,24
18442;90.75,172.25;98.5,161;134.75,81.75;230,278;59.5,316.75;94.75,200;104.25,118.5;256.5,9.75
45508;58.5,228.25;73,139.75;73.5,130;181.75,316.25;59.5,316.75;94.75,200;144.5,38.25;177,32
5425;33.5,164.25;68,219.75;81.5,90.75;144.5,302.25;59.5,316.75;94.75,200;152,53.25;223,93.75
14719;11,177.75;68.5,247.75;81.5,90.75;144.5,302.25;101.5,316.75;176.5,230.5;225.75,90.5;232.5,121.5
27055;44.25,109.75;47.5,191;51.25,167;89.5,230.5;126.5,298.5;176.5,230.5;225.75,90.5;304.75,122
31154;1,181.75;2.5,139.5;30.25,127.75;31.75,298.5;120.75,227.75;126.5,298.5;225,90.25;304.75,122
17911;2.5,139.5;6.5,64.25;55,171.25;58,295.5;91,169.5;126.5,298.5;208.75,178;256.5,57.5
32877;18.25,43.25;32.75,19.75;53.5,137.5;91.75,312;122.25,111.75;126.5,298.5;208.75,178;333.25,58
35732;11.25,5.25;34.5,25.75;53.5,137.5;91.75,312;115.75,92.25;149.75,298.25;170.5,197.5;254.25,72.5
38647;19,85.25;40.25,62.25;54.25,62;136,223;115.75,92.25;149.75,298.25;151.75,151.5;239.75,17
12486;44,64.75;52,49.25;55.75,55.75;221.75,278.25;115.75,92.25;149.75,298.25;157.5,201.75;280,99
36669;22.75,104;69.5,142.5;80.25,62.75;187,320.75;62.5,15;149.75,298.25;157.5,201.75;340.5,82.25
42365;46.25,194;76,176.25;127.5,15.75;163.5,227.5;27.25,94.75;149.75,298.25;167.75,222.5;340.5,82.25
6420;11.75,152.75;76,176.25;127.5,15.75;243.5,207.5;27.75,118.25;78.5,304;194.5,226.75;333.25,16.25
8650;11.75,152.75;19.25,242;42.75,12;152.25,159.75;43.5,76.75;145.25,299;194.5,226.75;235.75,7.5
6694;28,116.25;29,144.25;66,1.75;122.25,70.25;14,50;129.25,217.25;145.25,299;235.75,7.5
12750;28,116.25;29,144.25;46,16.25;199,85.25;34.75,29.75;144.75,171.5;174.5,214.5;297.75,60.5
36662;1.75,176.75;16.75,139.75;46,16.25;282.75,53.5;38.25,88;104.25,185.25;174.5,214.5;279,21
17649;1.75,176.75;59,116;121,17.75;294.75,2.5;60.25,94.25;100.75,162.25;174.5,214.5;351.75,18.5
10357;6.5,100.75;62.75,184.5;138.75,75.75;325.25,13.25;60.25,94.25;100.75,162.25;236.25,267.25;354.75,11
40117;6.5,100.75;134.75,154.75;150,124.75;325.25,13.25;31.5,41.75;71.75,211.5;177.75,304.75;339.25,60.5
8675;6.5,100.75;91,223.25;150,124.75;325.25,13.25;13.25,106.75;26.75,120.25;220,316.75;349,35.75
49596;11.25,46;115.25,303;144.75,108.75;321.75,9.75;7.75,136.5;15.5,129;220,316.75;349,35.75
2056;11.25,46;47.5,303.25;144.75,108.75;284.75,53;29.5,56.5;61.25,174.25;193.25,246;343.5,47.5
22095;11.25,46;82.75,270.5;172.5,17.75;332,13;29.5,56.5;86.5,170;103.5,274.25;324.75,59.75
17996;1,86.25;186,317.25;279.25,19;366.75,91.75;10.25,5.75;86.5,170;153,295.75;324.75,59.75
26040;8,55.25;158.25,251;290,98.75;310.5,83.25;10.25,5.75;86.5,170;98.25,282.5;303,3.25
26129;5.25,67.75;59.5,238;267.5,141.5;300.25,56.5;10.25,5.75;54.5,129.5;98.25,282.5;215.75,44
39924;5.25,67.75;5.25,271.75;270.25,167.25;300.25,56.5;70.25,9.75;70.25,150;118.5,207.25;168.25,41
14253;21.75,63.25;68.5,219.5;280.5,217;367.25,69.25;70.25,9.75;76.5,169.75;140.75,202.75;168.25,41
27918;6.75,62.5;75,273;354.75,198;358,34;70.25,9.75;72.5,221.5;72.5,223.25;168.25,41
6499;7.5,6.25;36.5,267.75;279,128.75;360,40.25;70.25,9.75;72.5,221.5;76.75,252;243.5,133.75
16608;52.25,55.75;102.25,161.25;320.75,230;340.5,166;15.25,68.5;72.5,221.5;76.75,252;260.75,53.75
46254;52.25,55.75;121,250.75;340.5,166;363.75,230.25;3.75,139.25;38.25,190.25;150.25,303.75;205.25,57.25
10730;7.25,123.5;43.5,240.25;319,259.5;364.75,276.5;3.75,139.25;5.75,203.25;150.25,303.75;263.25,143.75
13373;2,174;17.5,264.75;336.5,311.25;344.75,209.5;3.75,139.25;19.25,307;72.75,263.5;263.25,143.75
10496;47,179.25;78.5,222.5;285.25,320.25;317.25,125.25;16.75,212.75;19.25,307;103.25,304.75;263.25,143.75
22534;36.75,271.5;47.75,183.25;285.25,320.25;317.25,125.25;14,270;18.5,306.5;38.5,295;280,37.5
43386;115.25,232.25;135.25,124.5;175.75,308.75;272.75,148.25;5,155.75;20,286.25;38.5,295;280,37.5
10847;28.5,281;177.5,85.75;186,272.25;272.75,148.25;14.75,106.75;20,286.25;22.5,321.25;270,31
37192;90.75,321;137.75,19.75;242.25,305.5;354.25,184;11.25,22.25;20,286.25;22.5,321.25;318.75,63.5
11063;82.75,230;183.75,112.75;305.75,319.5;367,190.25;5,48.75;17.75,295;22.5,321.25;318.75,63.5
29139;144.25,267.25;230,105.25;301.25,320.25;361.5,228.25;5,48.75;84.75,302.25;122.25,323.5;318.75,63.5
36457;144.75,280.25;224.5,150.75;288.25,230.25;305,302.25;5,48.75;6,310.25;122.25,323.5;259,132.25
37180;90.5,188;167.75,243.75;298,322.75;349.75,319.25;7.5,71;44.5,318.75;122.25,323.5;259,132.25
18842;89.25,174.75;202.5,260;212.25,319.75;342.5,315;7.5,71;44.5,318.75;122.25,323.5;242.25,76
37291;73.75,205.5;244.5,295.75;265.25,255.75;317,231.25;20,69;76,306.5;122.25,323.5;242.25,76
16796;27.75,232;298.25,318.75;331,320;340.75,288.5;20,69;44.25,318.25;122.25,280.75;242.25,76
22263;13.25,294.5;254.5,287.25;319,309.25;346.25,231.25;20,69;44.25,318.25;94.25,241;288.25,103.75
8448;1.25,291.25;169.75,274.5;293.75,322;342.5,198.25;20,69;44.25,318.25;116.25,252.75;236.5,159.5
47666;30.25,261.25;255.75,248.75;288,309.25;301.5,114.25;2,128.25;13,269;116.25,252.75;236.5,159.5
18643;51.5,295;289.25,286.5;310.25,236.5;325,29.5;2,128.25;35.75,311.25;116.25,252.75;220.75,93.75
15647;117.5,291.5;326.25,266;354,161.5;369,51;8.5,127;35.75,311.25;116.25,252.75;284.5,40.75
29398;117.5,291.5;235.75,275.25;354,161.5;365.25,72.25;75,127.75;82.75,320.75;160.75,277.75;233.5,4.75
17853;156.75,201;235.75,275.25;339.25,230.5;359.5,23.5;86.5,171.25;99.25,316.25;136.5,190.25;233.5,4.75
34118;214.75,252.5;236,225.75;309.75,322.25;354.25,34.5;86.5,171.25;110.75,282.75;195.25,178;233.5,4.75
11604;282.25,164.75;300.5,211;317,309.25;325.5,29;131.5,152;148.75,277.75;195.25,178;233.5,4.75
24865;301.25,115.25;307.25,114;323.5,294.75;353.25,101.25;111.25,76.75;148.75,277.75;195.25,178;245,28.75
6733;263.25,69;307.25,114;344.5,320.25;353.25,101.25;147.5,114.5;176.25,288;230.75,191.25;238.25,17.5
33788;262.25,59.75;322.5,154.75;339.75,311.75;370.75,27.5;147.5,114.5;175.75,274.75;195.25,252.5;238.25,17.5
13252;262.25,59.75;322.5,154.75;339.75,311.75;369.25,40.75;220.25,171;255.25,291;275.25,211.25;297,22.5
24381;261,31.75;322,229.25;339.75,311.75;340.25,2.5;211.25,186.75;228.25,256.25;276.25,304.75;297,22.5
29445;265.5,10.75;311.75,311.5;322,229.25;337,103;126.25,266;172.25,197;276.25,304.75;302,52.5
28602;307.75,55.25;330.75,300.5;361,191.75;368.25,123.25;31,266;172.25,197;276.25,304.75;294,3.75
13808;280,11;315.25,304.75;361,191.75;367.5,54;30.5,279.75;172.25,197;247,268.75;266.5,4.75
709;277.75,34;336,270.75;361,191.75;367.5,54;82.75,253.25;119.5,164.25;141.5,197;213.25,5
16440;177.5,46.75;252,248.5;361,191.75;367.5,54;115,163;176.25,239;194.5,85;277.5,48.75
16246;120.5,39;282.5,164.25;341,217.75;360,26.25;98.75,121.25;176.25,239;194.5,85;222.25,15
2360;151.25,41.5;277.75,130.25;290.5,207;303.75,53.5;6.25,137.75;89.75,258.25;194.5,85;222.25,15
8672;210.75,49;297,185.25;369,187.25;371,29.25;87.5,98.75;89.75,258.25;135.25,21;194.5,85
17922;273.75,58;313.5,149.25;360.75,89.5;371.5,51.5;87.5,98.75;89.75,258.25;187.25,67.25;192.75,98.5
22210;310.25,55.5;319.75,123.75;323,69.75;358,128;78.25,134.5;89.75,258.25;106.5,40.25;192.75,98.5
27398;261.75,8.25;281.75,38.25;301,111.5;342,179.25;29.75,203.75;52.75,307.5;106.5,40.25;192.75,98.5
44276;261.75,8.25;281.75,38.25;295,105.75;334,112;44,255.75;66.5,222.25;184.5,8.25;207.5,5.5
10211;270.75,1.25;311,25;344.5,23.25;353.25,28.25;22.75,308.25;66.5,222.25;106,39.75;207.5,5.5
4560;305.5,96.75;313.75,120;319.25,110.5;361.25,65.75;12.5,268;85,131.25;106,39.75;207.5,5.5
21675;259.25,30.75;266.25,133.75;293.75,102.75;335.75,37.5;12.5,268;104.75,123.25;149.75,11.5;207.5,5.5
29492;184.75,60.5;263.25,169.75;293.5,112.75;356,128;14.75,310.25;104.75,123.25;149.75,11.5;233,38.25
2063;264.25,55.75;278.5,106.75;290.25,146.5;292.25,56.25;15.75,292;48.25,49.25;149.75,11.5;233,38.25
31106;278.75,71.25;292.25,104.75;325.25,198.5;361.25,36.75;35,319.5;71.75,40.25;149.75,11.5;233,38.25
35799;292.25,104.75;355.25,43.75;356.25,230.25;357.25,16.25;74,210.5;95.75,118;149.75,11.5;233.25,37.75
39580;235,22.5;322.75,91;341.5,301;357.25,16.25;5.75,142;130.25,124.75;152,30;233.25,37.75
42535;273.25,43.75;349,23.5;354.5,317.75;354.75,14.25;5.75,142;77.5,24;167.75,91;233.25,37.75
4003;246.25,7;251,6.25;310.75,268.75;341.5,49.25;5.75,142;77.5,24;158.25,202.75;337.5,79.5
15618;165.75,2.5;196.25,6.25;330.25,290.25;336,29.5;78.75,160.75;119.75,49.5;158.25,202.75;337.5,79.5
44333;180.75,60.25;201.25,84.25;299.25,321.75;336,29.5;149.75,118;173,108;179,163.5;337.5,79.5
24225;158.25,126.75;190.25,117;255.5,245;271.75,96.5;149.75,118;226.75,189.75;230,247.5;337.5,79.5
49160;83.25,175;190.25,117;255.5,245;335.25,151.5;184.5,182.5;187.25,174.5;229.5,273.25;314.25,139.75
1155;143.75,157.25;153.25,61.25;264.75,167.25;322,106;132.5,196.25;151.25,90.25;229.5,273.25;314.25,139.75
13085;143.75,157.25;153.25,61.25;292.25,231;336,32.5;174.75,242;190.25,40.25;234.75,283.25;266.5,181
50550;167.5,144.75;179,59;282,169.25;284.25,10.25;152.75,290.5;190.25,40.25;260.75,264.5;266.5,181
48489;183.75,118.75;252.75,92.75;285.75,165.5;325.75,17.75;163,318;213.5,97;260.75,264.5;266.5,181
42209;166.5,210.75;332.5,135;332.75,120.5;365.75,20.25;143.75,301.5;225.25,95.5;260.75,264.5;266.5,181
15232;166.5,210.75;286.25,56;332.5,135;371,74.25;76.5,304;262,23.75;288,194.25;317.5,131.25
6172;180.25,246.25;329,20.5;332.5,135;336,8.25;76.5,304;298.75,88.25;329.5,159;353,106
13985;180.25,246.25;331.75,41.25;332.5,135;348,29.25;22.75,293;314.5,159.25;320,221.75;352,176.25
11192;162.5,281.25;301.25,120.5;318.5,152.25;367.25,121.75;22.75,293;302.5,233;312.75,311.5;314.5,159.25
49817;152.25,296.75;273.25,74.5;338.25,99.75;354.25,34.5;55.5,249;293,315.75;302.5,233;314.5,159.25
49750;152.25,296.75;231.25,38.5;276,106;354.25,34.5;143,225.75;320.75,313.5;329,195;338,79.25
34413;253.75,323.5;329,33;331,150.75;361,32;126.5,274.75;320.75,313.5;329,195;338,79.25
12343;253.75,323.5;329.5,8.5;331,150.75;333.75,23.75;42,309.25;268.75,284.25;280.75,218.25;356.75,7
9749;251,274;298.5,111.25;298.75,235.5;336.5,98.5;42,309.25;197.25,310.75;299.25,184.25;356.75,7
37117;291.25,317.25;303.75,155;322,196.5;346.75,44;86.25,250;197.25,310.75;299.25,184.25;356.75,7
11561;273.5,250.25;277.5,167.75;279.5,166;281,70.5;104.25,225.75;235.5,275.25;299.25,184.25;356.75,7
13781;226.5,302.5;230.5,231;265.5,157.25;270.5,133.25;5.25,189.75;189.5,215;299.25,184.25;356.75,7
20380;157.75,317.5;244,190;277.5,201.25;291.75,212;10,139.25;134,279.75;299.25,184.25;356.75,7
3880;175.25,279.75;294.25,187.5;309.75,132.25;355.5,163.25;10,139.25;156.75,319.5;299.25,184.25;314.25,37.75
3007;224.5,313.25;278.5,212.75;304.25,220.75;311.75,96.25;8.5,70.5;156.75,319.5;301.25,196.25;314.25,37.75
43669;148,259.25;297.75,244;315.5,132.5;341.5,164.5;3.25,4.25;146.75,272.25;301.25,196.25;314.25,37.75
3418;77.5,257.25;218.75,294.25;255,200.5;280.75,144.75;3.25,4.25;146.75,272.25;271.5,286.75;289.25,4.5
4017;100.5,243.25;242,273.5;256.75,292.5;361,129.75;3.25,4.25;123.25,197.75;271.5,286.75;331.5,31.75
19934;42.5,241;275.75,254.75;281.25,318;292,56.5;61.75,57;90.25,104.25;271.5,286.75;331.5,31.75
26142;56.25,157;307.75,269.5;349.5,277.25;354.75,11.75;93.25,103.25;117.25,51.75;271.5,286.75;331.5,31.75
2958;54,247.5;215.5,261;289.75,296.25;354.75,11.75;93.25,103.25;174,10.25;282,293.25;294.25,51.25
43380;113.75,233.5;174.5,311.75;278,312.75;332.75,31;148.75,156.5;174,10.25;251.25,281.75;294.25,51.25
10165;140,305.25;240,307.5;284.5,312.5;296.5,105.25;77.5,119;185.75,52.25;251.25,281.75;294.25,51.25
5044;43.75,305.25;188.75,290.75;250.5,219.75;327.25,90.5;12.5,172.5;130.5,47.25;251.25,281.75;294.25,51.25
2337;19.75,308;188.75,290.75;250.5,219.75;287.25,55.5;80.5,128.5;189.75,67.25;282.25,276.5;332,4.25
6351;77.5,317.75;154.25,204.5;244.5,186.75;325.25,38.75;13.5,148.25;189.75,67.25;282.25,276.5;328.25,1.75
52;136.75,292;166.5,135;259.75,150;325.25,38.75;13.5,148.25;213.5,35.5;311,311.75;360.75,50.25
13103;195,252.25;232,148;270.5,148;372,52;6,170.75;248.25,71;311,311.75;360.75,50.25
23716;255,218.5;274.75,104.25;290.5,137.5;334.25,38.75;9,93;248.25,71;355.25,297.75;360.75,50.25
23801;242.5,316;267.75,113.75;280,74.75;282.5,55.5;9,93;262,5.25;348.25,276.75;360.75,50.25
1376;155,304.25;268.25,101.25;326.75,33.5;355.75,7.75;10,93.75;248.25,98;348.25,276.75;360.75,50.25
3310;155,304.25;253,117.75;325.25,51;355.75,7.75;29.5,49.25;294.5,142.75;338.25,222.5;359.25,2.5
41351;155,304.25;178.25,109.75;226.25,10;324.25,37.75;76.5,15.5;349.75,140.25;355.5,283.5;359.25,2.5
11733;60.75,282.5;154.5,193.5;216.75,69.25;370,68.75;102.5,48.5;349.75,140.25;357.25,212;359.25,2.5
36022;67,255.5;71.5,175.75;270.75,24;370,68.75;102.5,48.5;339,191;350.75,151;354.5,81.5
5913;67,255.5;85.5,141.5;254.5,117.25;270.75,74.75;187.25,66;330,96.75;339,191;349.25,27.75
31085;67,255.5;85.5,141.5;193.5,38.25;267.5,92;240,23.75;283.5,173.75;301.75,199.25;350,35.75
25083;43.25,243.25;85.5,141.5;193.5,38.25;230.5,135.75;221,16.5;227.5,159.5;299.75,197.75;335.5,41.25
5272;30.75,182;117.5,88.75;193.5,38.25;303,57;247,41.5;254,133.75;286.25,134.25;335.5,41.25
13132;30.75,182;129,59.5;241.25,49;355.5,103.25;224,5.25;254,133.75;290.75,51.25;330.25,57.5
50114;53.5,217.25;65.75,20.75;219.25,84.25;295.25,56.5;224,5.25;254,133.75;302.25,7;356.25,18
50452;7.25,262.75;12,62.75;185,38.75;312,64.25;192.75,21.75;254,133.75;315.75,18.75;356.25,18
24284;15.75,261.75;48.25,9.5;125.5,3.25;337.5,5.75;171.5,52.5;249.5,131.75;315.75,18.75;356.25,18
22924;15.75,170.75;43.25,17.75;125.5,3.25;315.5,111.5;71.75,12.5;249.5,131.75;296.5,3.75;301.25,4
41455;11.75,267.25;43.25,17.75;135.5,22.25;223.75,56.75;71.75,12.5;293.75,218.75;327.75,37.75;331.5,34.75
31081;27,310.75;86.25,76.25;97.25,19.25;262.5,60.25;71.25,118.25;327.25,283.5;327.75,37.75;331.5,34.75
11806;27,310.75;87.75,69;97.25,19.25;217.75,85.25;86,148.75;238,223.25;330.25,59.5;354.5,7
22120;8.25,263.5;32.75,19;87.75,69;217.75,85.25;14,129.25;193.75,180.75;339,62.75;354.25,22
17268;8.75,262.75;71.75,86.5;78.75,33.25;147,66.75;51.75,221.5;151.25,120.5;339,62.75;354.25,22
27825;36.75,285.75;39,122.25;62.5,7.5;125.5,19.5;51.75,221.5;127.25,105.25;339,62.75;354.25,22
16750;9.5,309.5;23,63.25;79,12;125.5,19.5;124,259.25;127.25,105.25;349.75,150.5;355.5,2.5
11207;9,304.5;23,63.25;151.5,81.5;177,16;89.25,320.75;127.25,105.25;358.25,194.5;361.75,59
3767;0.25,296.25;2.5,109;191,37.75;192.25,6.75;161,279.25;161.75,79.25;358.25,194.5;361.75,59
36614;0.25,296.25;29.25,100;84.5,25.75;191,8;161,279.25;273,56.75;353,294.25;357,10
17458;1,202.75;84.5,25.75;110.5,154.75;185,22.75;154.5,278.25;242.75,11.25;353,294.25;359,80
18710;73.5,141.25;84.5,25.75;112.5,203.25;185,22.75;143.25,317.5;245.25,16.5;294.5,234;296,37
27026;8,173.75;30.75,85;112.5,203.25;139.25,21;196.5,311.5;202.75,63.5;294.5,234;309.5,2.25
29215;28,230.5;32.75,120.75;130.25,170.25;210.75,49;118,285.75;202.75,63.5;266.25,170.25;309.5,2.25
24690;2.5,177.5;19.5,84.5;90.5,91;210.75,49;166.5,314;202.75,63.5;251.75,129.25;255.75,25.5
11993;9.75,264.5;105,73.5;151.25,46;184.5,23;166.5,314;172.5,50.25;213,107.75;255.75,25.5
30029;31.5,242.75;44.5,96.5;57.75,75.25;184.5,23;166.5,314;176,107;232,116.75;271,136.5
41095;11.25,279.25;38.75,146.75;157.25,28.5;174.5,33;166.5,314;176,107;269.5,32.25;270.5,166.5
16272;11.25,279.25;38.75,146.75;107.75,19.75;269.75,72.75;143,317.5;227,113.75;342.25,52.75;360.75,223.5
25771;2.75,182.25;35.25,237.75;182,50;279.75,75.5;182,230.75;227,113.75;315,127.25;360.75,223.5
23899;2.75,182.25;9.5,233.25;212.5,13.25;235.5,88.5;182,230.75;184.25,41.25;331.5,161;352.5,197.25
15398;2.75,182.25;14.25,214.5;212.5,13.25;297.25,168.75;153,252;155.25,34.75;312.25,194.25;352.75,190.5
12158;2.75,182.25;42.25,265.25;212.5,13.25;354.5,135.75;112.25,293.5;165.5,40;305.25,152;343.25,260.5
33552;33.5,159;65,317.75;212.5,13.25;334.75,50.75;143.5,302;244.5,70.75;248,201.75;343.25,260.5
6932;26.25,86;124.75,299.75;178,88.5;320.75,140.75;82.75,316;168,14.75;248,201.75;343.25,260.5
23742;26.25,86;92.75,298.25;123.25,58;314,129.75;81.75,284.75;104.25,8.5;248,201.75;280.5,287.75
862;3.25,184;160.5,318.25;171,143.25;356,122.5;13.5,287.5;104.25,8.5;213.25,145.5;280.5,287.75
23902;44.25,238.25;85.25,315;171,143.25;291.5,112.75;13.5,287.5;192.25,0.75;204,58.5;233.75,202.75
1499;44.25,238.25;104.5,256;145.25,209.5;293.25,103.75;100.25,315.5;101,14.75;133.5,72.5;233.75,202.75
7986;9,309.5;28,231.5;109.5,241.75;325.75,162.25;100.25,315.5;101,14.75;172.75,38;205.75,162.75
2431;41.75,265.25;51.5,175.25;72.25,310.25;318.5,149.5;50,257.75;101,14.75;151,92;205.75,162.75
42390;14.25,190.75;52,183.25;53.75,321.75;318.5,149.5;50,257.75;121.75,16.75;139.25,56.75;275,186.75
7785;7,174.25;49.5,239.75;50.5,307.25;269.75,102.25;50,257.75;107.25,101.75;125.5,71.75;275,186.75
28964;75.5,187;79.75,177.75;116.5,299.75;289.75,111.75;93,269;125.5,71.75;162.5,152.75;275,186.75
37749;75.5,187;79.75,177.75;169.25,266.25;271,148.5;130.25,263.75;145.25,7.75;202.5,156.25;256.5,133.75
30608;18.75,231.25;33.5,206.25;166,280.75;200.25,91.75;130.25,263.75;145.25,7.75;242.5,175;271.75,162
15088;16.25,229;27.75,241.5;106.25,257;121.75,146;130.25,263.75;145.25,7.75;242.75,179;356.5,157.75
7412;40,275.25;42.25,238.25;66.75,291;88.5,86.75;129.5,309.25;145.25,7.75;256,145.75;356.5,157.75
44561;8.5,306;81.5,256.75;82.25,247.75;84.25,103;129.5,309.25;145.25,7.75;190.25,180.5;296.5,103.25
48394;8,300.75;30.75,238.75;43.75,270.5;94,68;83.25,234.25;145.25,7.75;190.25,180.5;314,160.5
36192;8,300.75;10.5,145.75;43.75,270.5;162,97.75;116.75,198.75;151.25,49;208.25,272.25;321,164
3543;12.25,273.75;17.25,191.25;43.75,270.5;63.75,121.25;10,243.5;60,92.75;145.75,184.5;321,164
19677;18.25,305;21.25,228.75;39.75,307.25;63.75,121.25;20,265.5;60,92.75;109.5,228.5;348,164
11328;15.75,296.5;16.5,154.25;88.75,314.75;91.5,67;20,265.5;60,92.75;148,262.5;310.25,170
11756;58,317.75;94.25,128.75;112,315;143.25,19.75;14.25,291.5;60,92.75;148,262.5;265.75,170.75
38668;122.5,301.5;136.5,125.5;156.25,318.5;175.5,19.25;14.25,291.5;60,92.75;166.5,298.25;265.75,170.75
25150;24.5,317;68.25,75.25;68.75,294;175.5,19.25;14.25,291.5;106,38;186.5,287.5;187.5,175.5
32374;8.75,226.5;116.75,18.25;158,247.25;186.5,49.75;5.25,196.75;41.5,57.5;186.5,287.5;187.5,175.5
10616;51.25,158;107,84.5;114.25,315.5;186.5,49.75;5.25,196.75;30.5,29;240.25,283.75;247,130.5
9812;113,199.75;129.25,56;138.5,315.25;190.5,38.75;5.25,196.75;26.25,80.5;176,306.25;247,130.5
1974;72.5,209.25;108.25,17.75;149,266.75;241.25,47.25;5.25,196.75;107.25,116;176,306.25;255.25,145.75
20040;72.5,209.25;108.25,17.75;196.5,254.75;250.25,98.25;4.75,171.5;77.5,166.75;228,319.75;241.75,164.75
18263;44.75,206.75;107.5,69.25;161.25,278.75;299,120.25;2.25,135.75;77.5,166.75;212,277;241.75,164.75
16820;78.25,287.25;201.25,60.75;210.25,241.25;228.5,181;9.25,187.75;77.5,166.75;186.5,288;241.75,164.75
32351;139,297;155.75,47.75;202,309.25;211.25,242.25;31,198.5;77.5,166.75;186.5,288;240.75,161.75
27174;91.5,267.25;102.5,6.75;113.75,316.5;263,255.75;31,198.5;106.25,135.5;170.75,257.5;240.75,161.75
13168;9.75,305.5;38,40.5;83.75,272.5;285.25,322;4,154.75;115,116.75;170.75,257.5;240.75,161.75
7309;10,233.25;49.75,46.75;65.75,280.5;351.75,289.5;4,154.75;119,60.75;145.5,302.5;240.75,161.75
39441;7.25,277;42.25,35.75;92.75,242.25;336,267.25;57.25,80.5;97,35;145.5,302.5;240.75,161.75
4841;28.75,317.75;56.75,151;185.25,269.75;246.75,272.75;57.25,80.5;97,35;237,275;301.75,153.5
30882;54.75,293.75;55.5,159.5;185.25,269.75;292.5,207;126,61.25;155.75,52.75;237,275;336,235.25
26148;54.75,293.75;55.5,159.5;168,241.5;222.75,246.25;27.25,42;136.75,148;184.25,196;311,301.5
22594;33.25,306.5;114.5,168.75;161.25,279.25;239.5,267.75;27.25,42;136.75,148;235.25,151;237.5,309.75
33079;101,320.5;149,197.25;152.5,263.5;180.75,235.75;39.25,104.25;120.25,195.25;235.25,151;237.5,309.75
1666;130.75,280.25;156.25,267.5;206.5,269.5;216.25,221.75;16.25,41;120.25,195.25;235.25,151;326.5,288
2935;121,268.5;156.25,267.5;206.25,168.5;212,291.25;3.25,39.25;120.25,195.25;292.25,197.25;352.5,190.75
39565;70,219.75;174.5,280.25;257.75,200.5;284.5,318.75;3.25,39.25;120.25,195.25;329.75,177.75;342.75,218.5
49336;83,298.5;174,306.75;274.5,169;342.5,288;17.5,118.75;87,190;329.75,177.75;342.75,218.5
3810;117.75,205.25;255,245.5;281.25,142;320.25,319.75;17.5,118.75;87,190;313,242.75;337.75,312.25
28799;95,300.25;193,177.5;224,184;320.25,319.75;17.5,118.75;151.25,152;290,288.25;352,301.75
46996;119.25,308.75;244.5,225;264,179.5;347.5,275;38.75,108.75;85.25,196;290,288.25;352,301.75
18708;202.5,307.25;241.75,282.5;300.75,232.5;330,291.25;4,96;82,157;290,288.25;352,301.75
6817;283.25,276.5;285.5,232;353.75,240.75;362.75,318.25;20.25,29.5;21.25,203.75;290,288.25;352,301.75
13563;207.25,260.5;296,149;322.75,299.5;365.25,319;50,1.75;58.75,149.75;290,288.25;352,301.75
14150;260.75,322.5;276,180.5;353.5,318;361.75,228.25;4.75,31.25;58.75,149.75;290,288.25;353,263.25
42867;247.25,283.25;343.5,141.25;345.75,311.5;364.5,248.5;4.75,31.25;16.25,220.5;207.25,296.25;353,263.25
30634;237.5,194.75;242.25,126;358.5,305;371.75,150.5;23.5,15.5;96.75,233.75;207.25,296.25;353,263.25
35329;200,135.5;316,151.75;342,225.5;353,130.5;13.25,106.75;116.25,259.5;207.25,296.25;353,263.25
14629;236.25,85.25;286.75,75.25;290.5,258.25;348.75,133.75;30.5,51.25;44.25,301.25;207.25,296.25;353,263.25
33688;236.25,85.25;316.25,68.75;321.25,294;348.75,133.75;55.75,111.75;108.75,318.25;119.25,260;314.75,313.75
27503;218,69.25;261,134.25;293,318;357.5,165.25;8.75,173.25;19,275;119.25,260;314.75,313.75
31272;191.5,71.5;282.5,183.25;283.25,318.75;355.5,164.25;16.75,135.75;24,246;119.25,260;314.75,313.75
7244;116.75,20.5;206.5,260.5;220,311;315,263.75;16.75,135.75;29,309.75;107.75,309.5;314.75,313.75
6006;54.25,68.5;158.25,146.5;192.5,269.5;364,290;8.25,13.75;29.5,306.75;107.75,309.5;314.75,313.75
8243;10.25,6.25;77,209.75;122.5,258.75;321.25,299.5;8.25,13.75;36.25,233.5;145.5,301.5;314.75,313.75
9802;34.75,21.25;38.5,110.75;52,188.5;353.25,267;8.25,13.75;36.25,233.5;84.25,314;253.5,309.75
40291;12.75,3.25;63.75,57.75;97.75,251;353.25,267;67.75,12.75;84.25,314;121.25,206.25;286,323
3062;12.75,10.25;77.5,7.75;83,320.75;267,256.75;67.75,12.75;84.25,314;170.75,239.5;286,323
29101;65.5,86;80,39;124,264;207.25,175.25;65.25,7.5;84.25,314;183.5,277.25;286,323
20107;87,188;133.25,126.75;161.75,307.75;275,148;79.75,40.5;117.5,296;183.5,277.25;286,323
32832;26,177.25;48.75,55.5;115.25,313.5;275,148;68.5,54.5;117.5,296;244.75,281.75;255.25,292.5
34824;2.75,171;107,33.75;152,262;250,164.25;60.25,150.25;103.5,273.5;244.75,281.75;255.25,292.5
41949;2.75,171;38.5,33.75;152,262;236.5,198;13,202.25;40.5,254.25;254,176.5;277.75,306
15052;2.75,171;104.75,10.75;164.25,253.75;236.5,198;46.75,292.5;66.5,277.25;254,133;337,230
49943;36.25,241;62.25,57.75;150.5,206.75;197.25,286.25;46.75,292.5;145,303.25;259,169.25;337,230
48738;35,311.75;43.25,32.5;98.75,284.75;197.25,286.25;48.25,253.75;145,303.25;305,204.5;321.25,195.25
10909;25,299;43.25,32.5;98.75,284.75;154,243.75;22.75,201.75;218,314.75;266.25,192.75;351,157
11630;106.25,281.5;115.25,19.5;138.75,266.25;146.75,159.75;22.75,201.75;216.75,303.25;270.5,93.25;351,157
1125;48,305.5;94,62.5;126,303.75;155.5,227.5;32.5,138.75;216.75,303.25;272.5,12.25;351,157
40479;48,305.5;94,62.5;126,303.75;198.25,161.75;4.75,91.75;285.5,233;354.25,4.5;360.5,170.25
15889;14,287;102.5,5;126,303.75;230.25,252.5;41.5,43.25;237.25,309.25;353,53.75;360.5,170.25
37468;42.25,296.5;166.25,2;191.25,280.25;209.5,311.75;7.5,91.5;237.25,309.25;353,53.75;357,140
45860;42.25,296.5;166.25,2;194.25,296.5;249.75,271.5;13.5,201.75;203,277;324.75,59.75;358,80.5
35985;42.25,296.5;146.5,13;194.25,296.5;289,258;3.25,295;211,296;266,50.5;330.75,3.75
21580;42.25,296.5;86.25,37.75;236,224.25;242.75,172.75;3.25,295;222,296.5;248.25,6.25;248.5,10.5
34935;67,287;86.25,37.75;138.25,226.5;173.75,233.25;75.75,301.75;222,296.5;325,21.25;352.75,11
6825;67,287;115,88;129.75,282.75;163,142;109,319.5;273.75,243;325,21.25;355.5,10.5
4215;25.25,231.5;80.75,78.25;125.5,184.25;194.25,62.75;29,265.5;273.75,243;297.25,26.75;355.5,10.5
32764;18.25,143.25;43.75,109;104.75,196.75;113.75,81.75;95.25,264.5;247,308.75;297.25,26.75;355.5,10.5
16889;36,113.75;49.5,74.25;62.75,145.25;113.25,19.5;75.25,289.25;206,290.5;297.25,26.75;355.5,10.5
14596;36,113.75;48,91.75;75.25,186.5;89.5,26.25;20.75,201.75;296.25,278.5;297.25,26.75;355,1.5
33434;67.25,171.75;70.5,96.25;75.5,209.75;89.5,26.25;79.25,173.75;294.25,279;350.25,82.25;355,1.5
44605;8.5,141.75;70.5,96.25;133.5,245.75;161.5,38.75;81,170;345.5,319.5;350.25,82.25;354.5,17
45543;49.5,214.75;50.5,171.25;66.25,181.5;161.5,38.75;23,249.75;336,320.25;341.5,23;350.25,82.25
36060;25,318;26,177.5;56,188.75;193,7;9.5,279.75;336,320.25;339.75,23.25;350.25,82.25
26564;10.75,309.5;15.5,308.5;185,157;248.75,80.75;9.5,279.75;336,320.25;339.75,23.25;352,197
25770;26.25,322.75;28,319.25;277.75,106.25;284.75,44.75;9.5,279.75;314,222;339.75,23.25;357.75,277.25
2197;75.75,299.75;115.5,283;281.75,71.25;320.25,25.25;9.5,279.75;246,201.75;304,14.25;357.75,277.25
23246;66.25,294;101.5,197.5;275.5,131;320.25,25.25;24,252;269,197.5;269.75,55.25;357.75,277.25
44422;88.75,282;136.25,177.75;259.5,133.75;269.5,24.25;24,252;204.25,216;269.75,55.25;291.25,277.5
17613;31.25,314.25;83.75,110.25;301.75,209;360.25,11;20.25,265;204.25,216;269.75,55.25;323,288.75
17157;47.75,241.5;131.5,64.25;238.75,286.5;360.25,11;5.75,321;123,240;317.25,27.5;323,288.75
19979;33.25,318;225,98.75;284.5,317.75;329.5,21.5;10.25,307;65.25,311.75;317.25,27.5;323,288.75
7192;31,264.5;251.75,58.75;294.75,318;348,24.5;10.5,274.5;65.25,311.75;315.5,101;323,288.75
9690;103.5,284.25;198,50.5;301.25,319.75;317,105;10.5,274.5;65.25,311.75;355.75,163.5;356,174.5
44070;75.5,318.25;117.25,17.75;301.25,319.75;317,105;4.5,244.5;83,285.75;353,152.5;358.25,145.5
27755;144.75,227.75;215.5,40.25;301.25,319.75;317,105;3.5,282.25;105.5,281.25;241.25,163.75;359.75,192
13720;167.25,163;184.25,63;218.25,301.75;272.75,18.5;3.5,282.25;73.5,255.25;241.25,163.75;331.25,115
50172;158.25,209.25;210.75,127.25;218.25,301.75;272.75,18.5;16.25,219.5;16.25,255.25;278.5,89.25;355.25,53.75
29008;115.5,160.75;224.75,71;248.5,281;323.75,37.5;16.25,219.5;81.25,268.25;256.25,16.25;355.25,53.75
3433;149.25,177.75;153,34.25;231.5,190;328,65.5;31.25,183.25;36,193.25;256.25,16.25;355.25,53.75
24717;68.25,165;150.25,51.5;207.75,132.5;309.5,2.5;31.25,183.25;36,193.25;287.75,30.25;350,78
22539;52.25,170.75;63,1.75;226.25,201.5;363.25,26.75;31.25,183.25;36,193.25;226.25,82.25;355.5,13.5
27202;114.25,107;118.25,21.75;124,201.5;363.25,26.75;29.75,125.5;36,193.25;313.25,63;338.5,40.75
34333;114.25,107;118.25,21.75;124,201.5;354,113.25;48.75,39.25;66.75,214.75;311.5,130.75;354.75,7
26015;15.75,101;118.25,21.75;173.75,223.5;354,113.25;16.5,20;29.25,246;278,143.75;355.5,1.5
2165;43,12.25;208,63.5;275.5,275.75;292.25,92.75;15,106.75;29.25,246;246.75,96.25;355.5,1.5
3435;43,12.25;220.75,45.75;346.5,239;350.5,10.75;15,106.75;17,271.5;246.5,72.25;355,54
35073;16.75,43.25;284.75,86.75;289.75,318.5;350.5,10.75;3.75,44;39.25,309.25;209,67;355,54
20428;122.75,41;197.5,100.25;224.5,313.25;338.25,24.5;51.75,12;58.25,215;209,67;355,54
31704;89.5,107.75;112,165.75;224.5,313.25;338.25,24.5;14.75,60;123,124.75;222.75,93.25;360.75,59
49969;39.25,75;50,208;224.5,313.25;250.75,4.5;103.25,34;123,124.75;179.25,114.25;324.25,91.75
20127;72.75,26;92.75,228;224.5,313.25;263.5,55.25;25.75,34.5;76.75,173.75;81.75,81.5;324.25,91.75
18707;72.75,26;123.5,202;237.75,225.5;263.5,55.25;3.5,7.25;70,150.75;72.75,21.5;260.25,112.5
12624;72.75,26;200.75,244.5;233.75,252.5;267,105.75;3.25,3.25;140.25,222;147.5,57.5;260.25,112.5
9936;72.75,26;200.75,244.5;273.5,246.5;298.5,54;4.75,3.25;147,157;159.75,74.25;210,95.25
9647;150.75,51.25;173.75,265.25;303.75,237.25;364.75,71.25;4.75,3.25;59.25,131;102.75,111.75;210,95.25
19110;121.5,138.5;121.5,251.25;262.25,155;317,110.5;4.75,3.25;19.75,206.75;163.5,164;210,95.25
34481;61,74.75;176.5,174.25;222.5,132;249.5,67.5;36.25,30;38,309.25;163.5,164;210,95.25
27428;3,70.75;131.5,238.75;206.75,94.25;229,85.75;16,43.5;28.25,300.25;163.5,164;210,95.25
35475;68.25,16.25;138.25,272;174.75,161.25;205.75,18.5;16,43.5;28.25,300.25;185,177.5;191,86
36908;54.5,11.25;82.25,213.25;111.25,122.25;156.25,41.5;16,43.5;28.25,300.25;112.5,144;217.25,37
34737;7,110.5;146.5,222.75;182,41;201.5,69.25;16,43.5;33.5,265.75;129.5,78.5;217.25,37
39660;7,110.5;155.25,256;186,87.5;217.75,33.5;8,128.75;33.5,265.75;87.5,15.5;237.75,11
32654;31.5,171;57,284;163.5,104.25;293.75,14.25;8,128.75;66.5,316.25;116.25,29.75;237.75,11
49791;12,241;48.75,240.75;89,181.5;194.75,7.75;66.75,214.75;78.25,222.25;116.25,29.75;237.75,11
21159;1,302.5;33.5,234.5;107,251.75;115,6;35.25,138;49.5,266.5;116.25,29.75;237.75,11
29763;30,319.25;33.5,234.5;114.75,311.5;115,6;57,235;85,222.25;99,34.25;336.25,50.75
11571;35.75,267;59.75,276.5;68.75,318;110.25,58;40.5,252.75;54,252.75;99,34.25;336.25,50.75
8471;8.25,311;37.25,286.25;49.25,293.5;65.25,4.25;40.5,252.75;54,252.75;191,54;363.75,81.25
24418;4.75,240.5;16.75,226.75;45.5,182.25;65.25,4.25;2,246;63,258.75;191,54;343.25,65.25
32865;1.25,182.5;30.5,159.75;36.25,241.25;37.5,30;2,246;151.5,201.75;189.25,54;343.25,65.25
8462;8.75,124.5;43,144.25;56.5,229.75;84.25,28.25;2,246;166,199.75;188.25,99.25;343.25,65.25
21480;8.75,124.5;56.5,229.75;63.25,148;89.75,19.25;12.25,194.25;203.25,190.25;251.75,48.5;327.25,52
4689;44,224;55,318.25;59,171.25;66.25,7.75;12.25,194.25;203.25,190.25;327.75,124.25;352.25,13.75
5281;59,171.25;125.5,251;144,259;183.5,48.25;12.25,194.25;182,164.5;341.25,174.5;352.25,66
3614;92.75,190.5;149.25,298;169,307.25;183.5,48.25;12.25,194.25;218.5,143;318.25,139.25;355.25,65.75
48844;29.75,170.75;146,227;235.25,289.75;268,61.5;109.25,161.25;218.5,143;288,224.5;355.25,65.75
31693;29.75,170.75;124.75,278.5;290,319;296.75,8.5;109.25,161.25;273.75,109.5;309.5,197.5;365.25,80.5
32383;7.5,84.25;167.25,266;290,319;296.75,71;120.25,205.75;273.75,109.5;316,254.75;356.5,2.5
48968;43,59.75;90.5,248.75;259.25,322.75;268,70.5;145.5,303.25;199.75,99.5;316,254.75;356.5,2.5
34840;103.75,12.25;130.25,201;277.5,232.5;312.75,6.75;145.5,303.25;235,149;264.25,265.5;356.5,2.5
3941;103.75,12.25;150.75,126;277.5,232.5;367,29.75;109,276.25;227,105.5;292,195.25;343.25,49
19191;15.25,43.25;135.25,42.25;335.75,198;352.75,99.75;109,276.25;226.25,137.5;309.75,272.75;343.25,49
25772;38,66.75;149,34.75;305.75,236.75;356,22.75;109,276.25;226.25,137.5;240.5,294;309.5,86
4622;39.25,79.5;117.75,3.5;316.75,306.25;372,53.5;109,276.25;233,49.25;240.5,294;242.75,81.75
35588;39.25,79.5;142,41.25;316.75,306.25;372,53.5;12,293;139.75,107.5;158.75,298.5;173.75,8.5
7145;145.25,27.5;168.25,7;241.5,219.25;329.75,16.25;12,293;111.75,111.75;114.75,276.75;173.75,8.5
5944;175.5,36.5;192.75,9.75;263.5,176.25;295.5,14;12,293;74.25,30.75;82.75,285.25;173.75,8.5
6952;91.75,139.5;112.75,111.5;256,224.25;359,137;12,293;17.25,112.25;82.75,285.25;247,9.25
45390;155.25,157;156.25,194.75;175,197.5;359,137;12,293;41.5,77.25;143.5,225;290,9.25
13932;153.5,223.5;158.25,150.5;267.5,180.75;365,164.75;12,293;34,75.75;76.75,203.5;290,9.25
27851;68,221.25;139.5,100.75;198.5,141;343.25,50;12,293;16.5,3.25;108,200.5;290,9.25
36101;2.5,263.5;180.75,113;270.75,137.75;371,29.75;11.5,311;16.5,3.25;93.25,268.75;290,9.25
39268;92.75,298.75;110.25,123.75;253,218;331,4.75;11.5,311;16.5,3.25;126.25,266.5;329.25,3.75
43508;92.25,228.25;148,157.75;242.25,171.25;316.75,16.5;11.5,311;94,24.75;199,302.5;329.25,3.75
14870;61,248;176,194.25;342,209.75;352,7.75;32.75,217;94,24.75;203.25,299.5;329.25,3.75
19453;33.75,205.5;134.5,127.5;266.25,143.5;346,24.75;63.25,164;134.25,105.75;203.25,299.5;329.25,3.75
36677;29.25,270.75;150.25,128.75;251,155.75;279.75,104.25;63.25,164;202.5,156.25;206.75,271;329.25,3.75
31634;76.75,300;196.25,169.25;294.75,70.5;308,119.75;32.25,212;202.5,156.25;206.75,271;354.75,67.75
10092;119.25,316.25;270.5,149.5;302,96.25;352.25,97.75;32.25,212;202.5,156.25;238.5,291;272.25,75.75
43111;174,310.25;314.25,211.25;356,121.5;366.75,91.75;32.25,212;193.5,98.75;266.25,239.25;272.25,75.75
34769;244.5,308.5;315.25,120.5;346.25,228.25;366.75,91.75;32.25,212;92.5,95;279.75,252.75;286,12
35312;259.5,241.25;279.5,138;353,215;368,148.5;12.25,310;63.25,164.5;279.75,252.75;286,12
1236;315.25,220.75;324,139.25;343.75,258.75;357.25,152.75;12.25,310;101.75,140.25;279.75,252.75;285.5,12
43498;234.5,313.25;271.5,57.5;303,310;357.25,152.75;49.25,250.75;149.5,57;279.75,252.75;304,114.5
41504;243,278;295,71.25;303,310;367.25,42;147.25,201.75;149.5,57;315.5,310.5;356.75,148
8524;218.25,279;269.25,33.5;285,322.75;358.5,135;134.5,176;141.25,68.75;315.5,310.5;356.75,148
23809;174.5,278.25;261,24.75;289.25,309.25;308.25,111.5;56.5,122.25;141.25,68.75;263.75,288.5;356.75,148
37671;137,320;198,50.25;349.5,290;367,152.5;16.25,119.25;206.25,46.25;263.75,288.5;356.75,148
2067;137,320;198,50.25;342.75,198.5;359,180.75;5,135;254.5,41;280.5,287.25;307.75,197.75
13676;137,320;186,12.25;250,203.5;359,180.75;44.5,139;195,1.25;230.5,222;234.5,201.25
10663;214,319;271.75,29.5;283.75,105;359,180.75;44.5,139;243.25,16.75;318,194.75;319,196.5
35660;109.5,316.5;277,129.25;287,186.25;318.25,85.75;5,70;256.75,10.5;318,194.75;319,196.5
6063;49.5,284.25;265.75,134.25;345.75,239;364,150.25;5,70;265,85.5;278.75,174.75;319,196.5
2167;66.75,295.5;290.25,57;359.75,305.75;361.25,71.75;26.5,79.75;265,85.5;278.75,174.75;300.5,194.5
3480;6.5,283.25;198.25,6.25;353,213.5;357.5,24.75;26.5,79.75;278.75,174.75;291.25,226.5;309.25,88.25
8389;52.25,177;141,47.5;321.5,143.25;355.5,129.5;26.5,79.75;291.25,226.5;339.5,147.5;355.5,157.5
48946;20.25,154.25;115.25,71.5;311.75,101.75;354.5,97.75;43.5,52.25;291.25,226.5;339.5,147.5;355.75,154.5
5625;116.5,144.5;212,75.5;332.25,21.5;336,15.75;43.5,52.25;327,205.25;339.5,147.5;356,210.75
49332;116.5,144.5;212,75.5;325.75,4.75;334.5,33.5;96.25,10.25;300,264.5;329.75,158.75;359.75,206
45380;116.5,144.5;205.75,132;295.75,75;325.75,4.75;110.5,112.75;213.5,275.5;278,104.5;359.5,147.5
6451;121.25,230.5;237.25,68;267.25,101.25;340.5,72.75;142.25,51.25;213.5,275.5;278,104.5;358.25,234.25
33762;121.25,230.5;270.5,134.25;303.25,138.75;356,25.5;142.25,51.25;241.5,317.5;319.75,161;335,310
22900;169,136;195,43;283,55.5;311.25,38;174,41;204.25,224.5;319.75,161;335,310
47550;157.75,218.25;227.25,85.5;278.75,50.5;322.75,39;154,92;181.75,160.75;319.75,161;335,310
36406;197.5,174.5;202.75,166.25;278.75,50.5;322.75,39;171,28;183.75,95.25;254.75,141;352.75,279.5
16656;161,105.75;208.5,93.5;217.5,6.75;261.75,30.5;171,28;243.75,82.75;250,71.25;352.75,279.5
27605;161,105.75;270.75,148.75;280.25,70.75;325.75,37.5;171,28;280.5,132.25;303,2.25;359.25,190.5
17337;161,105.75;280.25,70.75;336.75,151.5;351.25,94.75;100.25,39.25;235,230.75;265,32.75;294.25,97.75
32583;171.5,19;270.5,70.75;345,159.25;350,16.25;26,29.75;196.5,275;265,32.75;294.25,97.75
50216;186,74;303.25,134.75;305.5,102.25;343.25,13.75;7.25,39.25;147.25,319.5;265,32.75;294.25,97.75
3616;150.5,6.75;315.5,25;340.25,14.5;350.5,16.25;5.25,34.25;63.5,248.25;265,32.75;294.25,97.75
18906;150.5,6.75;325.25,12.75;333.75,29.5;350.5,16.25;59,84.25;123.25,163.5;300,3.75;362,52
47111;106.25,16.25;284,101.75;305.75,116;344,6.5;1.75,136.75;36.75,170.25;300,3.75;362,52
4037;106.25,16.25;298.75,55.5;309,31.5;357.5,126.5;34,100.5;127,126.75;300,3.75;356.5,155.5
40876;14.5,59;208.25,18.5;326,113.25;332.75,40.75;34,100.5;164.75,190;321.25,63.75;356.5,155.5
32715;5,26.5;217.5,82.25;340.5,96.75;369.5,43.75;34,100.5;164.75,190;237.5,82.25;325.5,242.5
12828;12.25,5.25;219.5,129;312,32;338,149.75;44.5,3;76.5,203.25;237.5,82.25;325.5,242.5
6519;4.5,95.75;220.5,105.75;275,57.5;275,236.75;44.5,3;53.75,164;237.5,82.25;355.5,162.25
22072;11.75,144.25;244.75,107;279.25,18.5;353.75,217.75;44.5,3;53.75,164;286.5,42.75;320.5,92.5
31939;4.25,215.5;194.5,135.25;343,3;354,255.25;44.5,3;53.75,164;247.25,33.25;257.5,67.5
6657;17.25,141.75;228.75,202;339.25,49.75;356.25,313.75;44.5,3;89.75,253;221.5,17;257.5,67.5
6023;81.25,116;228.75,202;352.25,161.75;360.5,258.25;4.75,51;89.75,253;143,89.5;217.5,74.75
16099;81.25,116;270,178;280.25,219.75;331.5,301;29.75,124.5;61.5,247.5;88.5,20.5;217.5,74.75
6596;163,168.25;220.5,218.75;236,290.75;242.25,288.25;29.75,124.5;61.5,318.25;86.5,41.5;217.5,74.75
15621;78,139.75;194.75,261.75;236,280.75;284.5,322.25;21.75,145.25;61.5,318.25;62.75,62;217.5,74.75
3380;37.25,199.75;198.25,296;236,192.25;237,270;21.75,145.25;61.5,318.25;149.75,88;157.75,31
12051;74.75,291;119.25,309.25;253,273.75;273.5,201.25;21.75,145.25;61.5,318.25;227,116.25;244,12.75
20221;10.25,309;54.75,295;256.75,294;273.5,201.25;21.75,145.25;90,281.75;227.25,105;254,69.5
39550;33,230.25;33.75,295.5;254.25,277.5;273.5,201.25;21.75,145.25;169,308.75;287,35;315.5,31
22021;30,206.5;92.5,298.25;254.25,277.5;318.75,111.5;21.75,145.25;181.5,315;353.25,18.75;359.25,2
45891;39.25,112.25;151,237.25;254.5,219.25;265.25,33;21.75,145.25;181.5,315;299.5,79.75;362,51.25
36918;113.75,107.5;151,237.25;278,143.25;284.75,38.25;81.25,141;280,323.5;312.5,162.75;362,51.25
19765;53.25,43.75;195,224.5;301.75,134.25;369.5,31.25;26.25,70.75;280,323.5;333,115;362,51.25
39925;111.25,14.75;159,160;274.25,201.25;369.5,31.25;10,18.5;280,323.5;311.25,79;334.75,21.5
20278;42.5,45.25;119.75,202.25;250.5,272.25;371,70.75;10,18.5;293,310;328.75,196.5;334.75,21.5
30321;49,46.75;137.25,127.25;259.25,271;355.25,174.75;10,18.5;300,296.75;328.75,196.5;329.25,34.5
1002;41.25,30.75;174.25,135.5;338.5,258.25;352.5,213.5;10,18.5;260.5,214.5;300,296.75;331.25,59.25
23657;28.25,15.25;93.5,139.25;341.25,300.75;359.75,307.5;20.5,102.5;260.5,214.5;300,296.75;326.75,58.75
424;31.25,81.25;163,214.75;345.75,209.25;353.5,240.5;20.5,102.5;245.25,319.25;260.5,214.5;315.25,35.5
47614;6.5,92.75;262.25,256.75;306.5,110.75;311.25,322;20.5,102.5;223.25,280.5;247.75,291;315.25,35.5
24048;18.5,101.25;177.25,236.25;277.5,63.5;285.75,320.75;39,120.25;163.75,201.75;247.75,291;315.25,35.5
35921;49.75,48.25;117.25,202.75;277.5,63.5;360.5,289;39,120.25;167.5,163.5;241.75,317.25;301.25,9.5
1957;63.5,9.25;117.25,202.75;304,56.5;360.5,289;77,209;81.75,131;235.75,310.25;265.5,10.25
40628;45.75,22.25;51.5,228;290,70.5;361.75,323.25;11.5,148.75;47.75,164.75;235.75,310.25;265.5,10.25
35194;5.25,6.25;5.5,301.75;319.5,60;340.5,242.75;11.5,148.75;47.75,164.75;235.75,310.25;325,62
44143;9.75,124.5;28,319.25;247,11.25;267.5,179.75;11.5,148.75;68.5,221;235.75,310.25;322.25,33.5
10972;14.25,190;36,241.5;190.5,37;247,200.75;11.5,148.75;108.75,245;314.75,313.25;322.25,33.5
42339;30.25,200.5;57.25,209.25;226,94;256.75,148;15.25,173;112.25,143.5;314.75,313.25;322.25,33.5
35912;6.25,189.5;133.25,246;260.25,81.5;268.25,58;15.25,173;188.25,98;311.5,310.75;322.25,33.5
354;61.75,175.5;100.75,317.75;203.5,6.25;288.5,144.75;11.5,142.25;203,155.5;311.5,310.75;322.25,33.5
46262;79.25,86.75;88.75,214;176.75,112;252.25,155;11.5,142.25;200,220.75;311.5,310.75;348.25,25.5
35519;137,129.5;138.75,226.25;152.25,125.25;208.25,167.75;89,171.25;200,220.75;290.75,288.25;348.25,25.5
17219;71,193.25;80.25,175.5;151.75,225.25;189.25,152.75;126.75,119.5;260,199;290.75,288.25;348.25,25.5
9369;31.75,121.75;103,256.5;105.25,243;158.75,140.5;134.25,73.25;262.25,215.25;290.75,288.25;348.25,25.5
13151;87.5,103.25;103.25,322.5;136,207;207.75,100.25;192.5,100;260.75,244.75;290.75,288.25;348.25,25.5
16684;19.5,42.75;41.5,280.75;66,171.75;207.75,100.25;171.5,98.75;310,309.75;311.25,314.25;348.25,25.5
48005;19.5,42.75;130.5,246.75;141.75,129.25;286.75,53;247.5,76;311.25,314.25;325.25,211.75;356,9.5
3677;3.25,93;141.75,129.25;146.75,193.75;286.75,53;301.75,23.75;307.5,203.75;317.75,138.25;329,93.75
45334;11,5.75;152.75,224.25;174.25,278.75;311,116;239.25,15.75;261.5,139.5;307.5,203.75;329,93.75
545;11,5.75;160.25,301.75;239.25,258.75;311,116;278.5,23.5;282.5,99.25;326.5,186;353.25,12.75
29252;103.5,20.25;221.25,239.25;320.75,303.75;334.5,31.5;278.5,23.5;282.5,99.25;335.5,171.5;353.25,12.75
23628;133.25,128.75;158.25,159.25;293,319.75;304.75,37;244.25,16.75;282.5,99.25;303.25,241.25;353.25,12.75
34855;133.25,128.75;158.25,159.25;279.25,215.25;299,115;168.25,38;340.75,82.25;342.25,278.5;344.25,31.5
25818;133.25,128.75;134,243.25;279.25,215.25;288.25,75.75;152.25,29.75;309.25,86.25;312,309.75;325.5,139.25
44113;40.25,120.75;208.5,168;241,215.5;288.25,75.75;152.25,29.75;335.25,59.25;338.75,282;344,144.75
8698;40.25,120.75;208.5,168;241,215.5;330,99.5;255.25,17.5;318.75,51.25;353.25,189.5;357,175
50478;40.25,120.75;261.75,147.5;291.5,229;358.75,183;160.75,49.5;267.5,95.25;354.25,183.75;357,175
10391;40.25,120.75;215.25,198;337,315;358.75,183;172.5,50.25;302,85.25;340.5,150;356.75,238.25
32979;57.5,170.25;215.25,198;306.5,302.5;334.75,225.5;217.25,97;338.5,82;339,158.75;356.75,238.25
23430;11,140.25;207.25,260.5;306.5,302.5;366,170;187.75,166;330.5,123.75;356.75,238.25;358.5,148
27957;104.5,86.5;238.5,313.25;306.75,317.25;366,170;249,240.75;310.75,160;353.5,302.25;358.5,148
14696;139.5,77.75;331.75,246.25;358.25,305.25;364,236;266.5,228;310.75,160;353.5,302.25;365,212.25
6664;186.5,38.25;331.75,246.25;358.25,305.25;364.25,149.25;229.5,274;348,53.5;359.25,197.75;364.25,278.5
20447;224,126.5;249.5,312.25;249.75,258.25;272.5,143.25;289.25,311.5;348,53.5;357.5,165.75;364.25,278.5
22763;136.25,227.5;218.75,201;239,219.25;246.75,200.25;289.25,311.5;327,98.75;357.5,165.75;359.5,241.25
1626;118.25,280.5;135.25,223.75;163.5,273.75;269.75,254.75;289.25,311.5;300.25,83.5;318.25,181.25;359.5,241.25
872;118.25,280.5;155,224.25;189.75,262.75;351.75,252.25;252.75,308.75;301.75,128.5;318.25,181.25;331.25,282.25
30397;118.25,280.5;155,224.25;222.75,313.25;351.75,252.25;239.75,283.25;295.5,208.75;324.5,288;353.75,277
16932;106.25,257;155,224.25;204.5,310.5;319.75,306.75;276.25,217.25;277.25,246;334.75,283.25;353.75,277
12975;66,209.25;93.75,175.25;204.5,310.5;319.75,306.75;235.75,283.25;276,287.75;319.5,310;366.5,210.75
4846;67.5,307.75;74,286;217.75,246.25;319.75,306.75;245,287.75;262.5,322.75;294.75,199.75;319.5,310
13478;19,306;27.25,241;270,177.5;331,198.25;262.5,322.75;289.5,268.75;293.25,178.25;319.5,310
44165;19,306;32,238.25;207,169;331,198.25;220.5,271.25;237.75,320.75;312.75,153.25;329.5,287.5
40016;51.75,322.75;55.75,284.75;163.75,200.25;331,198.25;276,237.5;282.5,310;312.75,153.25;340.25,309
45412;2.5,279.5;103.25,241;231.5,188;295.25,92.75;180.25,288.5;221.75,303;312.75,153.25;340.25,309
1316;1.75,273.25;36.25,240;280,144.5;296.5,136.5;180.25,288.5;276,275.75;336.5,159.5;340.25,309
34354;1.75,273.25;36.25,240;258,94.25;300,52.5;278.25,286.25;329.5,312.25;339,224.75;344.5,222.5
8438;1.75,273.25;36.25,240;210.75,132.5;300,52.5;276.75,210;283,287.75;324.25,300.25;351.75,203
5985;1.75,273.25;53.5,172.25;210,132.5;300,52.5;267.25,131.75;282,276.25;290,233;364,278
31879;42.75,207;83,161.25;192.5,141.75;300,52.5;278.25,118.5;285.5,287.75;290,233;339.25,311.5
16165;1.25,184.75;33.75,113.75;181.75,113.75;300,52.5;232.75,154.5;290,233;323.5,314.25;335.25,309
1861;1.25,184.75;33.75,113.75;141.25,22.25;353.25,99.25;214,199.25;226,258.25;246.25,256;272.75,286.75
23492;79.75,109.75;84,91.25;196.25,7.25;333.5,208.75;226,258.25;246.25,256;269.75,169.75;322.25,309
42862;11.75,41.75;79.75,109.75;196.25,7.25;333.5,208.75;224,256.75;260.75,231.5;293.75,142.75;335.75,309
9993;35.5,93.25;104,87;208,80.5;226.5,229.75;194.5,276;260.75,231.5;293.75,142.75;320.25,311.25
30834;69.5,166.25;117.25,15.25;204.75,62.75;322.5,208.25;194.5,276;287,322.75;293.75,142.75;320.25,320.5
3548;21.75,79.25;178.5,36.25;249.75,31.25;261.5,135.25;194.5,276;287,322.75;318.5,163.5;330,319.25
46530;32.5,77;231.25,150.75;323,4.5;327.25,242;194.5,276;264.75,306.5;318.5,163.5;351,294
34885;130.75,101.5;172.75,125.75;326.5,30.5;330.75,284;194.5,276;264.75,306.5;337.25,131.5;353.5,276
39680;72,178;100.25,191.25;278.5,19;353.75,215.25;152.25,258;168.25,303.75;337.25,131.5;353.5,276
28956;72,178;155.5,228.25;262,19;353.75,215.25;212.25,277;231,267.25;284.25,174.5;331,311.25
17399;12.5,176.5;116,281;292.75,70.25;368,165.75;153.25,225.75;176,238;284.25,174.5;331,311.25
45831;3.25,147.5;70,317.75;247,117;299.5,188.25;110.25,161.25;176,238;329,225.5;331,311.25
8534;25.25,183;37.75,313.5;290.75,94.75;348.75,167;87.5,168.25;103.25,194;329,225.5;331,311.25
6998;32,258.5;51,231;331.25,14.5;350.5,83.5;87.5,168.25;103.25,194;351.5,276;359.75,279.5
8469;75.75,300;80,270.75;331.25,14.5;350.5,83.5;14.5,227.25;36,118.75;316.5,221.75;318.25,196.75
20340;10.75,253.75;187,255.75;298.75,57.25;341,24.75;14.5,227.25;36,118.75;229,273.25;328.75,132.5
29958;63.5,305.75;167.25,272.25;305,79;309.75,115.25;14.5,227.25;77.75,161;229,273.25;348.5,79.75
34559;87.75,309.25;241.75,293.75;266.5,19.5;311.25,80.25;14.5,227.25;77.75,161;287,286.75;336.5,35.75
14305;101.5,321.25;135.5,287.5;220.25,7.5;332.25,16.75;22,191.75;143.75,224.75;287,286.75;336.5,35.75
1366;48.5,250.25;204,309.5;220.25,7.5;332.25,16.75;48,270.25;214.75,270.5;236.75,239.75;243.25,47.75
485;48.5,250.25;115.75,309;132.25,9;326.25,35;20.25,192.25;214.75,270.5;303.5,280.75;347.25,50.25
8256;49.25,171.75;62.75,304;86.5,85.25;364,37.75;17.5,191.5;227.25,185.5;303.5,280.75;347.25,50.25
1841;49.25,171.75;151.75,289;161.25,112.75;324.25,30.5;17.5,191.5;225,272;249,288.5;309.25,85.25
2322;130.5,200.25;217.25,319.25;231,156.25;257.25,78.75;17.5,191.5;210.75,173;249,288.5;269.5,141.75
47947;136.25,124.25;160,324.25;165.25,99.75;276.5,75.5;17.5,191.5;195.25,100.5;249,288.5;294.75,123.5
40440;93,48.5;160,324.25;183.75,118.75;213.5,7.5;17.5,191.5;158.5,151.5;161.75,319.5;347.75,179.75
6536;65.75,4.25;104,313.25;124.75,32;188,50.25;5,308;150.5,155.75;161.75,319.5;347.75,179.75
5037;1.75,93.5;31.25,238.5;82.5,78.5;226,92.5;49,291.5;150.5,155.75;161.75,319.5;357.25,154.5
37755;26,67.5;63.5,309.25;70.5,175.25;281.5,72;106.5,276.75;150.5,155.75;161.75,319.5;289.75,144.25
40807;57.5,74.25;62.5,281.5;82.25,269.25;355.5,129.75;105.75,304.25;150.5,155.75;176.5,240.5;289.75,144.25
49683;51.25,58.5;67.5,231;110.5,316.5;324.5,104.5;105.75,304.25;150.5,155.75;245,234.75;359.5,157
9259;12.5,42.25;94.75,227.5;207,308.75;315.25,6.25;76.5,251.25;150.5,155.75;237.75,201;359.5,157
49747;12.5,42.25;159.75,142.5;207,308.75;209.75,30.75;162,318;183.25,100.25;307.75,153.25;308.75,234.25
4411;12.5,42.25;151,91;152.25,318;209.75,30.75;109.75,265;184.75,196;206.5,125.25;336.25,313.5
49193;12.5,9.75;185.5,85.25;196.25,286.75;201.75,63;83.5,170;184.75,196;225.25,102.25;336.25,313.5
819;84,21;138.5,88.75;144.25,239.25;222.5,64.25;7,202.75;187.25,251.5;225.25,102.25;336.25,313.5
184;16.5,42.25;83.25,114.25;92,283.25;222.5,64.25;2,239.75;158.5,300.75;201,173;336.25,313.5
17198;22.75,99.75;30,177.5;42,243.25;224.5,68.75;9.5,240.75;158.5,300.75;201,173;346.75,320.5
21793;9,111;14.75,230.75;98,196.5;297.25,167.75;52,298.5;158.5,300.75;177,143.75;346.75,320.5
35386;28,177.25;29.75,306;58,229.5;342,210.25;52,298.5;158.5,300.75;177.25,144.25;336.25,294.75
39193;77.75,232.5;112,317.5;117.75,199.75;246,217;52,298.5;122.25,324.5;177.25,144.25;332.5,287.5
6785;8.5,311;57,241.25;107,254.75;156,298;52,298.5;122.25,324.5;185.5,226;337.5,283.5
44923;8.5,311;100,282;137.5,315.75;163.25,289.5;35.25,283.5;69.75,286.75;130.5,258.75;337.5,283.5
774;50.25,242.25;86,201.5;93.75,311.75;142.25,320.5;19.25,179.75;69.75,286.75;130.5,258.75;311.25,197.75
24102;46,138.75;68.5,295.25;80.5,300.75;141,285.75;19.25,179.75;69.75,286.75;155.5,235.25;245,196.5
42219;41,64.75;65.25,261.25;74.5,281;91.75,323.5;56.25,84.75;69.75,286.75;155.5,235.25;229,257
34549;40.75,188.75;42.75,238;75.5,165.75;120.75,223.75;56.25,84.75;69.75,286.75;243.75,309.75;249.5,176
11639;42.75,238;43,144.25;68.5,97.75;120.75,223.75;44.25,136.5;132.25,287;247.25,310.25;280,174.75
44052;7.5,241;26.5,127;65.75,29.75;82.75,298.75;44.25,136.5;132.25,287;247.25,310.25;282,222
33383;18.75,227.25;35.5,66.75;37.75,9.5;82.75,298.75;27.25,40.5;132.25,287;212.25,209.5;243.75,281.75
6721;8,174;28.25,107;37.75,9.5;129.25,191.5;27.25,40.5;182.5,191;220.5,275.5;230,248.5
47432;8,174;26,80.75;41.25,46.75;90.25,171.25;27.25,40.5;138.5,172.25;207.5,203.25;214.5,214.75
19356;9.75,91;16.25,81.25;33.5,137.5;57.75,171.25;88.75,65;144.75,87.25;207.5,203.25;214.5,214.75
4400;2.75,175.5;16.25,81.25;52,145.5;63.5,187;119.25,20.25;144.75,87.25;231,193.25;303.25,196.75
17296;2.75,175.5;16.25,81.25;24.5,127.75;49.25,170.25;192.5,69.25;212.5,48;326,150.75;352,161.5
10683;25.75,152.75;93.5,114;122,141.5;122,240.5;192.5,69.25;232.75,66.5;346.75,80;352,161.5
14793;39.25,238.25;71.75,32.5;73.5,146.5;183.75,249;192.5,69.25;300.75,121.5;301.5,15;352,161.5
39063;91.25,323.75;94,156.75;133.25,137.25;241.75,133.25;192.5,69.25;245.25,17.75;302.25,125.75;352,161.5
42597;10.25,309.5;12.5,176;133.25,137.25;241.75,133.25;154.5,34.5;171.25,32.25;211.25,175.75;356,264.75
5538;1.5,218;40.75,239.25;93.75,139.25;241.75,133.25;151.5,49.5;171.25,32.25;286.5,224.5;321.75,320
33272;1.75,180.5;17.25,300.5;37,129.5;281.75,183.25;151.5,49.5;171.25,32.25;340.25,261;353.75,276
21233;0.25,82.75;17.25,300.5;30,121.25;210,105;164.5,164;226.75,90;326,241.5;353.75,276
41590;9,84.25;17.25,300.5;76,189;210,105;230.25,185;312.25,100;321.5,311;352.25,276
38254;9.75,86.25;17.25,300.5;76,189;271.5,134.25;224.5,217.5;317.5,122.75;331,314.25;335.75,310.5
25780;30.5,107.5;33.75,305;36,188.75;332,67;150.25,224.5;260.75,53.75;331,314.25;335.75,310.5
47836;9.25,138.75;22.75,241;48,111.75;332,67;128.75,275.75;316.5,33.25;331,314.25;352.25,291.75
2286;19.5,228.25;41.25,262.75;48,111.75;367,25.75;171.75,322.25;314,52;331,314.25;345.75,187.25
45610;7.75,310.5;30,197.25;56,231;333.75,81.25;171.75,322.25;222.75,40;323.25,301.75;345.75,187.25
6174;29.25,228.75;37.25,124.75;77.75,139.75;333.75,81.25;219.25,210.75;222.75,40;242,319.5;359.5,162.5
13316;1.75,192.5;18.25,63.25;129,203.25;355.5,122.75;145,224.5;162.75,71.25;242,319.5;359.5,162.5
39270;32.75,194.5;33.25,43.75;54,229;286.75,85;78,297.75;162.75,71.25;242,319.5;355.25,153.5
23650;22.75,153.25;52,8;144.75,226.25;241,163;130.5,313.75;196,11.5;242,319.5;355.25,153.5
6208;30,77;42.5,18.75;56,285.5;192,135.75;177.25,270;196,11.5;242,319.5;354.5,43.5
10033;30,77;42.5,18.75;89.75,165;227.25,203.5;141.75,319;219,124.75;337,319.5;354.75,21.5
21242;6.75,25.25;9.5,100.75;108.5,79.5;213,201.5;150.5,221;192.25,100.25;337,319.5;354.75,21.5
22359;1.5,34;39,67.75;67.75,147;246.75,280.75;91.25,153.75;170.5,28;337,319.5;354.75,21.5
4687;8.75,42.75;69.75,58;117.25,206.75;168.75,304.5;145.75,91.5;158.25,12;337,319.5;354.75,21.5
13046;8.75,42.75;69.75,58;156.25,193.25;168.75,304.5;140.25,74.5;243.5,5.25;352.5,289.75;359.75,3
47334;31.75,133.75;59.75,74.25;145.75,264.75;157,306;17.25,29.25;278,115.5;352.5,289.75;359.75,3
6502;72.5,165.75;81.25,127.75;82.25,184.25;157,306;17.25,29.25;314.75,116.75;319,270.25;350,82.75
12596;112.5,164.25;121.5,209.25;124.5,282;147.25,239.5;17.25,29.25;309.5,3.25;319,270.25;338.5,131.5
15826;51.75,178.25;62.25,133.75;88.25,298.5;209.25,199;17.25,29.25;309.5,3.25;341.75,234.25;357.5,155.75
36537;39.75,124.75;51.75,178.25;142.25,261.75;188.75,78.5;17.25,29.25;328.75,47.5;337,130.5;358.25,190.5
48114;0.25,170.75;52.5,230.5;60.75,209.75;225.5,152.75;17.25,29.25;218.75,18.5;262.75,121.5;358.25,190.5
2436;0.25,170.75;0.75,273.25;40,253;130.75,188.5;17.25,29.25;283.25,25.75;305.5,149.75;326,206.5
36975;4,105.75;81,298.5;103.25,295.5;118.25,147;17.25,29.25;220,16.5;226.5,65.5;326,206.5
9703;4,105.75;9.25,310.5;71.25,242.5;76.25,227.75;55.25,142.75;220,16.5;272.25,78;358.5,164.75
34455;22.75,154.25;53.25,305.25;76.25,227.75;116.75,258.25;55.25,142.75;299,17.5;336.75,5.75;361.75,263.25
17505;71.25,146.5;120.25,224.75;142,187.75;223.5,231;55.25,142.75;270.5,13.75;336.75,5.75;340,228.5
24642;71.25,146.5;120.25,224.75;153.75,128;247.5,259.75;79.25,167;249.75,96.25;355.25,53.5;359.5,163.5
15139;88.75,197;165.75,305.25;168.5,176.25;272.25,323.75;79.25,167;262.75,6.25;273.25,55.75;359.5,163.5
14471;109,104.5;168.75,324.25;272.75,164.5;298.75,237.75;79.25,167;206.25,66.25;228.25,64.75;359.5,163.5
26359;130.75,41.5;214.25,259.75;233.75,230;261.75,241.5;101.5,171.25;206.25,66.25;221.5,55.5;359.5,163.5
33037;158.5,31.25;219.75,320;225,237.75;275.25,322.25;101.5,171.25;184.25,27.25;221.5,55.5;355,203
13666;85,39;203.5,311;246,244.5;338.25,315;101.5,171.25;165,31.25;278.5,24;355,203
10975;128.25,33.5;250.25,313.25;291,286.75;304.5,313.75;101.5,171.25;192.75,105.5;228.75,84.75;355,203
33076;71.25,74.25;171,311.75;282,230.25;358.75,228.25;76.75,133.5;187.25,174;228.75,84.75;355,203
8959;13,10.25;257.25,323.25;315.75,246;366,185.75;76.75,133.5;171.25,104.25;187.25,174;355,203
17410;73.75,21.5;299.75,230.5;313,197;347.75,157.25;73.5,29.5;171.25,104.25;255.5,252.5;355,203
16244;120,74;313,197;347.75,157.25;349.25,235.75;172.25,41;220.5,182.25;239.5,226.25;311,196.5
13601;120,74;281.25,125.25;313,197;353.5,272.25;172.5,50.25;175.75,165.75;182.5,189.25;234.75,152.5
13939;146,42.25;288.25,102.75;332.75,106;353,240.5;151.75,89.75;175.75,165.75;182.5,189.25;340.75,204.5
50236;146,42.25;246.5,20.75;332.75,106;359.25,208;47,139.5;82.75,132;155.5,190.5;294.25,275.75
46135;84.75,90.75;329.25,4.5;351.75,83.5;355.75,231.25;47,139.5;82.75,132;206,255.75;239,291.25
38670;165,143.5;269,31.5;273.5,17.5;275,229.25;27,148;82.75,132;239,291.25;251,200.25
9584;218.25,136.25;222,110;256.25,28;261,138.5;27,148;82.75,132;271,287.25;286,133.5
48170;136.5,125.25;177.5,48.75;277.5,63.5;307,136.75;27,148;56,90.25;227.5,267.5;286,133.5
6317;72.75,110.25;177.5,48.75;229.25,48.5;358.75,175;11,170.75;56,90.25;222.5,318;277.5,152.75
17502;48.5,33;113.5,8;229.25,48.5;325.5,119.25;11,170.75;128,128.25;225.5,318;314,160.25
30300;5.25,63.75;50.5,46.75;150,128;295,92.25;11,170.75;128,128.25;248.5,309.75;263.25,235
23140;10.25,141.25;103.25,18;145.25,47.25;277.25,71.5;34,123.5;212,96.5;248.5,309.75;263.25,235
7273;86.5,175;107.5,34.75;193,54.75;234.75,89.25;34,123.5;212,96.5;313,300.75;341.5,229.75
21912;115,205.25;121.25,20;198.25,17;278.75,128.25;12.75,106.75;212,96.5;341.5,229.75;355.5,290.25
16593;29.5,171;186.75,41.75;241.25,22;336,50;12.75,106.75;279.5,120.25;313.5,271;341.5,229.75
32508;70,177.75;198.25,17.5;313,41;353.5,13.75;12.75,106.75;279.5,120.25;338.75,272.25;341.5,230.25
44795;70,177.75;198.25,17.5;297,34.25;318,58.5;44.5,7.5;309.25,20.75;326.5,200;355,146
45579;45.75,214.25;106.25,56;248.75,26.5;353,129;3,46.5;309.25,20.75;326.5,200;364.75,78
1033;6.75,143.75;127.5,28;239.75,39.25;329,203.25;3,46.5;323,32.25;357,286.75;364.75,78
29638;53.75,57.75;61.25,6.25;298.5,85;362,277.75;14.25,55;326.75,24.5;357,286.75;364.75,78
18975;4,63.5;95.25,34.5;228.25,126.5;362,277.75;103,7;219.75,16.5;319.25,310;364.75,78
47901;28,25;37.25,24.5;265.5,154.75;362.25,312.5;103,7;219.75,16.5;286.75,288.25;364.75,78
22156;12.5,43.25;19.25,87;314.25,128.25;339.75,230.5;142.75,79;144.75,48.25;286.75,288.25;364.75,78
28854;12.5,43.25;81,111;264,64.75;339.75,230.5;171,29.5;206.75,41.5;291.75,194.25;312.5,62.75
15876;12.5,43.25;81,111;283.5,52.25;297.25,207.5;220.75,85.25;250.75,28.25;253.75,132.25;344,66.5
46559;51,6;97.25,155.5;337.5,31.5;361.5,228.75;150.5,32;220.75,5;253.75,132.25;344,66.5
21172;75.5,12.25;94.5,176.25;337.5,31.5;361.5,228.75;132.75,19.5;215.25,23.5;306,127;335.5,162.25
37688;75.5,12.25;107.75,222.75;325.25,32;361.5,228.75;125.5,9.5;145.75,90.25;221,215.25;315,217.75
18140;151,30.75;169.5,237.25;249.5,21.5;361.5,228.75;145.75,90.25;175.5,38;221.25,165.5;352.25,289.75
16543;114.75,19.5;185,157;327.75,37;361.75,289.5;165.75,165.25;175.5,38;188.25,188.75;352.25,289.75
16471;114.75,19.5;185,157;327.75,37;345.25,317.5;70.5,102;192.75,10.75;208,154.25;250,309.25
26061;148,51.25;221.25,259.5;327.75,37;345.25,317.5;74.75,40.5;141.25,83.5;218.5,219.5;244.5,309.25
38201;168.25,63.25;230.25,204.5;327.75,37;345.25,317.5;118.25,21;185.25,130.5;202.25,175.25;225,318.5
29661;151.75,8;158.75,128.25;336.75,149.75;358.75,210.25;118.25,21;202.25,175.25;203.75,105.25;296.25,276
22323;151.75,8;257.75,122.75;267,123;273.5,149.5;145.5,49.5;165,239.5;203.75,105.25;326.25,320
8696;207.25,81.25;237.25,223.5;263.25,133.25;269.25,65.25;86.25,118.25;165,239.5;249.5,129;326.25,320
17006;228.5,30.25;249,274;263.25,133.25;269,0.5;61.75,35.25;233,283.25;259.25,113;326.25,320
49124;175.5,35.25;179.25,319.25;200.25,84.25;269,0.5;121.5,12.75;233.25,268.25;259.25,113;286.25,288.25
35339;174.25,142.75;248.5,270.5;278.5,167.75;369.5,41.25;121.5,12.75;139.25,271.25;259.25,113;314.75,314.25
36452;151,157;211.75,226;265.5,154.25;311.25,110.75;121.5,12.75;139.25,271.25;194,175.25;348.25,312.5
17899;110,67.25;245.75,246.25;268.75,74.5;282,55.5;121.5,12.75;139.25,271.25;219.25,108.5;292,216.75
19747;142.5,1.5;231.5,275;306.75,142.75;369,73.75;39.75,32.5;151,299.25;219.25,108.5;292,216.75
37669;130.5,30.25;252.5,283.5;286.25,165;315.75,38;39.75,32.5;152,303.75;219.25,108.5;237,241.75
6636;162,126;185.25,318;235.25,135.25;338,48.25;143.75,57;152,303.75;194,5.25;237,241.75
47555;102.25,203.25;185.25,318;320.75,198.5;338,48.25;84.75,129.25;100.75,225.25;109.25,52.75;312.5,309.75
50374;102.25,203.25;185.25,318;319.5,152.5;338,48.25;6,144.25;22.25,159.25;30,53.75;304.25,223
20412;70,219.75;185.25,318;319.5,152.5;327.5,22.5;2,236.25;11,53.75;92.25,103.25;353.75,186.75
42921;70,219.75;172.75,322.25;251.5,181;283.25,54.75;70.5,140.75;75.5,19.25;89.25,19.75;353.75,186.75
11636;58,294.5;204.5,259;207.5,269.5;354.75,118.25;4.5,111;24.5,33.75;89.25,19.75;353.75,186.75
42858;109.5,282.5;255.75,312.75;257,296.25;354.75,118.25;46.75,46.5;82,15;88.5,20;353.75,186.75
39602;42.5,273.25;161.25,257.5;320.75,318.5;341.5,209.5;43.75,60.5;82,15;115.5,79;353.75,186.75
21740;30.75,242.25;112.25,169.75;312,256.5;361.5,128;29.5,39.75;82,15;115.5,79;335.25,96.25
50153;58,252.5;70,141.5;295.75,303.25;347.75,99.25;18.75,11.25;82,15;208.75,99;335.25,96.25
19046;32,183.25;112,45.5;301.25,263.5;364.75,146.75;18.75,11.25;82,15;155.75,186.25;302,24.5
30203;32,183.25;168.25,101.75;301.25,263.5;345.25,157;34.5,76;58.25,35.75;150.75,161.75;239.5,3.5
1546;32,183.25;115,167.25;291,322.25;345.25,157;49.5,77.25;117.25,91.25;125,197;174,38.5
43112;58,216.75;82.75,176.5;291,322.25;314,151;49.5,77.25;149,31.75;175.25,265.25;216.75,36.5
10595;59,252.75;90.5,294.75;340.75,229.25;358.75,210;97,171;174.75,31.75;175.25,265.25;216.75,36.5
11068;59,252.75;90.5,294.75;275.5,256.25;342.5,313;156.5,203.25;168.25,115.5;205.5,275.5;226,35.5
43661;30.75,307.75;59,252.75;266.5,181;290.75,322;156.5,203.25;183,135.5;183,276.25;208,67.25
20535;63.75,318;102,295.75;171.5,155;202,309.75;120.25,158;164.25,114.5;183,276.25;208,67.25
42441;63.75,318;102,295.75;152.25,53.5;167.25,298.75;79,129.25;102.75,151.75;104.5,308;304.75,23.75
32885;8.5,309.5;85.25,240.75;152.25,53.5;158.25,318.25;102.75,151.75;124.5,98.75;146,248.75;241.25,41.25
13587;70,281.5;145.5,313;149.75,44.5;168,230.25;102.75,151.75;143,98.75;146,248.75;285.75,95.5
14173;11.5,310;72.75,298.5;219.25,48;271.5,255.5;102.75,151.75;143,98.75;154.25,278.25;316.5,185.25
18181;28,310.5;123.75,266.25;208,63;219,291.25;26.25,187.75;143,98.75;154.25,278.25;340.75,207.25
17764;62.5,248.75;93.25,175.75;208,63;219,291.25;120.75,194.25;146.25,152;205,208.5;339.25,292
21565;62.5,248.75;93.25,175.75;235.5,136.25;239.5,207;65.75,247;134.75,224.75;140.25,288.75;347.25,277
23561;96,298.5;133.75,100;170,181.25;174,176;65.75,247;131.5,316.25;134.75,224.75;342,205
29508;28,310.5;63,9.25;117,209.25;174,176;15.75,295.75;41.75,293;121.75,228.75;342,205
37707;51,238;63,9.25;90.5,284;146.75,157.25;28.75,310.5;71.25,274;121.75,228.75;355.5,79.75
21638;6,173.5;14.5,85.75;72.75,187.5;102.75,34.25;28.75,310.5;71.25,274;205.5,174.75;355.5,79.75
16983;6,173.5;46,14;95.75,196;150.5,48.75;5,296.5;23.75,215.75;286.5,143.75;355.5,79.75
24628;39,240.75;46,14;57,202.25;62.5,126;14,283.25;42,96.25;353.5,226.25;355.5,79.75
35158;40.25,196.75;77.75,47;79.25,248.75;130.75,50.5;14,283.25;81.75,26.25;337.5,269.5;355.5,79.75
13215;4.25,175.5;56,61.25;111.5,314;142.5,20.75;14,283.25;43.25,49.75;265.5,248;355.5,79.75
45453;51.5,177.75;82.75,44.5;89,317.5;213,11.25;14,283.25;44.25,43.25;157.75,202.25;355.5,79.75
22839;34.75,242;177,104.75;192.75,276.5;238.75,27.75;14,283.25;44.25,43.25;265,226.75;274.25,143.25
812;117,181.25;183.5,60.5;196.25,286.25;221.75,0.25;14,283.25;44.25,43.25;164.25,199.75;205.5,183.5
1243;91.75,110.25;179,67.5;184,318.75;194.25,53.75;14,283.25;44.25,43.25;198.5,218;216.25,219.75
40468;52,16.5;90.75,20.5;184,318.75;275,63.5;14,283.25;68.75,10;223,316.25;224.5,314.75
22773;124.25,3;130.75,21.25;137.25,264.75;225.75,46.25;21.25,311.25;68.75,10;223,316.25;227.5,313.25
30789;124.25,3;154.25,51.25;155.25,157.25;181.5,49.25;3.75,311.25;68.75,10;181.75,287.75;260.5,318.25
25938;14.75,29.75;211.5,11.5;253.5,109.25;268.5,1.75;16,227.5;68.75,10;181.75,287.75;294.75,217.25
43759;17,76.25;109.75,23;271.5,102.5;272,75;16,227.5;68.75,10;218.25,209.25;229,158.5
38455;17,76.25;127,124;225.5,188.75;272,75;12,187.5;129.25,19.75;160.25,222.5;257,173.75
21418;41.5,46.75;50.25,172.25;156.5,223.25;196.5,6;47.75,272.75;129.25,19.75;160.25,222.5;339.25,168.5
11215;10.25,7.25;11.5,176.25;142.5,124.25;196.5,6;47.75,272.75;129.5,41.75;148.75,226.25;308.75,86.5
10519;52.5,35.5;56,277.25;79.75,178.25;196.5,6;11.75,285.25;67,33;148.75,226.25;231.75,50.75
48465;39.25,64.25;56,277.25;159.75,194.25;163,102.25;13.25,201.75;53.75,6.5;75.25,211.5;231.75,50.75
23756;39.25,64.25;39.75,194.75;159.75,194.25;169.25,18.5;10.25,135.5;43,32.25;69,189.25;261.25,32.25
48397;51.75,57.25;103.5,203.5;175,267.75;244.25,40;10.25,135.5;13.5,20;98.75,260.75;261.25,32.25
36871;51.75,57.25;103.5,203.5;222.75,206.75;244.75,44;17,141;23.75,105.25;83.5,249;230,116
17567;7.25,62.25;10.5,176.75;157.75,208;244.75,44;17,141;102.25,136.75;142,319;147.5,76
2397;3.25,171.75;24.5,126;131.75,168;317,136.25;17,141;131.5,72.5;142,319;236.5,132.75
2019;65,185;87.75,108;207.5,177.25;317,136.25;17,141;144.25,48.5;152.75,301.75;277.75,152.5
45510;40.25,241.5;89.25,107.5;281.25,127;303.75,133.75;17,141;151.5,50.5;219,307;277.75,152.5
18920;1,271;50.25,55.75;206.25,169.5;350,210.25;26.5,229.75;151.5,50.5;219,307;351.75,169
1705;27.75,302.75;94,68;273.25,112;328.25,181.75;2,311.5;191.75,0.75;219,307;351.75,169
28867;29.25,260.25;110.5,107;206.25,169;266.5,105.75;2,311.5;191.75,0.75;321.25,302;322.5,137.75
750;29.25,260.25;126.75,4.75;235.5,202.75;245.25,170.25;2,311.5;132,43.25;352.5,303.75;355.5,171.5
26234;76.25,243.25;212.5,44.5;223.25,203.5;236.5,189.75;29.5,307.5;99.75,39;352.5,303.75;355.5,171.5
8137;70,309.75;278.25,30.5;307.5,239.5;313.25,243.25;29.5,307.5;156.25,95.5;349.5,314;355.5,171.5
28678;70,309.75;267,134.75;307.5,239.5;313.25,243.25;15.25,304;113.5,8.5;345,261.75;358.75,277.5
9922;95.5,296;224.25,131;282,232.5;330.5,254.5;15.25,304;120,72;320.75,300.75;345,261.75
43884;64.75,291.5;224.25,131;302.5,319.75;359.75,202;15.25,304;177.25,32.25;239,290.75;254,293
24249;86.5,196;224.25,131;288.25,271;359.75,202;18.75,306.5;167.5,50.5;273.75,293.25;354.5,289.75
46881;86.5,196;301,54.25;318.75,297;359.75,202;32.75,280.25;71.25,21;176.5,299.75;347.25,294.5
49400;169,135.5;247.25,42.75;344.5,289.5;344.5,317.75;32.75,280.25;71.25,21;109.75,284;244.5,317.5
10499;155,202.75;280.5,10.25;306,317.25;329.75,315;32.75,280.25;71.25,21;116,199.25;290.25,300.25
16415;173.75,267.25;251.5,67.75;287.25,276.75;295.75,304.25;32.75,280.25;176.75,50.75;202,176.5;290.25,300.25
30962;188.25,269.5;217,3.25;270.25,322.75;341.25,313.25;10.5,245;121,9.75;202,176.5;290.25,300.25
23962;276,277.5;338.25,11.5;363,255;367.25,324;10.5,245;151.5,89.25;241,98;290.25,300.25
41085;168.5,217.75;214,56;255.25,305.25;264.25,298;10.5,245;188.5,175;221.75,152.25;290.25,300.25
1005;112.5,311.5;161.5,162.5;289.25,317.5;365.25,235;10.5,245;214.25,73.5;219.5,113.75;290.25,300.25
13546;115.75,308;230.25,122;264,295.75;330.5,145.5;10.5,245;140.25,31;269.25,44;290.25,300.25
35840;173.5,319.75;205,11.5;219.5,311.25;330.5,145.5;10.5,245;204.75,6;230.25,55.25;254.5,291.5
30444;196.75,315.75;205,11.5;206.5,311;265.75,92;34,189;204.75,6;223.75,113.75;224.5,320
9722;247.25,291.25;273.25,40.75;301,319.25;335.75,28.5;55.75,198.75;204.75,6;216.5,190.75;224.5,320
45448;236.25,225.5;249.25,171.25;279.75,312.75;337.75,137;102.25,197;117.5,72.5;216.5,190.75;224.5,320
549;256.5,219.75;335,145.5;341.25,313;356.75,213.75;42.75,155.25;81.25,153;216.5,190.75;224.5,320
41928;258.5,304.25;276.5,229;301.25,256.5;364,276.25;58.25,189.25;81.25,153;164.25,162.25;224.5,320
26213;253.75,291.25;278,310.75;282.25,254.75;364,276.25;18.25,143.75;48.25,180;127,73.75;224.5,320
37909;253.75,291.25;316.5,274.75;338,225;355.25,239.5;35.75,62;52.25,249;127,73.75;187,246
50264;253.75,291.25;316.5,274.75;353.5,183.25;355.5,172.25;5.5,35;9.5,239.75;109.75,19.25;168.75,312.25
48773;253.75,291.25;302,304.5;322.5,230;355.5,172.25;8.25,10;141.5,303.5;224,126.25;234.75,188.75
17312;219.75,225.25;286,310.25;332,246.75;347.25,215;8.25,10;141.5,303.5;162.75,164;332.25,138.75
14686;219.75,225.25;343.5,298.75;347.25,215;357.25,307.5;17.5,119.25;124.25,195.25;153.5,122.25;334.75,39
2377;219.75,225.25;282,322.75;354.75,240.5;362.25,290;1.25,172.5;105.75,171;153.5,122.25;321,40
41536;306.25,286.75;317,263.25;321.75,300.5;334.25,235.5;1.25,172.5;105.75,171;182.5,189.5;295,34.75
8348;306.25,286.75;334.25,235.5;353,272.25;367.75,321.75;4,288.5;127.25,223.75;186.5,175.25;241.5,114.25
50312;241.5,217.25;307,216.5;350.5,199.75;363.5,307;4,288.5;127.25,223.75;196.25,98.25;211.25,120.5
49689;245,282.25;271.5,255.25;324.75,112.25;329.5,282;10.75,309;76,190;196.25,98.25;211.25,120.5
403;180.75,320.75;337,266.75;348,8.25;349.25,209.5;10.75,309;56.75,132;196.25,98.25;288.5,92.5
50422;227.5,251.5;291.5,206;293.75,57.5;303,149.25;10.75,309;56.75,132;257.25,53.25;266.25,11.5
21791;215,161.75;235,252;265.5,17.5;269,32;10.75,309;107.25,161.25;230.75,135;266.25,11.5
26794;154.25,226.5;159.25,275.5;333.5,32;340,7.25;17.25,273.5;107.25,161.25;231.5,149.5;266.25,11.5
22637;154.5,232.25;239.25,299;267.25,84.5;351,13.75;17.25,273.5;107.25,161.25;226.75,55.25;259,77
11746;154.5,232.25;162.25,323.5;239,165;308.75,14.25;19,282.75;107.25,161.25;264,14.25;284.5,62
599;60,242.25;199.25,245.5;287.75,73.5;372.5,69.25;19,282.75;107.25,161.25;219.25,16.5;250.75,88.75
44096;118.5,275;121.5,283;287.5,143.75;303.75,54;19,282.75;107.25,161.25;205.75,65.25;241.75,163.25
47209;12.25,267.25;50.5,217.5;277.75,166.5;356.75,120.75;19,282.75;107.25,161.25;169.5,53.25;260.5,175
21708;10.25,307.5;44.25,126;277.25,135.25;303.5,167.5;36,273.25;107.25,161.25;169.5,53.25;233.75,158.5
3524;17.5,262.75;26.5,181.25;245.75,120.5;254.25,98.5;4.75,308.5;79.75,250;169.5,53.25;233.75,158.5
33539;34.75,243.25;44,139.25;288.5,106.5;304.5,78.75;11,311.25;19.25,271;169.5,53.25;233.75,158.5
41203;1.75,172;74,83.5;299.75,112.25;367.5,51.5;14.25,214.75;29,306;169.5,53.25;233.75,158.5
38958;26,137.5;74,83.5;299.75,112.25;316.75,38.5;13.25,279.5;58,289.25;217,114.5;233.5,200.5
17701;16.75,78;26,137.5;270.5,106.25;316.75,38.5;20.75,286.5;153.75,272;160.25,119.5;166.75,194.25
647;16.75,78;90.5,223;199.75,62.5;316.75,38.5;10,309.5;77,207;89.25,66.75;144,182.25
3096;16.75,78;23.25,240.5;190,38.75;287,14.5;61,221;68,273;75,28.5;144,182.25
33415;11.25,9.25;19.75,228.75;141,11;347.25,83.5;61,221;68,273;75.5,19.25;184.75,178
33820;9.75,7.25;23,178.25;32.25,17.75;347.25,83.5;61,221;79.25,249;173.5,8.25;174.75,287.25
45415;30.75,76.75;31,181.5;75.75,16.75;347.25,83.5;0.5,171.75;79.25,249;145.5,68.75;261.25,306.25
45971;21.75,63.25;67.25,184.5;75.75,16.75;317.25,38.75;14.5,155.5;33.5,175.5;145.5,68.75;339.75,310.75
18155;53.5,47.75;101.25,160.75;170.25,21.5;222.75,105.75;1.75,171.75;33.5,175.5;145.5,68.75;338.25,310.5
15714;76,9.25;101.25,160.75;247.75,23;285,106;1.75,171.75;80.25,128.25;96.75,38;355.25,297.25
35510;5.75,18.75;101.25,160.75;247.75,23;334.25,178.25;20.5,248;59.75,93;170.5,110.75;340.25,312
2254;79,14;101.25,160.75;247.75,23;354,165.5;3.25,306.25;56.25,35.5;162.5,165.5;288,301.25
32848;39.5,9.25;56.5,242.25;223,62.75;281.5,251.75;6.25,310;51.75,140;162.5,165.5;288,301.25
23417;105.75,51.5;125.25,214;170.5,87.75;221.75,245.25;5.5,228.75;9.5,171.25;162.5,165.5;288,301.25
34162;51.75,57.75;125.25,214;208.75,92;232.5,211.25;10.75,142;18.25,119.75;162.5,165.5;353.5,278.75
36931;51.75,57.75;146.75,158.5;166.5,108.25;232.5,211.25;95.25,66.75;102,135.75;239.25,217.5;334.75,314.5
12728;116.75,35.5;168.75,97.75;208,176;226,302.5;23.25,125.25;87.25,115.75;239.25,217.5;334.75,314.5
40583;67.5,1.25;152.5,31.25;208,176;226,302.5;71.75,57.25;81,19.5;317,188.75;320.5,311
0;155.75,55.25;183.25,7;195.5,269.5;241.25,300;16.25,3.25;112.75,14.5;317,188.75;320.5,311
9717;81.75,43.75;165.75,96.75;260.75,273;272,244;57,93.5;66,97;317,188.75;320.5,311
36030;68,98.25;72.5,84;205.25,294.5;206.25,177.25;22,145;78.25,10.75;317,188.75;320.5,311
38800;90.25,94;128.25,31.5;147,224.5;175.25,143.5;12.75,136.75;55,42;317,188.75;320.5,311
2489;47.75,146;54.5,9.25;87.75,214;275.5,149;12.75,23.75;54.75,64;317,188.75;320.5,311
12675;58,177.5;64.25,58.25;155,250.5;327.25,241.5;12.75,23.75;54.75,64;283.25,176.25;315.5,249
14963;50.25,183.5;91.75,9.5;241.5,272.75;249.5,288;12.75,23.75;79.25,11.75;201.5,187.5;315.5,249
27675;120.5,123;150,10.5;210.75,260;249.5,288;11.75,92.25;151,7.75;187.75,97;315.5,249
26275;151.5,85.5;153,33.75;162.5,281.25;185.25,239.75;4.75,23;151,7.75;269,56.25;315.5,249
5298;46.25,46.25;53.25,46.75;123.5,186;145,309.75;4.75,23;151,7.75;246.75,95.5;328,135.5
19846;61,6;90.5,114.75;172.75,227;186,318.25;10.5,11;151,7.75;246.75,95.5;291.5,194.75
25537;6,7.25;160.5,126.5;172.75,227;281.25,317.5;102,47;140.75,31.25;226,158.5;291.5,194.75
27661;6,7.25;176,105.25;195.25,140.5;246.75,310;64.75,3.75;140.75,31.25;163.75,202.75;234.75,208.75
29375;76.5,9.25;176,105.25;289,186.5;345.75,317.5;13,40;140.75,31.25;186.5,173.25;310.5,164
2619;47.75,106.75;88.5,92.75;318.5,110.75;328.25,293.75;12.75,20.75;47.75,1.5;186.5,173.25;310.5,164
13282;47.75,106.75;144.75,151.75;219.5,44.5;324.25,271;16,4.5;32.25,13.75;87,157.25;310.5,164
34961;1,109.75;49,178.25;120.75,43.5;324.25,271;16,4.5;107,82.75;120.75,47.25;349.5,79.5
6395;7.5,140.75;13.5,118.25;81,67;334.25,275.75;16,4.5;68,108.5;85.25,106.25;349.5,79.5
35789;20.25,74;36.25,170.25;69.75,43.75;334.25,275.75;20.5,38.25;91.75,51.5;104,135.75;349.5,79.5
41999;71.75,181.5;76.25,130.75;111.75,127.5;334.25,275.75;4.25,170.75;12.25,17.75;19.75,55;349.5,79.5
30823;37.5,78.75;41,107.25;130.25,167;288.5,290.75;4.25,170.75;10.5,13.25;19.75,55;359.75,162.75
3189;6,158.25;10.5,8.75;130.25,167;288.5,290.75;24.75,197.25;136.5,42.75;145,77;354.5,204.25
24961;5.5,63.75;35.25,39.25;52.5,229;273.25,234.75;24.75,197.25;105.75,127.75;126.25,115;354.5,204.25
3769;5.25,32.25;135,75.75;149,260.75;254.75,271.25;22.25,217.5;105.75,127.75;126.25,115;323.5,310.25
47203;30.5,146.25;135,75.75;162.25,223.75;254.75,271.25;96.5,225.25;160.5,52.75;161.75,31.25;353.5,248.25
34146;36,242.5;48.5,9.25;74.5,281;150.25,259.5;74.75,134;161.75,31.25;209.25,46.25;353.5,248.25
35679;10.75,309;42.75,46.75;43.25,240.25;150.25,259.5;74.75,134;257.25,51.5;263.5,78.25;302.25,307.25
28902;12.75,229.25;49.75,123.5;58,175.5;102.75,313.25;16.5,156;144,79.25;263.5,78.25;302.25,307.25
3743;8.5,307.5;25.5,214;93.75,204;113,307.5;19.5,127.5;144,79.25;260.75,141.75;302.25,307.25
4231;8.5,307.5;15.75,242;112,294.5;117.75,269;9,14.75;63,77.5;260.75,141.75;294,281.25
43209;50.25,311.25;66.5,172.25;76.5,274.75;86.25,299.25;9,14.75;99.25,199;287,7.5;294,281.25
30576;5,284;10.25,144.25;86.25,299.25;133.75,255.5;75,57.5;121,307.75;254.5,34.25;294,281.25
49901;16,263;32.5,211.25;75,255;110.5,313;114.75,144.75;198.25,242.75;254.5,34.25;294,281.25
41990;13.25,317;32.5,211.25;115.25,291.5;159.25,318;114.75,144.75;150.25,303.25;246,58;283.25,259.75
46681;47.25,239.5;77.25,130;214,320;268.75,323;114.75,144.75;150.25,303.25;317.5,138.25;321.5,190.75
37708;44.25,243.25;69,141.75;174.25,306.25;293.75,319;114.75,144.75;150.25,303.25;263.5,177;270.75,132.25
15000;0.5,272.5;35.25,217;174.25,306.25;309.5,317.25;114.75,144.75;208,266.5;279.75,185;314.25,139.75
42594;0.5,272.5;4.25,214.5;174.25,306.25;309.75,288;194,100.5;269.25,211.25;299.75,115.75;312.75,161.75
26123;9.5,175.5;98.25,191;110,241.5;350.75,199.5;148.5,108.25;189.5,180.75;299.75,115.75;312.75,161.75
16073;26.25,182;51.5,175.25;59.5,202.25;335.25,132.5;59.75,113.5;153.5,162.75;299.75,115.75;312.75,161.75
25468;0.25,174.25;51.5,175.25;65.25,261;335.25,132.5;59.5,192.25;118,117.5;310,29.5;349.5,170
12084;7.75,154.25;17.5,123.25;106.75,239.25;357,170.25;61,163.5;65.5,202.75;310,29.5;349.5,170
46634;17.5,123.25;20.25,226.25;179,319;357,170.25;29.25,59.75;106,275;310,38;355.75,159
23241;19.25,43.25;36,315.25;162.25,322.25;357,161.25;19.25,70.5;106,275;310,38;355.75,159
45558;26,137.5;35.75,240.5;52.5,305.75;359.25,288.5;19.25,70.5;92.5,169.25;308.75,36.5;355.75,159
8410;18.25,241.5;25.75,138.5;36.5,278;303,309.5;19.25,70.5;120.25,292.5;238.25,16.75;355.75,159
28071;19.75,226.25;25.75,138.5;73.75,291.25;303,309.5;79.75,24.75;107,273.5;148.25,11.5;283,114.75
32031;54,219.5;86.5,177;88.75,273.5;229,282.5;79.75,24.75;121.5,324.25;148.25,11.5;299,86.5
45948;10,140.75;73.75,96;99.5,316.75;229,282.5;37,28;45,310.25;148.25,11.5;263.25,174.5
12608;43.25,234.75;47.5,46.75;49.25,308.25;166.25,204.25;9.5,13.25;124.5,259.25;148.25,11.5;263.25,174.5
42477;49.25,308.25;119.25,57.75;139,227.5;144.5,127.75;9.5,13.25;85.75,222.25;212.5,100.5;221.5,95.5
15444;36.25,239;125.5,124.5;170.25,239.75;174.5,85.5;9.5,13.25;85.75,222.25;204.75,57.25;235.25,11.5
10841;36.25,239;125.5,124.5;165.25,212.25;178.5,47.25;8.75,23.75;16.75,171.25;256.5,11.75;280.75,20.25
29493;51.75,295.5;55.25,65;141.5,263.5;281.75,15.75;8.75,23.75;16.75,171.25;167.5,36.5;229,9.75
5227;2,272;115,6;148,230;270.25,118.75;8.75,23.75;16.75,171.25;166,37;222.25,15
13308;11,262;115,6;165.75,311.25;218.75,36;18.5,10.25;25.5,284.5;64.75,40.25;222.25,15
24356;28.25,299.75;115,6;156.25,226.5;163.5,48.75;14,3.25;25.5,284.5;85.5,15.75;111,51
5880;1.25,291.25;52.5,17.75;53.25,149.75;77.5,147.75;38.25,35.75;54,235;85.5,15.75;111,51
23853;1.25,291.25;53.25,149.75;80.25,62.75;86,93.5;25,21.5;68,307.75;81.5,41.5;88.25,177
48404;54.5,227.75;80.25,62.75;82,176.25;87.75,213;25,21.5;53,307.5;57,86;99.75,281.5
35373;63,318.25;78.5,166.25;80.25,62.75;91.25,155.5;30.25,123.75;53,307.5;53.5,129.5;61.25,177.25
3091;30.75,284.75;78.5,166.25;80.25,62.75;162,126;25,198.25;30,201.75;81,20.75;100.75,123
45779;39,182.25;62.75,187.5;83.5,165.75;114.25,159.25;19,269;60,221;81,20.75;100.75,123
44489;94.25,190;130,100.75;143.75,158;146,261.5;19,269;60,221;132.75,20.5;159,141.75
20673;198.5,136.5;207.25,175.5;216.25,72.25;222,266.5;19,269;60,221;91.25,26;152,48
3905;204.75,62.75;219,244.75;243.25,81.25;245,269.5;19,269;60,221;171.25,96;255.75,12.25
47117;200.5,11.25;213.25,302.5;252.25,134.75;312.25,308;27.25,306;67,122.25;171.25,96;255.75,12.25
23926;181.5,37.25;213.25,302.5;252.25,134.75;365.5,262;29,216;107.75,40;160.25,68.25;168.25,15.25
28207;131,96.75;265.75,242.5;268.25,56;358.25,227.75;88,267.5;123.5,5.5;160.25,68.25;168.25,15.25
32841;59.5,33;289,138.25;351,20;353.5,319.5;26.75,202.75;124.25,6;160.25,68.25;168.25,15.25
21617;5,104.25;318.5,123.5;351,20;353,272.5;19.5,155;29.5,32.25;91.5,168.5;168.25,15.25
32295;35.75,191;202.5,189.5;242.5,75.5;246.25,259.25;19.5,155;29.5,32.25;158.75,197;277,37.25
5939;117.25,250.25;190.25,241.25;248,20.75;283.5,313;19.5,155;113.5,40.25;136.75,145.75;277,37.25
29091;22.75,302;259,294.5;262.75,61.75;350,288.5;19.5,155;33.25,29;191.75,181;277,37.25
24012;57.75,277.25;254.25,275.5;289.25,169;354.25,318;19.5,155;33.25,29;127.25,273.5;316.5,15.25
43357;111.5,312.5;254.25,275.5;306.25,209.25;358.75,298.25;19.5,155;26.5,33.5;48.75,247.5;291.5,8.75
32328;50.25,311.25;199,230;223.5,302.5;358.75,298.25;38.75,78.75;41.75,89.5;117.5,307.75;291.5,8.75
43875;40.75,241.75;164.5,211.75;177.25,237.25;326.25,321.75;67.5,29;94.25,109.75;117.5,307.75;291.5,8.75
6633;8,143.75;112.25,120.75;123.75,285.5;326.25,321.75;117.25,116;142,148.75;142.25,270.25;291.5,8.75
49203;27,210.5;126,40.25;215,318.5;326.25,321.75;91,53.75;145,112.25;149.75,319;291.5,8.75
41119;2.75,178.75;5.75,8.75;121.5,287;326.25,321.75;188.5,99;197,99.25;210.25,275;291.5,8.75
14711;2.25,177.75;42.75,46.25;114.75,317;326.25,321.75;212.5,105;218.75,220;270.5,247;291.5,8.75
36791;44.25,222.25;54,158.75;67.25,313;326.25,321.75;176.5,96.5;224.75,191;233.75,186;291.5,8.75
23952;44.25,222.25;54,158.75;90.5,321.5;294.5,209.5;107.75,201;160.5,278.75;197.5,309;278,113.5
37995;48.5,190;89,113.75;128.75,216.5;332.5,281.25;38.5,191;160.5,278.75;197.5,309;354.75,68
330;39.25,240.25;127.25,122;158.25,125.75;335.5,312.25;38.5,191;160.5,278.75;240.5,300.25;351.75,24.5
14138;19.5,177;43.5,144.25;107,112;262.5,241.25;38.5,191;206.25,271.75;320.25,314.5;351.75,24.5
24312;15.75,263.5;16.5,84.25;36,63.75;355,267;26.75,120.25;206.25,271.75;320.25,314.5;353.25,46
48952;9.5,178;51,7.5;118.25,19.25;355,267;26.75,120.25;219.25,247.5;262.25,222;300,18
38815;9.5,178;66.75,51.75;138,129;355,267;124.75,152.25;290,143.75;312.25,196.25;324,123.5
44476;15.25,263.5;66.75,51.75;174.5,197.5;338.5,313.5;141,68.75;299,169.5;324,123.5;347,187.25
43716;15.25,263.5;66.75,51.75;251.75,134.25;339.25,230.5;102,140.5;321.75,163;353,56.75;359.5,162.5
26924;15.25,263.5;66.75,51.75;290.25,111.75;317.75,239.75;59,152.25;352,69.25;354,48.5;355,214.25
31741;16,177.25;148.75,90.75;194.75,62.25;317.75,239.75;59,152.25;273.25,14;273.5,90.75;303.5,296.75
21711;17,146.75;148.75,90.75;224.5,127.5;309,290.25;59,152.25;232.5,26;243.5,85.25;270.5,236
19804;17,146.75;158,159.5;164.5,33.5;309,290.25;106.75,116.75;302,3.75;346.5,79.25;359.25,157.5
810;24.5,128;67.5,86.5;142.5,151.75;309,290.25;106.75,116.75;328,24.5;356.5,8;358.75,149.5
9818;24.5,72.75;44.5,50.25;66,230.25;309,290.25;56,33.5;227.5,16.5;258,12.75;358.75,149.5
4421;6.5,108;44.5,50.25;66,230.25;281.75,317.25;151.25,91.5;167.25,51;308.75,95;322.75,55.5
7133;9,140.75;70,17;123.5,251.75;281.75,317.25;151.25,91.5;251.25,16.25;255.25,15.25;272.5,76.75
31033;9,140.75;184,36.75;223.75,227.75;281.75,317.25;240.25,77.5;258,12.25;261.25,106;327.75,161.5
20674;71.75,193.5;289.5,71.75;346,225;367.25,313;240.25,77.5;263.75,16.75;288,138.5;327.75,161.5
21600;71.75,193.5;297.25,92.75;304.5,154.75;367.25,313;205.25,174.5;296.5,36.75;333.25,59;346.5,53.75
34791;71.75,193.5;274,24.25;304.5,154.75;367.25,313;253.75,222.75;349,79.25;353.5,43.5;356.5,80
49444;71.75,193.5;328.75,94;337.75,143.25;367.25,313;226,290.5;333.75,48;334.75,33.75;360,147
37887;82,177.25;307.75,56;314.25,210;362,231;165.5,242;333.75,48;354.5,14.5;360,147
23214;31.25,239.5;285.75,57.25;297.75,111.5;305.5,310.5;118.5,156.25;273.75,63.75;354.5,14.5;360,147
8001;100.75,317.5;285.75,57.25;297.75,111.5;305.5,310.5;111,224.75;231.5,157;341.5,45.75;354.5,56.25
12181;100.75,317.5;256.25,46.5;260.75,94.5;305.5,310.5;61.25,288.75;264.25,113.5;308.75,22.25;334.25,58.75
42740;75.25,233.75;253,131.75;256.25,46.5;305.5,310.5;145.75,272.25;273,133.5;308.75,16;311,15.5
10559;153,261;253,131.75;281.25,10.25;340.25,318.25;238.25,320.25;308.25,123.25;308.75,16;341.75,77.75
29956;86.5,181.5;252.75,155;281.25,10.25;302.5,302.75;229.25,212.75;302.25,113.5;308.75,16;325.5,123.5
26386;68.5,185;192.25,229.5;210.5,46;302.5,302.75;263,235.5;285.25,194;308.75,16;360.25,150.25
8167;82,229.75;192.25,229.5;272.25,120.5;297.75,207.5;285.25,194;335.75,259.5;353,65.75;356.5,163.5
42792;82,229.75;234.5,277.25;281.25,74.25;293.75,167;253.5,240;275.75,217.5;353,65.75;354,241.25
36178;15.75,229.5;201,309;335.75,80.5;350.75,229.75;275.75,217.5;279,286.75;353,65.75;354,241.25
18547;25.5,178;201,309;273.5,128.25;350.75,229.75;297.5,174.75;304,284.5;336.5,162;359.5,149
7917;25.5,178;250,283.5;259.75,35.25;350.75,229.75;222.75,125.75;250,231.75;289.25,143.75;316.5,199.25
4980;25.5,178;290.75,318.25;308.25,55;350.75,229.75;150.5,90.25;270.75,168.25;272,195;275.75,286.75
50410;25.5,178;290.75,318.25;295.5,53.75;352.5,231;221.5,139.25;236.5,62;283.25,120;353.25,299.25
27657;25.5,178;272.5,243.25;295.5,53.75;365.5,171.5;141.75,83.5;235.75,10.25;286.5,105;336.5,221.75
31297;112.25,120.25;279.75,166.5;302,41.5;365.5,171.5;128.25,19;264.25,20;271.75,88.75;336.5,221.75
10882;112.25,120.25;232.25,122;304.75,35;365.5,171.5;162.75,68.75;316.25,18;354.5,54.75;360.25,158.5
32329;137.25,128.25;141.25,96.75;269.75,18.5;329.75,218.5;162.75,68.75;253.5,10.25;321.75,20.75;360.25,158.5
32422;137.25,128.25;150.5,1.5;269.75,18.5;329.75,218.5;137.5,183;164,30.75;242.25,17.75;364,48.25
33911;140.25,224.5;164.75,16.25;352,7.75;352.75,260.75;147.75,272;164,30.75;242.25,17.75;325.5,95.5
32739;82.25,214.25;241.75,43.25;352,7.75;352.75,260.75;174.75,289.25;189.25,41.25;326.25,35;357,2.5
1459;139.75,255.5;241.75,43.25;298.5,6;352.75,260.75;121.5,199.5;261.75,15.25;337.75,79.5;352.25,20.25
22892;139.75,255.5;241.75,43.25;265.5,8;274.25,221;121.5,276.75;225.5,49.5;354,8.5;358,6.5
49129;28,299.25;264.75,93.25;269.25,30.5;338,152.75;121.5,276.75;129.25,77;269.75,49.5;358,6.5
25274;26,323.5;244.5,102.75;317.25,59.25;354.5,137;101.25,300.5;129.25,77;215.75,44;358,6.5
18877;84,317.5;244.5,102.75;277.5,13;357,96.25;69,265.75;129.25,77;311.75,37;337,8.25
17735;2.75,312.75;158,86.25;273.25,52.25;276,105;96.75,199;178.75,125.75;311.75,37;337,8.25
32002;19.5,308.5;167.25,187.5;232.75,38.75;244.75,22;56.75,97.25;178.75,125.75;311.75,37;324.25,5.75
22612;16.5,309;143,129;286.75,24.75;355.75,13.25;56.75,97.25;159.25,203.25;238.25,15.5;324.25,5.75
17156;34.75,275.25;88.25,213.25;252,57.25;320.5,41;24.5,8;159.25,203.25;170.25,7.5;324.25,5.75
42352;8.5,311;48.75,240.75;279,18;283.75,103;24.5,8;120.5,156.25;170.25,7.5;263.5,19.5
26254;80,263;90.5,248.75;279,18;283.75,103;65.25,9.75;209.75,96.5;238,4;260.5,100.75
6331;58.75,241.75;90.5,248.75;179,34.75;283.75,103;119.5,6;289,52;310.5,37.25;342.5,24.5
3916;58.75,241.75;68.25,309;179,34.75;311.75,13.75;161,51.75;312.75,160.75;327,27.75;331,138.25
4299;27.75,209;55,304;219,135.25;248,2;202.75,105.25;327,27.75;331,138.25;338,221.75
26365;27,156;55,304;158.75,28.25;201,47.25;127.25,19;327,27.75;360.25,164;361,277
31893;1.25,79.25;16.5,305.5;64.5,7.25;201,47.25;72,89.25;327,27.75;328.25,129;329.75,312.75
50377;1.25,79.25;16.5,305.5;65.25,43.5;290.75,5;126.75,157.75;213.25,68;330.25,148.5;338,311.5
31652;1.25,79.25;16.5,305.5;65.25,43.5;362.5,25.75;103.75,203;321.75,25.25;343,51.25;354,267.75
35642;1.25,79.25;102.25,284.5;131.5,46.75;362.5,25.75;110.25,295;272.75,49.25;295.5,4.25;357.25,155.75
6449;5,9.25;83.5,248.25;134.75,126.25;362.5,25.75;116.25,324.5;272.75,49.25;304.5,7.25;340.5,82.5
29788;22.25,63.75;49,226;59,120.25;362.5,25.75;116.25,324.5;261.5,49.5;327.25,25.5;352.75,17
1579;0.25,69.25;38,137.25;70.5,222.5;307.5,110.5;33.75,302;289.75,31.5;327.25,25.5;352.75,17
16936;12,176.25;35.5,193.25;75,142.25;269.75,164;33.75,302;290,115;312.5,34.75;352.75,17
13328;4.5,60;73,142;111.5,40.25;337,108;33.75,302;257.75,9.25;263.5,140;352.75,17
19696;14.5,143.75;74,85.5;118.25,52.25;353,7.25;36.75,321;257.75,9.25;263.5,140;329.75,8.75
22143;14.5,143.75;159.75,148.5;185,47.25;362.25,91.5;82.25,317;192.5,95.5;226.5,85.5;329.75,8.75
29979;64.75,147.75;199.75,91.75;219,22.75;285.25,101.5;82.25,317;168.25,88;185.75,3;329.75,8.75
27340;92.5,93.5;138.75,124.5;211.5,3.75;232.75,46.25;82.25,317;185.75,3;206.75,58.75;363.25,55.75
30039;35.5,64.75;165.5,142;211.5,3.75;232.75,46.25;26,292;292.5,23;297,58.25;330.75,148.5
27712;64.75,6.25;97.25,129.25;211.5,3.75;223,136.5;141.5,298.75;292.5,23;336,158.5;353.75,50.5
3198;12.25,9.75;130.75,27.25;149,34.25;296.25,73.5;41,255.75;228.25,71.25;336,158.5;353.75,50.5
3713;48.75,66.25;56,74.75;184,47.25;273.75,2.75;41,255.75;228.25,71.25;229,223.25;343.25,119.75
32322;48.75,66.25;136,129.25;163.5,142;273.75,2.75;23.75,306.75;286.75,102.25;294.75,303.75;366.25,78
41643;74,23.5;85.5,189;207,69.25;273.75,2.75;73.5,302.5;330,124.5;354.5,312.75;366.25,78
34679;74,23.5;83.75,240.75;141.5,125.75;332.25,55.5;9.5,188.25;352.25,183.75;358.75,278.5;366.25,78
46784;25.25,97.5;61,230.75;94.75,188;368.5,21.5;35.25,75.25;320.75,301.75;352.25,183.75;366.25,78
7529;31,239;38,258.25;40,316.25;368.5,21.5;98.25,40.25;185,277.75;310.75,139.75;366.25,78
23403;51,299.75;58,317.25;155.75,304.75;350.75,38;150.25,56.25;185,277.75;289.75,31.5;310.75,139.75
37267;71,322.25;77.5,317.25;240,259.5;284.75,105.25;150.25,56.25;185.25,200;270.25,15.5;310.75,139.75
243;71,322.25;77.5,317.25;240.5,214.75;243.25,199;61.5,15;276.25,207.75;280,118.5;309,185.25
18373;28.25,278.25;148,287.5;148.5,209;211.75,126.75;9.75,20;276.25,207.75;280,118.5;347.5,264
36540;66.75,298;76.25,299.25;115,226;116.75,159.25;59.25,68.5;280,118.5;310,180.75;347.5,264
11397;41.25,316.25;99,193.5;136,126.5;150.25,204.25;8.25,2.75;279.5,222.25;280,118.5;347.5,264
36604;68.25,308.5;72.25,97.5;146.75,129.75;185.25,270;8.25,2.75;199.75,226;265.5,65.75;347.5,264
47355;18.5,305.5;35.5,44.25;175.5,22.25;180,265.25;5.5,92.5;227.75,256.5;265.5,65.75;347.5,264
31014;40.5,296.5;45.25,32;129.75,27.25;180,265.25;85.5,105.75;164.75,201.75;222.5,39.25;347.5,264
39630;16.25,301.5;42.75,12;136.5,22.25;214,278.25;111.5,137.25;164.75,201.75;257.5,85.5;347.5,264
25070;15.5,311;15.75,25.25;47.75,62.25;214,278.25;157.75,96;242.5,196.5;257.5,85.5;276.75,233.5
10407;15.5,311;47.75,62.25;56.5,8.75;305.75,322;141.25,121.25;308.5,277.5;343.5,63;356,156.75
18520;15.5,311;34.5,65.75;56.5,8.75;305.75,322;152.75,116.5;341.75,279;353.25,25.75;359,149.75
6179;15.5,311;56.5,8.75;107.75,127.5;345.25,197;145.5,52.25;339.5,163;354,9.5;361,279.25
1483;74,306.5;90.5,26.5;91,114.25;329.25,67;174,38.5;328.25,161.5;354,9.5;361,279.25
3802;2.75,230.25;3,70.75;6.25,7.25;282.5,166;228.5,117;259.25,142.25;354,9.5;361,279.25
8559;2.75,230.25;32,80.25;105.25,45.5;282.5,166;287.75,218.75;300.25,15;315.25,136.25;344.5,225
16317;2.75,272.75;91.25,139.5;184.75,10.25;288.75,168.5;246.25,182.5;300.25,15;336,173;344.5,225
15001;25.25,189.75;56,175.25;203.25,18;246.25,180.5;246.25,182.5;277.5,34.75;282.5,254.75;336,173
21989;25.25,189.75;60.25,129.5;203.25,18;260.75,113.75;194.5,178.25;244,99;245,194;248.75,121.75
13160;95.75,214.5;145,126;264.75,27.5;364.25,122.5;112.25,197;178.75,86.5;245,194;248.75,121.75
29056;95.75,214.5;176.25,164;264.75,27.5;360.75,89.5;150.5,146.25;158.75,53.5;191,165.5;200.25,97.25
15078;146.25,241;156.5,158.5;265,2.75;300.75,54.25;78.5,154;116,35.75;191,165.5;200.25,97.25
5540;54.5,302.25;174.25,162;184.25,1.75;315.25,73;63.5,207.75;86.75,21;191,165.5;200.25,97.25
17309;8.75,267.25;80.75,177;184.25,1.75;315.25,73;23.25,284.75;68.75,9.75;237,168.75;242.75,189
14794;116.25,312.5;142,262;148,30;315.25,73;8.75,196.25;68.75,9.75;351.5,205;355,204.5
29377;71.5,286.5;162.5,281.25;190.75,13.5;268,113;63.5,211.5;145.75,32;351.5,205;355,204.5
11012;2.5,274;71.25,298.75;123.25,72.5;176.5,161.5;90,168;177,43.75;351.5,205;355,204.5
43379;65.25,295.5;109.5,311;114,168.25;123.25,72.5;140.25,120.5;154.25,42.5;304,197.75;355,204.5
12346;94.75,212.5;114.75,283.5;134.5,62.25;150,127.5;90,220.75;143.25,32;304,197.75;355,204.5
20861;78.25,147.5;82.75,248.25;122.25,120.75;138,97.75;107.5,273.25;122.25,19.25;304,197.75;355,204.5
42265;2,214.5;99,318.25;125.25,201.75;208.25,81.25;10,309.5;126.75,112.75;304,197.75;355,204.5
31610;2,214.5;139.25,241;175.25,270.75;271.5,167.25;44.75,318.75;126.75,112.75;338.25,192;356.5,290.25
29370;1.25,296.75;175.5,280.75;244.25,313.25;264.5,65.25;112.25,252.75;140.25,197.5;338.25,192;356.5,290.25
49731;49,248;120.25,278.5;264,225.75;267.75,32.5;112.25,252.75;140.25,197.5;365.5,265.25;369.5,212.25
2698;16.75,170.25;204.75,315.75;311.25,217;314.75,2.75;112.25,252.75;140.25,197.5;276.75,286.75;332.25,180.25
30327;82.5,187;202.25,261;311.25,217;314.75,2.75;61.75,309.5;78.5,276.75;257,292;262.5,107
20255;126,291.5;188.5,157;311.25,217;330.25,14.75;142,299.75;153.5,319.5;156.25,246.5;262.5,107
15791;24.5,279.25;126.75,147;289.25,111;305.75,71.25;142,299.75;160.25,319.5;208,276.5;262.5,107
19194;68.75,280.5;116.75,72;232,149;338.25,2.5;142,299.75;160.25,319.5;280.25,252;312.5,159
43842;12,240.5;148.5,15.75;244.75,177;324.75,22.75;141.5,246;145,300.5;280.25,252;312.5,159
23360;12,240.5;90.75,92.75;244.75,177;329.25,31;236.75,251.75;248.5,308.25;287.5,218.25;352.75,155.5
46916;38.75,298.5;90.75,92.75;252.75,190.5;329.25,31;238,241.75;286.75,311.25;311,184.75;312,163.25
1690;38.75,298.5;177,37.75;234.25,210.75;329.25,31;205,173.5;300,282;303.75,130;319.5,160.5
47123;38.75,298.5;177,37.75;286.75,138.25;329.25,31;137.75,199;329.5,205.5;331,199.5;359.25,149.5
342;48,214;237.25,14.25;286.75,138.25;329.25,31;247.5,195.5;272.75,306;330.75,95.25;355.25,55.5
37293;136.75,226.75;262.25,31;322,90.25;329.25,31;247.5,195.5;310.5,314.5;348.5,50.75;353.5,54.75
3447;105.25,163.25;276.75,128.25;300,114;337.75,104.5;244.75,309.75;261.75,258.25;348.5,50.75;353.5,54.75
33965;174.75,85.75;267.25,83;298.25,176.5;322.25,141.75;244.75,309.75;352.75,299.75;353.5,54.75;354.5,2
40127;267.25,104;276.75,148;315,140.25;325.75,241.25;244.75,309.75;303.75,243.5;353.5,54.75;357,10.5
663;268.5,128.25;271.25,165.25;286.25,75.25;307.5,110.5;193.5,214.5;268.5,245;353.5,54.75;357,10.5
25613;270.75,19;292.25,114;300.75,112.25;303,35.5;193.5,214.5;326.75,159;357,10.5;363.75,40.75
3304;226,80.5;251.5,30.75;285.5,101.5;318.75,38;193.5,214.5;313,211.25;342,81;357,10.5
24208;119.25,72;251.5,30.75;285.5,101.5;318.75,38;274.25,206.75;276.5,272.5;327.25,1.75;337.25,6.75
9251;47,12;290,111.5;294.75,112;363.5,84.75;207,229.25;235.25,309.75;327.25,1.75;337.25,6.75
25527;143,9.25;231.25,147.5;355.25,155.75;365.5,166.25;156.5,255.75;235.25,309.75;326.5,46.5;327.25,1.75
31225;149,8.25;211.5,52.5;237.25,203.5;319.25,111.5;166.5,237;192.25,277;326.5,46.5;327.25,1.75
28183;104.75,78;133.5,100.75;139,238.5;294,54.5;180.25,161;303.75,278;326.5,46.5;327.25,1.75
1174;102.5,7;133.5,100.75;135.25,184.75;294,54.5;188,100.5;212.75,264.5;230.75,50.25;315.25,25.25
29883;102.5,7;172,136;184.25,111.25;215,10;102.75,128.75;214.5,222.75;236.5,132.75;315.25,25.25
42404;53.25,36.25;121.5,229;126.5,123;197.25,113.25;102.75,128.75;194.5,307.75;236.5,132.75;281,38
27290;125.5,7.5;143.75,259.25;170.25,201.25;187.25,219.5;42.25,163.75;188,315.5;236.5,132.75;281,38
33841;123.5,49.75;130.5,245.25;156.75,228.25;163,218.75;74,207;148.5,318.25;236.5,132.75;281,38
16826;36.25,24.25;62.75,306.5;101.25,295.5;208.25,185.75;131.25,125.25;148.5,318.25;236.5,132.75;338.75,79.25
34810;39.25,17.25;162.25,308.5;220.5,243.75;226,283;118.75,106.75;148.5,318.25;236.5,132.75;323,32.25
32103;19.75,86;289.25,321.25;313.25,268.25;352.75,254.5;118.75,106.75;148.5,318.25;272,125.75;280.25,22.75
8074;2.25,141;179.5,265.5;208.5,311.25;364,284;118.75,106.75;148.5,318.25;231.25,190.75;297,22.5
39857;32,73;107,309.5;275.75,244.75;365.25,310;118.75,106.75;148.5,318.25;236.25,84.75;258.75,75.5
25715;32,73;90.5,249.25;275.75,244.75;359.25,288.5;102.75,33.25;155.25,317.5;279.5,174.5;313.25,162
14610;39.25,17.25;43.75,297.25;329.75,320.25;365.25,256;56.5,28;155.25,317.5;275.25,203.5;313.25,162
31947;62.75,92.5;93.5,294.75;360.75,289.5;366.75,320.25;56.5,28;155.25,317.5;182,165.75;196.25,174.5
37373;62.75,92.5;93.5,294.75;292.75,317.75;359.75,306;20.5,119.25;247.75,215;248.75,131.75;257.5,292.75
2800;91.75,84.75;93.5,294.75;297.75,249.25;304,242.25;60.25,4.75;257.5,292.75;332.5,177.5;336,200.5
17171;4,103.25;151.75,292.5;287.25,164.5;297.75,249.25;60.25,4.75;312.25,309.5;339,161.75;343.25,260
14867;4,103.25;151.75,292.5;302.25,62.5;353.5,164.5;103.25,35.5;245,320;310.75,84;358,173.5
16582;5.5,108;228.5,281.5;314.25,137.75;350,197.75;122.75,20.5;245,320;337.25,3.75;358,173.5
16349;5.5,108;277.5,222;337,225;351.75,98.25;143.75,88.25;145.25,301.75;337.25,3.75;342,181.5
47622;9.75,46;301.5,110.5;308.25,113.75;322,19.25;80.25,131;232,258.25;337.25,3.75;342,181.5
3788;9,109.5;252.25,9.75;301.5,110.5;308.25,113.75;15.25,218;261,162;295.5,36;347.25,255.75
44436;27,181.5;254.5,55.25;272,33.5;355.75,17.25;79,208.5;288.5,220.5;295.5,36;347.25,255.75
14927;100,114.5;312.25,97.25;353.5,7.75;358,97.75;168.75,224.5;222.75,323.5;295.5,36;347.25,255.75
2074;191.75,90.75;258.75,17.5;319.5,103.5;361.5,189.5;158,299.25;164,319.5;295.5,36;347.25,255.75
34995;117.75,33.25;184.5,9.75;298.5,35.25;361.75,228.25;158,299.25;164,319.5;260.25,22.25;317.25,210.25
21227;117.75,33.25;184.5,9.75;270.5,133.25;335,298.75;53.25,251.75;255.25,308.25;301.75,38;320.25,313.25
24133;138.5,156.25;221,17.5;309.75,120;368.25,321;11.25,308.5;178,303.75;301.75,38;320.25,313.25
46387;125.75,271.25;168.75,38.75;282.5,52;317.5,250;37.5,320;254.75,220;301.75,38;320.25,313.25
5507;125.75,271.25;230.25,136;237.5,113;287.75,168;31.5,198;320.25,313.25;357,2;357.25,175.5
27608;152.5,205.75;173.75,200.75;304.5,102.25;346,89;54,190.25;343.75,277.75;357,2;357.25,175.5
27354;152.5,205.75;173.75,200.75;311,23.75;356,129.75;5.25,310.5;311,197.75;342.25,65.5;353.75,80.5
12950;158.25,146.5;159.5,166.75;329,20.5;332.25,3.75;17.25,279;237,186;342.25,65.5;353.75,80.5
1623;155.25,227.75;196,97.25;342.75,160.25;360.75,42.75;17.25,279;201.25,74.25;298.5,17;353.75,80.5
41148;189.75,228.5;220.5,0.75;248.25,117.75;271,74.75;102.25,231.75;162.25,82.75;298.5,17;353.75,80.5
29279;160.25,223.75;183.5,23;268.25,77.5;341.25,9.25;102.25,231.75;193.75,0.75;204.25,41.75;353.75,80.5
45181;160.25,223.75;183.5,23;259.25,150;312.25,97.25;138.25,286.75;259,6.25;268,99;283.75,93.25
16769;160.25,223.75;183.5,23;293,129.25;306.5,100.25;35.25,283.5;210.25,6.5;227.75,48;287.25,194.5
15855;67.75,305;186,6.25;231,235.5;306.5,100.25;35.25,283.5;186.25,18;291.5,26.25;346.75,276.25
3545;67.75,305;91.5,11.75;289.75,295.5;294.25,169.5;105.5,318.25;152.5,7.75;291.5,26.25;357,287.75
13857;67.75,305;203.25,96.25;343.25,319.75;368,167.75;154.25,285.25;191,2.25;291.5,26.25;353.25,185.75
6429;21,223;270,164;271.25,250;283.5,142.5;154.25,285.25;191,2.25;298.75,110;334.25,321
10022;8.25,271.25;278,230;283.75,322.25;309.25,245;154.25,285.25;235.5,3.5;298.75,110;317.5,271.5
41870;49.75,183;289.75,312.25;293,250.5;326.25,269.75;128.75,195.75;174.5,11.25;298.75,110;317.5,271.5
30245;49.75,183;193.25,319.25;263,178.75;315.5,260;112.75,291.5;174.5,11.25;353.5,199;364,265.75
42983;152.25,118.5;193.25,319.25;315.5,260;355.25,164.75;108,202.5;192.5,84;268.75,283;359,279.5
6731;124,30.75;193.25,319.25;315.5,260;346.25,159.5;151.75,271.75;164.75,163.5;187.5,250;306.5,284.25
20802;91,86.25;166,279.25;225,236.25;254.25,210.5;164.75,163.5;167.5,254.5;168.5,317.25;306.5,284.25
40171;91,86.25;122.5,291.5;242,258.25;254.25,210.5;184.75,96;213.75,174.25;224,248;234.5,223.25
15386;65.75,7.5;67.75,291.5;268.75,288;363,151.5;91.5,47.5;137.5,97.75;224,248;234.5,223.25
18519;19.5,29.5;43.75,297.25;268.75,288;331.5,152.5;79.25,11;119,175.5;224,248;244.25,185
10034;11.25,124;181.25,317.75;269.75,301;354.75,241.75;26,118.75;90.25,65.75;224,248;244.25,185
49603;64.25,86;99.75,239.75;318.25,318.5;356,129;55.5,172.75;82.75,13;224,248;244.25,185
29271;179.25,113.25;182.75,320.75;318.25,318.5;356,129;107.5,274.25;108.75,79.25;157.75,302.25;161.25,79.75
590;60.25,134.75;173.75,318.5;318.25,318.5;356,129;33.75,277.5;35.25,146;262.75,293.75;290.75,51.25
21633;34,243.25;132.5,272.75;338.5,314.5;351.75,180.75;44.75,248;55.5,91.75;262.75,293.75;290.75,51.25
47454;10.25,310;31.25,307.75;322,189.5;357.25,296.75;9.5,245.5;97.5,153.75;262.75,293.75;290.75,51.25
15335;28.25,297;100,222.25;277.5,232.25;307.5,310.5;24,228.25;97.5,153.75;274,193.75;290.75,51.25
24473;100,222.25;100.5,303.25;241.5,313.5;277.5,232.25;15,222.5;205,176;238.5,86.25;335.75,2.75
14025;27.25,271.25;45.5,279.5;151.75,308.5;204.5,175.75;15,222.5;205,176;205.25,68;261.5,42.5
12038;94.5,298.25;139,226;157,243.75;293.25,103.75;17.75,148.5;183.25,91;205,176;261.5,42.5
13011;126,267.25;152.5,260.5;158.5,312.75;325,52;17.75,201.75;119.75,49.5;205,176;261.5,42.5
34433;17.5,304.5;82.5,175.75;152.5,260.5;261.5,138;34.5,177.5;72,19.5;205,176;258,6.25
42255;27.25,182;69,222.25;79.5,229.25;319,113.75;3.5,92;26.5,29;205,176;258,6.25
33061;68,153.5;69,222.25;79.5,229.25;246.75,47;10.75,43.75;56,11.5;183,129.5;355,10.5
46728;70,22.5;79.5,102.75;79.5,229.25;195.5,38.75;7,2.75;56,11.5;235.5,41;271,28
4587;2.25,76;55.25,55.25;107.75,213;123.5,87;7,2.75;56,11.5;174.5,28.5;247,11.5
48461;14.5,7.25;29,102.25;31.25,184;161,181.5;16,4.5;22.25,107.5;174.5,28.5;247,11.5
49311;50.5,44.25;71,185;71.5,147.75;163,297.75;16,4.5;71.25,215;174.5,28.5;248.5,5.75
33334;5,4.25;30.25,306;33.75,101;60,318.25;16,4.5;31.25,277;174.5,28.5;232,17.5
37113;27,68;33.25,114.25;36.5,189.75;99,188.25;16,4.5;31.25,277;147.25,52.25;326.25,160.25
4047;2.75,69.25;29.5,118.25;42,122.5;62.5,118.75;16,4.5;31.25,277;174.75,10;352,138.75
3049;13,8.75;50.25,9;57.25,58.25;60.75,209.25;16,4.5;18.5,227.5;174.75,10;331.25,160.5
3346;45,106;62.25,26;122.5,122;156.75,223.25;16,4.5;144,203.75;174.75,10;361.75,210.75
28874;45,106;69.75,32;101.5,252.5;184.75,125.25;16,4.5;246.25,164.75;252,48.75;265.5,245.25
33042;3,23;25.5,63.75;103,255.5;184.75,125.25;16,4.5;227.75,184;281.75,105;303.5,195.25
46767;3,52.25;5.25,35.75;103,255.5;182.25,73.5;16,4.5;239,275;263.75,79.25;271,89
50409;5.25,35.75;87.25,64;125.75,271.75;143.25,1.75;16,4.5;160.75,299;182,8.5;318.75,150.75
2049;77.5,97.5;89,79.5;125.75,271.75;143.25,1.75;95.75,118;149.75,303.5;183.25,95.25;202,183.5
5051;4.5,5.25;14,33.25;125.75,271.75;185.25,53.75;17.75,149.75;76.25,248.5;161.5,92.25;202,183.5
30377;4.5,5.25;77,58.25;82.75,193.5;185.25,53.75;9,128.75;65.25,174.75;84,168.5;118.5,157.25
9434;125.25,32.5;131.25,25.75;163,293.25;221.5,131.25;9,128.75;14.75,215.25;84,168.5;138.25,123.75
10404;160.25,82;169,20.5;181.5,249;185.5,104.75;9,128.75;21.25,213.75;58.5,296.5;138.25,123.75
15493;131,97.75;167,16.75;173,138.75;246.25,107.75;15,11;37.75,118.25;58.5,296.5;138.25,123.75
26711;116.75,33.5;179.75,110.25;187,50.25;217.5,6.25;15,11;47.75,174.25;98.25,282.25;138.25,123.75
16744;31.25,109.75;67.25,58.25;102.25,59.75;214,4;9.75,10;47.75,174.25;128.25,223.25;138.25,123.75
1504;7.5,45.25;31.25,109.75;79.5,9.25;339.25,48.5;32.25,88;47.75,174.25;80,284.25;122.25,158.5
31142;9.75,140.25;120,42.25;194,50.5;352.5,17.25;34,44;47.75,174.25;54,259;122.25,158.5
22084;17,261.5;113,36.25;323,92.75;366.5,146.25;6.25,137.75;34,44;36.75,292.5;122.25,158.5
15478;15,154.25;26.5,67.5;342,112.25;343.75,24.25;6.25,137.75;8.5,31;36.75,292.5;161.25,48.25
6048;50,231.25;111.5,41;342,112.25;343.75,24.25;17.25,213.75;64.25,8.5;73,296.75;189.5,1.25
28833;33.75,234.25;58.25,5.75;314.25,92.5;343.75,24.25;17.25,213.75;108.5,12;155.75,289.25;263.75,24.5
1035;48.5,226.25;149,4;278,23.75;344,16;17.25,213.75;85.5,24.75;155.75,289.25;192.25,11.25
43831;125.25,291.5;214.5,79;252.75,48.25;290.75,2.5;17.25,213.75;24.75,33.5;79.25,278.75;192.25,11.25
48751;135.5,226.25;156.75,158.25;158.75,89.75;227,56.25;17.25,213.75;26.5,45.25;39.5,293;192.25,11.25
10990;85.5,142.75;107,90.5;121.25,10.75;154.75,7.75;17.25,213.75;54.75,35.75;74.25,264.25;192.25,11.25
1327;125.5,259;126,186.75;179,48;189.75,6.75;17.25,213.75;83.25,118.75;113.5,195.75;192.25,11.25
31267;37.25,315.75;69.25,126.75;104.25,8;109,114.5;23.75,308;83.25,118.75;128.5,307.75;192.25,11.25
24246;0.25,201;23.25,152.75;85.25,148.75;182.25,231.75;23.75,308;83.25,118.75;236,308.75;320.25,51.25
48340;18.5,283.25;121.75,205;152.25,137.25;244,174.5;12.75,286.25;116,72.5;236,308.75;320.25,51.25
18150;32,281;55.5,239.75;147.25,108.5;173.75,232.75;12.75,286.25;181.5,37.25;236,308.75;345.5,32
7821;54.75,318.5;55.5,239.75;82.75,130;186.75,230;12.75,286.25;213.5,6;230.5,248.25;363.25,45.5
10342;18.5,283.25;36.25,223.75;52.25,56.5;186.75,230;31.25,188;238.75,114.75;239.5,293.5;363.25,45.5
42381;17,177.5;142.25,124.5;145.25,137;164,164;31.25,188;220,114.25;227.25,279;363.25,45.5
50432;1,141;132,7.5;177.25,42.75;232.5,50.25;31.25,188;220,114.25;345.25,269.75;367.25,82
46835;61.5,157.75;65.5,24.25;138.25,147.5;320.25,19;31.25,188;220,114.25;335,310;356,7
3608;40.25,221.75;49.25,1.5;115.25,123.75;369.25,25;31.25,188;270,144;298.25,306.5;356,7
14103;40.25,221.75;103.25,18.5;115.25,123.75;313.75,6.25;143.5,236.75;148.75,225;188,214.75;200.25,40.25
34451;48.75,293.5;110.75,17.25;129.5,213;362.5,32;148.75,225;165.25,241.5;188,214.75;208.75,98
33027;111.5,317;138.25,127.75;138.75,309;337.75,104.5;148.75,225;168.25,300.75;188,214.75;190.5,30.5
3220;9.75,310.5;60.5,243;230,236.75;266.75,17.5;10.5,228.25;82.25,285.75;188,214.75;190.5,30.5
452;4,232.75;44.5,124;283.25,143.25;351.75,95.75;4.5,239.75;55.5,310.5;188,214.75;190.5,30.5
37249;8.5,158;64.5,1.75;331.75,179.25;348.5,166.5;13.75,201.75;55.5,310.5;188,214.75;214.75,11.5
14013;50.75,161.25;181.5,49.25;340.75,256.75;342.25,279;55.5,310.5;74.25,181.75;92,191;214.75,11.5
36663;50.75,161.25;179,105;283.5,319;298.5,317.5;60,316.25;87.5,104.75;92,191;98.75,20
10042;70.75,44.5;132,19.25;216.5,301.5;342.25,315;60,316.25;98.75,20;152,243.75;163.5,90.25
28366;122,53;125.25,30.5;166.75,261;273.5,294;41.5,319.75;108.5,41.25;152,243.75;163.5,90.25
17836;50.25,9;75.5,58.5;114.75,317.5;340.25,228.75;41.5,319.75;151.25,7.75;152,243.75;227.5,133.25
4462;8.25,85;39.75,121.75;95.25,229.75;327.25,312.25;41.5,319.75;151.25,7.75;200,319.75;228.5,116.5
12655;7.25,144.75;12.75,169.75;73.5,176;283,320.5;30.25,310;104.75,112.25;200,319.75;228.5,116.5
30239;12.75,169.75;37.75,123.75;73.5,176;366.25,321.5;87.75,225.25;91.25,64.75;93.5,280.75;309.75,210.25
10579;15.5,189.75;37.75,123.75;71,307.75;366.25,321.5;19.5,129;76.5,102;82.25,286;318.5,312
11222;25.5,137.5;68.75,28.75;110.5,315;347.5,318.75;19.5,129;57.25,111.75;80.75,315;318.5,312
21857;16.5,128;99.75,132.25;110.5,315;347.5,318.75;33.5,146.25;72.25,242;88.5,281.5;274,267.75
47401;7,173;35.5,15.25;110.5,315;351.75,319.25;42.5,179;44.5,306.75;72.25,242;313.25,150.75
45344;43.25,62.25;45.5,9.25;110.5,315;351.25,228;3.5,55;31.5,311;72.25,242;355.75,164.75
48057;23.5,42.25;45.5,9.25;110.5,315;261,180.5;15,141;30.5,206.25;97.75,260.75;296.25,277.75
39960;23.5,42.25;30.25,15.25;110.5,315;317.25,64.75;9,141.75;10.5,307;172,163.5;352,290.25
21355;47,101.25;76,10.25;216.25,319.25;301.25,139.75;9,141.75;10.5,307;157.5,66.75;286.75,287.25
6927;0.5,189.25;2,7.75;226.25,313.25;352.75,42;9,141.75;10.5,307;116.75,125.75;258,263.25
44105;0.5,189.25;2,7.75;209.25,239.25;295,54.5;3.75,142;74.5,255.25;114.5,229.5;352.75,197.25
4155;4.5,286.5;10.25,124;270.75,166;341.25,19.25;3.75,142;74.5,255.25;187,287.5;267.5,170.5
1024;4.5,286.5;136,96.75;273.25,167;341.25,19.25;119.75,104.75;151.25,238.5;278.75,288.25;314.25,132
28860;4.5,286.5;25.75,62.25;273.25,167;326.5,27.5;29.5,179;41,265;288.25,218;336,26.5
16001;4.5,286.5;49.25,58;251.5,116.5;326.5,27.5;6,241.25;10.25,292;309.75,196.75;352.75,68.75
145;8.5,284;74.5,176.5;309,115.5;331.5,138.5;6,241.25;67.75,290.25;315,312.75;352.75,68.75
3903;27.5,153.25;153.5,266.75;295.25,54.25;356.5,177.25;6,241.25;78.75,296;315,312.75;352,66.25
665;115.5,163.25;144,208.25;276.75,34.5;354.75,213.25;11.25,308.5;14.5,282;315,312.75;352,66.25
25609;71,177;109,316.5;276.75,34.5;327.25,210.5;11.25,308.5;67.25,298.5;328.25,321;351.75,170
20598;26.75,306;135.5,224.25;161.5,101.75;309.5,110.5;111.5,260.75;168,314.5;328.25,321;351.75,170
26889;26.25,231;67,294.5;84,141.5;359.25,94.25;44,310.25;78,284.75;328.25,321;351.75,170
17276;26.25,231;117.75,304.5;128.75,215.75;366.25,72.25;44,310.25;156,319;353,306.25;353.75,226.75
36436;91.75,311.75;155,224.5;155,243.75;366.25,72.25;41,255.75;156,319;322.5,312;326.5,131.5
13845;149.5,305.5;173.75,271.5;199,323;326,93.25;25.75,293;92,297.5;322.5,312;326.5,131.5
1804;98.5,318.5;218,270;264,309.75;353.5,13.25;25.75,293;153.75,221;281.5,323.5;326.5,131.5
19034;9,241.5;91.5,274.25;210.5,309.75;276.25,32.5;25.75,293;153.75,221;280.5,293.25;363.25,78.25
22145;45.25,202.5;99.25,315.75;210.5,309.75;276.25,32.5;40,309.75;191,223.75;269.75,284.25;330.25,51.75
3514;1,104.75;100.5,283.75;210.5,309.75;276.25,32.5;123,308;170.5,196;302.25,249.25;308.75,52.75
35446;118,34;135,238.25;230,236.5;364.75,69.25;123,308;170.5,196;347.75,182.25;355.25,149
25047;179.5,46.5;232.75,202.5;313,256.25;334.5,22;123,308;231,115.5;347.75,182.25;359.75,167
14124;110,90;221.5,185;354.25,320.25;371.75,51.25;107,307.75;114.75,112.25;347.75,182.25;359.75,167
2246;110,90;130,189.25;354.25,320.25;365,25.25;75.5,190.5;186.5,172.75;340,161.75;361.75,80.75
34746;6,173.25;56.5,238.5;280.75,263;369.75,30.75;157,116;206.75,285.25;340,161.75;361.75,80.75
48612;6,173.25;60,240.75;228.25,313.25;369.75,30.75;121.25,209.25;299,304;311.25,221.5;360.25,175
27499;10,250;11.25,215;159.25,303.5;325.25,17.75;61,190.75;219,272;311.25,221.5;360.25,175
1762;10,250;43.5,125;117.75,250.75;192.25,10;140.25,153.25;215.5,182.25;229.25,264;360.25,175
10428;36.25,199.75;43.5,125;83.5,297.25;140.5,12;97.75,236.75;169.5,301.75;176.25,296;360.25,175
34186;146.5,223.75;150.75,206;200.5,310;210.5,24.5;123.5,307.75;138.25,178.75;176.25,296;360.25,175
42993;30.25,295;150.75,206;200.5,310;265,30.75;47,307.25;69.5,152.5;149,190.75;352,301.75
41727;31.25,183.5;131.75,286.75;210,203.5;353,11.75;61.75,309.25;71,81;149,190.75;352,301.75
12952;35.75,239;52,219.5;255.75,267.25;353,11.75;61.75,309.25;122.75,19.5;192.5,162.5;265.75,322.25
47070;26,274.5;60.5,136;310.5,318.25;353,11.75;61.75,309.25;82,102.75;282.5,99.25;311.75,312.5
25712;8.75,309.5;53.5,67.5;310.5,318.25;353,11.75;9,228.75;59.75,40.25;310.25,210.25;352.5,302.25
21404;88.25,299.25;195,84.25;289.5,318.5;294.25,8;9,228.75;49.75,87.5;207,231.25;352.5,302.25
18306;13.25,295;195,84.25;279.75,255.5;321.75,18;9,228.75;87.25,20;131.5,282.75;354.5,294.25
16261;95.5,300.5;130.75,20.25;211,198.5;321.75,18;5.25,194.25;17.25,10;107.75,292.5;354.5,294.25
9732;17.75,309;124.5,51.5;160.25,141;213.5,105.75;5.25,194.25;12.5,12.75;126.75,275.25;354.5,294.25
8513;83,300.5;189.75,151.75;209.75,40.75;245.25,178.25;5.25,194.25;12.5,12.75;239.25,213.5;270.75,306.5
49621;96.75,317;151.25,61.25;177,35.75;347.75,215.5;5.25,194.25;75,28.5;167,149.25;270.75,306.5
39921;10.75,287;75.5,11.25;240,28.75;311.25,321;84.25,199.25;130.25,19.25;167,149.25;270.75,306.5
28551;18.25,309.5;75.5,11.25;240,28.75;291.25,322.75;69.5,79.75;82.5,17;268.75,105;282.5,286.75
29126;56.5,218;75.5,11.25;263.75,88;291.25,322.75;7.5,49;75.5,20.5;333,4.25;344.25,279.5
45982;44.25,314;45,68.75;150.5,124.25;248.5,249;106.25,15.75;109.25,38.5;333,4.25;344.25,279.5
12879;0.75,293.25;19.5,176.75;146.75,184;346.75,266.25;106.25,15.75;109.25,38.5;252,9;261.25,269.75
22395;18.5,240.5;19.5,176.75;240.25,270.5;255.75,321.5;87.75,20;109.25,38.5;320,123.5;320.5,312.5
42832;5.75,295;164.5,148;264.75,311;307.75,322;87.75,20;109.25,38.5;259,21.25;309.25,251.75
22683;2.5,279.5;183.75,238.25;246.5,286.75;251.5,301;8.5,3.25;109.25,38.5;259,21.25;353.5,268.25
17098;62.25,250;158.25,318.25;209,260;209.75,236;8.5,3.25;185.25,39.75;261.25,42;353.5,268.25
49962;3.75,285.75;197.75,320;234.75,188;274.5,149.5;8.5,3.25;207.25,86.75;222.25,21;353.5,268.25
16562;14.5,309;248.25,299.5;274.5,149.5;300.75,232.25;8.5,3.25;186.5,173.75;235,50.5;323,320.75
31201;116.75,269;139.75,319.5;193.25,174.5;360.75,276.75;8.5,3.25;208.25,99.5;265.5,4.75;323,320.75
44109;35.75,302;164.75,282.75;168.5,161.5;360.75,304.5;109,53.5;131.75,23.25;265.5,4.75;323,320.75
38626;2.5,256.5;30.25,316;45,96;360.75,304.5;27.75,119.25;201,53.75;208.25,120.5;323,320.75
8737;51,284.25;87.5,320.75;91.5,141.25;335.75,258.75;12.25,173.25;201,53.75;208.25,120.5;327.25,309.75
28236;44.5,303.5;59.5,230.75;128.75,41.5;344.5,311.25;53.5,187;171.25,162.75;201,53.75;327.25,309.75
41735;44.5,303.5;59.5,230.75;65.75,75.25;361.75,293.75;33.25,251.5;160,157;265,82.5;303.5,291.25
4883;164.5,298.5;174.5,311.75;185,6.25;224.75,265.5;106.25,281.75;160,157;265,82.5;303.5,291.25
43149;114.25,308;174.5,311.75;185,6.25;264.5,180.5;150.25,272.75;209.5,175.25;268.25,112;276.5,310.5
38919;112.75,221.5;121.75,260.75;192.5,38.75;246.5,307.5;176,300.75;209.5,175.25;272.25,110;276.5,310.5
5108;13,177;56,201.25;312,25;356.5,298;152.5,291.25;194,182.5;272.25,110;276.5,310.5
49708;90.25,158.5;121.5,228.5;312,25;352,257;152.5,291.25;178.25,237.75;325,3.25;328.25,199.5
15037;120.5,265;127,243.75;317.75,3.25;335.25,298.75;151.75,171.5;162,317.5;325,3.25;328.25,199.5
38632;63.75,304;99,207.5;335.75,81;348.75,320.75;99,237.25;162,317.5;277,11.75;328.25,199.5
33785;26.75,304.5;30.75,281;227.75,22.25;348.75,320.75;5,310.25;215,300;228,18.5;328.25,199.5
3518;48,294.5;50,216.5;218,129.75;322.75,307.5;5,310.25;215,300;262.25,143.75;350,160.25
8487;48,294.5;50,216.5;213.75,39;328.75,186.5;36,321;167.5,303.75;169.75,186.5;271.75,234.25
48249;43.5,301.5;50,216.5;213.75,39;363,304.5;31.25,251.75;57.75,270.75;96.25,232.75;261.25,293.75
1036;43.5,301.5;72,175.25;183.5,49.75;363,304.5;38,141;71.5,222;72,266.75;299,306.5
20010;103.75,231.25;132.5,271.75;166.5,52.25;367,193.25;61.25,95.75;72,266.75;83.5,221.75;299,306.5
40947;52.5,137.25;61.75,293.5;166,106.75;360.25,242.5;3.5,55;52.25,307.5;83.5,221.75;299,306.5
39260;13.5,177.75;119.5,323.25;210.25,58;321,279;3.5,55;6.25,309.75;63.25,162;299,306.5
9756;7.5,62.25;76.5,222.5;123.75,123.75;367.75,312.25;3.5,55;15.25,284.25;63.25,162;324,319.25
10277;0.5,141;50.25,234.25;86.5,63.75;328.75,319;3.5,55;15.25,284.25;103.5,137.25;334.75,320
20711;13,31.25;106.25,281.5;126,3.25;201,308;3.5,55;13.25,321;222,131.5;334.75,320
31984;0.75,70.5;31.75,238.5;178,36.25;180.25,318.75;3.5,55;12.5,272.5;222,131.5;355.5,295.25
43712;27,30.5;74.25,166;131.5,4.25;154.25,204.75;3.5,55;31,177.75;222,131.5;239.75,255.75
27999;2.25,27.25;9.25,142.25;115.75,36.25;154.25,204.75;112.25,38.25;121.25,163;222,131.5;312,309
20418;39.25,20.5;51.25,45.25;55.25,61.75;76.75,109.75;112.25,38.25;121.25,163;257.5,223;352.5,297.75
38131;4.5,20;13,4.75;55.25,61.75;146,126.25;121.25,163;123.5,78;326.5,312;330,163.25
42060;83.75,110.25;119.75,7.5;174,59.25;214.75,0.75;91.25,51.5;125.75,19.75;326.5,312;330,163.25
48313;80.25,243.5;88.25,92.25;104.5,14.5;135.75,89.5;144.25,29.5;156.5,31.25;326.5,312;330,163.25
20538;1.75,301.75;42,137.5;220,8.5;260.25,154.25;126.75,21.25;156.5,31.25;326.5,312;358,150.25
40267;16.75,264;35.25,230.25;211,37.5;327,119.25;98,11;156.5,31.25;226,315.25;358,150.25
29403;70.75,304.5;83,187;119,53.75;277.75,74;60,92.75;156.5,31.25;227,313.75;358,150.25
24054;26.75,241.5;32.25,210.5;186,37;217.25,0.75;98.5,171;156.5,31.25;245.75,288.25;358,150.25
5267;30,137.5;31.75,296.25;230.5,36;265.75,92.75;106,282.75;156.5,31.25;195.25,227.5;358,150.25
45884;30,137.5;31.75,296.25;269.25,70.75;272.25,169;19.25,311.25;52,28;264.5,141.75;323.75,62
40678;7,63.25;31.75,296.25;353,129;365.75,69.25;0.75,230.25;149.5,7.75;158.5,55.75;323.75,62
33431;6.5,26;133.25,213;279.5,18.5;366.5,194;9.75,150.25;101.25,33.75;158.5,55.75;323.75,62
24673;6.5,26;133.25,213;325.5,31.5;330.5,152.25;5.25,34.75;22.5,51.25;231,19.5;322.5,82.25
43817;70.5,122.25;231,188.75;338.75,24;343.25,74.5;19.25,19.5;52.25,6.25;231,19.5;322.5,82.25
8758;72,177.5;301.5,116;324.25,152.5;328.75,65.5;7.5,40.75;52.25,6.25;231,19.5;357.25,8
27425;72,177.5;285.75,165.75;302,148.25;328.75,65.5;21,0.5;70.75,12.75;286.25,101.75;323.75,2.75
3656;32.5,299;252.75,295.75;334.75,151.5;339.25,141.25;74.75,113.25;134.25,72.25;286.25,101.75;323.75,2.75
8291;42.75,258;252.75,295.75;339.25,141.25;353.5,186.75;114.5,140.5;230.75,49.75;242.25,15;259.5,76.5
33428;42.75,258;252.75,295.75;339.25,141.25;364,170.5;174.25,89.5;174.75,29.75;175.5,36.5;176.25,107.25
17443;42.75,258;161,291.75;339.25,141.25;354.25,289;77.75,131;90.25,72.75;125.25,74;212,189.25
375;142.5,303;143.5,266.5;317.75,140.75;360.25,297.75;6.25,138.25;90.25,72.75;125.25,74;229,151
32828;202.5,267.25;235.25,252;315.5,76.75;340,300.25;6.25,138.25;64.5,56.75;91,19.5;229,151
11545;118.75,278.5;305.5,286.5;337.5,49.75;354.75,313.25;6.25,138.25;91.5,88.25;140.25,29.75;229,151
20874;165.25,266;305.5,286.5;339,44.75;354.75,313.25;6,172.25;10,129.25;107,98;169,53.25
36605;203,230;277.75,165.75;344.75,24.25;354.75,313.25;5.75,24.25;6,172.25;90.75,20;94.75,51.75
35168;164.75,278.75;220,40.25;277.75,15.75;354.75,313.25;5.75,24.25;16,206.75;51.25,141;68.25,8.75
22107;62,295.5;192.5,156;308.75,52.5;368.5,193;16.75,14;22.75,210.25;51.25,141;68.25,8.75
34731;9.25,294;241,156.75;306.75,53.75;351.5,229;16.75,14;22.75,210.25;93.75,36;163.5,53.25
26010;66,306.25;195.75,174.5;202.5,176.25;211.5,293.75;4.75,95.75;22.75,210.25;123.75,21.25;163.5,53.25
32821;116.25,317.5;122.75,58;258.5,276;346.75,288;9.75,112.25;22.75,210.25;123.75,21.25;163.5,53.25
24697;31,273.75;54.75,170.25;258.5,276;365.75,314.25;12.75,23.25;20.75,310;123.75,21.25;146,88.75
11525;54.75,170.25;136.75,292.5;290,127.75;294,165.5;13.75,69.25;79.75,314;100.75,39;146,88.75
7377;117,138.5;250.5,311.5;313.25,20;355.75,80.75;13.75,69.25;22.75,288.75;56,41.5;146,88.75
27092;254.5,226.5;283.5,322.75;292,111;313.25,120.5;14,18;22.75,288.75;67.5,32.5;146,88.75
32551;183.25,272.25;288.75,245.25;350.25,103.75;357,136.5;14,18;22.75,288.75;38.75,89;137.5,145.25
22823;267.25,255.75;280.75,173;337.5,19.5;353.25,32.5;14,18;22.75,288.75;111.25,113.25;118.5,39
4692;265,180;334,214.25;335.75,18.25;365.75,41.25;14,18;70.5,283;113.5,113;118.5,39
35030;265,180;277,249.5;358.5,130;360,39.5;14,18;141.5,299.25;152.5,224.5;189.5,173.25
24204;301.25,134.25;319.5,278;324.75,123;350.5,13.25;8,69.5;141.5,299.25;152.5,224.5;227.25,231.25
31602;235.75,74.5;291,320.75;332.75,38;333.5,30.5;8,69.5;141.5,299.25;187.5,232.75;195.25,237.5
44518;235.75,74.5;280.75,299;311.5,53.5;321,58.5;8,69.5;235.5,275.5;269.25,219.25;274.75,217
19064;168.5,21.5;280.75,299;299,111.75;355.5,152.25;8,69.5;113.25,275.5;230.25,247.25;238,316.5
26714;102.75,33;290.75,318.5;299,111.75;361.5,228.25;3.25,3.75;158,319;230.25,247.25;237.25,316.75
20163;182.5,47.25;267.25,321.75;269,19.5;301,207.5;48.75,77.25;125.75,198.75;158,319;237.25,316.75
18476;182.5,47.25;199.5,265.25;298.5,2;301,207.5;88.25,30.5;209.75,276.5;244.5,291.25;362.5,265.75
5389;112.75,112.5;207.5,179;298.5,2;301,207.5;40,53;305.75,294;319.5,310.75;341.75,277.25
40538;112.75,112.5;235.25,230;298.5,2;360.25,295.75;158.25,30.25;314.25,163.5;339.25,320;353.5,203.25
23987;112.75,112.5;239,292.25;298.5,2;345,198.25;162,48.5;284.75,42;353,309.75;358.5,164.75
14644;112.75,112.5;203.5,308.25;243.75,4.5;338,313.5;162,48.5;240.25,131.75;311,238.25;339.5,205.25
44391;85.5,119.5;110,309.5;243.75,4.5;338,313.5;208.5,97.25;314.5,163.25;320,145.75;348.75,277.5
5508;85.5,119.5;110,309.5;244.25,4.25;365.75,318.75;218.25,62;229.25,183.5;305,26.5;331.25,312.75
27864;10.25,9.25;49.75,306.75;272,1;340.75,229.75;213.5,5.75;229.25,183.5;288.25,91.25;331.25,312.75
22186;13,42.75;49.75,306.75;155.5,33.5;354.5,184.25;173.75,8.5;176.75,269.5;257,173.75;331.25,312.75
9039;11.25,144.75;49.75,306.75;93,149.5;222.5,184;170.75,96;194.25,316.75;224.5,274;331.25,312.75
33477;5.25,63.25;82.5,298.5;95,65;254.75,285.5;170.75,96;194.25,316.75;321.25,309.75;321.5,311.5
6209;14,32.75;55.5,242.5;84.75,37.75;219.25,252.5;170.75,96;194.25,316.75;289.25,299.25;355.75,266.25
12718;29.25,120.75;43.5,139.25;81.75,168.75;304.75,302.75;56.5,101.5;69.5,318.75;289.25,299.25;355.75,266.25
18388;12,153.75;49.5,99.75;81.75,168.75;351,307;14.75,201.75;69.5,318.75;262.25,215.25;318.75,314
8176;12,153.75;113.75,53.25;115,89;351,307;19.75,291.5;48.25,252;257,309.75;322.5,311.25
33200;25,62.75;119.5,187;165,147.5;298.25,256;3,295.75;87,302.75;257,309.75;322.5,311.25
40240;77.5,11.5;92.75,188.75;108.25,66.5;325.75,313.25;5.5,243.5;62.25,284.5;257,309.75;322.5,311.25
14556;77.5,11.5;103.25,294.75;108.25,66.5;240.5,319;15.75,250.75;36,190.25;348.75,215.25;353,307.25
2579;45.25,43.75;91,308.75;95.25,103.5;165.75,280.75;82.25,314.5;91.5,282.75;348.75,215.25;353,307.25
29088;13.25,63.25;43.25,304.75;95.25,103.5;165.75,280.75;159.25,300.25;166,291;310.75,313;318,196.75
1840;13.25,63.25;43.25,304.75;225.25,35.25;225.5,191.25;113.5,276.75;271.75,219.5;293.25,299.25;353.75,290.75
32922;12,189.75;34.5,315.75;177.75,18.25;244,29.75;198.5,227.5;207.25,203.5;293.25,299.25;353.75,290.75
29676;48.25,238.5;69,210.25;215.25,51.5;273.5,17.5;127,298;207.25,203.5;293.25,299.25;342.5,321.25
823;153.75,243.25;155.25,158.25;181.25,20.75;266.25,59;39.25,311.75;207.25,203.5;272.5,286.75;342.5,321.25
18761;244.5,223.75;269.5,169;293.25,24.75;353,128.25;39.25,311.75;207.25,203.5;329.25,197;329.5,288
39713;245.5,307.75;330.5,103.5;337.25,133;357.5,133.5;77.5,285.5;207.25,203.5;329.25,197;353,299.25
3660;225,247.25;270.25,57;325,23.25;341,33;178.25,303.75;211,265;329.25,197;353,299.25
13553;157.25,156.75;201,42.5;277.5,74;323.25,25;73.75,248.25;211,265;329.25,197;335.25,321
5365;204.75,57;271.5,19;314.75,5.75;371.5,72.75;73.75,248.25;211,265;255.75,162;284.75,318.25
9236;298.75,113.5;329.25,4.5;332.25,64.5;354,7.25;129,309.25;211,265;245.5,164.25;284.75,318.25
2009;309.5,41.5;319,24.25;330.75,179;335.5,47.25;129,309.25;211,265;302.5,195;315.25,248.75
10260;257,111;296.75,34.5;334.5,103.75;361.25,35.5;129,309.25;211,265;351.75,203.5;365.25,214
43014;287.75,101.25;309.25,119.5;327.75,209;340.75,24;129,309.25;211,265;342.5,79.75;361.5,224.5
33523;279.25,133.25;319,160.25;346.75,241.25;370.75,27.5;129,309.25;211,265;303,207;332,180.25
36883;312.5,151.75;358,128;367.5,147;370.75,27.5;129.5,284;176.5,214;225,274;332,180.25
33497;293,111.5;326.75,33;339.25,172;369.25,29.75;94.5,315.5;185,100;225,274;332,180.25
12642;250.75,27.5;332.25,3.75;349.25,275;353,14.25;94.5,315.5;185,100;225,274;336.25,199.5
35928;114.25,33.75;283.5,54;284.5,317.5;286,104.25;94.5,315.5;120.25,103;226.5,316.25;336.25,199.5
41142;104,8;310,14.5;360,295;363.5,190.5;88.25,299.25;120.25,103;124.25,324.5;336.25,199.5
9892;154,28.75;200.75,57;242.75,257.75;364.5,151.25;2.25,283;3.75,34.75;124.25,324.5;336.25,199.5
9656;144,34.25;323.75,64.75;335,218.5;343.25,239.25;2.25,283;32.25,137.75;167.25,224.25;336.25,199.5
5758;68.25,98.5;338.25,197;345.25,314.75;353.25,278.5;2.25,283;32.25,137.75;207.25,276;245,279
16715;1.75,85;298,111.5;311.5,227.75;363.5,262;2.25,283;64,95.5;172.5,170.5;245,279
42093;8,152.75;247.25,168;329.75,318.5;367.5,186;2.25,283;98.5,12.25;136.75,148;245,279
9146;7.75,190.25;303.75,136.25;329.75,318.5;367.5,186;107.5,323.75;111.75,123.25;140,137.25;310.5,313
9021;95,295.5;329.5,267;333,224;343.75,289.5;107.5,323.75;117.5,51.5;140,137.25;310.5,313
45489;99.25,253.5;317.5,275.75;325.75,322.75;354.25,186.5;107.5,323.75;107.75,41;264.75,99;310.5,313
36336;2.75,283.25;257.5,243;306,303.5;343.5,272.5;80.75,190.25;125.75,74;264.75,99;310.5,313
16283;41,193.25;294.5,128.5;319.75,295;364.25,255.25;80.75,190.25;96.5,36.25;307.25,4;310.5,313
26068;72.25,299.25;325,105.5;335.5,276;346,266.75;80.75,190.25;90.75,101.25;256.25,27;310.5,313
30152;72.25,299.25;270.5,30.5;335.5,276;352.5,230.25;1.75,134.75;21.75,217.5;328.75,52.5;359.75,188
41871;62.75,305;299,119.75;300,322.5;305,302.25;8,70.75;23.75,220.5;328.75,52.5;359.75,188
42864;75.75,209.25;255.25,17.5;263,270.25;317.25,319.5;4,69.25;10,307.5;328.75,52.5;359.75,188
11897;122,253.25;189.5,37.5;248.75,249.75;340.75,313.25;4,69.25;10,307.5;204.25,20.75;366.25,279
32996;38.25,286.25;121,8;247,165.25;360.5,294;4,69.25;10,307.5;183.5,97.25;321.5,312
29001;17.25,190.25;121,8;331,276.75;360.75,243;16,173;36.25,321;132.25,74.25;321.5,312
1054;57.75,239.25;156.5,42.5;311.25,251;329.25,195;32.25,118.75;36.25,321;132.25,74.25;338.75,314.25
16610;78.5,204.25;205.25,18;276.25,245;278.25,200.5;20,0.75;36.25,321;146,68.75;338.75,314.25
40201;103,314.25;306.25,74.5;343,209.75;359,127.25;20,0.75;111.5,282.25;126.5,131.25;338.75,314.25
44532;215.5,319;262.5,14.25;288,238.75;363,187.25;20,0.75;74,284.5;85.5,163.75;338.75,314.25
27090;125,202;127.75,39.5;136,224.25;323.25,211.5;29.25,29.5;74,284.5;204.75,120.5;338.75,314.25
39796;18,257.75;55.5,6.5;81.25,319.75;323.25,211.5;29.25,29.5;54,254.25;271.25,25;297.75,225
9526;7.5,283.25;41,85.5;47.75,278.25;274.75,144.25;34.5,48.5;163.75,162.25;271.25,25;297.75,225
23711;13.75,231.75;15.5,32;47.75,278.25;278.5,54.5;34.5,48.5;174,38;335.25,50.75;360.25,158
31184;13.75,231.75;15.5,32;101.5,320.25;327.75,23.5;38.5,77.25;91,20.5;348.5,184.75;362,80
28085;56,284;67.75,28.75;70.5,142.75;281.75,169;38.5,77.25;91,20.5;260.25,291;363.5,231.75
37999;7.5,310.5;138,129.25;151.25,43.75;186.25,87.75;3.5,5.25;91,20.5;319.5,310.75;363.5,231.75
5646;7.5,310.5;61,176.75;85.25,63.5;246.25,116;8.5,8;91,20.5;331.75,309.25;347.75,321.5
26961;7.5,310.5;87,149.5;105.75,32.5;371.75,51.75;8.5,8;164,1.25;195,304.5;280,288.25
3344;7.25,219;28.25,22.75;66.75,130.75;357.25,10.75;8.5,8;164,1.25;323.75,302;324,243
43398;7.25,219;28.25,22.75;231.5,183.5;237.25,44;11.75,48;149.75,169.5;168.75,224.75;260.75,304.5
18499;11,309;28.25,22.75;286.75,103.75;339.5,14.5;99,33.25;142.25,91.75;168.75,224.75;321.5,313
37947;11,309;28.25,22.75;272.25,165.75;356.75,84.25;13.5,59.5;112.5,92;120,115;336.25,310
9248;11,309;15,145.25;272.25,165.75;330,9.5;20.25,18.25;81.75,160.5;168.5,53.25;291.5,287.75
8089;10.5,309;47.75,248.25;272.25,165.75;330,9.5;17.75,112.25;23.25,123.25;73,109;331.5,282.75
45606;10.5,309;47.75,248.25;256,19.5;337.5,104;93.75,67;108.25,59.5;167.25,90.5;349,294.75
4592;0.5,276.75;2.75,300.75;274.5,165.5;356.25,164.75;93.75,67;108.25,59.5;289,171.5;319.25,160.5
38825;2.75,300.75;40.75,242.75;315,201.5;363.5,289;93.75,67;221,16;311,196.75;353.5,34.25
48702;15.75,229;49.5,191;314.75,297;353.5,242.75;93.75,67;254.5,36.25;317.5,124.75;353.5,34.25
42875;120.5,222;125.5,287;291.75,319;308.5,308;7,70;254.5,36.25;317.5,124.75;326.75,8.75
41466;142,126.25;146,265.5;307.5,310.5;350,319.25;12.5,10.25;254.5,36.25;326.75,8.75;334.75,69.5
48813;61.25,6.25;146,265.5;326.5,274.25;354.5,320.25;157.5,17.75;227.25,55.25;263.5,43.5;326.75,8.75
35848;43.25,125;146,265.5;327.75,270.5;334.25,313.75;157.5,17.75;271.25,191.75;313.25,159;328.5,147.5
6656;43.25,125;164,276;329.25,269.75;329.75,321;157.5,17.75;219.75,107;255.5,175.75;257.5,146.25
3141;94.75,247.5;133.75,151.5;320.25,260;329.75,321;157.5,17.75;313.25,159.5;324.5,224;364.75,78.5
42559;114.5,301.5;183.5,70;285,260.5;349.25,319.5;187,99;313.25,159.5;324.5,224;343.75,65.25
9229;51.25,237.75;183.5,70;285,260.5;337.75,311.25;293.25,186.25;311,15.75;314.5,312.25;320.75,109.25
32829;54.25,176.75;157,50.75;275.75,105.25;276,229.75;293.25,186.25;320.75,109.25;353.25,314.25;354,14
30006;6,302.25;162,129.75;165.75,16.25;255,288.25;309.5,183.75;320.75,109.25;327.5,311.25;354,14
14979;103,227.25;128.25,59.25;278.75,122.75;359.75,307.25;251,294;320.75,109.25;352,169.5;354,14
620;103,227.25;142.25,93.25;166.25,97.75;359.75,307.25;239.75,255.25;263,33.5;267.5,53.75;335,159
15941;79,286.5;134.25,159.25;184.25,110.5;359.75,307.25;239.75,255.25;316,31;351.75,16.75;354.75,186.25
14116;189.75,290.75;226,282.5;316.75,37.5;368.75,319.25;143.25,318;261,48;351.75,16.75;354.75,186.25
1420;189.75,290.75;332.75,177;345.75,12.25;368.75,319.25;87.5,234.75;131,45.5;316.75,150;342.25,77.75
18847;133.25,288;336.5,99.75;355.25,14.75;364.25,235.25;87.5,234.75;174.25,40.5;314.75,180.25;342.25,77.75
44287;116.5,283;197.75,114;217,5.5;240.25,295.75;87.5,234.75;119.75,41.5;314.75,180.25;332.5,66.5
17563;131.25,195.75;211.75,2.5;214.75,132.25;272.75,199;87.5,234.75;119.75,41.5;290.5,286.25;307.25,3.5
35513;131.25,195.75;248.75,19.75;272.75,199;287.5,103;15,282;221.5,20.5;240.25,315.5;317,2.25
102;256.5,198.75;290.5,111.5;341.5,224;368.75,40.5;15,282;216.25,37;240.25,315.5;312,41.25
19197;238.25,223.5;303.25,134.25;324.25,258.25;368.75,40.5;15,282;251.75,98.25;280,193;355.5,10
19945;238.25,223.5;287.25,55;291.75,318.25;309.25,53.75;15,282;171.75,161.5;290.5,115.5;298,58.25
44712;295.5,239.25;297.25,75.5;305.25,301.5;307.75,13.75;126.75,317.25;140.5,71.25;290.5,115.5;298,58.25
36001;271,165.75;287,10.25;290.75,322.75;343,160.75;4.75,307.25;29,147.5;290.5,115.5;298,58.25
21029;251.5,231.75;276.5,72.75;317.75,305.75;354.25,44.25;4.75,307.25;14,5.75;290.5,115.5;355.25,5
5609;120,283;248.75,131.25;261.75,173.75;315.25,4.25;3,187.5;29.25,125.75;290.5,115.5;355.25,5
25287;103.5,295;213.75,53.75;282,53.5;356.75,38.75;26.25,301.25;30.75,266.25;290.5,115.5;355.25,5
33783;103.5,295;266.75,104.25;267.25,1.75;313.75,134.75;49.25,321.5;117.5,318;290.5,115.5;357.25,54.25
49919;0.75,200.5;306,135.25;307,133.25;326,11;49.25,321.5;153.25,291.75;316.75,195.75;357.25,54.25
3630;43.25,315.75;250,259.25;270.25,24;273.5,118.25;49.25,321.5;266.25,321.75;298.75,292.25;357.25,54.25
41369;43.25,211;310.5,294.5;315,115.5;323,161;8.5,232.25;194,213.25;298.75,292.25;357.25,54.25
41299;37,285.5;310.5,294.5;315,115.5;365,193.25;23.25,307.75;201.5,178;218.5,314.75;257.25,49.75
18776;33.75,240;284.25,319.5;290.75,7.5;353,128.25;103,284;130,298;201.5,178;257.25,49.75
49785;33.75,240;246,305.5;248.25,99;353,128.25;4,310.5;39.5,294.5;245.25,106.75;320.25,108.75
589;109.5,205.75;200.5,308.25;223.25,22;244,217;4,310.5;39.5,294.5;290.25,34.5;315,36.25
37432;90.25,317.25;112.5,312;195.75,114;196.75,278.5;4,310.5;39.5,294.5;220.75,16.5;234.25,153
24230;71,307.25;94.75,255;214.25,9;219.25,199;4,310.5;39.5,294.5;146.5,142;260.25,49.5
9399;71,307.25;179.75,316.75;214.25,9;226.25,135.5;47,248.25;122.75,298.25;155.25,17.25;170,48.75
28413;71,307.25;179.75,316.75;283.5,52.75;338.75,210.25;5,142.25;189,282.5;214.5,35.25;268.75,55
21173;71,307.25;198,311.75;338.75,210.25;367.5,89.5;77,26.25;86.25,234.75;120.25,12.5;354.5,184.75
7463;2.5,158.5;353.5,305;362.25,278.75;365.5,190;7.5,8.25;86.25,234.75;120.25,12.5;324,206.5
46705;93.25,86.25;332.5,209.25;362.5,121.75;364.5,32.5;7.5,8.25;86.25,234.75;177.75,115;358.5,314
48821;165.75,22.5;280.75,262;325.75,15.75;329.5,17.75;7.5,8.25;23.5,306.5;177.75,115;303.75,238
44269;165.75,22.5;294.5,304.25;325.75,15.75;335,32.5;5,2.75;45.25,319;177.75,115;353.75,183.25
19200;268,72;307.75,317.25;321.25,142.75;331,18.75;5,2.75;45.25,319;83.5,166.75;300.5,280
46911;149.75,50;307.75,317.25;331,18.75;349.75,89;10.5,2.75;40.25,263;144.5,110.75;163.25,301.75
4946;217,32.25;291.75,322.75;331,18.75;349.75,89;25.5,91.75;33.25,104.25;41.5,76.75;139.75,238
34095;227.5,70;292.25,232.5;331,18.75;349.75,89;13.25,136.25;48.25,23.5;132.25,73.5;133.75,169.75
15427;227.5,70;289.5,318.25;294.75,104.5;331,18.75;125.25,74;134.25,21;143.25,49.5;145.25,222.75
49170;84.75,39.5;110,311.5;249.25,277.25;267.25,0.5;125.25,74;134.25,21;287.5,35;309.25,138.25
29844;65.25,35.25;89.25,298.75;345.25,321.25;350.5,16.75;125.25,74;168.5,52.5;264.75,28.75;309.25,138.25
36043;36.5,33.5;89.25,298.75;296.5,210;350.5,16.75;61,160.5;230.25,134.75;257.5,17.5;270.5,77
27059;158.25,29.25;158.25,317.5;276.25,106.5;316.25,138.75;115.5,195.75;230.25,134.75;257.5,17.5;339,77.5
33508;75.5,16.25;87.75,307.75;334.75,79.25;347.75,44.25;204.25,176.5;221.25,200.5;257.5,17.5;339,77.5
5474;62.25,8;144,244.5;334.75,79.25;347.75,44.25;158.75,272.5;337,229.25;355.25,67.25;366.75,78.25
30745;96.25,8;126.25,271.25;334.75,79.25;347.75,44.25;227.75,304.5;309,202;347.5,78;348,53.75
48999;116.75,22;161.5,313;309.75,84.75;347.75,44.25;313.25,310.5;315.25,313.5;348,53.75;358.75,184.5
22731;32.75,21.75;98,283.25;309.75,84.75;347.75,44.25;228.25,230.25;252.25,315;282.75,127;288,288.25
16190;92,19;136,264.75;309.75,84.75;347.75,44.25;100,280.75;175,232.75;319,3.25;354.25,291.25
30724;116,35.75;117.25,309;245.75,96.75;347.75,44.25;10.25,288.25;61,271;319,3.25;345.25,279.5
46836;15.25,57.75;116.25,310.5;279.5,229.25;280.25,144.5;17.25,270;22,282.25;319,3.25;345.25,279.5
39189;40.75,90.5;45.75,182;219.25,260.5;290.75,179;17.25,270;22,282.25;310.25,23.75;327.5,313.5
29753;2.75,23.75;63.75,121.25;265.75,168.25;331.5,315;17.25,270;56.5,310.25;203.25,72.5;327.5,313.5
12780;42.25,12.25;99.75,3.75;346.5,254.75;356.25,231.25;17.25,270;56.5,310.25;256.75,133.75;310.25,196.75
29171;3.5,111;229,35.25;356,288.5;360.25,112.75;56.5,310.25;67.75,173.75;181.25,197.5;310.25,196.75
33148;3.5,111;229,35.25;270,242.5;356,152.25;15.5,206.75;161.25,222.75;195.25,276.5;213.75,297.25
38781;11.75,8.75;240,126;283.75,102;361.5,128.5;56.25,222.75;57.5,289.25;195.25,276.5;213.75,297.25
24596;11.75,8.75;220,74.25;260.5,18.25;361.5,128.5;93,229.25;105,230.25;128.25,282.25;159.75,302.75
7352;11.75,8.75;235.25,201.75;260.5,18.25;306,139.25;2.75,306.5;15,311.25;131,319.75;194.5,275.5
27818;17.5,142.25;251.5,305;357,97.25;363.25,261.25;2.75,306.5;15,311.25;109,273.75;133.5,196
31257;8,177.75;252,305.5;357,97.25;363.25,261.25;10.25,310.5;18.75,231.25;20.25,231.25;84,157.75
9447;92.5,298.75;145.5,224.5;357,97.25;363.25,261.25;34.25,275.25;48,294.5;51.25,75.25;55.25,270.5
46844;170,196.75;185.5,36.75;325.25,32.5;332,152.5;34.25,275.25;55.25,270.5;141.75,81.5;145.75,318.75
13661;56.5,239.5;143.25,21.25;321.5,41.5;362,194.75;34.25,275.25;107,183;141.75,81.5;270.25,284.25
23237;9.25,304;108.75,126;321.5,41.5;362,194.75;30.25,280.5;30.25,301.25;236,41.5;354,296.75
34569;35.75,303.75;52.75,9.5;242.25,26.75;266.5,94.25;30.25,301.25;70.75,162.5;349,77.75;354,296.75
25311;8.25,152.75;45.5,182.75;90,8.75;140.75,194.5;74,221.25;86,42.5;349,77.75;354,296.75
20206;16.5,140.25;96.75,103.5;165.75,36.75;202,311.5;15,171.5;20.75,120;349,77.75;354,296.75
26441;1,110.25;4.5,20;165.75,36.75;286.75,309.25;12.25,287;20.75,120;356.75,12;358.75,195.75
22214;172,49;183.75,13;263.75,17.5;337.5,311.25;138.25,228;174,198;356.75,12;358.75,195.75
9718;150,33.75;301.75,30.5;315.25,37.25;360.75,295.25;138.25,228;174,198;341,33.25;358.75,157.75
29607;198.75,135.25;269.5,70.5;284.5,54.25;362.25,274.5;147.25,245.25;153.25,79;341,33.25;358.75,157.75
24005;281,71;290,71.75;306.75,78.75;369.5,147.25;32,175.25;153.25,79;330.25,93.25;358.75,157.75
23910;229.5,39.25;271.25,74.75;289.5,190.5;353.5,159.5;32,175.25;176,2.75;330,218.25;330.25,93.25
39329;271,164.5;274.5,144.25;289.75,114.75;346.5,289;32,175.25;171,50.25;293.5,199.5;330.25,93.25
18344;251.5,252.75;272.5,75;273,233.25;306,312.75;137,217.75;171,50.25;293.5,199.5;346.75,60
23030;271.5,256.75;299.5,54.5;299.75,148.25;306,312.75;137,217.75;180,104;271.5,101;351.75,50.5
24861;270,104.75;271.5,6;317,20.25;332.75,215;137,217.75;180,104;288.5,246.5;351.75,50.5
47466;219.5,21.5;252.75,54.75;322,11.75;349,164.5;20.75,306.5;32.5,186;288.5,246.5;351.75,50.5
10460;178.5,35;205.25,22;221.5,22.25;226,129.25;49.25,323.25;76.25,263.5;288.5,246.5;351.75,50.5
8096;46.25,17.75;245.5,127;246,176.75;247.75,210.75;49.25,323.25;159.25,317.5;230.5,152;351.75,50.5
40681;43,18.25;267.5,177.5;294.75,115;335.75,136.5;37.5,321;159.25,317.5;230.5,152;327,82.25
15677;96,165;267.5,177.5;340,33;351,10.25;169,300.5;173.25,296.5;174,38;327,82.25
42388;96,165;267.5,177.5;304.5,68;343.75,21.75;194,308.25;195,308.75;233,41.5;339.25,22
7109;112.75,125.5;131.75,170.5;152.75,2.5;343.75,21.75;90.5,318.75;102.5,299.5;190.5,1.25;339.25,22
19812;37,25.5;172,324.25;219.75,93.25;278.5,171.25;90.5,318.75;102.5,299.5;113.5,101.5;313,50.5
23658;128.5,124.75;141.75,186.75;147,186.5;323.25,212;13.25,273.5;102.5,299.5;138.25,106.75;313,50.5
32687;16.5,29.5;49,126;147,186.5;244.25,159.5;2.25,307.75;2.75,171.25;23,51.5;313,50.5
27630;35.5,39.5;54,230;60.5,193.25;366,120.25;2.25,307.75;2.75,171.25;36.25,43.5;319,159
46334;32.5,56;60.5,193.25;162.25,278.25;366,120.25;7.25,309.5;55,298;86,25.25;366.25,277.5
44838;125.75,28.25;137.25,200.25;238,275.5;337.5,23;5,309;55,298;148,114;366.25,277.5
41486;125.75,28.25;137.25,200.25;307.5,317.25;333,101.5;45.5,311.25;61.25,215;104.25,77;255,291
22303;75.5,8.25;137.25,200.25;270.5,255.75;351.25,42;2.75,311.5;59.25,92.25;76.25,19.5;255,291
26168;146.75,31.25;149,227.5;209,308.75;220.25,55;2.75,311.5;34.5,48.5;39,80.25;255,291
41811;111,54.25;218.5,311.75;253.5,226;275,13;4.25,306.25;32.25,132.25;34.5,48.5;255,291
6593;182.5,37.25;218.5,311.75;223.25,62.75;309.5,24.5;4.25,306.25;7.75,51;33.25,197.5;178.5,301.25
45921;159.75,75;218.5,311.75;223.25,62.75;309.5,24.5;15.5,293;19.25,69.75;23,307.75;130.75,197.5
49709;159.75,75;247,219.5;272.25,171.25;272.5,70.75;6.5,307.75;16.5,17.25;20,270;130.75,197.5
38450;110.25,165.75;117.25,205.25;160,216.75;198.25,19;6.5,307.75;38.75,92.25;46.5,284.5;130.75,197.5
20280;6,178.25;81.5,240.75;136,238.25;155.5,33;6.5,307.75;26.5,113.5;49.5,319.5;130.75,197.5
48201;44.5,165;146.5,306.75;152.25,262.75;228.5,49.75;6.5,307.75;71,34.25;128.5,314.25;130.75,197.5
19469;18.5,279.25;70,257;93,300.5;184.25,18.25;6.5,307.75;71,34.25;159,223.25;208,275.75
46930;28,323.5;51.5,219;52.75,238.75;148.5,8.75;12.25,274.5;18.5,128;159,223.25;208,275.75
34232;48.5,229.5;48.75,189.25;49.25,243;313,13.5;6.75,280;18.5,128;64,268;208,275.75
33601;48.5,229.5;128,200.5;172.75,234.75;313,13.5;13,308;60.5,248.5;64.25,310;81.75,318.25
37118;83.25,314;120.25,72.25;294.25,320.5;300,52.5;13,308;64.25,310;188.75,247.5;193.25,234.5
6903;83.25,314;243.25,30.75;249.5,219.25;254.25,92.75;13.25,137.75;44.5,311.75;166.75,301.25;193.25,234.5
32773;35.75,260.75;243.25,30.75;249.5,219.25;254.25,92.75;5.25,58.25;18.5,307.75;356.75,289.75;360.25,166.5
36835;213.5,202.5;316.25,6.75;325.75,239;338,270.25;5.25,58.25;18.5,307.75;213.5,276;315,3.25
22665;172.5,290.25;176,43;216,318.5;281.25,321.75;5.25,58.25;18.5,307.75;121.5,228.5;295.25,95
46994;96.5,196.75;286.25,54.75;291.25,322;303,310.5;5.25,58.25;183,300.75;183.5,294.5;295.25,95
50286;0.5,195.25;215.5,15.5;253.5,270.75;285.25,318.75;114.25,4.25;183,300.75;183.5,294.5;261.75,164.25
42557;0.5,195.25;215.5,15.5;358.75,228.75;365.25,250.5;203.25,40.75;216,302;248,193.5;351.75,143.25
478;0.5,195.25;215.5,15.5;298.25,321.75;308.5,133.25;110,56;263.25,271.25;275,175;314.5,26
1547;6,175.75;274,24.25;290,317.25;298.75,112;84,25.25;263.25,271.25;275,175;278.25,18.75
1729;77,177;294.25,2.5;351.25,240.25;357.75,7.75;84,25.25;263.25,271.25;316.5,19.25;357,172
20341;77,177;247.25,33.25;304,311.75;357.75,7.75;11.25,22.75;155.25,169.25;303.25,198;349.25,25.75
22420;115.25,123.75;227.5,133.5;304,311.75;357.75,7.75;17.75,18.5;213.5,96.75;244,133.25;294,3.25
45945;115.25,123.75;196.25,6.25;215,311.25;274.5,19.5;17.75,18.5;300,58.25;317.5,113.25;346,78.25
10087;8.75,46.5;14.5,42.75;215,311.25;274.5,19.5;123,131.25;125.75,104;171.25,164;286,143.25
5479;9.75,5.25;23,64.25;215,311.25;291.75,111;148.5,57;157,17.75;157.25,221;286,143.25
21423;9.75,5.25;23,64.25;159.75,193.25;364.75,148.75;15.5,143.5;21.25,69;30,226.75;344.75,64.25
28437;10.5,4.25;82.25,193.5;148.25,45.75;364.75,148.75;5.25,143;9,5.5;35,319.5;344.75,64.25
14451;10.5,4.25;148.25,45.75;266.75,104.75;298,317.25;33.75,119.25;42,68;121.25,309.5;214.25,177.25
13421;36.5,65.75;183,23.5;214.5,13;308.5,310.5;31.5,75.75;33.75,119.25;121.25,309.5;179,162.25
39238;145.75,7.75;289.5,74;314.75,6.75;362.25,274.5;17.75,44;33.75,119.25;120.5,197.5;121.25,309.5
527;289.5,71;318.25,213;323.25,211.5;336.5,224;33.75,119.25;80,52.5;120.5,197.5;174.5,308.5
9360;290.25,112;298.5,289.5;301.25,317.5;335.5,276.5;33.75,119.25;80,52.5;115.5,308;198.75,263.75
13081;181.25,111;212.25,252;239.25,309.5;335.5,276.5;4.25,104;11.25,0.75;15.5,309.75;198.75,263.75
21689;270.25,66.75;290,263.75;297.5,318.75;356.5,290;4.25,104;11.25,0.75;72.25,278.5;143.25,272.25
32940;165,148;286.5,318.5;337.75,152.5;362.5,288.5;4.25,104;11.25,0.75;214.75,275;309.5,194.75
49261;203.5,245.5;224.25,260.5;228.75,208.75;241.25,294.25;4.25,104;11.25,0.75;265.75,224.25;302,187.25
16164;247.5,257.25;253.25,321.75;262,176.5;273.5,169;4.25,104;11.25,0.75;257.75,309.75;334.75,196.5
27928;267.25,267.5;273,270.5;313.25,270;361.25,51.75;11.25,0.75;125.5,62.75;257.75,309.75;354,291.75
19306;185.25,317;225.25,126;313.25,270;361.25,51.75;8.5,9.75;142.5,143.75;329,205.75;337,320.25
17905;72.25,299.25;139.5,281.75;354.75,313.25;372,69.75;8.5,9.75;189.5,161;228,117.5;337,320.25
25299;14,177.5;229.25,313.25;232.5,276.5;329,8.25;8.5,9.75;204.25,86.25;289,28.5;337,320.25
40371;9,189.75;201.5,175;229.25,313.25;329,8.25;24,155.25;320.25,116.25;329,5.25;345.25,277.25
5849;25.75,126.75;317.75,276;330.75,269.75;356.25,7.75;49,247;285,9;320.25,116.25;345.25,277.25
37226;33.5,303.5;136.75,316.75;168,309.5;252.5,19;49,247;330.25,159;337.75,100.25;345.25,277.25
40014;33.5,303.5;134.75,288;168,309.5;255.5,108;28.75,175.75;311.5,88.25;320,65;342.5,288.5
10911;33.5,303.5;84.25,281.5;168,309.5;364.25,202;4,156.25;283,255.75;309,25.25;310.25,310
25584;0.25,276.25;76.75,299.75;92.5,310;361.75,315.25;11.25,149;283,255.75;309,24.75;310.25,310
14133;140,305.25;196.75,318.5;203.5,311.75;231.25,252;65.25,148.75;112.25,197.5;309,24.75;310.25,310
14412;53.25,306.5;153.25,294.75;160,295.5;164.75,222.75;118.75,17.75;166.5,222.5;309,24.75;310.25,310
34150;65.25,170.75;71.5,139.75;100,221;114.75,308.5;118.75,17.75;283.25,287.25;309,24.75;313.25,186
30878;1,294.5;85,20.75;88,270.75;247.25,297;118.75,17.75;273,294;309,24.75;339.25,294
42325;45.75,124;46,44.25;68.5,275;81.5,197;118.75,17.75;268.75,252.25;328.75,8.75;339.25,294
42377;7.5,53.25;14,177;86.5,107.25;93.5,148.25;219.75,5.5;268.75,252.25;328.75,8.75;333.75,266.25
24572;7.5,53.25;14,177;80,193.25;86.5,107.25;317.75,82.75;318.25,269.5;336.75,9.75;356.75,175
25153;7.5,53.25;14,177;223,185;263.5,179.75;243.75,16.25;315,64.25;338.25,192;347,320.25
35419;11.25,9.25;52.5,177.75;138.5,264.75;354.5,197.75;145,92.5;215.25,19;338.25,192;347,320.25
21074;11.25,9.25;52.5,177.75;92.75,241.75;355.25,91.25;246.75,121.75;316.25,33.75;352.5,245.5;364,278.5
2476;14.75,36.25;23.75,315.25;56,249.5;303.5,37.5;277,35.5;322.25,123.75;352.5,245.5;364,278.5
34069;5.25,33.25;23.75,315.25;34.25,118.75;184.25,41.75;270,266.25;277,35.5;348,206;352,190.25
3843;126.75,4.75;132.25,214;163.5,273.75;327.5,17.75;150.5,189.25;348,206;352,190.25;357,2.5
31578;126.75,4.75;181.25,316.25;291,213;356.25,8.75;239.75,315;269,270.75;327,204;357,2.5
28686;126.75,4.75;167.5,322;245.25,271.5;356.25,8.75;53.25,317.75;282.25,62;322.5,107.25;341,32.5
22623;261.5,133.25;299.75,232.5;333,315;350.25,166.5;53.25,317.75;145,48.5;210,99.5;341,32.5
49617;201.75,18;204.5,166.25;254.25,309.25;354,242;45.5,319.25;145,48.5;210,99.5;258,5.25
47646;94.5,20.25;185.25,89.25;283.25,319.75;354,242;45.5,319.25;67.25,11.5;144.75,51.75;170,26
11818;94.5,20.25;184.5,47;283.25,319.75;365.25,314;7,245;36,119.25;101.75,11.5;189,0.75
6779;129.25,150.75;161,180.75;283.25,319.75;365.25,314;122.25,324.5;142.75,42.5;147.75,12;188.75,89.5
10023;62.25,260.75;125.5,140.5;283.25,319.75;351.75,318.25;3.75,311;17,3.5;24.75,94.75;188.75,89.5
25180;111.5,316;161.25,118;283.25,319.75;351.75,318.25;20.25,202.25;37.5,36;109.5,40.5;113,15.75
10857;14.25,228.75;54,5.5;283.25,319.75;351.75,318.25;17.75,280;88.25,13;101.25,66.75;126.5,173.75
30568;31.5,242.5;38,96.5;297.75,209.5;298,314.75;17.75,280;27.25,94.75;88.25,13;154.25,287
5431;11.5,307;157.5,215.75;238.5,308;255.25,309;17.75,280;36.5,55.5;88.25,13;239,318
30630;79.25,287.25;157.5,215.75;238.5,308;256.75,271.25;2.5,318.5;7.5,232.25;31.75,80.5;272.75,286.25
20852;79.25,287.25;157.5,215.75;213.25,301.75;244,271;19.75,289;43.75,317.75;44.5,39.75;137,266.25
8186;16.25,62.25;49.5,75;310.5,264.25;320.5,294;19.75,289;43.75,317.75;70.5,20.5;338,290.5
32878;13,7.25;45,102;341.75,312.5;367,186.75;43.75,317.75;71.5,223.25;96,153.75;338,290.5
46041;116.75,21;192.75,16.5;324.75,123;341.75,312.5;43.75,317.75;268.25,143.25;272,20.75;353.75,299.75
6363;106.25,40.75;125.25,45.75;324.75,123;341.75,312.5;37.75,292.5;352,160.5;357.75,41.25;361,241
7335;13.25,52.25;118.5,67;324.75,123;341.75,312.5;107.5,275.25;332.75,149.5;355,170;358.5,241.25
8574;117.75,12.75;135,20;174.75,110.75;336.5,266.5;188,175.5;249.5,114.25;355,170;358.5,241.25
32;117.75,12.75;135,20;294.5,37.75;325.25,165.25;277,194;281,111;301,316;317,319.5
32053;117.75,12.75;263.25,19.25;302.75,140.75;318,282.25;269.25,13;288.75,23.75;301,316;339.25,309.5
9325;70.75,97;134,126.5;216.5,17.5;341.75,46.75;269.25,13;288.75,23.75;341.25,320;357,211.25
16342;81.5,43;216.5,240.75;219.75,9.75;341.75,46.75;325.75,0.75;326.25,60.5;326.75,313.5;357,211.25
19619;181.5,1.25;184.25,269.75;298.75,14.75;309.5,289.5;138,12.75;326.25,60.5;326.75,313.5;351.75,157
18505;9,143.75;168.25,22.25;298.75,14.75;309.5,289.5;20.5,70.5;312.25,301.5;313.75,309.5;337.5,79
32239;48.5,172.25;55.75,9.5;166.25,23;364.25,123;64.5,35.5;140.75,269;313.75,309.5;337.5,79
10313;15.75,261.75;170.25,136.75;297.75,3;321.5,309.25;5.25,134.75;129,317.75;313.75,309.5;337.5,79
11678;10.75,295.5;125.25,214;132.25,39.75;150.75,301;23,28;183.25,289.25;313.75,309.5;337.5,79
27311;31.5,280.5;61.25,280.25;77.5,59.5;91,120.5;5,173.75;183.25,289.25;280.25,288.25;337.5,79
48638;37.75,121.75;42.75,261.5;46.75,123;118.25,18.25;9.25,19.75;106,304.5;280.25,288.25;337.5,79
36700;18,311;20.5,154.25;36.25,138.5;112.75,54.5;2.25,5.25;106,304.5;280.25,288.25;285.75,115.75
24508;16.75,306.5;17,307.5;26.75,154.25;276.75,18.5;2.25,5.25;117.25,195;224,105.25;280.25,288.25
11352;16.25,311.5;51.25,234.75;75.25,297.5;337.25,21.5;5.75,191.5;43.75,50;224,105.25;280.25,288.25
27191;16.25,311.5;51.25,234.75;117.25,311;297.75,111;29.25,292.5;40.5,45.75;311.75,9;359,167
10338;16.25,311.5;36.25,39.5;80.5,232;313.25,22.25;16.5,285.25;31.25,105.25;221.75,36;359,167
11479;13.75,265;32.75,19.75;38.5,105.25;313.25,22.25;24.25,205.75;67.25,152.25;119.5,30.25;359,167
34061;3,90.75;75.5,8.5;90,114.25;313.25,22.25;131,297;135,284.25;155,156;359,167
28617;3.75,53;190.5,12;201.5,69.25;313.25,22.25;4.25,309.75;135,284.25;147,80;356.5,289.25
29759;53.5,16;102.25,164.75;115.75,127.25;159.25,143;13.75,306.75;29.75,220.75;147,80;356.5,289.25
8557;14.5,128.5;33,238.25;62.5,39.5;270.75,34.5;20.25,272.5;51.75,141.25;147,80;356.5,289.25
6405;12.25,170.75;33,238.25;114,34.25;117.25,16.25;37.25,206.75;126.5,23;154.75,88.25;356.5,289.25
7323;9,6.75;18.25,42.75;71.5,147.25;278.5,18;4.5,306.5;13.75,14;154.75,88.25;356.5,289.25
34623;140.75,101.5;148,82;154.75,157.75;158,129.5;4.5,306.5;5,3.75;47.75,4.5;356.5,289.25
47241;169,125.75;184.5,269.5;206.25,259;214.75,199;11.25,274;11.75,9.5;47.75,4.5;356.5,289.25
37680;335.25,113;354.5,318.5;358,308;364.75,252.25;1,316;11.75,9.5;47.75,4.5;191.5,250.5
8528;279.75,312;318.25,302.5;323.5,156.75;354.25,33.25;25.5,154.5;46.5,289.5;47.75,4.5;191.5,250.5
10244;246,133.5;293.25,55.25;336.75,280;347.25,23.5;2.5,156;3.25,307;47.75,4.5;191.5,250.5
23532;1.25,203.5;320.5,278.5;338.25,150.75;356.75,33.25;12.5,310.5;37,135.5;47.75,4.5;191.5,250.5
11041;135.75,267;188.5,320.75;277,19;336.25,19.5;12.5,310.5;20.25,16.25;37,135.5;320.75,310.25
25498;29.25,300.75;52.75,294.5;64.5,87;336.25,19.5;12.5,310.5;155.25,49.25;254,70.25;325,64.75
33917;3.25,184;51.5,47.75;65.75,318.5;348,24.5;141.25,222;155.25,49.25;240.75,76;325,64.75
46619;2.5,51.25;3.25,184;65.75,318.5;265.5,133.25;2.5,243;46.5,51.75;337.75,234;354.75,196.75
47870;10.25,6.75;26.25,299;40,273.25;294.5,304.25;126,124.25;131.25,107;337.75,234;354.75,196.75
28810;27.5,126;32.75,170.75;95,322;108.25,226.75;44.5,294;88.75,225;337.75,234;354.75,196.75
36583;76.5,13.75;140.25,76.5;143.5,225.25;188.25,316.5;44.5,318;168.5,298.5;337.75,234;354.75,196.75
3751;57.5,61;69.25,183.5;140.25,76.5;188.25,316.5;13.75,287.75;72,286.25;129,289;307,4.25
5091;4.25,64.25;69.25,183.5;185,22.75;188.25,316.5;4,236.25;22,319.75;108.75,320.25;196.25,100
18010;31,240.75;53.75,304.5;106.75,120.75;340.75,216.75;4,236.25;22,319.75;195.5,275;348.25,19
13606;8.75,310.5;34,309.75;132.75,76.25;238.25,34.5;59,202.5;62.75,295.75;195.5,275;348.25,19
29532;25.25,231.75;39.75,301.75;59.5,7.5;319.5,113;8,17.75;62.75,295.75;195.5,275;300.5,58.25
47383;5.25,32;11,73;12,301.25;201.75,319.25;48,165.25;107.75,40.5;195.5,275;300.5,58.25
10670;8.5,310.5;155.75,311.5;213,311;355,102.25;107.75,40.5;113,195.5;225,247;300.5,58.25
24297;8,302.75;255,304.25;344.5,277;358.75,293.75;107.75,40.5;113,195.5;327.5,319.5;355,20
5907;14.5,143.25;316.25,293.5;351.25,96.25;365.25,319;113,195.5;224,272.5;224.75,47.75;355,20
2371;273.25,17.5;303,302;309.75,80.5;318.25,279.75;113,195.5;224.75,47.75;279.25,312.25;345.5,32
16939;152.75,225.75;243.25,12;261.25,323.75;285.25,320;224.75,47.75;238.25,310.25;297.25,299.25;345.5,32
